1 10.100000 2350541902.542186 141315304990.675232  
2 10.110000 1325223207.189127 72444563277.832809  
3 10.120000 785297149.317155 39359622109.895515  
4 10.130000 485217924.318958 22453333232.538277  
5 10.140000 310672761.129197 13352181472.847759  
6 10.150000 205114876.304237 8229497888.358139  
7 10.160000 139090321.859085 5232814993.723088  
8 10.170000 96559284.070985 3419757368.199682  
9 10.180000 68441866.760718 2289770806.548161  
10 10.190000 49420032.769350 1566698456.820200  
11 10.200000 36283632.198543 1092976782.105494  
12 10.210000 27042029.721665 775970627.833145  
13 10.220000 20430613.800403 559731979.322213  
14 10.230000 15628271.274774 409639304.039791  
15 10.240000 12091185.089843 303790616.746300  
16 10.250000 9452624.942960 228049170.814036  
17 10.260000 7461158.022349 173120904.526818  
18 10.270000 5941760.866024 132791358.401417  
19 10.280000 4770879.710420 102839966.504936  
20 10.290000 3860156.682843 80358691.677014  
21 10.300000 3145639.246196 63316866.599355  
22 10.310000 2580518.350372 50278729.903629  
23 10.320000 2130173.404100 40217290.857415  
24 10.330000 1768747.486254 32389935.120275  
25 10.340000 1476751.584383 26254192.870651  
26 10.350000 1239369.694886 21409996.417954  
27 10.360000 1045247.013387 17559637.236932  
28 10.370000 885614.868470 14479694.077958  
29 10.380000 753652.878656 12001151.069643  
30 10.390000 644019.896809 9995179.840743  
31 10.400000 552506.183693 8362878.910998  
32 10.410000 475773.430566 7027804.700266  
33 10.420000 411158.980519 5930489.937518  
34 10.430000 356527.341835 5024389.252001  
35 10.440000 310156.804618 4272858.120678  
36 10.450000 270652.302278 3646885.904806  
37 10.460000 236878.030410 3123383.301772  
38 10.470000 207905.037102 2683880.319333  
39 10.480000 182970.229338 2313530.296278  
40 10.490000 161444.136703 2000343.567354  
41 10.500000 142805.431394 1734594.516259  
42 10.510000 126620.689415 1508360.321906  
43 10.520000 112528.239013 1315160.300827  
44 10.530000 100225.212573 1149672.512562  
45 10.540000 89457.121479 1007510.019025  
46 10.550000 80009.427257 885043.434805  
47 10.560000 71700.699319 779259.573271  
48 10.570000 64377.039177 687648.370298  
49 10.580000 57907.519759 608112.060523  
50 10.590000 52180.441608 538891.940747  
51 10.600000 47100.248996 478509.091344  
52 10.610000 42584.981134 425716.220154  
53 10.620000 38564.158807 379458.403858  
54 10.630000 34977.026586 338840.973762  
55 10.640000 31771.086364 303103.159178  
56 10.650000 28900.870362 271596.387117  
57 10.660000 26326.911596 243766.360508  
58 10.670000 24014.877651 219138.212711  
59 10.680000 21934.839934 197304.174625  
60 10.690000 20060.655620 177913.300345  
61 10.700000 18369.443612 160662.884406  
62 10.710000 16841.139128 145291.273149  
63 10.720000 15458.114243 131571.828294  
64 10.730000 14204.853863 119307.845383  
65 10.740000 13067.678431 108328.265683  
66 10.750000 12034.506105 98484.049124  
67 10.760000 11094.648368 89645.099341  
68 10.770000 10238.634009 81697.650962  
69 10.780000 9458.057228 74542.044841  
70 10.790000 8745.446316 68090.829632  
71 10.800000 8094.149907 62267.138497  
72 10.810000 7498.238263 57003.298291  
73 10.820000 6952.417456 52239.635613  
74 10.830000 6451.954636 47923.449888  
75 10.840000 5992.612834 44008.128487  
76 10.850000 5570.593997 40452.382852  
77 10.860000 5182.489128 37219.587908  
78 10.870000 4825.234581 34277.209826  
79 10.880000 4496.073690 31596.309464  
80 10.890000 4192.523029 29151.110785  
81 10.900000 3912.342704 26918.625144  
82 10.910000 3653.510153 24878.323685  
83 10.920000 3414.197013 23011.851271  
84 10.930000 3192.748658 21302.776285  
85 10.940000 2987.666088 19736.371498  
86 10.950000 2797.589860 18299.421861  
87 10.960000 2621.285838 16980.055685  
88 10.970000 2457.632509 15767.596148  
89 10.980000 2305.609707 14652.430521  
90 10.990000 2164.288560 13625.894826  
91 11.000000 2032.822519 12680.172000  
92 11.010000 1910.439353 11808.201844  
93 11.020000 1796.433984 11003.601311  
94 11.030000 1690.162076 10260.593857  
95 11.040000 1591.034293 9573.946746  
96 11.050000 1498.511138 8938.915352  
97 11.060000 1412.098331 8351.193619  
98 11.070000 1331.342645 7806.869952  
99 11.080000 1255.828162 7302.387898  
100 11.090000 1185.172901 6834.511055  
101 11.100000 1119.025778 6400.291727  
102 11.110000 1057.063858 5997.042899  
103 11.120000 998.989880 5622.313144  
104 11.130000 944.530014 5273.864142  
105 11.140000 893.431832 4949.650513  
106 11.150000 845.462472 4647.801717  
107 11.160000 800.406971 4366.605782  
108 11.170000 758.066755 4104.494674  
109 11.180000 718.258265 3860.031120  
110 11.190000 680.811714 3631.896738  
111 11.200000 645.569945 3418.881327  
112 11.210000 612.387406 3219.873208  
113 11.220000 581.129205 3033.850483  
114 11.230000 551.670253 2859.873149  
115 11.240000 523.894483 2697.075945  
116 11.250000 497.694131 2544.661884  
117 11.260000 472.969089 2401.896384  
118 11.270000 449.626305 2268.101952  
119 11.280000 427.579236 2142.653348  
120 11.290000 406.747349 2024.973197  
121 11.300000 387.055660 1914.528001  
122 11.310000 368.434320 1810.824504  
123 11.320000 350.818223 1713.406390  
124 11.330000 334.146653 1621.851267  
125 11.340000 318.362961 1535.767922  
126 11.350000 303.414266 1454.793815  
127 11.360000 289.251177 1378.592787  
128 11.370000 275.827542 1306.852973  
129 11.380000 263.100214 1239.284888  
130 11.390000 251.028837 1175.619678  
131 11.400000 239.575646 1115.607519  
132 11.410000 228.705286 1059.016148  
133 11.420000 218.384642 1005.629520  
134 11.430000 208.582685 955.246577  
135 11.440000 199.270324 907.680110  
136 11.450000 190.420277 862.755725  
137 11.460000 182.006945 820.310884  
138 11.470000 174.006300 780.194031  
139 11.480000 166.395777 742.263780  
140 11.490000 159.154177 706.388172  
141 11.500000 152.261577 672.443995  
142 11.510000 145.699244 640.316145  
143 11.520000 139.449559 609.897052  
144 11.530000 133.495943 581.086139  
145 11.540000 127.822789 553.789328  
146 11.550000 122.415403 527.918580  
147 11.560000 117.259940 503.391478  
148 11.570000 112.343353 480.130832  
149 11.580000 107.653343 458.064318  
150 11.590000 103.178312 437.124146  
151 11.600000 98.907318 417.246751  
152 11.610000 94.830034 398.372501  
153 11.620000 90.936711 380.445437  
154 11.630000 87.218143 363.413027  
155 11.640000 83.665633 347.225934  
156 11.650000 80.270962 331.837806  
157 11.660000 77.026359 317.205079  
158 11.670000 73.924479 303.286796  
159 11.680000 70.958371 290.044435  
160 11.690000 68.121458 277.441752  
161 11.700000 65.407517 265.444635  
162 11.710000 62.810654 254.020967  
163 11.720000 60.325287 243.140499  
164 11.730000 57.946129 232.774731  
165 11.740000 55.668167 222.896803  
166 11.750000 53.486651 213.481391  
167 11.760000 51.397077 204.504615  
168 11.770000 49.395172 195.943942  
169 11.780000 47.476882 187.778111  
170 11.790000 45.638361 179.987051  
171 11.800000 43.875955 172.551809  
172 11.810000 42.186198 165.454482  
173 11.820000 40.565796 158.678154  
174 11.830000 39.011618 152.206838  
175 11.840000 37.520693 146.025417  
176 11.850000 36.090191 140.119597  
177 11.860000 34.717427 134.475854  
178 11.870000 33.399844 129.081393  
179 11.880000 32.135009 123.924102  
180 11.890000 30.920609 118.992512  
181 11.900000 29.754443 114.275764  
182 11.910000 28.634412 109.763568  
183 11.920000 27.558522 105.446177  
184 11.930000 26.524870 101.314348  
185 11.940000 25.531646 97.359322  
186 11.950000 24.577122 93.572791  
187 11.960000 23.659654 89.946873  
188 11.970000 22.777674 86.474090  
189 11.980000 21.929686 83.147346  
190 11.990000 21.114263 79.959903  
191 12.000000 20.330045 76.905365  
192 12.010000 19.575733 73.977655  
193 12.020000 18.850088 71.171002  
194 12.030000 18.151928 68.479919  
195 12.040000 17.480122 65.899194  
196 12.050000 16.833593 63.423870  
197 12.060000 16.211309 61.049234  
198 12.070000 15.612287 58.770804  
199 12.080000 15.035587 56.584314  
200 12.090000 14.480308 54.485707  
201 12.100000 13.945592 52.471120  
202 12.110000 13.430618 50.536875  
203 12.120000 12.934599 48.679472  
204 12.130000 12.456783 46.895574  
205 12.140000 11.996453 45.182007  
206 12.150000 11.552919 43.535741  
207 12.160000 11.125523 41.953893  
208 12.170000 10.713636 40.433713  
209 12.180000 10.316652 38.972579  
210 12.190000 9.933995 37.567990  
211 12.200000 9.565112 36.217562  
212 12.210000 9.209471 34.919019  
213 12.220000 8.866566 33.670191  
214 12.230000 8.535909 32.469006  
215 12.240000 8.217033 31.313486  
216 12.250000 7.909493 30.201742  
217 12.260000 7.612859 29.131972  
218 12.270000 7.326719 28.102452  
219 12.280000 7.050681 27.111538  
220 12.290000 6.784365 26.157657  
221 12.300000 6.527409 25.239307  
222 12.310000 6.279465 24.355052  
223 12.320000 6.040199 23.503519  
224 12.330000 5.809290 22.683395  
225 12.340000 5.586431 21.893424  
226 12.350000 5.371325 21.132406  
227 12.360000 5.163690 20.399192  
228 12.370000 4.963253 19.692683  
229 12.380000 4.769751 19.011826  
230 12.390000 4.582934 18.355614  
231 12.400000 4.402560 17.723084  
232 12.410000 4.228396 17.113312  
233 12.420000 4.060221 16.525414  
234 12.430000 3.897818 15.958543  
235 12.440000 3.740982 15.411889  
236 12.450000 3.589515 14.884673  
237 12.460000 3.443227 14.376152  
238 12.470000 3.301932 13.885612  
239 12.480000 3.165457 13.412367  
240 12.490000 3.033630 12.955763  
241 12.500000 2.906288 12.515170  
242 12.510000 2.783275 12.089985  
243 12.520000 2.664439 11.679629  
244 12.530000 2.549635 11.283547  
245 12.540000 2.438722 10.901207  
246 12.550000 2.331566 10.532097  
247 12.560000 2.228038 10.175728  
248 12.570000 2.128011 9.831627  
249 12.580000 2.031366 9.499343  
250 12.590000 1.937986 9.178443  
251 12.600000 1.847760 8.868509  
252 12.610000 1.760581 8.569141  
253 12.620000 1.676344 8.279954  
254 12.630000 1.594949 8.000581  
255 12.640000 1.516301 7.730664  
256 12.650000 1.440305 7.469864  
257 12.660000 1.366874 7.217852  
258 12.670000 1.295920 6.974315  
259 12.680000 1.227360 6.738948  
260 12.690000 1.161115 6.511460  
261 12.700000 1.097106 6.291572  
262 12.710000 1.035259 6.079015  
263 12.720000 0.975502 5.873529  
264 12.730000 0.917766 5.674865  
265 12.740000 0.861983 5.482784  
266 12.750000 0.808089 5.297054  
267 12.760000 0.756021 5.117455  
268 12.770000 0.705720 4.943773  
269 12.780000 0.657127 4.775801  
270 12.790000 0.610186 4.613342  
271 12.800000 0.564842 4.456206  
272 12.810000 0.521044 4.304208  
273 12.820000 0.478742 4.157174  
274 12.830000 0.437885 4.014931  
275 12.840000 0.398427 3.877317  
276 12.850000 0.360324 3.744173  
277 12.860000 0.323530 3.615348  
278 12.870000 0.288003 3.490695  
279 12.880000 0.253702 3.370072  
280 12.890000 0.220588 3.253344  
281 12.900000 0.188623 3.140379  
282 12.910000 0.157769 3.031051  
283 12.920000 0.127990 2.925238  
284 12.930000 0.099253 2.822823  
285 12.940000 0.071523 2.723692  
286 12.950000 0.044768 2.627735  
287 12.960000 0.018958 2.534849  
288 12.970000 -0.005939 2.444930  
289 12.980000 -0.029950 2.357881  
290 12.990000 -0.053106 2.273607  
291 13.000000 -0.075431 2.192016  
292 13.010000 -0.096955 2.113022  
293 13.020000 -0.117700 2.036538  
294 13.030000 -0.137693 1.962483  
295 13.040000 -0.156958 1.890777  
296 13.050000 -0.175517 1.821345  
297 13.060000 -0.193392 1.754112  
298 13.070000 -0.210606 1.689006  
299 13.080000 -0.227179 1.625960  
300 13.090000 -0.243132 1.564907  
301 13.100000 -0.258484 1.505782  
302 13.110000 -0.273254 1.448524  
303 13.120000 -0.287460 1.393073  
304 13.130000 -0.301121 1.339370  
305 13.140000 -0.314253 1.287361  
306 13.150000 -0.326873 1.236990  
307 13.160000 -0.338998 1.188207  
308 13.170000 -0.350643 1.140960  
309 13.180000 -0.361822 1.095201  
310 13.190000 -0.372552 1.050883  
311 13.200000 -0.382845 1.007960  
312 13.210000 -0.392715 0.966388  
313 13.220000 -0.402177 0.926125  
314 13.230000 -0.411242 0.887129  
315 13.240000 -0.419923 0.849361  
316 13.250000 -0.428233 0.812783  
317 13.260000 -0.436183 0.777357  
318 13.270000 -0.443784 0.743047  
319 13.280000 -0.451047 0.709818  
320 13.290000 -0.457984 0.677637  
321 13.300000 -0.464604 0.646472  
322 13.310000 -0.470917 0.616290  
323 13.320000 -0.476933 0.587062  
324 13.330000 -0.482661 0.558757  
325 13.340000 -0.488111 0.531348  
326 13.350000 -0.493291 0.504807  
327 13.360000 -0.498210 0.479106  
328 13.370000 -0.502876 0.454221  
329 13.380000 -0.507297 0.430126  
330 13.390000 -0.511481 0.406797  
331 13.400000 -0.515435 0.384210  
332 13.410000 -0.519167 0.362343  
333 13.420000 -0.522684 0.341174  
334 13.430000 -0.525993 0.320681  
335 13.440000 -0.529100 0.300845  
336 13.450000 -0.532012 0.281644  
337 13.460000 -0.534735 0.263059  
338 13.470000 -0.537275 0.245073  
339 13.480000 -0.539638 0.227666  
340 13.490000 -0.541830 0.210822  
341 13.500000 -0.543857 0.194523  
342 13.510000 -0.545723 0.178752  
343 13.520000 -0.547433 0.163494  
344 13.530000 -0.548994 0.148733  
345 13.540000 -0.550410 0.134455  
346 13.550000 -0.551685 0.120644  
347 13.560000 -0.552824 0.107287  
348 13.570000 -0.553832 0.094370  
349 13.580000 -0.554713 0.081880  
350 13.590000 -0.555471 0.069804  
351 13.600000 -0.556110 0.058129  
352 13.610000 -0.556635 0.046844  
353 13.620000 -0.557049 0.035937  
354 13.630000 -0.557355 0.025396  
355 13.640000 -0.557558 0.015211  
356 13.650000 -0.557660 0.005371  
357 13.660000 -0.557666 -0.004135  
358 13.670000 -0.557579 -0.013316  
359 13.680000 -0.557401 -0.022182  
360 13.690000 -0.557136 -0.030743  
361 13.700000 -0.556787 -0.039007  
362 13.710000 -0.556357 -0.046983  
363 13.720000 -0.555848 -0.054681  
364 13.730000 -0.555264 -0.062108  
365 13.740000 -0.554607 -0.069272  
366 13.750000 -0.553880 -0.076182  
367 13.760000 -0.553084 -0.082845  
368 13.770000 -0.552223 -0.089267  
369 13.780000 -0.551300 -0.095457  
370 13.790000 -0.550315 -0.101421  
371 13.800000 -0.549272 -0.107167  
372 13.810000 -0.548172 -0.112699  
373 13.820000 -0.547019 -0.118026  
374 13.830000 -0.545813 -0.123153  
375 13.840000 -0.544556 -0.128085  
376 13.850000 -0.543251 -0.132829  
377 13.860000 -0.541900 -0.137391  
378 13.870000 -0.540504 -0.141776  
379 13.880000 -0.539065 -0.145988  
380 13.890000 -0.537585 -0.150034  
381 13.900000 -0.536065 -0.153918  
382 13.910000 -0.534507 -0.157645  
383 13.920000 -0.532913 -0.161220  
384 13.930000 -0.531283 -0.164647  
385 13.940000 -0.529620 -0.167931  
386 13.950000 -0.527925 -0.171076  
387 13.960000 -0.526199 -0.174086  
388 13.970000 -0.524444 -0.176966  
389 13.980000 -0.522660 -0.179718  
390 13.990000 -0.520850 -0.182348  
391 14.000000 -0.519014 -0.184858  
392 14.010000 -0.517153 -0.187253  
393 14.020000 -0.515269 -0.189535  
394 14.030000 -0.513363 -0.191709  
395 14.040000 -0.511435 -0.193777  
396 14.050000 -0.509488 -0.195743  
397 14.060000 -0.507521 -0.197609  
398 14.070000 -0.505536 -0.199380  
399 14.080000 -0.503533 -0.201057  
400 14.090000 -0.501515 -0.202644  
401 14.100000 -0.499481 -0.204143  
402 14.110000 -0.497432 -0.205557  
403 14.120000 -0.495370 -0.206889  
404 14.130000 -0.493295 -0.208140  
405 14.140000 -0.491207 -0.209315  
406 14.150000 -0.489109 -0.210414  
407 14.160000 -0.486999 -0.211441  
408 14.170000 -0.484880 -0.212398  
409 14.180000 -0.482752 -0.213286  
410 14.190000 -0.480615 -0.214108  
411 14.200000 -0.478470 -0.214866  
412 14.210000 -0.476318 -0.215562  
413 14.220000 -0.474159 -0.216198  
414 14.230000 -0.471994 -0.216776  
415 14.240000 -0.469823 -0.217298  
416 14.250000 -0.467648 -0.217765  
417 14.260000 -0.465468 -0.218179  
418 14.270000 -0.463285 -0.218542  
419 14.280000 -0.461098 -0.218855  
420 14.290000 -0.458908 -0.219121  
421 14.300000 -0.456715 -0.219340  
422 14.310000 -0.454521 -0.219515  
423 14.320000 -0.452325 -0.219646  
424 14.330000 -0.450128 -0.219735  
425 14.340000 -0.447931 -0.219783  
426 14.350000 -0.445733 -0.219793  
427 14.360000 -0.443535 -0.219764  
428 14.370000 -0.441337 -0.219698  
429 14.380000 -0.439141 -0.219597  
430 14.390000 -0.436946 -0.219462  
431 14.400000 -0.434752 -0.219294  
432 14.410000 -0.432560 -0.219093  
433 14.420000 -0.430370 -0.218862  
434 14.430000 -0.428183 -0.218601  
435 14.440000 -0.425998 -0.218311  
436 14.450000 -0.423817 -0.217994  
437 14.460000 -0.421638 -0.217649  
438 14.470000 -0.419464 -0.217279  
439 14.480000 -0.417293 -0.216883  
440 14.490000 -0.415126 -0.216464  
441 14.500000 -0.412964 -0.216021  
442 14.510000 -0.410806 -0.215556  
443 14.520000 -0.408653 -0.215070  
444 14.530000 -0.406504 -0.214562  
445 14.540000 -0.404361 -0.214035  
446 14.550000 -0.402224 -0.213488  
447 14.560000 -0.400092 -0.212923  
448 14.570000 -0.397965 -0.212340  
449 14.580000 -0.395845 -0.211740  
450 14.590000 -0.393731 -0.211124  
451 14.600000 -0.391623 -0.210492  
452 14.610000 -0.389521 -0.209844  
453 14.620000 -0.387426 -0.209183  
454 14.630000 -0.385337 -0.208507  
455 14.640000 -0.383256 -0.207817  
456 14.650000 -0.381181 -0.207115  
457 14.660000 -0.379113 -0.206401  
458 14.670000 -0.377053 -0.205675  
459 14.680000 -0.375000 -0.204937  
460 14.690000 -0.372954 -0.204189  
461 14.700000 -0.370916 -0.203431  
462 14.710000 -0.368886 -0.202663  
463 14.720000 -0.366863 -0.201885  
464 14.730000 -0.364848 -0.201099  
465 14.740000 -0.362841 -0.200304  
466 14.750000 -0.360842 -0.199501  
467 14.760000 -0.358851 -0.198690  
468 14.770000 -0.356868 -0.197873  
469 14.780000 -0.354894 -0.197048  
470 14.790000 -0.352927 -0.196217  
471 14.800000 -0.350969 -0.195379  
472 14.810000 -0.349020 -0.194536  
473 14.820000 -0.347079 -0.193688  
474 14.830000 -0.345146 -0.192834  
475 14.840000 -0.343222 -0.191975  
476 14.850000 -0.341306 -0.191112  
477 14.860000 -0.339400 -0.190245  
478 14.870000 -0.337502 -0.189374  
479 14.880000 -0.335612 -0.188499  
480 14.890000 -0.333732 -0.187621  
481 14.900000 -0.331860 -0.186739  
482 14.910000 -0.329997 -0.185855  
483 14.920000 -0.328143 -0.184969  
484 14.930000 -0.326297 -0.184079  
485 14.940000 -0.324461 -0.183188  
486 14.950000 -0.322634 -0.182295  
487 14.960000 -0.320815 -0.181400  
488 14.970000 -0.319006 -0.180504  
489 14.980000 -0.317205 -0.179606  
490 14.990000 -0.315414 -0.178708  
491 15.000000 -0.313631 -0.177808  
492 15.010000 -0.311857 -0.176908  
493 15.020000 -0.310093 -0.176007  
494 15.030000 -0.308337 -0.175106  
495 15.040000 -0.306591 -0.174205  
496 15.050000 -0.304853 -0.173304  
497 15.060000 -0.303125 -0.172403  
498 15.070000 -0.301405 -0.171502  
499 15.080000 -0.299695 -0.170602  
500 15.090000 -0.297993 -0.169703  
501 15.100000 -0.296301 -0.168804  
502 15.110000 -0.294617 -0.167906  
503 15.120000 -0.292942 -0.167009  
504 15.130000 -0.291277 -0.166113  
505 15.140000 -0.289620 -0.165218  
506 15.150000 -0.287972 -0.164325  
507 15.160000 -0.286334 -0.163433  
508 15.170000 -0.284704 -0.162543  
509 15.180000 -0.283083 -0.161654  
510 15.190000 -0.281471 -0.160768  
511 15.200000 -0.279867 -0.159883  
512 15.210000 -0.278273 -0.159000  
513 15.220000 -0.276687 -0.158119  
514 15.230000 -0.275111 -0.157241  
515 15.240000 -0.273543 -0.156365  
516 15.250000 -0.271983 -0.155491  
517 15.260000 -0.270433 -0.154619  
518 15.270000 -0.268891 -0.153750  
519 15.280000 -0.267358 -0.152883  
520 15.290000 -0.265833 -0.152019  
521 15.300000 -0.264317 -0.151158  
522 15.310000 -0.262810 -0.150300  
523 15.320000 -0.261311 -0.149444  
524 15.330000 -0.259821 -0.148591  
525 15.340000 -0.258340 -0.147741  
526 15.350000 -0.256866 -0.146895  
527 15.360000 -0.255402 -0.146051  
528 15.370000 -0.253945 -0.145210  
529 15.380000 -0.252497 -0.144373  
530 15.390000 -0.251058 -0.143538  
531 15.400000 -0.249627 -0.142707  
532 15.410000 -0.248204 -0.141879  
533 15.420000 -0.246789 -0.141054  
534 15.430000 -0.245383 -0.140233  
535 15.440000 -0.243984 -0.139415  
536 15.450000 -0.242594 -0.138601  
537 15.460000 -0.241212 -0.137790  
538 15.470000 -0.239838 -0.136982  
539 15.480000 -0.238473 -0.136178  
540 15.490000 -0.237115 -0.135378  
541 15.500000 -0.235765 -0.134581  
542 15.510000 -0.234423 -0.133788  
543 15.520000 -0.233089 -0.132998  
544 15.530000 -0.231763 -0.132212  
545 15.540000 -0.230445 -0.131429  
546 15.550000 -0.229135 -0.130651  
547 15.560000 -0.227832 -0.129875  
548 15.570000 -0.226537 -0.129104  
549 15.580000 -0.225250 -0.128336  
550 15.590000 -0.223970 -0.127573  
551 15.600000 -0.222699 -0.126812  
552 15.610000 -0.221434 -0.126056  
553 15.620000 -0.220177 -0.125303  
554 15.630000 -0.218928 -0.124554  
555 15.640000 -0.217686 -0.123809  
556 15.650000 -0.216452 -0.123068  
557 15.660000 -0.215225 -0.122331  
558 15.670000 -0.214005 -0.121597  
559 15.680000 -0.212793 -0.120867  
560 15.690000 -0.211588 -0.120141  
561 15.700000 -0.210390 -0.119419  
562 15.710000 -0.209200 -0.118701  
563 15.720000 -0.208016 -0.117986  
564 15.730000 -0.206840 -0.117275  
565 15.740000 -0.205671 -0.116569  
566 15.750000 -0.204508 -0.115866  
567 15.760000 -0.203353 -0.115166  
568 15.770000 -0.202205 -0.114471  
569 15.780000 -0.201064 -0.113779  
570 15.790000 -0.199929 -0.113092  
571 15.800000 -0.198802 -0.112408  
572 15.810000 -0.197681 -0.111728  
573 15.820000 -0.196567 -0.111051  
574 15.830000 -0.195460 -0.110379  
575 15.840000 -0.194360 -0.109710  
576 15.850000 -0.193266 -0.109045  
577 15.860000 -0.192179 -0.108384  
578 15.870000 -0.191098 -0.107727  
579 15.880000 -0.190024 -0.107073  
580 15.890000 -0.188957 -0.106424  
581 15.900000 -0.187896 -0.105778  
582 15.910000 -0.186841 -0.105135  
583 15.920000 -0.185793 -0.104497  
584 15.930000 -0.184751 -0.103862  
585 15.940000 -0.183716 -0.103231  
586 15.950000 -0.182687 -0.102604  
587 15.960000 -0.181664 -0.101980  
588 15.970000 -0.180647 -0.101360  
589 15.980000 -0.179637 -0.100744  
590 15.990000 -0.178632 -0.100131  
591 16.000000 -0.177634 -0.099522  
592 16.010000 -0.176642 -0.098917  
593 16.020000 -0.175656 -0.098315  
594 16.030000 -0.174675 -0.097717  
595 16.040000 -0.173701 -0.097123  
596 16.050000 -0.172733 -0.096532  
597 16.060000 -0.171771 -0.095945  
598 16.070000 -0.170814 -0.095361  
599 16.080000 -0.169863 -0.094781  
600 16.090000 -0.168918 -0.094204  
601 16.100000 -0.167979 -0.093631  
602 16.110000 -0.167046 -0.093062  
603 16.120000 -0.166118 -0.092495  
604 16.130000 -0.165196 -0.091933  
605 16.140000 -0.164279 -0.091374  
606 16.150000 -0.163368 -0.090818  
607 16.160000 -0.162463 -0.090266  
608 16.170000 -0.161563 -0.089717  
609 16.180000 -0.160669 -0.089171  
610 16.190000 -0.159780 -0.088629  
611 16.200000 -0.158896 -0.088091  
612 16.210000 -0.158018 -0.087555  
613 16.220000 -0.157145 -0.087023  
614 16.230000 -0.156277 -0.086495  
615 16.240000 -0.155415 -0.085969  
616 16.250000 -0.154558 -0.085447  
617 16.260000 -0.153706 -0.084929  
618 16.270000 -0.152859 -0.084413  
619 16.280000 -0.152018 -0.083901  
620 16.290000 -0.151181 -0.083392  
621 16.300000 -0.150350 -0.082886  
622 16.310000 -0.149524 -0.082383  
623 16.320000 -0.148702 -0.081884  
624 16.330000 -0.147886 -0.081388  
625 16.340000 -0.147074 -0.080894  
626 16.350000 -0.146268 -0.080404  
627 16.360000 -0.145466 -0.079918  
628 16.370000 -0.144670 -0.079434  
629 16.380000 -0.143878 -0.078953  
630 16.390000 -0.143091 -0.078475  
631 16.400000 -0.142308 -0.078001  
632 16.410000 -0.141531 -0.077529  
633 16.420000 -0.140758 -0.077061  
634 16.430000 -0.139989 -0.076595  
635 16.440000 -0.139226 -0.076133  
636 16.450000 -0.138467 -0.075673  
637 16.460000 -0.137712 -0.075216  
638 16.470000 -0.136962 -0.074763  
639 16.480000 -0.136217 -0.074312  
640 16.490000 -0.135476 -0.073864  
641 16.500000 -0.134740 -0.073419  
642 16.510000 -0.134008 -0.072977  
643 16.520000 -0.133280 -0.072537  
644 16.530000 -0.132557 -0.072101  
645 16.540000 -0.131838 -0.071667  
646 16.550000 -0.131124 -0.071236  
647 16.560000 -0.130413 -0.070808  
648 16.570000 -0.129707 -0.070383  
649 16.580000 -0.129006 -0.069960  
650 16.590000 -0.128308 -0.069540  
651 16.600000 -0.127615 -0.069123  
652 16.610000 -0.126926 -0.068709  
653 16.620000 -0.126241 -0.068297  
654 16.630000 -0.125560 -0.067888  
655 16.640000 -0.124883 -0.067481  
656 16.650000 -0.124210 -0.067077  
657 16.660000 -0.123541 -0.066676  
658 16.670000 -0.122877 -0.066278  
659 16.680000 -0.122216 -0.065882  
660 16.690000 -0.121559 -0.065488  
661 16.700000 -0.120906 -0.065097  
662 16.710000 -0.120257 -0.064709  
663 16.720000 -0.119612 -0.064323  
664 16.730000 -0.118971 -0.063940  
665 16.740000 -0.118333 -0.063559  
666 16.750000 -0.117699 -0.063180  
667 16.760000 -0.117069 -0.062804  
668 16.770000 -0.116443 -0.062431  
669 16.780000 -0.115821 -0.062060  
670 16.790000 -0.115202 -0.061691  
671 16.800000 -0.114587 -0.061325  
672 16.810000 -0.113976 -0.060961  
673 16.820000 -0.113368 -0.060600  
674 16.830000 -0.112764 -0.060240  
675 16.840000 -0.112163 -0.059884  
676 16.850000 -0.111566 -0.059529  
677 16.860000 -0.110972 -0.059177  
678 16.870000 -0.110382 -0.058827  
679 16.880000 -0.109796 -0.058479  
680 16.890000 -0.109213 -0.058134  
681 16.900000 -0.108633 -0.057791  
682 16.910000 -0.108057 -0.057450  
683 16.920000 -0.107484 -0.057111  
684 16.930000 -0.106915 -0.056775  
685 16.940000 -0.106349 -0.056441  
686 16.950000 -0.105786 -0.056108  
687 16.960000 -0.105226 -0.055779  
688 16.970000 -0.104670 -0.055451  
689 16.980000 -0.104117 -0.055125  
690 16.990000 -0.103568 -0.054801  
691 17.000000 -0.103021 -0.054480  
692 17.010000 -0.102478 -0.054161  
693 17.020000 -0.101938 -0.053843  
694 17.030000 -0.101401 -0.053528  
695 17.040000 -0.100868 -0.053215  
696 17.050000 -0.100337 -0.052904  
697 17.060000 -0.099809 -0.052595  
698 17.070000 -0.099285 -0.052288  
699 17.080000 -0.098764 -0.051982  
700 17.090000 -0.098245 -0.051679  
701 17.100000 -0.097730 -0.051378  
702 17.110000 -0.097218 -0.051079  
703 17.120000 -0.096709 -0.050782  
704 17.130000 -0.096202 -0.050486  
705 17.140000 -0.095699 -0.050193  
706 17.150000 -0.095198 -0.049901  
707 17.160000 -0.094701 -0.049612  
708 17.170000 -0.094206 -0.049324  
709 17.180000 -0.093714 -0.049038  
710 17.190000 -0.093225 -0.048754  
711 17.200000 -0.092739 -0.048472  
712 17.210000 -0.092256 -0.048191  
713 17.220000 -0.091775 -0.047913  
714 17.230000 -0.091298 -0.047636  
715 17.240000 -0.090823 -0.047361  
716 17.250000 -0.090350 -0.047088  
717 17.260000 -0.089881 -0.046816  
718 17.270000 -0.089414 -0.046547  
719 17.280000 -0.088950 -0.046279  
720 17.290000 -0.088488 -0.046013  
721 17.300000 -0.088030 -0.045748  
722 17.310000 -0.087574 -0.045485  
723 17.320000 -0.087120 -0.045224  
724 17.330000 -0.086669 -0.044965  
725 17.340000 -0.086221 -0.044707  
726 17.350000 -0.085775 -0.044451  
727 17.360000 -0.085332 -0.044197  
728 17.370000 -0.084891 -0.043944  
729 17.380000 -0.084453 -0.043693  
730 17.390000 -0.084017 -0.043443  
731 17.400000 -0.083584 -0.043195  
732 17.410000 -0.083153 -0.042949  
733 17.420000 -0.082725 -0.042704  
734 17.430000 -0.082299 -0.042461  
735 17.440000 -0.081876 -0.042219  
736 17.450000 -0.081455 -0.041979  
737 17.460000 -0.081036 -0.041741  
738 17.470000 -0.080620 -0.041504  
739 17.480000 -0.080206 -0.041268  
740 17.490000 -0.079795 -0.041034  
741 17.500000 -0.079385 -0.040802  
742 17.510000 -0.078978 -0.040571  
743 17.520000 -0.078574 -0.040341  
744 17.530000 -0.078172 -0.040113  
745 17.540000 -0.077772 -0.039887  
746 17.550000 -0.077374 -0.039661  
747 17.560000 -0.076978 -0.039438  
748 17.570000 -0.076585 -0.039215  
749 17.580000 -0.076194 -0.038995  
750 17.590000 -0.075805 -0.038775  
751 17.600000 -0.075419 -0.038557  
752 17.610000 -0.075034 -0.038340  
753 17.620000 -0.074652 -0.038125  
754 17.630000 -0.074272 -0.037911  
755 17.640000 -0.073894 -0.037699  
756 17.650000 -0.073518 -0.037487  
757 17.660000 -0.073144 -0.037278  
758 17.670000 -0.072772 -0.037069  
759 17.680000 -0.072402 -0.036862  
760 17.690000 -0.072035 -0.036656  
761 17.700000 -0.071669 -0.036451  
762 17.710000 -0.071306 -0.036248  
763 17.720000 -0.070944 -0.036046  
764 17.730000 -0.070585 -0.035845  
765 17.740000 -0.070227 -0.035646  
766 17.750000 -0.069872 -0.035448  
767 17.760000 -0.069518 -0.035251  
768 17.770000 -0.069167 -0.035055  
769 17.780000 -0.068817 -0.034861  
770 17.790000 -0.068470 -0.034668  
771 17.800000 -0.068124 -0.034476  
772 17.810000 -0.067780 -0.034285  
773 17.820000 -0.067438 -0.034095  
774 17.830000 -0.067098 -0.033907  
775 17.840000 -0.066760 -0.033720  
776 17.850000 -0.066424 -0.033533  
777 17.860000 -0.066089 -0.033349  
778 17.870000 -0.065757 -0.033165  
779 17.880000 -0.065426 -0.032982  
780 17.890000 -0.065097 -0.032801  
781 17.900000 -0.064770 -0.032621  
782 17.910000 -0.064445 -0.032442  
783 17.920000 -0.064121 -0.032264  
784 17.930000 -0.063800 -0.032087  
785 17.940000 -0.063480 -0.031911  
786 17.950000 -0.063161 -0.031736  
787 17.960000 -0.062845 -0.031563  
788 17.970000 -0.062530 -0.031390  
789 17.980000 -0.062217 -0.031219  
790 17.990000 -0.061906 -0.031048  
791 18.000000 -0.061596 -0.030879  
792 18.010000 -0.061288 -0.030711  
793 18.020000 -0.060982 -0.030544  
794 18.030000 -0.060677 -0.030377  
795 18.040000 -0.060374 -0.030212  
796 18.050000 -0.060073 -0.030048  
797 18.060000 -0.059773 -0.029885  
798 18.070000 -0.059475 -0.029723  
799 18.080000 -0.059179 -0.029562  
800 18.090000 -0.058884 -0.029402  
801 18.100000 -0.058591 -0.029243  
802 18.110000 -0.058299 -0.029085  
803 18.120000 -0.058009 -0.028928  
804 18.130000 -0.057721 -0.028771  
805 18.140000 -0.057434 -0.028616  
806 18.150000 -0.057148 -0.028462  
807 18.160000 -0.056864 -0.028309  
808 18.170000 -0.056582 -0.028156  
809 18.180000 -0.056301 -0.028005  
810 18.190000 -0.056022 -0.027855  
811 18.200000 -0.055744 -0.027705  
812 18.210000 -0.055468 -0.027557  
813 18.220000 -0.055193 -0.027409  
814 18.230000 -0.054920 -0.027262  
815 18.240000 -0.054648 -0.027116  
816 18.250000 -0.054377 -0.026971  
817 18.260000 -0.054108 -0.026827  
818 18.270000 -0.053841 -0.026684  
819 18.280000 -0.053575 -0.026542  
820 18.290000 -0.053310 -0.026400  
821 18.300000 -0.053047 -0.026260  
822 18.310000 -0.052785 -0.026120  
823 18.320000 -0.052524 -0.025981  
824 18.330000 -0.052265 -0.025843  
825 18.340000 -0.052008 -0.025706  
826 18.350000 -0.051751 -0.025569  
827 18.360000 -0.051496 -0.025434  
828 18.370000 -0.051242 -0.025299  
829 18.380000 -0.050990 -0.025165  
830 18.390000 -0.050739 -0.025032  
831 18.400000 -0.050489 -0.024900  
832 18.410000 -0.050241 -0.024768  
833 18.420000 -0.049994 -0.024638  
834 18.430000 -0.049748 -0.024508  
835 18.440000 -0.049504 -0.024379  
836 18.450000 -0.049261 -0.024251  
837 18.460000 -0.049019 -0.024123  
838 18.470000 -0.048778 -0.023996  
839 18.480000 -0.048539 -0.023870  
840 18.490000 -0.048301 -0.023745  
841 18.500000 -0.048064 -0.023621  
842 18.510000 -0.047829 -0.023497  
843 18.520000 -0.047594 -0.023374  
844 18.530000 -0.047361 -0.023252  
845 18.540000 -0.047129 -0.023130  
846 18.550000 -0.046898 -0.023009  
847 18.560000 -0.046669 -0.022889  
848 18.570000 -0.046441 -0.022770  
849 18.580000 -0.046214 -0.022652  
850 18.590000 -0.045988 -0.022534  
851 18.600000 -0.045763 -0.022416  
852 18.610000 -0.045539 -0.022300  
853 18.620000 -0.045317 -0.022184  
854 18.630000 -0.045096 -0.022069  
855 18.640000 -0.044875 -0.021955  
856 18.650000 -0.044656 -0.021841  
857 18.660000 -0.044439 -0.021728  
858 18.670000 -0.044222 -0.021616  
859 18.680000 -0.044006 -0.021504  
860 18.690000 -0.043792 -0.021393  
861 18.700000 -0.043578 -0.021283  
862 18.710000 -0.043366 -0.021173  
863 18.720000 -0.043155 -0.021064  
864 18.730000 -0.042945 -0.020955  
865 18.740000 -0.042736 -0.020848  
866 18.750000 -0.042528 -0.020741  
867 18.760000 -0.042321 -0.020634  
868 18.770000 -0.042115 -0.020528  
869 18.780000 -0.041911 -0.020423  
870 18.790000 -0.041707 -0.020318  
871 18.800000 -0.041504 -0.020214  
872 18.810000 -0.041303 -0.020111  
873 18.820000 -0.041102 -0.020008  
874 18.830000 -0.040902 -0.019906  
875 18.840000 -0.040704 -0.019804  
876 18.850000 -0.040506 -0.019703  
877 18.860000 -0.040310 -0.019603  
878 18.870000 -0.040114 -0.019503  
879 18.880000 -0.039920 -0.019404  
880 18.890000 -0.039726 -0.019306  
881 18.900000 -0.039534 -0.019208  
882 18.910000 -0.039342 -0.019110  
883 18.920000 -0.039151 -0.019013  
884 18.930000 -0.038962 -0.018917  
885 18.940000 -0.038773 -0.018821  
886 18.950000 -0.038585 -0.018726  
887 18.960000 -0.038398 -0.018631  
888 18.970000 -0.038213 -0.018537  
889 18.980000 -0.038028 -0.018444  
890 18.990000 -0.037844 -0.018351  
891 19.000000 -0.037661 -0.018258  
892 19.010000 -0.037479 -0.018166  
893 19.020000 -0.037297 -0.018075  
894 19.030000 -0.037117 -0.017984  
895 19.040000 -0.036938 -0.017894  
896 19.050000 -0.036759 -0.017804  
897 19.060000 -0.036582 -0.017715  
898 19.070000 -0.036405 -0.017626  
899 19.080000 -0.036229 -0.017538  
900 19.090000 -0.036054 -0.017450  
901 19.100000 -0.035880 -0.017363  
902 19.110000 -0.035707 -0.017276  
903 19.120000 -0.035535 -0.017190  
904 19.130000 -0.035363 -0.017104  
905 19.140000 -0.035193 -0.017019  
906 19.150000 -0.035023 -0.016934  
907 19.160000 -0.034854 -0.016850  
908 19.170000 -0.034686 -0.016766  
909 19.180000 -0.034518 -0.016683  
910 19.190000 -0.034352 -0.016600  
911 19.200000 -0.034186 -0.016518  
912 19.210000 -0.034022 -0.016436  
913 19.220000 -0.033858 -0.016355  
914 19.230000 -0.033695 -0.016274  
915 19.240000 -0.033532 -0.016193  
916 19.250000 -0.033371 -0.016113  
917 19.260000 -0.033210 -0.016034  
918 19.270000 -0.033050 -0.015955  
919 19.280000 -0.032891 -0.015876  
920 19.290000 -0.032733 -0.015798  
921 19.300000 -0.032575 -0.015720  
922 19.310000 -0.032418 -0.015643  
923 19.320000 -0.032262 -0.015566  
924 19.330000 -0.032107 -0.015490  
925 19.340000 -0.031952 -0.015414  
926 19.350000 -0.031799 -0.015338  
927 19.360000 -0.031646 -0.015263  
928 19.370000 -0.031493 -0.015188  
929 19.380000 -0.031342 -0.015114  
930 19.390000 -0.031191 -0.015040  
931 19.400000 -0.031041 -0.014967  
932 19.410000 -0.030892 -0.014894  
933 19.420000 -0.030743 -0.014821  
934 19.430000 -0.030595 -0.014749  
935 19.440000 -0.030448 -0.014677  
936 19.450000 -0.030302 -0.014606  
937 19.460000 -0.030156 -0.014535  
938 19.470000 -0.030011 -0.014464  
939 19.480000 -0.029867 -0.014394  
940 19.490000 -0.029723 -0.014324  
941 19.500000 -0.029580 -0.014255  
942 19.510000 -0.029438 -0.014186  
943 19.520000 -0.029297 -0.014117  
944 19.530000 -0.029156 -0.014049  
945 19.540000 -0.029016 -0.013981  
946 19.550000 -0.028876 -0.013914  
947 19.560000 -0.028737 -0.013847  
948 19.570000 -0.028599 -0.013780  
949 19.580000 -0.028462 -0.013713  
950 19.590000 -0.028325 -0.013648  
951 19.600000 -0.028189 -0.013582  
952 19.610000 -0.028053 -0.013517  
953 19.620000 -0.027918 -0.013452  
954 19.630000 -0.027784 -0.013387  
955 19.640000 -0.027651 -0.013323  
956 19.650000 -0.027518 -0.013259  
957 19.660000 -0.027385 -0.013196  
958 19.670000 -0.027254 -0.013133  
959 19.680000 -0.027123 -0.013070  
960 19.690000 -0.026992 -0.013008  
961 19.700000 -0.026863 -0.012946  
962 19.710000 -0.026734 -0.012884  
963 19.720000 -0.026605 -0.012823  
964 19.730000 -0.026477 -0.012762  
965 19.740000 -0.026350 -0.012701  
966 19.750000 -0.026223 -0.012640  
967 19.760000 -0.026097 -0.012580  
968 19.770000 -0.025971 -0.012521  
969 19.780000 -0.025847 -0.012461  
970 19.790000 -0.025722 -0.012402  
971 19.800000 -0.025598 -0.012344  
972 19.810000 -0.025475 -0.012285  
973 19.820000 -0.025353 -0.012227  
974 19.830000 -0.025231 -0.012169  
975 19.840000 -0.025109 -0.012112  
976 19.850000 -0.024989 -0.012055  
977 19.860000 -0.024868 -0.011998  
978 19.870000 -0.024749 -0.011942  
979 19.880000 -0.024629 -0.011885  
980 19.890000 -0.024511 -0.011830  
981 19.900000 -0.024393 -0.011774  
982 19.910000 -0.024275 -0.011719  
983 19.920000 -0.024158 -0.011664  
984 19.930000 -0.024042 -0.011609  
985 19.940000 -0.023926 -0.011555  
986 19.950000 -0.023811 -0.011501  
987 19.960000 -0.023696 -0.011447  
988 19.970000 -0.023582 -0.011393  
989 19.980000 -0.023468 -0.011340  
990 19.990000 -0.023355 -0.011287  
991 20.000000 -0.023243 -0.011235  
992 20.010000 -0.023131 -0.011182  
993 20.020000 -0.023019 -0.011130  
994 20.030000 -0.022908 -0.011078  
995 20.040000 -0.022797 -0.011027  
996 20.050000 -0.022687 -0.010976  
997 20.060000 -0.022578 -0.010925  
998 20.070000 -0.022469 -0.010874  
999 20.080000 -0.022360 -0.010824  
1000 20.090000 -0.022252 -0.010774  
1001 20.100000 -0.022145 -0.010724  
1002 20.110000 -0.022038 -0.010674  
1003 20.120000 -0.021931 -0.010625  
1004 20.130000 -0.021825 -0.010576  
1005 20.140000 -0.021720 -0.010527  
1006 20.150000 -0.021615 -0.010478  
1007 20.160000 -0.021510 -0.010430  
1008 20.170000 -0.021406 -0.010382  
1009 20.180000 -0.021303 -0.010334  
1010 20.190000 -0.021200 -0.010287  
1011 20.200000 -0.021097 -0.010240  
1012 20.210000 -0.020995 -0.010193  
1013 20.220000 -0.020893 -0.010146  
1014 20.230000 -0.020792 -0.010099  
1015 20.240000 -0.020691 -0.010053  
1016 20.250000 -0.020591 -0.010007  
1017 20.260000 -0.020491 -0.009961  
1018 20.270000 -0.020392 -0.009916  
1019 20.280000 -0.020293 -0.009871  
1020 20.290000 -0.020194 -0.009826  
1021 20.300000 -0.020096 -0.009781  
1022 20.310000 -0.019999 -0.009736  
1023 20.320000 -0.019901 -0.009692  
1024 20.330000 -0.019805 -0.009648  
1025 20.340000 -0.019709 -0.009604  
1026 20.350000 -0.019613 -0.009560  
1027 20.360000 -0.019517 -0.009517  
1028 20.370000 -0.019422 -0.009474  
1029 20.380000 -0.019328 -0.009431  
1030 20.390000 -0.019234 -0.009388  
1031 20.400000 -0.019140 -0.009346  
1032 20.410000 -0.019047 -0.009304  
1033 20.420000 -0.018954 -0.009261  
1034 20.430000 -0.018862 -0.009220  
1035 20.440000 -0.018770 -0.009178  
1036 20.450000 -0.018678 -0.009137  
1037 20.460000 -0.018587 -0.009096  
1038 20.470000 -0.018496 -0.009055  
1039 20.480000 -0.018406 -0.009014  
1040 20.490000 -0.018316 -0.008973  
1041 20.500000 -0.018226 -0.008933  
1042 20.510000 -0.018137 -0.008893  
1043 20.520000 -0.018048 -0.008853  
1044 20.530000 -0.017960 -0.008813  
1045 20.540000 -0.017872 -0.008774  
1046 20.550000 -0.017785 -0.008735  
1047 20.560000 -0.017697 -0.008696  
1048 20.570000 -0.017611 -0.008657  
1049 20.580000 -0.017524 -0.008618  
1050 20.590000 -0.017438 -0.008580  
1051 20.600000 -0.017353 -0.008541  
1052 20.610000 -0.017268 -0.008503  
1053 20.620000 -0.017183 -0.008465  
1054 20.630000 -0.017098 -0.008428  
1055 20.640000 -0.017014 -0.008390  
1056 20.650000 -0.016930 -0.008353  
1057 20.660000 -0.016847 -0.008316  
1058 20.670000 -0.016764 -0.008279  
1059 20.680000 -0.016681 -0.008242  
1060 20.690000 -0.016599 -0.008206  
1061 20.700000 -0.016517 -0.008169  
1062 20.710000 -0.016436 -0.008133  
1063 20.720000 -0.016355 -0.008097  
1064 20.730000 -0.016274 -0.008062  
1065 20.740000 -0.016193 -0.008026  
1066 20.750000 -0.016113 -0.007991  
1067 20.760000 -0.016034 -0.007955  
1068 20.770000 -0.015954 -0.007920  
1069 20.780000 -0.015875 -0.007886  
1070 20.790000 -0.015797 -0.007851  
1071 20.800000 -0.015718 -0.007816  
1072 20.810000 -0.015640 -0.007782  
1073 20.820000 -0.015563 -0.007748  
1074 20.830000 -0.015485 -0.007714  
1075 20.840000 -0.015408 -0.007680  
1076 20.850000 -0.015332 -0.007646  
1077 20.860000 -0.015255 -0.007613  
1078 20.870000 -0.015179 -0.007580  
1079 20.880000 -0.015104 -0.007547  
1080 20.890000 -0.015028 -0.007514  
1081 20.900000 -0.014954 -0.007481  
1082 20.910000 -0.014879 -0.007448  
1083 20.920000 -0.014805 -0.007416  
1084 20.930000 -0.014731 -0.007383  
1085 20.940000 -0.014657 -0.007351  
1086 20.950000 -0.014584 -0.007319  
1087 20.960000 -0.014510 -0.007288  
1088 20.970000 -0.014438 -0.007256  
1089 20.980000 -0.014365 -0.007224  
1090 20.990000 -0.014293 -0.007193  
1091 21.000000 -0.014222 -0.007162  
1092 21.010000 -0.014150 -0.007131  
1093 21.020000 -0.014079 -0.007100  
1094 21.030000 -0.014008 -0.007069  
1095 21.040000 -0.013937 -0.007039  
1096 21.050000 -0.013867 -0.007009  
1097 21.060000 -0.013797 -0.006978  
1098 21.070000 -0.013728 -0.006948  
1099 21.080000 -0.013658 -0.006918  
1100 21.090000 -0.013589 -0.006889  
1101 21.100000 -0.013521 -0.006859  
1102 21.110000 -0.013452 -0.006829  
1103 21.120000 -0.013384 -0.006800  
1104 21.130000 -0.013316 -0.006771  
1105 21.140000 -0.013249 -0.006742  
1106 21.150000 -0.013181 -0.006713  
1107 21.160000 -0.013114 -0.006684  
1108 21.170000 -0.013048 -0.006656  
1109 21.180000 -0.012981 -0.006627  
1110 21.190000 -0.012915 -0.006599  
1111 21.200000 -0.012849 -0.006571  
1112 21.210000 -0.012784 -0.006543  
1113 21.220000 -0.012718 -0.006515  
1114 21.230000 -0.012653 -0.006487  
1115 21.240000 -0.012589 -0.006459  
1116 21.250000 -0.012524 -0.006432  
1117 21.260000 -0.012460 -0.006404  
1118 21.270000 -0.012396 -0.006377  
1119 21.280000 -0.012332 -0.006350  
1120 21.290000 -0.012269 -0.006323  
1121 21.300000 -0.012206 -0.006296  
1122 21.310000 -0.012143 -0.006270  
1123 21.320000 -0.012081 -0.006243  
1124 21.330000 -0.012018 -0.006217  
1125 21.340000 -0.011956 -0.006190  
1126 21.350000 -0.011895 -0.006164  
1127 21.360000 -0.011833 -0.006138  
1128 21.370000 -0.011772 -0.006112  
1129 21.380000 -0.011711 -0.006086  
1130 21.390000 -0.011650 -0.006061  
1131 21.400000 -0.011590 -0.006035  
1132 21.410000 -0.011529 -0.006010  
1133 21.420000 -0.011469 -0.005985  
1134 21.430000 -0.011410 -0.005959  
1135 21.440000 -0.011350 -0.005934  
1136 21.450000 -0.011291 -0.005909  
1137 21.460000 -0.011232 -0.005885  
1138 21.470000 -0.011173 -0.005860  
1139 21.480000 -0.011115 -0.005835  
1140 21.490000 -0.011057 -0.005811  
1141 21.500000 -0.010999 -0.005787  
1142 21.510000 -0.010941 -0.005763  
1143 21.520000 -0.010883 -0.005738  
1144 21.530000 -0.010826 -0.005715  
1145 21.540000 -0.010769 -0.005691  
1146 21.550000 -0.010712 -0.005667  
1147 21.560000 -0.010656 -0.005643  
1148 21.570000 -0.010599 -0.005620  
1149 21.580000 -0.010543 -0.005596  
1150 21.590000 -0.010487 -0.005573  
1151 21.600000 -0.010432 -0.005550  
1152 21.610000 -0.010376 -0.005527  
1153 21.620000 -0.010321 -0.005504  
1154 21.630000 -0.010266 -0.005481  
1155 21.640000 -0.010212 -0.005459  
1156 21.650000 -0.010157 -0.005436  
1157 21.660000 -0.010103 -0.005413  
1158 21.670000 -0.010049 -0.005391  
1159 21.680000 -0.009995 -0.005369  
1160 21.690000 -0.009942 -0.005347  
1161 21.700000 -0.009888 -0.005325  
1162 21.710000 -0.009835 -0.005303  
1163 21.720000 -0.009782 -0.005281  
1164 21.730000 -0.009729 -0.005259  
1165 21.740000 -0.009677 -0.005237  
1166 21.750000 -0.009625 -0.005216  
1167 21.760000 -0.009573 -0.005194  
1168 21.770000 -0.009521 -0.005173  
1169 21.780000 -0.009469 -0.005152  
1170 21.790000 -0.009418 -0.005131  
1171 21.800000 -0.009367 -0.005110  
1172 21.810000 -0.009316 -0.005089  
1173 21.820000 -0.009265 -0.005068  
1174 21.830000 -0.009214 -0.005047  
1175 21.840000 -0.009164 -0.005027  
1176 21.850000 -0.009114 -0.005006  
1177 21.860000 -0.009064 -0.004986  
1178 21.870000 -0.009014 -0.004965  
1179 21.880000 -0.008964 -0.004945  
1180 21.890000 -0.008915 -0.004925  
1181 21.900000 -0.008866 -0.004905  
1182 21.910000 -0.008817 -0.004885  
1183 21.920000 -0.008768 -0.004865  
1184 21.930000 -0.008720 -0.004845  
1185 21.940000 -0.008671 -0.004826  
1186 21.950000 -0.008623 -0.004806  
1187 21.960000 -0.008575 -0.004787  
1188 21.970000 -0.008527 -0.004767  
1189 21.980000 -0.008480 -0.004748  
1190 21.990000 -0.008432 -0.004729  
1191 22.000000 -0.008385 -0.004709  
1192 22.010000 -0.008338 -0.004690  
1193 22.020000 -0.008291 -0.004671  
1194 22.030000 -0.008245 -0.004653  
1195 22.040000 -0.008198 -0.004634  
1196 22.050000 -0.008152 -0.004615  
1197 22.060000 -0.008106 -0.004597  
1198 22.070000 -0.008060 -0.004578  
1199 22.080000 -0.008015 -0.004560  
1200 22.090000 -0.007969 -0.004541  
1201 22.100000 -0.007924 -0.004523  
1202 22.110000 -0.007879 -0.004505  
1203 22.120000 -0.007834 -0.004487  
1204 22.130000 -0.007789 -0.004469  
1205 22.140000 -0.007744 -0.004451  
1206 22.150000 -0.007700 -0.004433  
1207 22.160000 -0.007656 -0.004415  
1208 22.170000 -0.007611 -0.004398  
1209 22.180000 -0.007568 -0.004380  
1210 22.190000 -0.007524 -0.004363  
1211 22.200000 -0.007480 -0.004345  
1212 22.210000 -0.007437 -0.004328  
1213 22.220000 -0.007394 -0.004311  
1214 22.230000 -0.007351 -0.004294  
1215 22.240000 -0.007308 -0.004276  
1216 22.250000 -0.007265 -0.004259  
1217 22.260000 -0.007223 -0.004243  
1218 22.270000 -0.007180 -0.004226  
1219 22.280000 -0.007138 -0.004209  
1220 22.290000 -0.007096 -0.004192  
1221 22.300000 -0.007054 -0.004176  
1222 22.310000 -0.007013 -0.004159  
1223 22.320000 -0.006971 -0.004143  
1224 22.330000 -0.006930 -0.004126  
1225 22.340000 -0.006889 -0.004110  
1226 22.350000 -0.006848 -0.004094  
1227 22.360000 -0.006807 -0.004077  
1228 22.370000 -0.006766 -0.004061  
1229 22.380000 -0.006726 -0.004045  
1230 22.390000 -0.006685 -0.004029  
1231 22.400000 -0.006645 -0.004014  
1232 22.410000 -0.006605 -0.003998  
1233 22.420000 -0.006565 -0.003982  
1234 22.430000 -0.006525 -0.003966  
1235 22.440000 -0.006486 -0.003951  
1236 22.450000 -0.006446 -0.003935  
1237 22.460000 -0.006407 -0.003920  
1238 22.470000 -0.006368 -0.003904  
1239 22.480000 -0.006329 -0.003889  
1240 22.490000 -0.006290 -0.003874  
1241 22.500000 -0.006251 -0.003859  
1242 22.510000 -0.006213 -0.003844  
1243 22.520000 -0.006175 -0.003829  
1244 22.530000 -0.006136 -0.003814  
1245 22.540000 -0.006098 -0.003799  
1246 22.550000 -0.006060 -0.003784  
1247 22.560000 -0.006023 -0.003769  
1248 22.570000 -0.005985 -0.003755  
1249 22.580000 -0.005947 -0.003740  
1250 22.590000 -0.005910 -0.003725  
1251 22.600000 -0.005873 -0.003711  
1252 22.610000 -0.005836 -0.003696  
1253 22.620000 -0.005799 -0.003682  
1254 22.630000 -0.005762 -0.003668  
1255 22.640000 -0.005726 -0.003654  
1256 22.650000 -0.005689 -0.003639  
1257 22.660000 -0.005653 -0.003625  
1258 22.670000 -0.005617 -0.003611  
1259 22.680000 -0.005581 -0.003597  
1260 22.690000 -0.005545 -0.003583  
1261 22.700000 -0.005509 -0.003570  
1262 22.710000 -0.005473 -0.003556  
1263 22.720000 -0.005438 -0.003542  
1264 22.730000 -0.005403 -0.003528  
1265 22.740000 -0.005367 -0.003515  
1266 22.750000 -0.005332 -0.003501  
1267 22.760000 -0.005297 -0.003488  
1268 22.770000 -0.005262 -0.003474  
1269 22.780000 -0.005228 -0.003461  
1270 22.790000 -0.005193 -0.003448  
1271 22.800000 -0.005159 -0.003435  
1272 22.810000 -0.005125 -0.003421  
1273 22.820000 -0.005090 -0.003408  
1274 22.830000 -0.005056 -0.003395  
1275 22.840000 -0.005023 -0.003382  
1276 22.850000 -0.004989 -0.003369  
1277 22.860000 -0.004955 -0.003356  
1278 22.870000 -0.004922 -0.003344  
1279 22.880000 -0.004888 -0.003331  
1280 22.890000 -0.004855 -0.003318  
1281 22.900000 -0.004822 -0.003305  
1282 22.910000 -0.004789 -0.003293  
1283 22.920000 -0.004756 -0.003280  
1284 22.930000 -0.004723 -0.003268  
1285 22.940000 -0.004691 -0.003255  
1286 22.950000 -0.004658 -0.003243  
1287 22.960000 -0.004626 -0.003231  
1288 22.970000 -0.004594 -0.003218  
1289 22.980000 -0.004561 -0.003206  
1290 22.990000 -0.004529 -0.003194  
1291 23.000000 -0.004498 -0.003182  
1292 23.010000 -0.004466 -0.003170  
1293 23.020000 -0.004434 -0.003158  
1294 23.030000 -0.004403 -0.003146  
1295 23.040000 -0.004371 -0.003134  
1296 23.050000 -0.004340 -0.003122  
1297 23.060000 -0.004309 -0.003110  
1298 23.070000 -0.004278 -0.003099  
1299 23.080000 -0.004247 -0.003087  
1300 23.090000 -0.004216 -0.003075  
1301 23.100000 -0.004185 -0.003064  
1302 23.110000 -0.004155 -0.003052  
1303 23.120000 -0.004124 -0.003041  
1304 23.130000 -0.004094 -0.003029  
1305 23.140000 -0.004064 -0.003018  
1306 23.150000 -0.004034 -0.003006  
1307 23.160000 -0.004004 -0.002995  
1308 23.170000 -0.003974 -0.002984  
1309 23.180000 -0.003944 -0.002973  
1310 23.190000 -0.003914 -0.002962  
1311 23.200000 -0.003885 -0.002951  
1312 23.210000 -0.003855 -0.002939  
1313 23.220000 -0.003826 -0.002928  
1314 23.230000 -0.003797 -0.002918  
1315 23.240000 -0.003768 -0.002907  
1316 23.250000 -0.003739 -0.002896  
1317 23.260000 -0.003710 -0.002885  
1318 23.270000 -0.003681 -0.002874  
1319 23.280000 -0.003652 -0.002864  
1320 23.290000 -0.003624 -0.002853  
1321 23.300000 -0.003595 -0.002842  
1322 23.310000 -0.003567 -0.002832  
1323 23.320000 -0.003538 -0.002821  
1324 23.330000 -0.003510 -0.002811  
1325 23.340000 -0.003482 -0.002800  
1326 23.350000 -0.003454 -0.002790  
1327 23.360000 -0.003426 -0.002779  
1328 23.370000 -0.003399 -0.002769  
1329 23.380000 -0.003371 -0.002759  
1330 23.390000 -0.003344 -0.002749  
1331 23.400000 -0.003316 -0.002739  
1332 23.410000 -0.003289 -0.002728  
1333 23.420000 -0.003262 -0.002718  
1334 23.430000 -0.003234 -0.002708  
1335 23.440000 -0.003207 -0.002698  
1336 23.450000 -0.003180 -0.002688  
1337 23.460000 -0.003154 -0.002678  
1338 23.470000 -0.003127 -0.002669  
1339 23.480000 -0.003100 -0.002659  
1340 23.490000 -0.003074 -0.002649  
1341 23.500000 -0.003047 -0.002639  
1342 23.510000 -0.003021 -0.002630  
1343 23.520000 -0.002995 -0.002620  
1344 23.530000 -0.002968 -0.002610  
1345 23.540000 -0.002942 -0.002601  
1346 23.550000 -0.002916 -0.002591  
1347 23.560000 -0.002891 -0.002582  
1348 23.570000 -0.002865 -0.002572  
1349 23.580000 -0.002839 -0.002563  
1350 23.590000 -0.002814 -0.002553  
1351 23.600000 -0.002788 -0.002544  
1352 23.610000 -0.002763 -0.002535  
1353 23.620000 -0.002737 -0.002526  
1354 23.630000 -0.002712 -0.002516  
1355 23.640000 -0.002687 -0.002507  
1356 23.650000 -0.002662 -0.002498  
1357 23.660000 -0.002637 -0.002489  
1358 23.670000 -0.002612 -0.002480  
1359 23.680000 -0.002588 -0.002471  
1360 23.690000 -0.002563 -0.002462  
1361 23.700000 -0.002538 -0.002453  
1362 23.710000 -0.002514 -0.002444  
1363 23.720000 -0.002489 -0.002435  
1364 23.730000 -0.002465 -0.002426  
1365 23.740000 -0.002441 -0.002418  
1366 23.750000 -0.002417 -0.002409  
1367 23.760000 -0.002393 -0.002400  
1368 23.770000 -0.002369 -0.002391  
1369 23.780000 -0.002345 -0.002383  
1370 23.790000 -0.002321 -0.002374  
1371 23.800000 -0.002297 -0.002366  
1372 23.810000 -0.002274 -0.002357  
1373 23.820000 -0.002250 -0.002349  
1374 23.830000 -0.002227 -0.002340  
1375 23.840000 -0.002203 -0.002332  
1376 23.850000 -0.002180 -0.002323  
1377 23.860000 -0.002157 -0.002315  
1378 23.870000 -0.002134 -0.002307  
1379 23.880000 -0.002111 -0.002298  
1380 23.890000 -0.002088 -0.002290  
1381 23.900000 -0.002065 -0.002282  
1382 23.910000 -0.002042 -0.002274  
1383 23.920000 -0.002020 -0.002265  
1384 23.930000 -0.001997 -0.002257  
1385 23.940000 -0.001974 -0.002249  
1386 23.950000 -0.001952 -0.002241  
1387 23.960000 -0.001930 -0.002233  
1388 23.970000 -0.001907 -0.002225  
1389 23.980000 -0.001885 -0.002217  
1390 23.990000 -0.001863 -0.002209  
1391 24.000000 -0.001841 -0.002201  
1392 24.010000 -0.001819 -0.002194  
1393 24.020000 -0.001797 -0.002186  
1394 24.030000 -0.001775 -0.002178  
1395 24.040000 -0.001753 -0.002170  
1396 24.050000 -0.001732 -0.002163  
1397 24.060000 -0.001710 -0.002155  
1398 24.070000 -0.001689 -0.002147  
1399 24.080000 -0.001667 -0.002140  
1400 24.090000 -0.001646 -0.002132  
1401 24.100000 -0.001625 -0.002124  
1402 24.110000 -0.001603 -0.002117  
1403 24.120000 -0.001582 -0.002109  
1404 24.130000 -0.001561 -0.002102  
1405 24.140000 -0.001540 -0.002094  
1406 24.150000 -0.001519 -0.002087  
1407 24.160000 -0.001499 -0.002080  
1408 24.170000 -0.001478 -0.002072  
1409 24.180000 -0.001457 -0.002065  
1410 24.190000 -0.001436 -0.002058  
1411 24.200000 -0.001416 -0.002050  
1412 24.210000 -0.001395 -0.002043  
1413 24.220000 -0.001375 -0.002036  
1414 24.230000 -0.001355 -0.002029  
1415 24.240000 -0.001334 -0.002022  
1416 24.250000 -0.001314 -0.002015  
1417 24.260000 -0.001294 -0.002007  
1418 24.270000 -0.001274 -0.002000  
1419 24.280000 -0.001254 -0.001993  
1420 24.290000 -0.001234 -0.001986  
1421 24.300000 -0.001214 -0.001979  
1422 24.310000 -0.001195 -0.001973  
1423 24.320000 -0.001175 -0.001966  
1424 24.330000 -0.001155 -0.001959  
1425 24.340000 -0.001136 -0.001952  
1426 24.350000 -0.001116 -0.001945  
1427 24.360000 -0.001097 -0.001938  
1428 24.370000 -0.001078 -0.001931  
1429 24.380000 -0.001058 -0.001925  
1430 24.390000 -0.001039 -0.001918  
1431 24.400000 -0.001020 -0.001911  
1432 24.410000 -0.001001 -0.001905  
1433 24.420000 -0.000982 -0.001898  
1434 24.430000 -0.000963 -0.001891  
1435 24.440000 -0.000944 -0.001885  
1436 24.450000 -0.000925 -0.001878  
1437 24.460000 -0.000906 -0.001872  
1438 24.470000 -0.000888 -0.001865  
1439 24.480000 -0.000869 -0.001859  
1440 24.490000 -0.000851 -0.001852  
1441 24.500000 -0.000832 -0.001846  
1442 24.510000 -0.000814 -0.001840  
1443 24.520000 -0.000795 -0.001833  
1444 24.530000 -0.000777 -0.001827  
1445 24.540000 -0.000759 -0.001820  
1446 24.550000 -0.000741 -0.001814  
1447 24.560000 -0.000723 -0.001808  
1448 24.570000 -0.000704 -0.001802  
1449 24.580000 -0.000686 -0.001795  
1450 24.590000 -0.000669 -0.001789  
1451 24.600000 -0.000651 -0.001783  
1452 24.610000 -0.000633 -0.001777  
1453 24.620000 -0.000615 -0.001771  
1454 24.630000 -0.000597 -0.001765  
1455 24.640000 -0.000580 -0.001759  
1456 24.650000 -0.000562 -0.001753  
1457 24.660000 -0.000545 -0.001747  
1458 24.670000 -0.000527 -0.001741  
1459 24.680000 -0.000510 -0.001735  
1460 24.690000 -0.000493 -0.001729  
1461 24.700000 -0.000475 -0.001723  
1462 24.710000 -0.000458 -0.001717  
1463 24.720000 -0.000441 -0.001711  
1464 24.730000 -0.000424 -0.001705  
1465 24.740000 -0.000407 -0.001699  
1466 24.750000 -0.000390 -0.001693  
1467 24.760000 -0.000373 -0.001688  
1468 24.770000 -0.000356 -0.001682  
1469 24.780000 -0.000339 -0.001676  
1470 24.790000 -0.000323 -0.001670  
1471 24.800000 -0.000306 -0.001665  
1472 24.810000 -0.000289 -0.001659  
1473 24.820000 -0.000273 -0.001653  
1474 24.830000 -0.000256 -0.001648  
1475 24.840000 -0.000240 -0.001642  
1476 24.850000 -0.000224 -0.001637  
1477 24.860000 -0.000207 -0.001631  
1478 24.870000 -0.000191 -0.001625  
1479 24.880000 -0.000175 -0.001620  
1480 24.890000 -0.000159 -0.001614  
1481 24.900000 -0.000142 -0.001609  
1482 24.910000 -0.000126 -0.001604  
1483 24.920000 -0.000110 -0.001598  
1484 24.930000 -0.000094 -0.001593  
1485 24.940000 -0.000078 -0.001587  
1486 24.950000 -0.000063 -0.001582  
1487 24.960000 -0.000047 -0.001577  
1488 24.970000 -0.000031 -0.001571  
1489 24.980000 -0.000015 -0.001566  
1490 24.990000 0.000000 -0.001561  
