1 10.100000 1502572573.037293 90335325174.594147  
2 10.110000 847141310.668424 46309905373.804672  
3 10.120000 501995809.188015 25160463346.847958  
4 10.130000 310171586.841705 14353178536.647800  
5 10.140000 198594543.025294 8535303479.156521  
6 10.150000 131117328.078889 5260650802.037154  
7 10.160000 88911609.034588 3345036231.644302  
8 10.170000 61723996.636732 2186049324.162113  
9 10.180000 43750205.658087 1463712549.122521  
10 10.190000 31590705.653109 1001493681.851344  
11 10.200000 23193424.842233 698670877.714282  
12 10.210000 17285860.935422 496027527.770573  
13 10.220000 13059618.976166 357799135.964515  
14 10.230000 9989808.098502 261854071.521254  
15 10.240000 7728797.437276 194191617.393720  
16 10.250000 6042157.763638 145774947.824594  
17 10.260000 4769163.008930 110662898.119660  
18 10.270000 3797931.230900 84882921.940772  
19 10.280000 3049482.087472 65737057.239797  
20 10.290000 2467333.908237 51366367.329665  
21 10.300000 2010605.905821 40472767.939376  
22 10.310000 1649376.092863 32138463.843314  
23 10.320000 1361513.819851 25706963.044127  
24 10.330000 1130490.508493 20703558.600002  
25 10.340000 943848.183487 16781484.015403  
26 10.350000 792116.024809 13685001.872028  
27 10.360000 668035.731493 11223806.699212  
28 10.370000 566002.145694 9255080.270814  
29 10.380000 481655.519492 7670782.293605  
30 10.390000 411581.677401 6388561.774998  
31 10.400000 353089.673307 5345198.041446  
32 10.410000 304045.603919 4491826.273723  
33 10.420000 262747.460486 3790433.468525  
34 10.430000 227830.211326 3211266.711745  
35 10.440000 198193.323638 2730902.013581  
36 10.450000 172945.061961 2330795.186461  
37 10.460000 151359.416222 1996187.126178  
38 10.470000 132842.600041 1715271.514167  
39 10.480000 116906.846563 1478558.155769  
40 10.490000 103149.802236 1278383.115274  
41 10.500000 91238.239420 1108529.686619  
42 10.510000 80895.119321 963933.546889  
43 10.520000 71889.267592 840452.214166  
44 10.530000 64027.097681 734683.894359  
45 10.540000 57145.946920 643824.460695  
46 10.550000 51108.688673 565554.023764  
47 10.560000 45799.358697 497946.575041  
48 10.570000 41119.591041 439397.706252  
49 10.580000 36985.702817 388566.553143  
50 10.590000 33326.301151 344328.981405  
51 10.600000 30080.311948 305739.694889  
52 10.610000 27195.350705 272001.453572  
53 10.620000 24626.371654 242439.978984  
54 10.630000 22334.544189 216483.426480  
55 10.640000 20286.315515 193645.537880  
56 10.650000 18452.626363 173511.770510  
57 10.660000 16808.252930 155727.841522  
58 10.670000 15331.253194 139990.238636  
59 10.680000 14002.499841 126038.336964  
60 10.690000 12805.285214 113647.831673  
61 10.700000 11724.986362 102625.251932  
62 10.710000 10748.780342 92803.365995  
63 10.720000 9865.401685 84037.322771  
64 10.730000 9064.935288 76201.403758  
65 10.740000 8338.639178 69186.282158  
66 10.750000 7678.792506 62896.704523  
67 10.760000 7078.564916 57249.525304  
68 10.770000 6531.904030 52172.036867  
69 10.780000 6033.438379 47600.547484  
70 10.790000 5578.393464 43479.167909  
71 10.800000 5162.519054 39758.773826  
72 10.810000 4782.026097 36396.116892  
73 10.820000 4433.531871 33353.061606  
74 10.830000 4114.012221 30595.928950  
75 10.840000 3820.759888 28094.930813  
76 10.850000 3551.348105 25823.681760  
77 10.860000 3303.598729 23758.776822  
78 10.870000 3075.554310 21879.425746  
79 10.880000 2865.453568 20167.135634  
80 10.890000 2671.709830 18605.435099  
81 10.900000 2492.892042 17179.634133  
82 10.910000 2327.708029 15876.614732  
83 10.920000 2174.989708 14684.648059  
84 10.930000 2033.680012 13593.234534  
85 10.940000 1902.821315 12592.963789  
86 10.950000 1781.545169 11675.391823  
87 10.960000 1669.063186 10832.933109  
88 10.970000 1564.658944 10058.765689  
89 10.980000 1467.680775 9346.747601  
90 10.990000 1377.535340 8691.343163  
91 11.000000 1293.681901 8087.557890  
92 11.010000 1215.627202 7530.880946  
93 11.020000 1142.920892 7017.234200  
94 11.030000 1075.151425 6542.927078  
95 11.040000 1011.942396 6104.616495  
96 11.050000 952.949242 5699.271262  
97 11.060000 897.856284 5324.140427  
98 11.070000 846.374073 4976.725087  
99 11.080000 798.236993 4654.753259  
100 11.090000 753.201108 4356.157461  
101 11.100000 711.042219 4079.054677  
102 11.110000 671.554110 3821.728451  
103 11.120000 634.546963 3582.612849  
104 11.130000 599.845930 3360.278095  
105 11.140000 567.289833 3153.417687  
106 11.150000 536.729989 2960.836826  
107 11.160000 508.029153 2781.442022  
108 11.170000 481.060543 2614.231744  
109 11.180000 455.706971 2458.288001  
110 11.190000 431.860042 2312.768755  
111 11.200000 409.419431 2176.901084  
112 11.210000 388.292222 2049.975002  
113 11.220000 368.392307 1931.337880  
114 11.230000 349.639841 1820.389403  
115 11.240000 331.960737 1716.577005  
116 11.250000 315.286215 1619.391732  
117 11.260000 299.552380 1528.364493  
118 11.270000 284.699844 1443.062665  
119 11.280000 270.673376 1363.087002  
120 11.290000 257.421582 1288.068831  
121 11.300000 244.896613 1217.667508  
122 11.310000 233.053895 1151.568089  
123 11.320000 221.851885 1089.479226  
124 11.330000 211.251843 1031.131240  
125 11.340000 201.217625 976.274363  
126 11.350000 191.715492 924.677141  
127 11.360000 182.713934 876.124969  
128 11.370000 174.183507 830.418758  
129 11.380000 166.096689 787.373709  
130 11.390000 158.427736 746.818201  
131 11.400000 151.152560 708.592765  
132 11.410000 144.248609 672.549146  
133 11.420000 137.694765 638.549448  
134 11.430000 131.471236 606.465340  
135 11.440000 125.559472 576.177341  
136 11.450000 119.942074 547.574147  
137 11.460000 114.602719 520.552027  
138 11.470000 109.526086 495.014263  
139 11.480000 104.697788 470.870627  
140 11.490000 100.104308 448.036915  
141 11.500000 95.732946 426.434503  
142 11.510000 91.571759 405.989946  
143 11.520000 87.609516 386.634607  
144 11.530000 83.835650 368.304316  
145 11.540000 80.240214 350.939050  
146 11.550000 76.813840 334.482641  
147 11.560000 73.547707 318.882511  
148 11.570000 70.433500 304.089418  
149 11.580000 67.463383 290.057227  
150 11.590000 64.629964 276.742695  
151 11.600000 61.926272 264.105277  
152 11.610000 59.345728 252.106939  
153 11.620000 56.882122 240.711990  
154 11.630000 54.529589 229.886928  
155 11.640000 52.282589 219.600286  
156 11.650000 50.135887 209.822508  
157 11.660000 48.084536 200.525812  
158 11.670000 46.123855 191.684082  
159 11.680000 44.249419 183.272756  
160 11.690000 42.457042 175.268726  
161 11.700000 40.742760 167.650241  
162 11.710000 39.102821 160.396828  
163 11.720000 37.533671 153.489202  
164 11.730000 36.031945 146.909195  
165 11.740000 34.594452 140.639687  
166 11.750000 33.218170 134.664535  
167 11.760000 31.900231 128.968518  
168 11.770000 30.637917 123.537278  
169 11.780000 29.428648 118.357262  
170 11.790000 28.269977 113.415682  
171 11.800000 27.159580 108.700459  
172 11.810000 26.095251 104.200185  
173 11.820000 25.074896 99.904084  
174 11.830000 24.096523 95.801968  
175 11.840000 23.158242 91.884207  
176 11.850000 22.258255 88.141696  
177 11.860000 21.394853 84.565819  
178 11.870000 20.566410 81.148426  
179 11.880000 19.771382 77.881802  
180 11.890000 19.008296 74.758644  
181 11.900000 18.275754 71.772034  
182 11.910000 17.572422 68.915422  
183 11.920000 16.897033 66.182599  
184 11.930000 16.248377 63.567681  
185 11.940000 15.625305 61.065091  
186 11.950000 15.026719 58.669539  
187 11.960000 14.451574 56.376007  
188 11.970000 13.898874 54.179737  
189 11.980000 13.367670 52.076210  
190 11.990000 12.857055 50.061139  
191 12.000000 12.366166 48.130451  
192 12.010000 11.894178 46.280281  
193 12.020000 11.440304 44.506956  
194 12.030000 11.003794 42.806984  
195 12.040000 10.583931 41.177049  
196 12.050000 10.180030 39.613999  
197 12.060000 9.791438 38.114833  
198 12.070000 9.417530 36.676702  
199 12.080000 9.057710 35.296893  
200 12.090000 8.711407 33.972823  
201 12.100000 8.378076 32.702037  
202 12.110000 8.057196 31.482197  
203 12.120000 7.748269 30.311076  
204 12.130000 7.450819 29.186554  
205 12.140000 7.164390 28.106610  
206 12.150000 6.888545 27.069321  
207 12.160000 6.622867 26.072854  
208 12.170000 6.366957 25.115459  
209 12.180000 6.120433 24.195471  
210 12.190000 5.882929 23.311301  
211 12.200000 5.654093 22.461433  
212 12.210000 5.433590 21.644423  
213 12.220000 5.221100 20.858890  
214 12.230000 5.016312 20.103518  
215 12.240000 4.818933 19.377052  
216 12.250000 4.628679 18.678291  
217 12.260000 4.445279 18.006092  
218 12.270000 4.268472 17.359358  
219 12.280000 4.098010 16.737047  
220 12.290000 3.933653 16.138160  
221 12.300000 3.775172 15.561743  
222 12.310000 3.622346 15.006884  
223 12.320000 3.474965 14.472712  
224 12.330000 3.332826 13.958394  
225 12.340000 3.195734 13.463134  
226 12.350000 3.063502 12.986168  
227 12.360000 2.935952 12.526769  
228 12.370000 2.812911 12.084238  
229 12.380000 2.694213 11.657909  
230 12.390000 2.579701 11.247142  
231 12.400000 2.469220 10.851327  
232 12.410000 2.362626 10.469878  
233 12.420000 2.259777 10.102235  
234 12.430000 2.160537 9.747860  
235 12.440000 2.064777 9.406239  
236 12.450000 1.972372 9.076880  
237 12.460000 1.883200 8.759311  
238 12.470000 1.797148 8.453080  
239 12.480000 1.714102 8.157752  
240 12.490000 1.633958 7.872913  
241 12.500000 1.556610 7.598164  
242 12.510000 1.481962 7.333122  
243 12.520000 1.409917 7.077421  
244 12.530000 1.340384 6.830711  
245 12.540000 1.273274 6.592653  
246 12.550000 1.208503 6.362924  
247 12.560000 1.145989 6.141213  
248 12.570000 1.085653 5.927223  
249 12.580000 1.027419 5.720668  
250 12.590000 0.971216 5.521272  
251 12.600000 0.916971 5.328773  
252 12.610000 0.864618 5.142916  
253 12.620000 0.814091 4.963460  
254 12.630000 0.765328 4.790170  
255 12.640000 0.718268 4.622822  
256 12.650000 0.672853 4.461200  
257 12.660000 0.629026 4.305097  
258 12.670000 0.586733 4.154315  
259 12.680000 0.545922 4.008661  
260 12.690000 0.506543 3.867951  
261 12.700000 0.468547 3.732010  
262 12.710000 0.431888 3.600666  
263 12.720000 0.396519 3.473756  
264 12.730000 0.362398 3.351123  
265 12.740000 0.329483 3.232616  
266 12.750000 0.297733 3.118088  
267 12.760000 0.267108 3.007401  
268 12.770000 0.237572 2.900418  
269 12.780000 0.209088 2.797011  
270 12.790000 0.181621 2.697054  
271 12.800000 0.155136 2.600428  
272 12.810000 0.129601 2.507016  
273 12.820000 0.104985 2.416707  
274 12.830000 0.081257 2.329395  
275 12.840000 0.058388 2.244975  
276 12.850000 0.036348 2.163348  
277 12.860000 0.015112 2.084419  
278 12.870000 -0.005349 2.008095  
279 12.880000 -0.025058 1.934286  
280 12.890000 -0.044042 1.862908  
281 12.900000 -0.062324 1.793878  
282 12.910000 -0.079928 1.727116  
283 12.920000 -0.096874 1.662546  
284 12.930000 -0.113185 1.600092  
285 12.940000 -0.128883 1.539685  
286 12.950000 -0.143986 1.481256  
287 12.960000 -0.158514 1.424737  
288 12.970000 -0.172487 1.370066  
289 12.980000 -0.185921 1.317180  
290 12.990000 -0.198836 1.266020  
291 13.000000 -0.211247 1.216529  
292 13.010000 -0.223172 1.168651  
293 13.020000 -0.234626 1.122333  
294 13.030000 -0.245624 1.077523  
295 13.040000 -0.256181 1.034172  
296 13.050000 -0.266312 0.992232  
297 13.060000 -0.276030 0.951656  
298 13.070000 -0.285349 0.912399  
299 13.080000 -0.294282 0.874419  
300 13.090000 -0.302842 0.837674  
301 13.100000 -0.311040 0.802123  
302 13.110000 -0.318888 0.767728  
303 13.120000 -0.326398 0.734450  
304 13.130000 -0.333581 0.702255  
305 13.140000 -0.340447 0.671107  
306 13.150000 -0.347006 0.640972  
307 13.160000 -0.353269 0.611817  
308 13.170000 -0.359246 0.583611  
309 13.180000 -0.364945 0.556323  
310 13.190000 -0.370375 0.529924  
311 13.200000 -0.375546 0.504386  
312 13.210000 -0.380466 0.479681  
313 13.220000 -0.385142 0.455782  
314 13.230000 -0.389584 0.432663  
315 13.240000 -0.393798 0.410300  
316 13.250000 -0.397792 0.388669  
317 13.260000 -0.401574 0.367747  
318 13.270000 -0.405150 0.347510  
319 13.280000 -0.408526 0.327938  
320 13.290000 -0.411710 0.309009  
321 13.300000 -0.414709 0.290703  
322 13.310000 -0.417527 0.273001  
323 13.320000 -0.420171 0.255883  
324 13.330000 -0.422646 0.239330  
325 13.340000 -0.424959 0.223326  
326 13.350000 -0.427114 0.207854  
327 13.360000 -0.429118 0.192895  
328 13.370000 -0.430974 0.178435  
329 13.380000 -0.432688 0.164457  
330 13.390000 -0.434265 0.150947  
331 13.400000 -0.435708 0.137891  
332 13.410000 -0.437024 0.125273  
333 13.420000 -0.438215 0.113080  
334 13.430000 -0.439287 0.101299  
335 13.440000 -0.440243 0.089918  
336 13.450000 -0.441087 0.078923  
337 13.460000 -0.441822 0.068303  
338 13.470000 -0.442454 0.058046  
339 13.480000 -0.442984 0.048141  
340 13.490000 -0.443418 0.038578  
341 13.500000 -0.443757 0.029344  
342 13.510000 -0.444006 0.020431  
343 13.520000 -0.444167 0.011829  
344 13.530000 -0.444243 0.003527  
345 13.540000 -0.444238 -0.004484  
346 13.550000 -0.444155 -0.012212  
347 13.560000 -0.443995 -0.019666  
348 13.570000 -0.443762 -0.026854  
349 13.580000 -0.443459 -0.033786  
350 13.590000 -0.443087 -0.040468  
351 13.600000 -0.442650 -0.046909  
352 13.610000 -0.442150 -0.053116  
353 13.620000 -0.441589 -0.059095  
354 13.630000 -0.440969 -0.064855  
355 13.640000 -0.440292 -0.070402  
356 13.650000 -0.439561 -0.075742  
357 13.660000 -0.438778 -0.080881  
358 13.670000 -0.437944 -0.085827  
359 13.680000 -0.437062 -0.090584  
360 13.690000 -0.436133 -0.095159  
361 13.700000 -0.435160 -0.099558  
362 13.710000 -0.434143 -0.103785  
363 13.720000 -0.433084 -0.107846  
364 13.730000 -0.431986 -0.111746  
365 13.740000 -0.430850 -0.115490  
366 13.750000 -0.429677 -0.119083  
367 13.760000 -0.428469 -0.122530  
368 13.770000 -0.427227 -0.125834  
369 13.780000 -0.425953 -0.129001  
370 13.790000 -0.424647 -0.132035  
371 13.800000 -0.423312 -0.134940  
372 13.810000 -0.421949 -0.137719  
373 13.820000 -0.420558 -0.140377  
374 13.830000 -0.419142 -0.142917  
375 13.840000 -0.417700 -0.145344  
376 13.850000 -0.416235 -0.147660  
377 13.860000 -0.414748 -0.149869  
378 13.870000 -0.413238 -0.151974  
379 13.880000 -0.411708 -0.153979  
380 13.890000 -0.410159 -0.155887  
381 13.900000 -0.408591 -0.157700  
382 13.910000 -0.407005 -0.159422  
383 13.920000 -0.405403 -0.161056  
384 13.930000 -0.403784 -0.162604  
385 13.940000 -0.402151 -0.164069  
386 13.950000 -0.400503 -0.165454  
387 13.960000 -0.398842 -0.166761  
388 13.970000 -0.397168 -0.167992  
389 13.980000 -0.395483 -0.169151  
390 13.990000 -0.393786 -0.170239  
391 14.000000 -0.392078 -0.171258  
392 14.010000 -0.390361 -0.172211  
393 14.020000 -0.388634 -0.173100  
394 14.030000 -0.386899 -0.173927  
395 14.040000 -0.385156 -0.174694  
396 14.050000 -0.383405 -0.175403  
397 14.060000 -0.381648 -0.176055  
398 14.070000 -0.379884 -0.176653  
399 14.080000 -0.378115 -0.177198  
400 14.090000 -0.376341 -0.177692  
401 14.100000 -0.374561 -0.178137  
402 14.110000 -0.372778 -0.178534  
403 14.120000 -0.370991 -0.178885  
404 14.130000 -0.369200 -0.179192  
405 14.140000 -0.367407 -0.179455  
406 14.150000 -0.365611 -0.179677  
407 14.160000 -0.363814 -0.179858  
408 14.170000 -0.362014 -0.180000  
409 14.180000 -0.360214 -0.180105  
410 14.190000 -0.358412 -0.180173  
411 14.200000 -0.356610 -0.180206  
412 14.210000 -0.354808 -0.180205  
413 14.220000 -0.353006 -0.180171  
414 14.230000 -0.351205 -0.180106  
415 14.240000 -0.349404 -0.180010  
416 14.250000 -0.347605 -0.179884  
417 14.260000 -0.345807 -0.179730  
418 14.270000 -0.344010 -0.179548  
419 14.280000 -0.342216 -0.179340  
420 14.290000 -0.340424 -0.179107  
421 14.300000 -0.338634 -0.178849  
422 14.310000 -0.336847 -0.178566  
423 14.320000 -0.335063 -0.178262  
424 14.330000 -0.333282 -0.177934  
425 14.340000 -0.331504 -0.177586  
426 14.350000 -0.329730 -0.177217  
427 14.360000 -0.327960 -0.176829  
428 14.370000 -0.326194 -0.176422  
429 14.380000 -0.324431 -0.175996  
430 14.390000 -0.322674 -0.175553  
431 14.400000 -0.320920 -0.175093  
432 14.410000 -0.319172 -0.174616  
433 14.420000 -0.317428 -0.174124  
434 14.430000 -0.315689 -0.173618  
435 14.440000 -0.313956 -0.173096  
436 14.450000 -0.312228 -0.172562  
437 14.460000 -0.310505 -0.172013  
438 14.470000 -0.308787 -0.171453  
439 14.480000 -0.307076 -0.170880  
440 14.490000 -0.305370 -0.170295  
441 14.500000 -0.303670 -0.169700  
442 14.510000 -0.301976 -0.169093  
443 14.520000 -0.300288 -0.168477  
444 14.530000 -0.298606 -0.167851  
445 14.540000 -0.296931 -0.167216  
446 14.550000 -0.295262 -0.166572  
447 14.560000 -0.293600 -0.165919  
448 14.570000 -0.291944 -0.165259  
449 14.580000 -0.290294 -0.164591  
450 14.590000 -0.288652 -0.163915  
451 14.600000 -0.287016 -0.163233  
452 14.610000 -0.285387 -0.162545  
453 14.620000 -0.283765 -0.161850  
454 14.630000 -0.282150 -0.161150  
455 14.640000 -0.280542 -0.160444  
456 14.650000 -0.278941 -0.159732  
457 14.660000 -0.277348 -0.159016  
458 14.670000 -0.275761 -0.158296  
459 14.680000 -0.274182 -0.157571  
460 14.690000 -0.272610 -0.156842  
461 14.700000 -0.271045 -0.156110  
462 14.710000 -0.269487 -0.155374  
463 14.720000 -0.267937 -0.154634  
464 14.730000 -0.266395 -0.153892  
465 14.740000 -0.264860 -0.153147  
466 14.750000 -0.263332 -0.152400  
467 14.760000 -0.261812 -0.151651  
468 14.770000 -0.260299 -0.150899  
469 14.780000 -0.258794 -0.150145  
470 14.790000 -0.257296 -0.149390  
471 14.800000 -0.255806 -0.148634  
472 14.810000 -0.254323 -0.147876  
473 14.820000 -0.252848 -0.147117  
474 14.830000 -0.251381 -0.146357  
475 14.840000 -0.249921 -0.145597  
476 14.850000 -0.248469 -0.144836  
477 14.860000 -0.247024 -0.144074  
478 14.870000 -0.245588 -0.143313  
479 14.880000 -0.244158 -0.142551  
480 14.890000 -0.242737 -0.141789  
481 14.900000 -0.241322 -0.141028  
482 14.910000 -0.239916 -0.140267  
483 14.920000 -0.238517 -0.139506  
484 14.930000 -0.237126 -0.138746  
485 14.940000 -0.235742 -0.137986  
486 14.950000 -0.234366 -0.137228  
487 14.960000 -0.232998 -0.136470  
488 14.970000 -0.231637 -0.135714  
489 14.980000 -0.230283 -0.134958  
490 14.990000 -0.228938 -0.134204  
491 15.000000 -0.227599 -0.133452  
492 15.010000 -0.226269 -0.132700  
493 15.020000 -0.224945 -0.131951  
494 15.030000 -0.223629 -0.131203  
495 15.040000 -0.222321 -0.130456  
496 15.050000 -0.221020 -0.129712  
497 15.060000 -0.219727 -0.128969  
498 15.070000 -0.218441 -0.128228  
499 15.080000 -0.217162 -0.127490  
500 15.090000 -0.215891 -0.126753  
501 15.100000 -0.214627 -0.126019  
502 15.110000 -0.213371 -0.125287  
503 15.120000 -0.212122 -0.124557  
504 15.130000 -0.210880 -0.123829  
505 15.140000 -0.209645 -0.123104  
506 15.150000 -0.208418 -0.122382  
507 15.160000 -0.207197 -0.121662  
508 15.170000 -0.205984 -0.120944  
509 15.180000 -0.204778 -0.120229  
510 15.190000 -0.203580 -0.119517  
511 15.200000 -0.202388 -0.118808  
512 15.210000 -0.201204 -0.118101  
513 15.220000 -0.200026 -0.117397  
514 15.230000 -0.198856 -0.116696  
515 15.240000 -0.197692 -0.115997  
516 15.250000 -0.196536 -0.115302  
517 15.260000 -0.195386 -0.114610  
518 15.270000 -0.194243 -0.113920  
519 15.280000 -0.193108 -0.113234  
520 15.290000 -0.191979 -0.112550  
521 15.300000 -0.190857 -0.111870  
522 15.310000 -0.189741 -0.111193  
523 15.320000 -0.188633 -0.110519  
524 15.330000 -0.187531 -0.109848  
525 15.340000 -0.186436 -0.109180  
526 15.350000 -0.185347 -0.108515  
527 15.360000 -0.184266 -0.107853  
528 15.370000 -0.183190 -0.107195  
529 15.380000 -0.182122 -0.106540  
530 15.390000 -0.181059 -0.105888  
531 15.400000 -0.180004 -0.105239  
532 15.410000 -0.178955 -0.104594  
533 15.420000 -0.177912 -0.103952  
534 15.430000 -0.176876 -0.103313  
535 15.440000 -0.175846 -0.102677  
536 15.450000 -0.174822 -0.102045  
537 15.460000 -0.173805 -0.101416  
538 15.470000 -0.172794 -0.100790  
539 15.480000 -0.171789 -0.100168  
540 15.490000 -0.170790 -0.099549  
541 15.500000 -0.169798 -0.098933  
542 15.510000 -0.168812 -0.098321  
543 15.520000 -0.167832 -0.097712  
544 15.530000 -0.166857 -0.097106  
545 15.540000 -0.165889 -0.096504  
546 15.550000 -0.164927 -0.095905  
547 15.560000 -0.163971 -0.095309  
548 15.570000 -0.163021 -0.094717  
549 15.580000 -0.162077 -0.094128  
550 15.590000 -0.161139 -0.093542  
551 15.600000 -0.160206 -0.092960  
552 15.610000 -0.159279 -0.092381  
553 15.620000 -0.158359 -0.091805  
554 15.630000 -0.157443 -0.091233  
555 15.640000 -0.156534 -0.090663  
556 15.650000 -0.155630 -0.090098  
557 15.660000 -0.154732 -0.089535  
558 15.670000 -0.153839 -0.088976  
559 15.680000 -0.152952 -0.088420  
560 15.690000 -0.152071 -0.087868  
561 15.700000 -0.151195 -0.087319  
562 15.710000 -0.150325 -0.086773  
563 15.720000 -0.149460 -0.086230  
564 15.730000 -0.148600 -0.085691  
565 15.740000 -0.147746 -0.085155  
566 15.750000 -0.146897 -0.084622  
567 15.760000 -0.146053 -0.084092  
568 15.770000 -0.145215 -0.083565  
569 15.780000 -0.144382 -0.083042  
570 15.790000 -0.143554 -0.082522  
571 15.800000 -0.142731 -0.082005  
572 15.810000 -0.141914 -0.081492  
573 15.820000 -0.141102 -0.080981  
574 15.830000 -0.140294 -0.080474  
575 15.840000 -0.139492 -0.079970  
576 15.850000 -0.138695 -0.079468  
577 15.860000 -0.137903 -0.078971  
578 15.870000 -0.137116 -0.078476  
579 15.880000 -0.136333 -0.077984  
580 15.890000 -0.135556 -0.077495  
581 15.900000 -0.134783 -0.077010  
582 15.910000 -0.134016 -0.076527  
583 15.920000 -0.133253 -0.076048  
584 15.930000 -0.132495 -0.075571  
585 15.940000 -0.131741 -0.075098  
586 15.950000 -0.130993 -0.074628  
587 15.960000 -0.130249 -0.074160  
588 15.970000 -0.129509 -0.073696  
589 15.980000 -0.128775 -0.073235  
590 15.990000 -0.128045 -0.072776  
591 16.000000 -0.127319 -0.072321  
592 16.010000 -0.126598 -0.071868  
593 16.020000 -0.125882 -0.071418  
594 16.030000 -0.125170 -0.070971  
595 16.040000 -0.124462 -0.070528  
596 16.050000 -0.123759 -0.070087  
597 16.060000 -0.123061 -0.069648  
598 16.070000 -0.122366 -0.069213  
599 16.080000 -0.121676 -0.068781  
600 16.090000 -0.120991 -0.068351  
601 16.100000 -0.120309 -0.067924  
602 16.110000 -0.119632 -0.067500  
603 16.120000 -0.118959 -0.067078  
604 16.130000 -0.118291 -0.066660  
605 16.140000 -0.117626 -0.066244  
606 16.150000 -0.116966 -0.065831  
607 16.160000 -0.116310 -0.065420  
608 16.170000 -0.115657 -0.065013  
609 16.180000 -0.115009 -0.064608  
610 16.190000 -0.114365 -0.064205  
611 16.200000 -0.113725 -0.063805  
612 16.210000 -0.113089 -0.063408  
613 16.220000 -0.112457 -0.063014  
614 16.230000 -0.111829 -0.062622  
615 16.240000 -0.111205 -0.062233  
616 16.250000 -0.110584 -0.061846  
617 16.260000 -0.109968 -0.061462  
618 16.270000 -0.109355 -0.061080  
619 16.280000 -0.108746 -0.060701  
620 16.290000 -0.108141 -0.060324  
621 16.300000 -0.107540 -0.059950  
622 16.310000 -0.106942 -0.059579  
623 16.320000 -0.106348 -0.059209  
624 16.330000 -0.105758 -0.058843  
625 16.340000 -0.105171 -0.058478  
626 16.350000 -0.104588 -0.058117  
627 16.360000 -0.104009 -0.057757  
628 16.370000 -0.103433 -0.057400  
629 16.380000 -0.102861 -0.057045  
630 16.390000 -0.102292 -0.056693  
631 16.400000 -0.101727 -0.056343  
632 16.410000 -0.101165 -0.055996  
633 16.420000 -0.100607 -0.055650  
634 16.430000 -0.100052 -0.055307  
635 16.440000 -0.099501 -0.054966  
636 16.450000 -0.098953 -0.054628  
637 16.460000 -0.098408 -0.054292  
638 16.470000 -0.097867 -0.053958  
639 16.480000 -0.097329 -0.053626  
640 16.490000 -0.096795 -0.053297  
641 16.500000 -0.096263 -0.052969  
642 16.510000 -0.095735 -0.052644  
643 16.520000 -0.095210 -0.052321  
644 16.530000 -0.094689 -0.052001  
645 16.540000 -0.094170 -0.051682  
646 16.550000 -0.093655 -0.051366  
647 16.560000 -0.093143 -0.051051  
648 16.570000 -0.092634 -0.050739  
649 16.580000 -0.092128 -0.050429  
650 16.590000 -0.091625 -0.050121  
651 16.600000 -0.091126 -0.049815  
652 16.610000 -0.090629 -0.049511  
653 16.620000 -0.090136 -0.049209  
654 16.630000 -0.089645 -0.048909  
655 16.640000 -0.089157 -0.048611  
656 16.650000 -0.088673 -0.048315  
657 16.660000 -0.088191 -0.048021  
658 16.670000 -0.087712 -0.047729  
659 16.680000 -0.087236 -0.047439  
660 16.690000 -0.086763 -0.047151  
661 16.700000 -0.086293 -0.046865  
662 16.710000 -0.085826 -0.046581  
663 16.720000 -0.085362 -0.046299  
664 16.730000 -0.084900 -0.046018  
665 16.740000 -0.084441 -0.045740  
666 16.750000 -0.083985 -0.045463  
667 16.760000 -0.083532 -0.045188  
668 16.770000 -0.083082 -0.044915  
669 16.780000 -0.082634 -0.044644  
670 16.790000 -0.082189 -0.044375  
671 16.800000 -0.081746 -0.044107  
672 16.810000 -0.081307 -0.043842  
673 16.820000 -0.080869 -0.043578  
674 16.830000 -0.080435 -0.043316  
675 16.840000 -0.080003 -0.043055  
676 16.850000 -0.079574 -0.042796  
677 16.860000 -0.079147 -0.042539  
678 16.870000 -0.078723 -0.042284  
679 16.880000 -0.078302 -0.042031  
680 16.890000 -0.077882 -0.041779  
681 16.900000 -0.077466 -0.041529  
682 16.910000 -0.077052 -0.041280  
683 16.920000 -0.076640 -0.041033  
684 16.930000 -0.076231 -0.040788  
685 16.940000 -0.075825 -0.040545  
686 16.950000 -0.075420 -0.040303  
687 16.960000 -0.075019 -0.040062  
688 16.970000 -0.074619 -0.039824  
689 16.980000 -0.074222 -0.039587  
690 16.990000 -0.073827 -0.039351  
691 17.000000 -0.073435 -0.039117  
692 17.010000 -0.073045 -0.038885  
693 17.020000 -0.072657 -0.038654  
694 17.030000 -0.072272 -0.038425  
695 17.040000 -0.071889 -0.038197  
696 17.050000 -0.071508 -0.037971  
697 17.060000 -0.071129 -0.037746  
698 17.070000 -0.070753 -0.037523  
699 17.080000 -0.070379 -0.037301  
700 17.090000 -0.070007 -0.037080  
701 17.100000 -0.069637 -0.036862  
702 17.110000 -0.069270 -0.036644  
703 17.120000 -0.068904 -0.036428  
704 17.130000 -0.068541 -0.036214  
705 17.140000 -0.068180 -0.036001  
706 17.150000 -0.067821 -0.035789  
707 17.160000 -0.067464 -0.035579  
708 17.170000 -0.067110 -0.035370  
709 17.180000 -0.066757 -0.035162  
710 17.190000 -0.066406 -0.034956  
711 17.200000 -0.066058 -0.034751  
712 17.210000 -0.065711 -0.034548  
713 17.220000 -0.065367 -0.034346  
714 17.230000 -0.065024 -0.034145  
715 17.240000 -0.064684 -0.033946  
716 17.250000 -0.064345 -0.033748  
717 17.260000 -0.064009 -0.033551  
718 17.270000 -0.063674 -0.033355  
719 17.280000 -0.063342 -0.033161  
720 17.290000 -0.063011 -0.032968  
721 17.300000 -0.062683 -0.032777  
722 17.310000 -0.062356 -0.032586  
723 17.320000 -0.062031 -0.032397  
724 17.330000 -0.061708 -0.032209  
725 17.340000 -0.061387 -0.032023  
726 17.350000 -0.061067 -0.031837  
727 17.360000 -0.060750 -0.031653  
728 17.370000 -0.060434 -0.031470  
729 17.380000 -0.060120 -0.031288  
730 17.390000 -0.059808 -0.031108  
731 17.400000 -0.059498 -0.030928  
732 17.410000 -0.059190 -0.030750  
733 17.420000 -0.058883 -0.030573  
734 17.430000 -0.058578 -0.030397  
735 17.440000 -0.058275 -0.030222  
736 17.450000 -0.057974 -0.030048  
737 17.460000 -0.057674 -0.029876  
738 17.470000 -0.057376 -0.029705  
739 17.480000 -0.057080 -0.029534  
740 17.490000 -0.056786 -0.029365  
741 17.500000 -0.056493 -0.029197  
742 17.510000 -0.056202 -0.029030  
743 17.520000 -0.055912 -0.028864  
744 17.530000 -0.055625 -0.028699  
745 17.540000 -0.055338 -0.028536  
746 17.550000 -0.055054 -0.028373  
747 17.560000 -0.054771 -0.028211  
748 17.570000 -0.054490 -0.028051  
749 17.580000 -0.054210 -0.027891  
750 17.590000 -0.053932 -0.027733  
751 17.600000 -0.053655 -0.027576  
752 17.610000 -0.053380 -0.027419  
753 17.620000 -0.053107 -0.027264  
754 17.630000 -0.052835 -0.027109  
755 17.640000 -0.052565 -0.026956  
756 17.650000 -0.052296 -0.026803  
757 17.660000 -0.052029 -0.026652  
758 17.670000 -0.051763 -0.026502  
759 17.680000 -0.051499 -0.026352  
760 17.690000 -0.051236 -0.026204  
761 17.700000 -0.050974 -0.026056  
762 17.710000 -0.050715 -0.025909  
763 17.720000 -0.050456 -0.025764  
764 17.730000 -0.050199 -0.025619  
765 17.740000 -0.049944 -0.025475  
766 17.750000 -0.049690 -0.025332  
767 17.760000 -0.049437 -0.025190  
768 17.770000 -0.049186 -0.025049  
769 17.780000 -0.048936 -0.024909  
770 17.790000 -0.048688 -0.024770  
771 17.800000 -0.048441 -0.024631  
772 17.810000 -0.048195 -0.024494  
773 17.820000 -0.047951 -0.024357  
774 17.830000 -0.047708 -0.024222  
775 17.840000 -0.047467 -0.024087  
776 17.850000 -0.047226 -0.023953  
777 17.860000 -0.046987 -0.023820  
778 17.870000 -0.046750 -0.023687  
779 17.880000 -0.046514 -0.023556  
780 17.890000 -0.046279 -0.023425  
781 17.900000 -0.046045 -0.023295  
782 17.910000 -0.045813 -0.023167  
783 17.920000 -0.045582 -0.023038  
784 17.930000 -0.045352 -0.022911  
785 17.940000 -0.045124 -0.022785  
786 17.950000 -0.044896 -0.022659  
787 17.960000 -0.044671 -0.022534  
788 17.970000 -0.044446 -0.022410  
789 17.980000 -0.044222 -0.022286  
790 17.990000 -0.044000 -0.022164  
791 18.000000 -0.043779 -0.022042  
792 18.010000 -0.043559 -0.021921  
793 18.020000 -0.043341 -0.021801  
794 18.030000 -0.043123 -0.021681  
795 18.040000 -0.042907 -0.021562  
796 18.050000 -0.042692 -0.021444  
797 18.060000 -0.042478 -0.021327  
798 18.070000 -0.042265 -0.021211  
799 18.080000 -0.042054 -0.021095  
800 18.090000 -0.041844 -0.020980  
801 18.100000 -0.041634 -0.020865  
802 18.110000 -0.041426 -0.020752  
803 18.120000 -0.041219 -0.020639  
804 18.130000 -0.041013 -0.020527  
805 18.140000 -0.040809 -0.020415  
806 18.150000 -0.040605 -0.020304  
807 18.160000 -0.040403 -0.020194  
808 18.170000 -0.040201 -0.020085  
809 18.180000 -0.040001 -0.019976  
810 18.190000 -0.039802 -0.019868  
811 18.200000 -0.039604 -0.019761  
812 18.210000 -0.039406 -0.019654  
813 18.220000 -0.039210 -0.019548  
814 18.230000 -0.039016 -0.019442  
815 18.240000 -0.038822 -0.019338  
816 18.250000 -0.038629 -0.019233  
817 18.260000 -0.038437 -0.019130  
818 18.270000 -0.038246 -0.019027  
819 18.280000 -0.038056 -0.018925  
820 18.290000 -0.037868 -0.018823  
821 18.300000 -0.037680 -0.018723  
822 18.310000 -0.037493 -0.018622  
823 18.320000 -0.037307 -0.018523  
824 18.330000 -0.037123 -0.018423  
825 18.340000 -0.036939 -0.018325  
826 18.350000 -0.036756 -0.018227  
827 18.360000 -0.036574 -0.018130  
828 18.370000 -0.036394 -0.018033  
829 18.380000 -0.036214 -0.017937  
830 18.390000 -0.036035 -0.017842  
831 18.400000 -0.035857 -0.017747  
832 18.410000 -0.035680 -0.017653  
833 18.420000 -0.035504 -0.017559  
834 18.430000 -0.035329 -0.017466  
835 18.440000 -0.035155 -0.017373  
836 18.450000 -0.034981 -0.017281  
837 18.460000 -0.034809 -0.017190  
838 18.470000 -0.034638 -0.017099  
839 18.480000 -0.034467 -0.017009  
840 18.490000 -0.034297 -0.016919  
841 18.500000 -0.034129 -0.016830  
842 18.510000 -0.033961 -0.016741  
843 18.520000 -0.033794 -0.016653  
844 18.530000 -0.033628 -0.016565  
845 18.540000 -0.033463 -0.016478  
846 18.550000 -0.033298 -0.016391  
847 18.560000 -0.033135 -0.016305  
848 18.570000 -0.032972 -0.016220  
849 18.580000 -0.032810 -0.016135  
850 18.590000 -0.032649 -0.016050  
851 18.600000 -0.032489 -0.015967  
852 18.610000 -0.032330 -0.015883  
853 18.620000 -0.032172 -0.015800  
854 18.630000 -0.032014 -0.015718  
855 18.640000 -0.031857 -0.015636  
856 18.650000 -0.031701 -0.015554  
857 18.660000 -0.031546 -0.015473  
858 18.670000 -0.031392 -0.015393  
859 18.680000 -0.031238 -0.015313  
860 18.690000 -0.031086 -0.015233  
861 18.700000 -0.030934 -0.015154  
862 18.710000 -0.030782 -0.015076  
863 18.720000 -0.030632 -0.014998  
864 18.730000 -0.030483 -0.014920  
865 18.740000 -0.030334 -0.014843  
866 18.750000 -0.030186 -0.014766  
867 18.760000 -0.030038 -0.014690  
868 18.770000 -0.029892 -0.014614  
869 18.780000 -0.029746 -0.014539  
870 18.790000 -0.029601 -0.014464  
871 18.800000 -0.029457 -0.014390  
872 18.810000 -0.029313 -0.014316  
873 18.820000 -0.029170 -0.014242  
874 18.830000 -0.029028 -0.014169  
875 18.840000 -0.028887 -0.014096  
876 18.850000 -0.028747 -0.014024  
877 18.860000 -0.028607 -0.013952  
878 18.870000 -0.028467 -0.013881  
879 18.880000 -0.028329 -0.013810  
880 18.890000 -0.028191 -0.013739  
881 18.900000 -0.028054 -0.013669  
882 18.910000 -0.027918 -0.013599  
883 18.920000 -0.027782 -0.013530  
884 18.930000 -0.027647 -0.013461  
885 18.940000 -0.027513 -0.013393  
886 18.950000 -0.027379 -0.013325  
887 18.960000 -0.027247 -0.013257  
888 18.970000 -0.027114 -0.013190  
889 18.980000 -0.026983 -0.013123  
890 18.990000 -0.026852 -0.013056  
891 19.000000 -0.026722 -0.012990  
892 19.010000 -0.026592 -0.012925  
893 19.020000 -0.026463 -0.012859  
894 19.030000 -0.026335 -0.012794  
895 19.040000 -0.026207 -0.012730  
896 19.050000 -0.026080 -0.012665  
897 19.060000 -0.025954 -0.012602  
898 19.070000 -0.025828 -0.012538  
899 19.080000 -0.025703 -0.012475  
900 19.090000 -0.025579 -0.012412  
901 19.100000 -0.025455 -0.012350  
902 19.110000 -0.025332 -0.012288  
903 19.120000 -0.025209 -0.012227  
904 19.130000 -0.025087 -0.012165  
905 19.140000 -0.024966 -0.012104  
906 19.150000 -0.024845 -0.012044  
907 19.160000 -0.024725 -0.011984  
908 19.170000 -0.024605 -0.011924  
909 19.180000 -0.024486 -0.011864  
910 19.190000 -0.024368 -0.011805  
911 19.200000 -0.024250 -0.011746  
912 19.210000 -0.024133 -0.011688  
913 19.220000 -0.024017 -0.011630  
914 19.230000 -0.023901 -0.011572  
915 19.240000 -0.023785 -0.011514  
916 19.250000 -0.023670 -0.011457  
917 19.260000 -0.023556 -0.011400  
918 19.270000 -0.023442 -0.011344  
919 19.280000 -0.023329 -0.011288  
920 19.290000 -0.023217 -0.011232  
921 19.300000 -0.023105 -0.011177  
922 19.310000 -0.022993 -0.011121  
923 19.320000 -0.022882 -0.011066  
924 19.330000 -0.022772 -0.011012  
925 19.340000 -0.022662 -0.010958  
926 19.350000 -0.022553 -0.010904  
927 19.360000 -0.022444 -0.010850  
928 19.370000 -0.022336 -0.010797  
929 19.380000 -0.022228 -0.010744  
930 19.390000 -0.022121 -0.010691  
931 19.400000 -0.022014 -0.010639  
932 19.410000 -0.021908 -0.010586  
933 19.420000 -0.021802 -0.010535  
934 19.430000 -0.021697 -0.010483  
935 19.440000 -0.021593 -0.010432  
936 19.450000 -0.021489 -0.010381  
937 19.460000 -0.021385 -0.010330  
938 19.470000 -0.021282 -0.010280  
939 19.480000 -0.021179 -0.010230  
940 19.490000 -0.021077 -0.010180  
941 19.500000 -0.020976 -0.010130  
942 19.510000 -0.020875 -0.010081  
943 19.520000 -0.020774 -0.010032  
944 19.530000 -0.020674 -0.009984  
945 19.540000 -0.020574 -0.009935  
946 19.550000 -0.020475 -0.009887  
947 19.560000 -0.020377 -0.009839  
948 19.570000 -0.020279 -0.009792  
949 19.580000 -0.020181 -0.009744  
950 19.590000 -0.020084 -0.009697  
951 19.600000 -0.019987 -0.009650  
952 19.610000 -0.019891 -0.009604  
953 19.620000 -0.019795 -0.009558  
954 19.630000 -0.019700 -0.009512  
955 19.640000 -0.019605 -0.009466  
956 19.650000 -0.019510 -0.009420  
957 19.660000 -0.019416 -0.009375  
958 19.670000 -0.019323 -0.009330  
959 19.680000 -0.019230 -0.009285  
960 19.690000 -0.019137 -0.009241  
961 19.700000 -0.019045 -0.009197  
962 19.710000 -0.018953 -0.009153  
963 19.720000 -0.018862 -0.009109  
964 19.730000 -0.018771 -0.009065  
965 19.740000 -0.018680 -0.009022  
966 19.750000 -0.018590 -0.008979  
967 19.760000 -0.018501 -0.008936  
968 19.770000 -0.018412 -0.008894  
969 19.780000 -0.018323 -0.008851  
970 19.790000 -0.018235 -0.008809  
971 19.800000 -0.018147 -0.008767  
972 19.810000 -0.018059 -0.008726  
973 19.820000 -0.017972 -0.008684  
974 19.830000 -0.017886 -0.008643  
975 19.840000 -0.017799 -0.008602  
976 19.850000 -0.017714 -0.008562  
977 19.860000 -0.017628 -0.008521  
978 19.870000 -0.017543 -0.008481  
979 19.880000 -0.017459 -0.008441  
980 19.890000 -0.017374 -0.008401  
981 19.900000 -0.017291 -0.008361  
982 19.910000 -0.017207 -0.008322  
983 19.920000 -0.017124 -0.008283  
984 19.930000 -0.017042 -0.008244  
985 19.940000 -0.016959 -0.008205  
986 19.950000 -0.016877 -0.008166  
987 19.960000 -0.016796 -0.008128  
988 19.970000 -0.016715 -0.008090  
989 19.980000 -0.016634 -0.008052  
990 19.990000 -0.016554 -0.008014  
991 20.000000 -0.016474 -0.007977  
992 20.010000 -0.016394 -0.007940  
993 20.020000 -0.016315 -0.007903  
994 20.030000 -0.016236 -0.007866  
995 20.040000 -0.016158 -0.007829  
996 20.050000 -0.016080 -0.007793  
997 20.060000 -0.016002 -0.007756  
998 20.070000 -0.015925 -0.007720  
999 20.080000 -0.015848 -0.007684  
1000 20.090000 -0.015771 -0.007649  
1001 20.100000 -0.015695 -0.007613  
1002 20.110000 -0.015619 -0.007578  
1003 20.120000 -0.015543 -0.007543  
1004 20.130000 -0.015468 -0.007508  
1005 20.140000 -0.015393 -0.007473  
1006 20.150000 -0.015318 -0.007438  
1007 20.160000 -0.015244 -0.007404  
1008 20.170000 -0.015170 -0.007370  
1009 20.180000 -0.015097 -0.007336  
1010 20.190000 -0.015023 -0.007302  
1011 20.200000 -0.014951 -0.007268  
1012 20.210000 -0.014878 -0.007235  
1013 20.220000 -0.014806 -0.007202  
1014 20.230000 -0.014734 -0.007168  
1015 20.240000 -0.014663 -0.007135  
1016 20.250000 -0.014591 -0.007103  
1017 20.260000 -0.014521 -0.007070  
1018 20.270000 -0.014450 -0.007038  
1019 20.280000 -0.014380 -0.007006  
1020 20.290000 -0.014310 -0.006973  
1021 20.300000 -0.014240 -0.006942  
1022 20.310000 -0.014171 -0.006910  
1023 20.320000 -0.014102 -0.006878  
1024 20.330000 -0.014033 -0.006847  
1025 20.340000 -0.013965 -0.006816  
1026 20.350000 -0.013897 -0.006785  
1027 20.360000 -0.013829 -0.006754  
1028 20.370000 -0.013762 -0.006723  
1029 20.380000 -0.013695 -0.006692  
1030 20.390000 -0.013628 -0.006662  
1031 20.400000 -0.013562 -0.006632  
1032 20.410000 -0.013496 -0.006602  
1033 20.420000 -0.013430 -0.006572  
1034 20.430000 -0.013364 -0.006542  
1035 20.440000 -0.013299 -0.006512  
1036 20.450000 -0.013234 -0.006483  
1037 20.460000 -0.013169 -0.006454  
1038 20.470000 -0.013105 -0.006425  
1039 20.480000 -0.013041 -0.006396  
1040 20.490000 -0.012977 -0.006367  
1041 20.500000 -0.012913 -0.006338  
1042 20.510000 -0.012850 -0.006310  
1043 20.520000 -0.012787 -0.006281  
1044 20.530000 -0.012725 -0.006253  
1045 20.540000 -0.012662 -0.006225  
1046 20.550000 -0.012600 -0.006197  
1047 20.560000 -0.012538 -0.006169  
1048 20.570000 -0.012477 -0.006141  
1049 20.580000 -0.012415 -0.006114  
1050 20.590000 -0.012354 -0.006087  
1051 20.600000 -0.012294 -0.006059  
1052 20.610000 -0.012233 -0.006032  
1053 20.620000 -0.012173 -0.006005  
1054 20.630000 -0.012113 -0.005979  
1055 20.640000 -0.012053 -0.005952  
1056 20.650000 -0.011994 -0.005925  
1057 20.660000 -0.011935 -0.005899  
1058 20.670000 -0.011876 -0.005873  
1059 20.680000 -0.011817 -0.005847  
1060 20.690000 -0.011759 -0.005821  
1061 20.700000 -0.011701 -0.005795  
1062 20.710000 -0.011643 -0.005769  
1063 20.720000 -0.011586 -0.005744  
1064 20.730000 -0.011528 -0.005718  
1065 20.740000 -0.011471 -0.005693  
1066 20.750000 -0.011414 -0.005668  
1067 20.760000 -0.011358 -0.005643  
1068 20.770000 -0.011302 -0.005618  
1069 20.780000 -0.011246 -0.005593  
1070 20.790000 -0.011190 -0.005568  
1071 20.800000 -0.011134 -0.005544  
1072 20.810000 -0.011079 -0.005519  
1073 20.820000 -0.011024 -0.005495  
1074 20.830000 -0.010969 -0.005471  
1075 20.840000 -0.010914 -0.005447  
1076 20.850000 -0.010860 -0.005423  
1077 20.860000 -0.010806 -0.005399  
1078 20.870000 -0.010752 -0.005375  
1079 20.880000 -0.010698 -0.005352  
1080 20.890000 -0.010645 -0.005328  
1081 20.900000 -0.010592 -0.005305  
1082 20.910000 -0.010539 -0.005282  
1083 20.920000 -0.010486 -0.005259  
1084 20.930000 -0.010434 -0.005236  
1085 20.940000 -0.010381 -0.005213  
1086 20.950000 -0.010329 -0.005190  
1087 20.960000 -0.010278 -0.005168  
1088 20.970000 -0.010226 -0.005145  
1089 20.980000 -0.010175 -0.005123  
1090 20.990000 -0.010124 -0.005101  
1091 21.000000 -0.010073 -0.005079  
1092 21.010000 -0.010022 -0.005056  
1093 21.020000 -0.009972 -0.005035  
1094 21.030000 -0.009921 -0.005013  
1095 21.040000 -0.009871 -0.004991  
1096 21.050000 -0.009822 -0.004969  
1097 21.060000 -0.009772 -0.004948  
1098 21.070000 -0.009723 -0.004927  
1099 21.080000 -0.009673 -0.004905  
1100 21.090000 -0.009625 -0.004884  
1101 21.100000 -0.009576 -0.004863  
1102 21.110000 -0.009527 -0.004842  
1103 21.120000 -0.009479 -0.004821  
1104 21.130000 -0.009431 -0.004800  
1105 21.140000 -0.009383 -0.004780  
1106 21.150000 -0.009335 -0.004759  
1107 21.160000 -0.009288 -0.004739  
1108 21.170000 -0.009240 -0.004719  
1109 21.180000 -0.009193 -0.004698  
1110 21.190000 -0.009146 -0.004678  
1111 21.200000 -0.009100 -0.004658  
1112 21.210000 -0.009053 -0.004638  
1113 21.220000 -0.009007 -0.004618  
1114 21.230000 -0.008961 -0.004599  
1115 21.240000 -0.008915 -0.004579  
1116 21.250000 -0.008869 -0.004559  
1117 21.260000 -0.008824 -0.004540  
1118 21.270000 -0.008779 -0.004521  
1119 21.280000 -0.008733 -0.004501  
1120 21.290000 -0.008689 -0.004482  
1121 21.300000 -0.008644 -0.004463  
1122 21.310000 -0.008599 -0.004444  
1123 21.320000 -0.008555 -0.004425  
1124 21.330000 -0.008511 -0.004407  
1125 21.340000 -0.008467 -0.004388  
1126 21.350000 -0.008423 -0.004369  
1127 21.360000 -0.008379 -0.004351  
1128 21.370000 -0.008336 -0.004332  
1129 21.380000 -0.008293 -0.004314  
1130 21.390000 -0.008250 -0.004296  
1131 21.400000 -0.008207 -0.004278  
1132 21.410000 -0.008164 -0.004260  
1133 21.420000 -0.008122 -0.004242  
1134 21.430000 -0.008079 -0.004224  
1135 21.440000 -0.008037 -0.004206  
1136 21.450000 -0.007995 -0.004188  
1137 21.460000 -0.007953 -0.004171  
1138 21.470000 -0.007912 -0.004153  
1139 21.480000 -0.007870 -0.004136  
1140 21.490000 -0.007829 -0.004119  
1141 21.500000 -0.007788 -0.004101  
1142 21.510000 -0.007747 -0.004084  
1143 21.520000 -0.007706 -0.004067  
1144 21.530000 -0.007666 -0.004050  
1145 21.540000 -0.007625 -0.004033  
1146 21.550000 -0.007585 -0.004016  
1147 21.560000 -0.007545 -0.003999  
1148 21.570000 -0.007505 -0.003983  
1149 21.580000 -0.007465 -0.003966  
1150 21.590000 -0.007426 -0.003950  
1151 21.600000 -0.007386 -0.003933  
1152 21.610000 -0.007347 -0.003917  
1153 21.620000 -0.007308 -0.003901  
1154 21.630000 -0.007269 -0.003884  
1155 21.640000 -0.007230 -0.003868  
1156 21.650000 -0.007192 -0.003852  
1157 21.660000 -0.007153 -0.003836  
1158 21.670000 -0.007115 -0.003820  
1159 21.680000 -0.007077 -0.003804  
1160 21.690000 -0.007039 -0.003789  
1161 21.700000 -0.007001 -0.003773  
1162 21.710000 -0.006963 -0.003757  
1163 21.720000 -0.006926 -0.003742  
1164 21.730000 -0.006889 -0.003727  
1165 21.740000 -0.006851 -0.003711  
1166 21.750000 -0.006814 -0.003696  
1167 21.760000 -0.006777 -0.003681  
1168 21.770000 -0.006741 -0.003665  
1169 21.780000 -0.006704 -0.003650  
1170 21.790000 -0.006668 -0.003635  
1171 21.800000 -0.006631 -0.003620  
1172 21.810000 -0.006595 -0.003606  
1173 21.820000 -0.006559 -0.003591  
1174 21.830000 -0.006523 -0.003576  
1175 21.840000 -0.006488 -0.003561  
1176 21.850000 -0.006452 -0.003547  
1177 21.860000 -0.006417 -0.003532  
1178 21.870000 -0.006382 -0.003518  
1179 21.880000 -0.006347 -0.003504  
1180 21.890000 -0.006312 -0.003489  
1181 21.900000 -0.006277 -0.003475  
1182 21.910000 -0.006242 -0.003461  
1183 21.920000 -0.006207 -0.003447  
1184 21.930000 -0.006173 -0.003433  
1185 21.940000 -0.006139 -0.003419  
1186 21.950000 -0.006105 -0.003405  
1187 21.960000 -0.006071 -0.003391  
1188 21.970000 -0.006037 -0.003377  
1189 21.980000 -0.006003 -0.003364  
1190 21.990000 -0.005970 -0.003350  
1191 22.000000 -0.005936 -0.003336  
1192 22.010000 -0.005903 -0.003323  
1193 22.020000 -0.005870 -0.003309  
1194 22.030000 -0.005837 -0.003296  
1195 22.040000 -0.005804 -0.003283  
1196 22.050000 -0.005771 -0.003269  
1197 22.060000 -0.005738 -0.003256  
1198 22.070000 -0.005706 -0.003243  
1199 22.080000 -0.005674 -0.003230  
1200 22.090000 -0.005641 -0.003217  
1201 22.100000 -0.005609 -0.003204  
1202 22.110000 -0.005577 -0.003191  
1203 22.120000 -0.005545 -0.003178  
1204 22.130000 -0.005514 -0.003166  
1205 22.140000 -0.005482 -0.003153  
1206 22.150000 -0.005451 -0.003140  
1207 22.160000 -0.005419 -0.003128  
1208 22.170000 -0.005388 -0.003115  
1209 22.180000 -0.005357 -0.003103  
1210 22.190000 -0.005326 -0.003090  
1211 22.200000 -0.005295 -0.003078  
1212 22.210000 -0.005264 -0.003066  
1213 22.220000 -0.005234 -0.003053  
1214 22.230000 -0.005203 -0.003041  
1215 22.240000 -0.005173 -0.003029  
1216 22.250000 -0.005143 -0.003017  
1217 22.260000 -0.005113 -0.003005  
1218 22.270000 -0.005083 -0.002993  
1219 22.280000 -0.005053 -0.002981  
1220 22.290000 -0.005023 -0.002969  
1221 22.300000 -0.004993 -0.002958  
1222 22.310000 -0.004964 -0.002946  
1223 22.320000 -0.004935 -0.002934  
1224 22.330000 -0.004905 -0.002922  
1225 22.340000 -0.004876 -0.002911  
1226 22.350000 -0.004847 -0.002899  
1227 22.360000 -0.004818 -0.002888  
1228 22.370000 -0.004789 -0.002876  
1229 22.380000 -0.004761 -0.002865  
1230 22.390000 -0.004732 -0.002854  
1231 22.400000 -0.004703 -0.002843  
1232 22.410000 -0.004675 -0.002831  
1233 22.420000 -0.004647 -0.002820  
1234 22.430000 -0.004619 -0.002809  
1235 22.440000 -0.004591 -0.002798  
1236 22.450000 -0.004563 -0.002787  
1237 22.460000 -0.004535 -0.002776  
1238 22.470000 -0.004507 -0.002765  
1239 22.480000 -0.004480 -0.002754  
1240 22.490000 -0.004452 -0.002744  
1241 22.500000 -0.004425 -0.002733  
1242 22.510000 -0.004397 -0.002722  
1243 22.520000 -0.004370 -0.002711  
1244 22.530000 -0.004343 -0.002701  
1245 22.540000 -0.004316 -0.002690  
1246 22.550000 -0.004289 -0.002680  
1247 22.560000 -0.004263 -0.002669  
1248 22.570000 -0.004236 -0.002659  
1249 22.580000 -0.004210 -0.002648  
1250 22.590000 -0.004183 -0.002638  
1251 22.600000 -0.004157 -0.002628  
1252 22.610000 -0.004131 -0.002618  
1253 22.620000 -0.004104 -0.002607  
1254 22.630000 -0.004078 -0.002597  
1255 22.640000 -0.004052 -0.002587  
1256 22.650000 -0.004027 -0.002577  
1257 22.660000 -0.004001 -0.002567  
1258 22.670000 -0.003975 -0.002557  
1259 22.680000 -0.003950 -0.002547  
1260 22.690000 -0.003924 -0.002537  
1261 22.700000 -0.003899 -0.002528  
1262 22.710000 -0.003874 -0.002518  
1263 22.720000 -0.003849 -0.002508  
1264 22.730000 -0.003824 -0.002498  
1265 22.740000 -0.003799 -0.002489  
1266 22.750000 -0.003774 -0.002479  
1267 22.760000 -0.003749 -0.002470  
1268 22.770000 -0.003724 -0.002460  
1269 22.780000 -0.003700 -0.002451  
1270 22.790000 -0.003675 -0.002441  
1271 22.800000 -0.003651 -0.002432  
1272 22.810000 -0.003627 -0.002423  
1273 22.820000 -0.003603 -0.002413  
1274 22.830000 -0.003579 -0.002404  
1275 22.840000 -0.003555 -0.002395  
1276 22.850000 -0.003531 -0.002386  
1277 22.860000 -0.003507 -0.002376  
1278 22.870000 -0.003483 -0.002367  
1279 22.880000 -0.003459 -0.002358  
1280 22.890000 -0.003436 -0.002349  
1281 22.900000 -0.003413 -0.002340  
1282 22.910000 -0.003389 -0.002331  
1283 22.920000 -0.003366 -0.002322  
1284 22.930000 -0.003343 -0.002314  
1285 22.940000 -0.003320 -0.002305  
1286 22.950000 -0.003297 -0.002296  
1287 22.960000 -0.003274 -0.002287  
1288 22.970000 -0.003251 -0.002279  
1289 22.980000 -0.003228 -0.002270  
1290 22.990000 -0.003205 -0.002261  
1291 23.000000 -0.003183 -0.002253  
1292 23.010000 -0.003160 -0.002244  
1293 23.020000 -0.003138 -0.002236  
1294 23.030000 -0.003116 -0.002227  
1295 23.040000 -0.003093 -0.002219  
1296 23.050000 -0.003071 -0.002210  
1297 23.060000 -0.003049 -0.002202  
1298 23.070000 -0.003027 -0.002194  
1299 23.080000 -0.003005 -0.002185  
1300 23.090000 -0.002984 -0.002177  
1301 23.100000 -0.002962 -0.002169  
1302 23.110000 -0.002940 -0.002161  
1303 23.120000 -0.002919 -0.002153  
1304 23.130000 -0.002897 -0.002144  
1305 23.140000 -0.002876 -0.002136  
1306 23.150000 -0.002854 -0.002128  
1307 23.160000 -0.002833 -0.002120  
1308 23.170000 -0.002812 -0.002112  
1309 23.180000 -0.002791 -0.002104  
1310 23.190000 -0.002770 -0.002097  
1311 23.200000 -0.002749 -0.002089  
1312 23.210000 -0.002728 -0.002081  
1313 23.220000 -0.002707 -0.002073  
1314 23.230000 -0.002687 -0.002065  
1315 23.240000 -0.002666 -0.002058  
1316 23.250000 -0.002646 -0.002050  
1317 23.260000 -0.002625 -0.002042  
1318 23.270000 -0.002605 -0.002035  
1319 23.280000 -0.002584 -0.002027  
1320 23.290000 -0.002564 -0.002019  
1321 23.300000 -0.002544 -0.002012  
1322 23.310000 -0.002524 -0.002004  
1323 23.320000 -0.002504 -0.001997  
1324 23.330000 -0.002484 -0.001990  
1325 23.340000 -0.002464 -0.001982  
1326 23.350000 -0.002444 -0.001975  
1327 23.360000 -0.002425 -0.001967  
1328 23.370000 -0.002405 -0.001960  
1329 23.380000 -0.002385 -0.001953  
1330 23.390000 -0.002366 -0.001946  
1331 23.400000 -0.002347 -0.001938  
1332 23.410000 -0.002327 -0.001931  
1333 23.420000 -0.002308 -0.001924  
1334 23.430000 -0.002289 -0.001917  
1335 23.440000 -0.002270 -0.001910  
1336 23.450000 -0.002250 -0.001903  
1337 23.460000 -0.002231 -0.001896  
1338 23.470000 -0.002213 -0.001889  
1339 23.480000 -0.002194 -0.001882  
1340 23.490000 -0.002175 -0.001875  
1341 23.500000 -0.002156 -0.001868  
1342 23.510000 -0.002138 -0.001861  
1343 23.520000 -0.002119 -0.001854  
1344 23.530000 -0.002100 -0.001848  
1345 23.540000 -0.002082 -0.001841  
1346 23.550000 -0.002064 -0.001834  
1347 23.560000 -0.002045 -0.001827  
1348 23.570000 -0.002027 -0.001821  
1349 23.580000 -0.002009 -0.001814  
1350 23.590000 -0.001991 -0.001807  
1351 23.600000 -0.001973 -0.001801  
1352 23.610000 -0.001955 -0.001794  
1353 23.620000 -0.001937 -0.001788  
1354 23.630000 -0.001919 -0.001781  
1355 23.640000 -0.001901 -0.001774  
1356 23.650000 -0.001884 -0.001768  
1357 23.660000 -0.001866 -0.001762  
1358 23.670000 -0.001848 -0.001755  
1359 23.680000 -0.001831 -0.001749  
1360 23.690000 -0.001813 -0.001742  
1361 23.700000 -0.001796 -0.001736  
1362 23.710000 -0.001779 -0.001730  
1363 23.720000 -0.001761 -0.001723  
1364 23.730000 -0.001744 -0.001717  
1365 23.740000 -0.001727 -0.001711  
1366 23.750000 -0.001710 -0.001705  
1367 23.760000 -0.001693 -0.001699  
1368 23.770000 -0.001676 -0.001692  
1369 23.780000 -0.001659 -0.001686  
1370 23.790000 -0.001642 -0.001680  
1371 23.800000 -0.001625 -0.001674  
1372 23.810000 -0.001609 -0.001668  
1373 23.820000 -0.001592 -0.001662  
1374 23.830000 -0.001576 -0.001656  
1375 23.840000 -0.001559 -0.001650  
1376 23.850000 -0.001543 -0.001644  
1377 23.860000 -0.001526 -0.001638  
1378 23.870000 -0.001510 -0.001632  
1379 23.880000 -0.001493 -0.001626  
1380 23.890000 -0.001477 -0.001621  
1381 23.900000 -0.001461 -0.001615  
1382 23.910000 -0.001445 -0.001609  
1383 23.920000 -0.001429 -0.001603  
1384 23.930000 -0.001413 -0.001597  
1385 23.940000 -0.001397 -0.001592  
1386 23.950000 -0.001381 -0.001586  
1387 23.960000 -0.001365 -0.001580  
1388 23.970000 -0.001349 -0.001575  
1389 23.980000 -0.001334 -0.001569  
1390 23.990000 -0.001318 -0.001563  
1391 24.000000 -0.001302 -0.001558  
1392 24.010000 -0.001287 -0.001552  
1393 24.020000 -0.001271 -0.001547  
1394 24.030000 -0.001256 -0.001541  
1395 24.040000 -0.001241 -0.001536  
1396 24.050000 -0.001225 -0.001530  
1397 24.060000 -0.001210 -0.001525  
1398 24.070000 -0.001195 -0.001519  
1399 24.080000 -0.001180 -0.001514  
1400 24.090000 -0.001164 -0.001509  
1401 24.100000 -0.001149 -0.001503  
1402 24.110000 -0.001134 -0.001498  
1403 24.120000 -0.001119 -0.001493  
1404 24.130000 -0.001105 -0.001487  
1405 24.140000 -0.001090 -0.001482  
1406 24.150000 -0.001075 -0.001477  
1407 24.160000 -0.001060 -0.001472  
1408 24.170000 -0.001045 -0.001466  
1409 24.180000 -0.001031 -0.001461  
1410 24.190000 -0.001016 -0.001456  
1411 24.200000 -0.001002 -0.001451  
1412 24.210000 -0.000987 -0.001446  
1413 24.220000 -0.000973 -0.001441  
1414 24.230000 -0.000958 -0.001436  
1415 24.240000 -0.000944 -0.001430  
1416 24.250000 -0.000930 -0.001425  
1417 24.260000 -0.000916 -0.001420  
1418 24.270000 -0.000901 -0.001415  
1419 24.280000 -0.000887 -0.001410  
1420 24.290000 -0.000873 -0.001406  
1421 24.300000 -0.000859 -0.001401  
1422 24.310000 -0.000845 -0.001396  
1423 24.320000 -0.000831 -0.001391  
1424 24.330000 -0.000817 -0.001386  
1425 24.340000 -0.000804 -0.001381  
1426 24.350000 -0.000790 -0.001376  
1427 24.360000 -0.000776 -0.001371  
1428 24.370000 -0.000762 -0.001367  
1429 24.380000 -0.000749 -0.001362  
1430 24.390000 -0.000735 -0.001357  
1431 24.400000 -0.000722 -0.001352  
1432 24.410000 -0.000708 -0.001348  
1433 24.420000 -0.000695 -0.001343  
1434 24.430000 -0.000681 -0.001338  
1435 24.440000 -0.000668 -0.001334  
1436 24.450000 -0.000655 -0.001329  
1437 24.460000 -0.000641 -0.001324  
1438 24.470000 -0.000628 -0.001320  
1439 24.480000 -0.000615 -0.001315  
1440 24.490000 -0.000602 -0.001311  
1441 24.500000 -0.000589 -0.001306  
1442 24.510000 -0.000576 -0.001301  
1443 24.520000 -0.000563 -0.001297  
1444 24.530000 -0.000550 -0.001292  
1445 24.540000 -0.000537 -0.001288  
1446 24.550000 -0.000524 -0.001284  
1447 24.560000 -0.000511 -0.001279  
1448 24.570000 -0.000498 -0.001275  
1449 24.580000 -0.000486 -0.001270  
1450 24.590000 -0.000473 -0.001266  
1451 24.600000 -0.000460 -0.001261  
1452 24.610000 -0.000448 -0.001257  
1453 24.620000 -0.000435 -0.001253  
1454 24.630000 -0.000423 -0.001248  
1455 24.640000 -0.000410 -0.001244  
1456 24.650000 -0.000398 -0.001240  
1457 24.660000 -0.000385 -0.001236  
1458 24.670000 -0.000373 -0.001231  
1459 24.680000 -0.000361 -0.001227  
1460 24.690000 -0.000349 -0.001223  
1461 24.700000 -0.000336 -0.001219  
1462 24.710000 -0.000324 -0.001215  
1463 24.720000 -0.000312 -0.001210  
1464 24.730000 -0.000300 -0.001206  
1465 24.740000 -0.000288 -0.001202  
1466 24.750000 -0.000276 -0.001198  
1467 24.760000 -0.000264 -0.001194  
1468 24.770000 -0.000252 -0.001190  
1469 24.780000 -0.000240 -0.001186  
1470 24.790000 -0.000228 -0.001182  
1471 24.800000 -0.000216 -0.001178  
1472 24.810000 -0.000205 -0.001174  
1473 24.820000 -0.000193 -0.001170  
1474 24.830000 -0.000181 -0.001166  
1475 24.840000 -0.000170 -0.001162  
1476 24.850000 -0.000158 -0.001158  
1477 24.860000 -0.000147 -0.001154  
1478 24.870000 -0.000135 -0.001150  
1479 24.880000 -0.000124 -0.001146  
1480 24.890000 -0.000112 -0.001142  
1481 24.900000 -0.000101 -0.001138  
1482 24.910000 -0.000089 -0.001134  
1483 24.920000 -0.000078 -0.001131  
1484 24.930000 -0.000067 -0.001127  
1485 24.940000 -0.000055 -0.001123  
1486 24.950000 -0.000044 -0.001119  
1487 24.960000 -0.000033 -0.001115  
1488 24.970000 -0.000022 -0.001112  
1489 24.980000 -0.000011 -0.001108  
1490 24.990000 0.000000 -0.001104  
