1 10.100000 1496739712.719777 89984775625.919785  
2 10.110000 843852004.543005 46130176818.597282  
3 10.120000 500046094.053259 25062801832.801380  
4 10.130000 308966501.327948 14297456664.408506  
5 10.140000 197822659.262874 8502161268.937856  
6 10.150000 130607481.877090 5240219319.610107  
7 10.160000 88565701.811793 3332041327.734350  
8 10.170000 61483722.730540 2177554411.758001  
9 10.180000 43579787.761766 1458022746.200983  
10 10.190000 31467562.620378 997599207.803243  
11 10.200000 23102942.162361 695952874.161109  
12 10.210000 17218364.938972 494096989.337563  
13 10.220000 13008575.290442 356405893.586270  
14 10.230000 9950721.040276 260833879.885613  
15 10.240000 7698521.780637 193434594.232834  
16 10.250000 6018459.165003 145206304.483790  
17 10.260000 4750431.768855 110230921.262271  
18 10.270000 3782992.570911 84551329.954815  
19 10.280000 3037468.330555 65480050.809058  
20 10.290000 2457597.058009 51165370.945361  
21 10.300000 2002657.016019 40314251.445876  
22 10.310000 1642842.668763 32012465.110506  
23 10.320000 1356109.525363 25606072.711650  
24 10.330000 1125993.379997 20622213.660093  
25 10.340000 940084.795447 16715470.547605  
26 10.350000 788949.866792 13631101.174091  
27 10.360000 665358.596812 11179540.873839  
28 10.370000 563727.695242 9218527.545798  
29 10.380000 479714.431435 7640441.738433  
30 10.390000 409917.963344 6363253.347626  
31 10.400000 351657.859670 5323988.136314  
32 10.410000 302808.560164 4473971.836319  
33 10.420000 261674.714589 3775339.738878  
34 10.430000 226896.634912 3198455.050524  
35 10.440000 197378.099464 2719985.242660  
36 10.450000 172230.868460 2321458.569543  
37 10.460000 150731.779957 1988173.611156  
38 10.470000 132289.378793 1708370.216430  
39 10.480000 116417.814646 1472595.321316  
40 10.490000 102716.316225 1273214.992376  
41 10.500000 90852.967466 1104036.874646  
42 10.510000 80551.820990 960016.494552  
43 10.520000 71582.614047 837027.616791  
44 10.530000 63752.524220 731681.797809  
45 10.540000 56899.531569 641185.923399  
46 10.550000 50887.051868 563229.221514  
47 10.560000 45599.580083 495893.258647  
48 10.570000 40939.140230 437579.941549  
49 10.580000 36822.381577 386953.687897  
50 10.590000 33178.194969 342894.795232  
51 10.600000 29945.749335 304461.697394  
52 10.610000 27072.868892 270860.302929  
53 10.620000 24514.687597 241418.998758  
54 10.630000 22232.529989 215568.202853  
55 10.640000 20192.977526 192823.582892  
56 10.650000 18367.087386 172772.239677  
57 10.660000 16729.736997 155061.296397  
58 10.670000 15259.072542 139388.446607  
59 10.680000 13936.043720 125494.102009  
60 10.690000 12744.010258 113154.850916  
61 10.700000 11668.408282 102177.993772  
62 10.710000 10696.466752 92396.966302  
63 10.720000 9816.965876 83667.496278  
64 10.730000 9020.030828 75864.368241  
65 10.740000 8296.955220 68878.693419  
66 10.750000 7640.049690 62615.600515  
67 10.760000 7042.511793 56992.278017  
68 10.770000 6498.313940 51936.310807  
69 10.780000 6002.106704 47384.263771  
70 10.790000 5549.135223 43280.473176  
71 10.800000 5135.166787 39576.013228  
72 10.810000 4756.427999 36227.810629  
73 10.820000 4409.550145 33197.884478  
74 10.830000 4091.521625 30452.692515  
75 10.840000 3799.646446 27962.567791  
76 10.850000 3531.507967 25701.232375  
77 10.860000 3284.937155 23645.376826  
78 10.870000 3057.984769 21774.295902  
79 10.880000 2848.896935 20069.572460  
80 10.890000 2656.093671 18514.802712  
81 10.900000 2478.149974 17095.357056  
82 10.910000 2313.779149 15798.171534  
83 10.920000 2161.818080 14611.565727  
84 10.930000 2021.214210 13525.083491  
85 10.940000 1891.014010 12529.353467  
86 10.950000 1770.352758 11615.966730  
87 10.960000 1658.445462 10777.369332  
88 10.970000 1554.578793 10006.767780  
89 10.980000 1458.103908 9298.045795  
90 10.990000 1368.430047 8645.690898  
91 11.000000 1285.018831 8044.729586  
92 11.010000 1207.379164 7490.670017  
93 11.020000 1135.062671 6979.451279  
94 11.030000 1067.659624 6507.398412  
95 11.040000 1004.795281 6071.182517  
96 11.050000 946.126609 5667.785295  
97 11.060000 891.339338 5294.467526  
98 11.070000 840.145313 4948.740993  
99 11.080000 792.280111 4628.343452  
100 11.090000 747.500896 4331.216309  
101 11.100000 705.584484 4055.484667  
102 11.110000 666.325598 3799.439489  
103 11.120000 629.535285 3561.521630  
104 11.130000 595.039499 3340.307532  
105 11.140000 562.677804 3134.496391  
106 11.150000 532.302205 2942.898634  
107 11.160000 503.776092 2764.425569  
108 11.170000 476.973278 2598.080073  
109 11.180000 451.777120 2442.948208  
110 11.190000 428.079737 2298.191666  
111 11.200000 405.781275 2163.040960  
112 11.210000 384.789260 2036.789268  
113 11.220000 365.017997 1918.786881  
114 11.230000 346.388022 1808.436180  
115 11.240000 328.825607 1705.187086  
116 11.250000 312.262302 1608.532945  
117 11.260000 296.634525 1518.006795  
118 11.270000 281.883179 1433.177981  
119 11.280000 267.953302 1353.649081  
120 11.290000 254.793757 1279.053114  
121 11.300000 242.356930 1209.051001  
122 11.310000 230.598472 1143.329254  
123 11.320000 219.477046 1081.597877  
124 11.330000 208.954110 1023.588444  
125 11.340000 198.993702 969.052356  
126 11.350000 189.562255 917.759245  
127 11.360000 180.628420 869.495515  
128 11.370000 172.162908 824.063020  
129 11.380000 164.138337 781.277838  
130 11.390000 156.529098 740.969168  
131 11.400000 149.311229 702.978302  
132 11.410000 142.462299 667.157700  
133 11.420000 135.961299 633.370130  
134 11.430000 129.788546 601.487885  
135 11.440000 123.925588 571.392065  
136 11.450000 118.355120 542.971911  
137 11.460000 113.060909 516.124202  
138 11.470000 108.027716 490.752697  
139 11.480000 103.241234 466.767617  
140 11.490000 98.688022 444.085175  
141 11.500000 94.355450 422.627141  
142 11.510000 90.231642 402.320441  
143 11.520000 86.305431 383.096785  
144 11.530000 82.566310 364.892327  
145 11.540000 79.004387 347.647350  
146 11.550000 75.610351 331.305976  
147 11.560000 72.375430 315.815896  
148 11.570000 69.291359 301.128124  
149 11.580000 66.350347 287.196764  
150 11.590000 63.545046 273.978800  
151 11.600000 60.868527 261.433900  
152 11.610000 58.314251 249.524231  
153 11.620000 55.876044 238.214292  
154 11.630000 53.548077 227.470757  
155 11.640000 51.324845 217.262332  
156 11.650000 49.201145 207.559618  
157 11.660000 47.172060 198.334984  
158 11.670000 45.232939 189.562457  
159 11.680000 43.379385 181.217609  
160 11.690000 41.607238 173.277458  
161 11.700000 39.912559 165.720378  
162 11.710000 38.291621 158.526005  
163 11.720000 36.740894 151.675165  
164 11.730000 35.257033 145.149793  
165 11.740000 33.836870 138.932863  
166 11.750000 32.477401 133.008327  
167 11.760000 31.175779 127.361051  
168 11.770000 29.929304 121.976757  
169 11.780000 28.735413 116.841974  
170 11.790000 27.591675 111.943987  
171 11.800000 26.495784 107.270788  
172 11.810000 25.445548 102.811037  
173 11.820000 24.438887 98.554021  
174 11.830000 23.473825 94.489613  
175 11.840000 22.548485 90.608243  
176 11.850000 21.661081 86.900858  
177 11.860000 20.809916 83.358896  
178 11.870000 19.993378 79.974257  
179 11.880000 19.209932 76.739274  
180 11.890000 18.458118 73.646688  
181 11.900000 17.736547 70.689625  
182 11.910000 17.043896 67.861576  
183 11.920000 16.378906 65.156371  
184 11.930000 15.740378 62.568164  
185 11.940000 15.127171 60.091413  
186 11.950000 14.538196 57.720863  
187 11.960000 13.972417 55.451528  
188 11.970000 13.428844 53.278680  
189 11.980000 12.906536 51.197832  
190 11.990000 12.404595 49.204723  
191 12.000000 11.922163 47.295310  
192 12.010000 11.458423 45.465751  
193 12.020000 11.012594 43.712398  
194 12.030000 10.583932 42.031785  
195 12.040000 10.171727 40.420617  
196 12.050000 9.775299 38.875763  
197 12.060000 9.394000 37.394246  
198 12.070000 9.027212 35.973233  
199 12.080000 8.674343 34.610032  
200 12.090000 8.334828 33.302079  
201 12.100000 8.008125 32.046936  
202 12.110000 7.693721 30.842280  
203 12.120000 7.391119 29.685902  
204 12.130000 7.099849 28.575696  
205 12.140000 6.819458 27.509659  
206 12.150000 6.549515 26.485879  
207 12.160000 6.289605 25.502536  
208 12.170000 6.039335 24.557897  
209 12.180000 5.798324 23.650306  
210 12.190000 5.566210 22.778188  
211 12.200000 5.342647 21.940038  
212 12.210000 5.127301 21.134422  
213 12.220000 4.919855 20.359971  
214 12.230000 4.720002 19.615380  
215 12.240000 4.527452 18.899403  
216 12.250000 4.341923 18.210848  
217 12.260000 4.163147 17.548581  
218 12.270000 3.990867 16.911517  
219 12.280000 3.824836 16.298618  
220 12.290000 3.664818 15.708895  
221 12.300000 3.510584 15.141402  
222 12.310000 3.361919 14.595236  
223 12.320000 3.218611 14.069531  
224 12.330000 3.080462 13.563462  
225 12.340000 2.947279 13.076239  
226 12.350000 2.818877 12.607106  
227 12.360000 2.695079 12.155341  
228 12.370000 2.575715 11.720252  
229 12.380000 2.460621 11.301178  
230 12.390000 2.349640 10.897486  
231 12.400000 2.242622 10.508569  
232 12.410000 2.139421 10.133849  
233 12.420000 2.039900 9.772768  
234 12.430000 1.943922 9.424796  
235 12.440000 1.851362 9.089423  
236 12.450000 1.762094 8.766160  
237 12.460000 1.676000 8.454541  
238 12.470000 1.592965 8.154116  
239 12.480000 1.512881 7.864458  
240 12.490000 1.435642 7.585153  
241 12.500000 1.361145 7.315808  
242 12.510000 1.289294 7.056043  
243 12.520000 1.219994 6.805497  
244 12.530000 1.153154 6.563821  
245 12.540000 1.088689 6.330681  
246 12.550000 1.026513 6.105757  
247 12.560000 0.966547 5.888741  
248 12.570000 0.908713 5.679339  
249 12.580000 0.852936 5.477267  
250 12.590000 0.799144 5.282254  
251 12.600000 0.747268 5.094039  
252 12.610000 0.697242 4.912371  
253 12.620000 0.649000 4.737010  
254 12.630000 0.602481 4.567725  
255 12.640000 0.557626 4.404293  
256 12.650000 0.514376 4.246502  
257 12.660000 0.472678 4.094146  
258 12.670000 0.432476 3.947028  
259 12.680000 0.393720 3.804960  
260 12.690000 0.356361 3.667760  
261 12.700000 0.320349 3.535251  
262 12.710000 0.285640 3.407268  
263 12.720000 0.252189 3.283647  
264 12.730000 0.219954 3.164233  
265 12.740000 0.188891 3.048877  
266 12.750000 0.158963 2.937434  
267 12.760000 0.130130 2.829767  
268 12.770000 0.102355 2.725743  
269 12.780000 0.075603 2.625232  
270 12.790000 0.049840 2.528112  
271 12.800000 0.025030 2.434265  
272 12.810000 0.001144 2.343575  
273 12.820000 -0.021851 2.255933  
274 12.830000 -0.043985 2.171232  
275 12.840000 -0.065285 2.089372  
276 12.850000 -0.085781 2.010254  
277 12.860000 -0.105499 1.933783  
278 12.870000 -0.124465 1.859867  
279 12.880000 -0.142705 1.788420  
280 12.890000 -0.160242 1.719357  
281 12.900000 -0.177100 1.652596  
282 12.910000 -0.193301 1.588058  
283 12.920000 -0.208868 1.525669  
284 12.930000 -0.223821 1.465354  
285 12.940000 -0.238182 1.407044  
286 12.950000 -0.251969 1.350671  
287 12.960000 -0.265201 1.296170  
288 12.970000 -0.277898 1.243477  
289 12.980000 -0.290077 1.192532  
290 12.990000 -0.301755 1.143276  
291 13.000000 -0.312948 1.095653  
292 13.010000 -0.323673 1.049608  
293 13.020000 -0.333945 1.005088  
294 13.030000 -0.343780 0.962043  
295 13.040000 -0.353191 0.920424  
296 13.050000 -0.362193 0.880183  
297 13.060000 -0.370799 0.841276  
298 13.070000 -0.379022 0.803657  
299 13.080000 -0.386876 0.767284  
300 13.090000 -0.394372 0.732117  
301 13.100000 -0.401522 0.698115  
302 13.110000 -0.408338 0.665241  
303 13.120000 -0.414831 0.633458  
304 13.130000 -0.421011 0.602730  
305 13.140000 -0.426889 0.573022  
306 13.150000 -0.432475 0.544301  
307 13.160000 -0.437778 0.516536  
308 13.170000 -0.442808 0.489695  
309 13.180000 -0.447575 0.463748  
310 13.190000 -0.452086 0.438667  
311 13.200000 -0.456351 0.414422  
312 13.210000 -0.460377 0.390988  
313 13.220000 -0.464173 0.368338  
314 13.230000 -0.467747 0.346447  
315 13.240000 -0.471105 0.325291  
316 13.250000 -0.474255 0.304845  
317 13.260000 -0.477204 0.285087  
318 13.270000 -0.479959 0.265996  
319 13.280000 -0.482526 0.247549  
320 13.290000 -0.484912 0.229727  
321 13.300000 -0.487123 0.212508  
322 13.310000 -0.489164 0.195875  
323 13.320000 -0.491042 0.179808  
324 13.330000 -0.492762 0.164290  
325 13.340000 -0.494329 0.149302  
326 13.350000 -0.495750 0.134828  
327 13.360000 -0.497028 0.120852  
328 13.370000 -0.498168 0.107359  
329 13.380000 -0.499176 0.094332  
330 13.390000 -0.500057 0.081757  
331 13.400000 -0.500813 0.069619  
332 13.410000 -0.501450 0.057906  
333 13.420000 -0.501973 0.046603  
334 13.430000 -0.502384 0.035697  
335 13.440000 -0.502688 0.025177  
336 13.450000 -0.502888 0.015029  
337 13.460000 -0.502990 0.005243  
338 13.470000 -0.502994 -0.004194  
339 13.480000 -0.502907 -0.013291  
340 13.490000 -0.502730 -0.022061  
341 13.500000 -0.502467 -0.030512  
342 13.510000 -0.502121 -0.038656  
343 13.520000 -0.501695 -0.046502  
344 13.530000 -0.501191 -0.054058  
345 13.540000 -0.500614 -0.061335  
346 13.550000 -0.499966 -0.068341  
347 13.560000 -0.499248 -0.075085  
348 13.570000 -0.498465 -0.081574  
349 13.580000 -0.497618 -0.087816  
350 13.590000 -0.496709 -0.093820  
351 13.600000 -0.495742 -0.099593  
352 13.610000 -0.494718 -0.105142  
353 13.620000 -0.493640 -0.110475  
354 13.630000 -0.492509 -0.115597  
355 13.640000 -0.491329 -0.120515  
356 13.650000 -0.490100 -0.125237  
357 13.660000 -0.488825 -0.129767  
358 13.670000 -0.487505 -0.134113  
359 13.680000 -0.486143 -0.138280  
360 13.690000 -0.484740 -0.142273  
361 13.700000 -0.483298 -0.146098  
362 13.710000 -0.481819 -0.149760  
363 13.720000 -0.480303 -0.153265  
364 13.730000 -0.478754 -0.156617  
365 13.740000 -0.477171 -0.159821  
366 13.750000 -0.475558 -0.162882  
367 13.760000 -0.473914 -0.165805  
368 13.770000 -0.472242 -0.168593  
369 13.780000 -0.470543 -0.171251  
370 13.790000 -0.468818 -0.173783  
371 13.800000 -0.467068 -0.176193  
372 13.810000 -0.465294 -0.178485  
373 13.820000 -0.463498 -0.180663  
374 13.830000 -0.461681 -0.182730  
375 13.840000 -0.459844 -0.184690  
376 13.850000 -0.457988 -0.186546  
377 13.860000 -0.456113 -0.188302  
378 13.870000 -0.454222 -0.189961  
379 13.880000 -0.452315 -0.191525  
380 13.890000 -0.450392 -0.192999  
381 13.900000 -0.448455 -0.194384  
382 13.910000 -0.446504 -0.195685  
383 13.920000 -0.444541 -0.196902  
384 13.930000 -0.442567 -0.198040  
385 13.940000 -0.440581 -0.199101  
386 13.950000 -0.438585 -0.200087  
387 13.960000 -0.436579 -0.201000  
388 13.970000 -0.434565 -0.201844  
389 13.980000 -0.432543 -0.202620  
390 13.990000 -0.430513 -0.203330  
391 14.000000 -0.428476 -0.203978  
392 14.010000 -0.426434 -0.204564  
393 14.020000 -0.424385 -0.205091  
394 14.030000 -0.422332 -0.205561  
395 14.040000 -0.420274 -0.205976  
396 14.050000 -0.418213 -0.206337  
397 14.060000 -0.416148 -0.206647  
398 14.070000 -0.414080 -0.206907  
399 14.080000 -0.412010 -0.207119  
400 14.090000 -0.409938 -0.207284  
401 14.100000 -0.407864 -0.207404  
402 14.110000 -0.405790 -0.207481  
403 14.120000 -0.403715 -0.207516  
404 14.130000 -0.401640 -0.207511  
405 14.140000 -0.399565 -0.207466  
406 14.150000 -0.397490 -0.207384  
407 14.160000 -0.395417 -0.207266  
408 14.170000 -0.393345 -0.207113  
409 14.180000 -0.391275 -0.206926  
410 14.190000 -0.389207 -0.206706  
411 14.200000 -0.387141 -0.206455  
412 14.210000 -0.385078 -0.206173  
413 14.220000 -0.383018 -0.205863  
414 14.230000 -0.380961 -0.205524  
415 14.240000 -0.378907 -0.205158  
416 14.250000 -0.376857 -0.204767  
417 14.260000 -0.374812 -0.204350  
418 14.270000 -0.372771 -0.203909  
419 14.280000 -0.370734 -0.203445  
420 14.290000 -0.368702 -0.202959  
421 14.300000 -0.366675 -0.202451  
422 14.310000 -0.364653 -0.201922  
423 14.320000 -0.362636 -0.201374  
424 14.330000 -0.360625 -0.200807  
425 14.340000 -0.358620 -0.200221  
426 14.350000 -0.356621 -0.199619  
427 14.360000 -0.354628 -0.198999  
428 14.370000 -0.352641 -0.198363  
429 14.380000 -0.350661 -0.197712  
430 14.390000 -0.348687 -0.197046  
431 14.400000 -0.346720 -0.196366  
432 14.410000 -0.344760 -0.195673  
433 14.420000 -0.342806 -0.194966  
434 14.430000 -0.340860 -0.194248  
435 14.440000 -0.338921 -0.193517  
436 14.450000 -0.336990 -0.192776  
437 14.460000 -0.335066 -0.192024  
438 14.470000 -0.333150 -0.191261  
439 14.480000 -0.331241 -0.190489  
440 14.490000 -0.329340 -0.189708  
441 14.500000 -0.327447 -0.188918  
442 14.510000 -0.325561 -0.188120  
443 14.520000 -0.323684 -0.187314  
444 14.530000 -0.321815 -0.186501  
445 14.540000 -0.319954 -0.185681  
446 14.550000 -0.318102 -0.184854  
447 14.560000 -0.316257 -0.184021  
448 14.570000 -0.314421 -0.183182  
449 14.580000 -0.312594 -0.182337  
450 14.590000 -0.310775 -0.181488  
451 14.600000 -0.308964 -0.180634  
452 14.610000 -0.307162 -0.179775  
453 14.620000 -0.305368 -0.178912  
454 14.630000 -0.303584 -0.178045  
455 14.640000 -0.301808 -0.177175  
456 14.650000 -0.300040 -0.176302  
457 14.660000 -0.298281 -0.175426  
458 14.670000 -0.296532 -0.174547  
459 14.680000 -0.294791 -0.173665  
460 14.690000 -0.293058 -0.172782  
461 14.700000 -0.291335 -0.171896  
462 14.710000 -0.289620 -0.171009  
463 14.720000 -0.287915 -0.170120  
464 14.730000 -0.286218 -0.169231  
465 14.740000 -0.284530 -0.168340  
466 14.750000 -0.282851 -0.167448  
467 14.760000 -0.281181 -0.166556  
468 14.770000 -0.279520 -0.165663  
469 14.780000 -0.277868 -0.164770  
470 14.790000 -0.276225 -0.163877  
471 14.800000 -0.274590 -0.162985  
472 14.810000 -0.272965 -0.162092  
473 14.820000 -0.271349 -0.161200  
474 14.830000 -0.269741 -0.160309  
475 14.840000 -0.268142 -0.159418  
476 14.850000 -0.266553 -0.158528  
477 14.860000 -0.264972 -0.157640  
478 14.870000 -0.263400 -0.156752  
479 14.880000 -0.261837 -0.155866  
480 14.890000 -0.260283 -0.154981  
481 14.900000 -0.258737 -0.154098  
482 14.910000 -0.257201 -0.153217  
483 14.920000 -0.255673 -0.152337  
484 14.930000 -0.254154 -0.151460  
485 14.940000 -0.252644 -0.150584  
486 14.950000 -0.251142 -0.149710  
487 14.960000 -0.249649 -0.148839  
488 14.970000 -0.248165 -0.147970  
489 14.980000 -0.246690 -0.147103  
490 14.990000 -0.245223 -0.146239  
491 15.000000 -0.243765 -0.145378  
492 15.010000 -0.242316 -0.144519  
493 15.020000 -0.240875 -0.143663  
494 15.030000 -0.239442 -0.142809  
495 15.040000 -0.238019 -0.141959  
496 15.050000 -0.236603 -0.141111  
497 15.060000 -0.235196 -0.140266  
498 15.070000 -0.233798 -0.139425  
499 15.080000 -0.232408 -0.138587  
500 15.090000 -0.231026 -0.137751  
501 15.100000 -0.229653 -0.136919  
502 15.110000 -0.228288 -0.136091  
503 15.120000 -0.226931 -0.135265  
504 15.130000 -0.225582 -0.134443  
505 15.140000 -0.224242 -0.133625  
506 15.150000 -0.222910 -0.132810  
507 15.160000 -0.221586 -0.131998  
508 15.170000 -0.220270 -0.131190  
509 15.180000 -0.218962 -0.130385  
510 15.190000 -0.217662 -0.129584  
511 15.200000 -0.216370 -0.128787  
512 15.210000 -0.215086 -0.127994  
513 15.220000 -0.213811 -0.127204  
514 15.230000 -0.212542 -0.126418  
515 15.240000 -0.211282 -0.125635  
516 15.250000 -0.210030 -0.124857  
517 15.260000 -0.208785 -0.124082  
518 15.270000 -0.207548 -0.123311  
519 15.280000 -0.206319 -0.122544  
520 15.290000 -0.205097 -0.121781  
521 15.300000 -0.203883 -0.121021  
522 15.310000 -0.202677 -0.120266  
523 15.320000 -0.201478 -0.119514  
524 15.330000 -0.200286 -0.118767  
525 15.340000 -0.199102 -0.118023  
526 15.350000 -0.197926 -0.117283  
527 15.360000 -0.196757 -0.116547  
528 15.370000 -0.195595 -0.115815  
529 15.380000 -0.194440 -0.115087  
530 15.390000 -0.193293 -0.114364  
531 15.400000 -0.192153 -0.113644  
532 15.410000 -0.191020 -0.112928  
533 15.420000 -0.189895 -0.112216  
534 15.430000 -0.188776 -0.111508  
535 15.440000 -0.187664 -0.110803  
536 15.450000 -0.186560 -0.110103  
537 15.460000 -0.185462 -0.109407  
538 15.470000 -0.184372 -0.108715  
539 15.480000 -0.183288 -0.108027  
540 15.490000 -0.182211 -0.107343  
541 15.500000 -0.181141 -0.106663  
542 15.510000 -0.180078 -0.105987  
543 15.520000 -0.179021 -0.105315  
544 15.530000 -0.177972 -0.104646  
545 15.540000 -0.176928 -0.103982  
546 15.550000 -0.175892 -0.103322  
547 15.560000 -0.174862 -0.102665  
548 15.570000 -0.173839 -0.102013  
549 15.580000 -0.172822 -0.101364  
550 15.590000 -0.171811 -0.100720  
551 15.600000 -0.170807 -0.100079  
552 15.610000 -0.169810 -0.099442  
553 15.620000 -0.168819 -0.098809  
554 15.630000 -0.167834 -0.098180  
555 15.640000 -0.166855 -0.097555  
556 15.650000 -0.165882 -0.096934  
557 15.660000 -0.164916 -0.096317  
558 15.670000 -0.163956 -0.095703  
559 15.680000 -0.163002 -0.095093  
560 15.690000 -0.162054 -0.094487  
561 15.700000 -0.161112 -0.093885  
562 15.710000 -0.160177 -0.093287  
563 15.720000 -0.159247 -0.092692  
564 15.730000 -0.158323 -0.092101  
565 15.740000 -0.157405 -0.091514  
566 15.750000 -0.156492 -0.090931  
567 15.760000 -0.155586 -0.090351  
568 15.770000 -0.154685 -0.089775  
569 15.780000 -0.153790 -0.089203  
570 15.790000 -0.152901 -0.088634  
571 15.800000 -0.152018 -0.088069  
572 15.810000 -0.151140 -0.087508  
573 15.820000 -0.150268 -0.086950  
574 15.830000 -0.149401 -0.086396  
575 15.840000 -0.148540 -0.085846  
576 15.850000 -0.147684 -0.085299  
577 15.860000 -0.146834 -0.084755  
578 15.870000 -0.145989 -0.084215  
579 15.880000 -0.145149 -0.083679  
580 15.890000 -0.144315 -0.083146  
581 15.900000 -0.143486 -0.082617  
582 15.910000 -0.142663 -0.082091  
583 15.920000 -0.141845 -0.081569  
584 15.930000 -0.141031 -0.081050  
585 15.940000 -0.140224 -0.080534  
586 15.950000 -0.139421 -0.080022  
587 15.960000 -0.138623 -0.079513  
588 15.970000 -0.137830 -0.079008  
589 15.980000 -0.137043 -0.078506  
590 15.990000 -0.136260 -0.078007  
591 16.000000 -0.135483 -0.077512  
592 16.010000 -0.134710 -0.077020  
593 16.020000 -0.133942 -0.076531  
594 16.030000 -0.133179 -0.076045  
595 16.040000 -0.132421 -0.075563  
596 16.050000 -0.131668 -0.075084  
597 16.060000 -0.130920 -0.074608  
598 16.070000 -0.130176 -0.074135  
599 16.080000 -0.129437 -0.073665  
600 16.090000 -0.128703 -0.073199  
601 16.100000 -0.127973 -0.072735  
602 16.110000 -0.127248 -0.072275  
603 16.120000 -0.126528 -0.071818  
604 16.130000 -0.125812 -0.071364  
605 16.140000 -0.125100 -0.070913  
606 16.150000 -0.124393 -0.070465  
607 16.160000 -0.123691 -0.070020  
608 16.170000 -0.122993 -0.069578  
609 16.180000 -0.122299 -0.069139  
610 16.190000 -0.121610 -0.068703  
611 16.200000 -0.120925 -0.068270  
612 16.210000 -0.120245 -0.067840  
613 16.220000 -0.119568 -0.067413  
614 16.230000 -0.118896 -0.066989  
615 16.240000 -0.118229 -0.066567  
616 16.250000 -0.117565 -0.066149  
617 16.260000 -0.116906 -0.065733  
618 16.270000 -0.116250 -0.065320  
619 16.280000 -0.115599 -0.064910  
620 16.290000 -0.114952 -0.064502  
621 16.300000 -0.114309 -0.064098  
622 16.310000 -0.113670 -0.063696  
623 16.320000 -0.113035 -0.063297  
624 16.330000 -0.112404 -0.062901  
625 16.340000 -0.111777 -0.062507  
626 16.350000 -0.111154 -0.062116  
627 16.360000 -0.110535 -0.061727  
628 16.370000 -0.109920 -0.061342  
629 16.380000 -0.109308 -0.060959  
630 16.390000 -0.108700 -0.060578  
631 16.400000 -0.108097 -0.060200  
632 16.410000 -0.107496 -0.059825  
633 16.420000 -0.106900 -0.059452  
634 16.430000 -0.106307 -0.059082  
635 16.440000 -0.105718 -0.058714  
636 16.450000 -0.105133 -0.058349  
637 16.460000 -0.104551 -0.057986  
638 16.470000 -0.103973 -0.057626  
639 16.480000 -0.103399 -0.057268  
640 16.490000 -0.102828 -0.056913  
641 16.500000 -0.102261 -0.056560  
642 16.510000 -0.101697 -0.056210  
643 16.520000 -0.101136 -0.055862  
644 16.530000 -0.100580 -0.055516  
645 16.540000 -0.100026 -0.055172  
646 16.550000 -0.099476 -0.054831  
647 16.560000 -0.098929 -0.054493  
648 16.570000 -0.098386 -0.054156  
649 16.580000 -0.097846 -0.053822  
650 16.590000 -0.097310 -0.053490  
651 16.600000 -0.096777 -0.053161  
652 16.610000 -0.096247 -0.052833  
653 16.620000 -0.095720 -0.052508  
654 16.630000 -0.095196 -0.052185  
655 16.640000 -0.094676 -0.051865  
656 16.650000 -0.094159 -0.051546  
657 16.660000 -0.093645 -0.051230  
658 16.670000 -0.093134 -0.050916  
659 16.680000 -0.092627 -0.050604  
660 16.690000 -0.092122 -0.050294  
661 16.700000 -0.091621 -0.049986  
662 16.710000 -0.091123 -0.049680  
663 16.720000 -0.090627 -0.049377  
664 16.730000 -0.090135 -0.049075  
665 16.740000 -0.089646 -0.048776  
666 16.750000 -0.089160 -0.048478  
667 16.760000 -0.088676 -0.048183  
668 16.770000 -0.088196 -0.047889  
669 16.780000 -0.087718 -0.047598  
670 16.790000 -0.087244 -0.047309  
671 16.800000 -0.086772 -0.047021  
672 16.810000 -0.086304 -0.046736  
673 16.820000 -0.085838 -0.046452  
674 16.830000 -0.085374 -0.046170  
675 16.840000 -0.084914 -0.045891  
676 16.850000 -0.084457 -0.045613  
677 16.860000 -0.084002 -0.045337  
678 16.870000 -0.083550 -0.045063  
679 16.880000 -0.083101 -0.044790  
680 16.890000 -0.082654 -0.044520  
681 16.900000 -0.082210 -0.044251  
682 16.910000 -0.081769 -0.043985  
683 16.920000 -0.081331 -0.043720  
684 16.930000 -0.080895 -0.043457  
685 16.940000 -0.080461 -0.043195  
686 16.950000 -0.080031 -0.042936  
687 16.960000 -0.079603 -0.042678  
688 16.970000 -0.079177 -0.042422  
689 16.980000 -0.078754 -0.042167  
690 16.990000 -0.078334 -0.041915  
691 17.000000 -0.077916 -0.041664  
692 17.010000 -0.077501 -0.041415  
693 17.020000 -0.077088 -0.041167  
694 17.030000 -0.076677 -0.040921  
695 17.040000 -0.076269 -0.040677  
696 17.050000 -0.075864 -0.040434  
697 17.060000 -0.075461 -0.040193  
698 17.070000 -0.075060 -0.039954  
699 17.080000 -0.074661 -0.039716  
700 17.090000 -0.074265 -0.039480  
701 17.100000 -0.073872 -0.039246  
702 17.110000 -0.073481 -0.039013  
703 17.120000 -0.073092 -0.038781  
704 17.130000 -0.072705 -0.038551  
705 17.140000 -0.072321 -0.038323  
706 17.150000 -0.071938 -0.038096  
707 17.160000 -0.071559 -0.037871  
708 17.170000 -0.071181 -0.037647  
709 17.180000 -0.070806 -0.037425  
710 17.190000 -0.070433 -0.037204  
711 17.200000 -0.070062 -0.036985  
712 17.210000 -0.069693 -0.036767  
713 17.220000 -0.069326 -0.036551  
714 17.230000 -0.068962 -0.036336  
715 17.240000 -0.068600 -0.036122  
716 17.250000 -0.068239 -0.035910  
717 17.260000 -0.067881 -0.035699  
718 17.270000 -0.067525 -0.035490  
719 17.280000 -0.067172 -0.035282  
720 17.290000 -0.066820 -0.035076  
721 17.300000 -0.066470 -0.034871  
722 17.310000 -0.066122 -0.034667  
723 17.320000 -0.065777 -0.034465  
724 17.330000 -0.065433 -0.034264  
725 17.340000 -0.065091 -0.034064  
726 17.350000 -0.064752 -0.033866  
727 17.360000 -0.064414 -0.033668  
728 17.370000 -0.064078 -0.033473  
729 17.380000 -0.063745 -0.033278  
730 17.390000 -0.063413 -0.033085  
731 17.400000 -0.063083 -0.032893  
732 17.410000 -0.062755 -0.032703  
733 17.420000 -0.062429 -0.032513  
734 17.430000 -0.062105 -0.032325  
735 17.440000 -0.061782 -0.032138  
736 17.450000 -0.061462 -0.031953  
737 17.460000 -0.061143 -0.031768  
738 17.470000 -0.060827 -0.031585  
739 17.480000 -0.060512 -0.031403  
740 17.490000 -0.060198 -0.031222  
741 17.500000 -0.059887 -0.031042  
742 17.510000 -0.059578 -0.030864  
743 17.520000 -0.059270 -0.030687  
744 17.530000 -0.058964 -0.030511  
745 17.540000 -0.058660 -0.030336  
746 17.550000 -0.058357 -0.030162  
747 17.560000 -0.058056 -0.029989  
748 17.570000 -0.057757 -0.029818  
749 17.580000 -0.057460 -0.029647  
750 17.590000 -0.057164 -0.029478  
751 17.600000 -0.056870 -0.029310  
752 17.610000 -0.056578 -0.029143  
753 17.620000 -0.056288 -0.028977  
754 17.630000 -0.055999 -0.028812  
755 17.640000 -0.055711 -0.028648  
756 17.650000 -0.055426 -0.028485  
757 17.660000 -0.055142 -0.028323  
758 17.670000 -0.054859 -0.028163  
759 17.680000 -0.054578 -0.028003  
760 17.690000 -0.054299 -0.027845  
761 17.700000 -0.054022 -0.027687  
762 17.710000 -0.053745 -0.027531  
763 17.720000 -0.053471 -0.027375  
764 17.730000 -0.053198 -0.027221  
765 17.740000 -0.052926 -0.027067  
766 17.750000 -0.052657 -0.026914  
767 17.760000 -0.052388 -0.026763  
768 17.770000 -0.052121 -0.026612  
769 17.780000 -0.051856 -0.026463  
770 17.790000 -0.051592 -0.026314  
771 17.800000 -0.051330 -0.026167  
772 17.810000 -0.051069 -0.026020  
773 17.820000 -0.050809 -0.025874  
774 17.830000 -0.050551 -0.025729  
775 17.840000 -0.050295 -0.025585  
776 17.850000 -0.050040 -0.025442  
777 17.860000 -0.049786 -0.025300  
778 17.870000 -0.049534 -0.025159  
779 17.880000 -0.049283 -0.025019  
780 17.890000 -0.049033 -0.024880  
781 17.900000 -0.048785 -0.024741  
782 17.910000 -0.048538 -0.024604  
783 17.920000 -0.048293 -0.024467  
784 17.930000 -0.048049 -0.024331  
785 17.940000 -0.047806 -0.024196  
786 17.950000 -0.047565 -0.024062  
787 17.960000 -0.047325 -0.023929  
788 17.970000 -0.047086 -0.023797  
789 17.980000 -0.046849 -0.023665  
790 17.990000 -0.046613 -0.023534  
791 18.000000 -0.046378 -0.023405  
792 18.010000 -0.046145 -0.023275  
793 18.020000 -0.045913 -0.023147  
794 18.030000 -0.045682 -0.023020  
795 18.040000 -0.045453 -0.022893  
796 18.050000 -0.045224 -0.022767  
797 18.060000 -0.044997 -0.022642  
798 18.070000 -0.044771 -0.022518  
799 18.080000 -0.044547 -0.022395  
800 18.090000 -0.044323 -0.022272  
801 18.100000 -0.044101 -0.022150  
802 18.110000 -0.043880 -0.022029  
803 18.120000 -0.043661 -0.021909  
804 18.130000 -0.043442 -0.021789  
805 18.140000 -0.043225 -0.021670  
806 18.150000 -0.043009 -0.021552  
807 18.160000 -0.042794 -0.021435  
808 18.170000 -0.042580 -0.021318  
809 18.180000 -0.042368 -0.021203  
810 18.190000 -0.042156 -0.021087  
811 18.200000 -0.041946 -0.020973  
812 18.210000 -0.041737 -0.020859  
813 18.220000 -0.041529 -0.020746  
814 18.230000 -0.041322 -0.020634  
815 18.240000 -0.041116 -0.020522  
816 18.250000 -0.040911 -0.020412  
817 18.260000 -0.040708 -0.020301  
818 18.270000 -0.040505 -0.020192  
819 18.280000 -0.040304 -0.020083  
820 18.290000 -0.040104 -0.019975  
821 18.300000 -0.039904 -0.019867  
822 18.310000 -0.039706 -0.019761  
823 18.320000 -0.039509 -0.019654  
824 18.330000 -0.039313 -0.019549  
825 18.340000 -0.039118 -0.019444  
826 18.350000 -0.038924 -0.019340  
827 18.360000 -0.038731 -0.019236  
828 18.370000 -0.038540 -0.019134  
829 18.380000 -0.038349 -0.019031  
830 18.390000 -0.038159 -0.018930  
831 18.400000 -0.037970 -0.018829  
832 18.410000 -0.037782 -0.018728  
833 18.420000 -0.037596 -0.018629  
834 18.430000 -0.037410 -0.018529  
835 18.440000 -0.037225 -0.018431  
836 18.450000 -0.037041 -0.018333  
837 18.460000 -0.036858 -0.018236  
838 18.470000 -0.036676 -0.018139  
839 18.480000 -0.036496 -0.018043  
840 18.490000 -0.036316 -0.017947  
841 18.500000 -0.036137 -0.017852  
842 18.510000 -0.035959 -0.017758  
843 18.520000 -0.035781 -0.017664  
844 18.530000 -0.035605 -0.017571  
845 18.540000 -0.035430 -0.017478  
846 18.550000 -0.035256 -0.017386  
847 18.560000 -0.035082 -0.017295  
848 18.570000 -0.034910 -0.017204  
849 18.580000 -0.034738 -0.017113  
850 18.590000 -0.034568 -0.017023  
851 18.600000 -0.034398 -0.016934  
852 18.610000 -0.034229 -0.016845  
853 18.620000 -0.034061 -0.016757  
854 18.630000 -0.033894 -0.016669  
855 18.640000 -0.033727 -0.016582  
856 18.650000 -0.033562 -0.016495  
857 18.660000 -0.033398 -0.016409  
858 18.670000 -0.033234 -0.016324  
859 18.680000 -0.033071 -0.016239  
860 18.690000 -0.032909 -0.016154  
861 18.700000 -0.032748 -0.016070  
862 18.710000 -0.032588 -0.015986  
863 18.720000 -0.032428 -0.015903  
864 18.730000 -0.032270 -0.015821  
865 18.740000 -0.032112 -0.015739  
866 18.750000 -0.031955 -0.015657  
867 18.760000 -0.031799 -0.015576  
868 18.770000 -0.031643 -0.015496  
869 18.780000 -0.031489 -0.015415  
870 18.790000 -0.031335 -0.015336  
871 18.800000 -0.031182 -0.015257  
872 18.810000 -0.031030 -0.015178  
873 18.820000 -0.030878 -0.015100  
874 18.830000 -0.030728 -0.015022  
875 18.840000 -0.030578 -0.014945  
876 18.850000 -0.030429 -0.014868  
877 18.860000 -0.030281 -0.014792  
878 18.870000 -0.030133 -0.014716  
879 18.880000 -0.029986 -0.014640  
880 18.890000 -0.029840 -0.014565  
881 18.900000 -0.029695 -0.014491  
882 18.910000 -0.029551 -0.014417  
883 18.920000 -0.029407 -0.014343  
884 18.930000 -0.029264 -0.014270  
885 18.940000 -0.029121 -0.014197  
886 18.950000 -0.028980 -0.014125  
887 18.960000 -0.028839 -0.014053  
888 18.970000 -0.028699 -0.013981  
889 18.980000 -0.028559 -0.013910  
890 18.990000 -0.028420 -0.013839  
891 19.000000 -0.028282 -0.013769  
892 19.010000 -0.028145 -0.013699  
893 19.020000 -0.028008 -0.013630  
894 19.030000 -0.027872 -0.013561  
895 19.040000 -0.027737 -0.013492  
896 19.050000 -0.027603 -0.013424  
897 19.060000 -0.027469 -0.013356  
898 19.070000 -0.027336 -0.013289  
899 19.080000 -0.027203 -0.013222  
900 19.090000 -0.027071 -0.013155  
901 19.100000 -0.026940 -0.013089  
902 19.110000 -0.026809 -0.013023  
903 19.120000 -0.026679 -0.012958  
904 19.130000 -0.026550 -0.012892  
905 19.140000 -0.026422 -0.012828  
906 19.150000 -0.026294 -0.012763  
907 19.160000 -0.026166 -0.012699  
908 19.170000 -0.026040 -0.012636  
909 19.180000 -0.025914 -0.012573  
910 19.190000 -0.025788 -0.012510  
911 19.200000 -0.025663 -0.012447  
912 19.210000 -0.025539 -0.012385  
913 19.220000 -0.025416 -0.012324  
914 19.230000 -0.025293 -0.012262  
915 19.240000 -0.025170 -0.012201  
916 19.250000 -0.025049 -0.012140  
917 19.260000 -0.024928 -0.012080  
918 19.270000 -0.024807 -0.012020  
919 19.280000 -0.024687 -0.011960  
920 19.290000 -0.024568 -0.011901  
921 19.300000 -0.024449 -0.011842  
922 19.310000 -0.024331 -0.011784  
923 19.320000 -0.024214 -0.011725  
924 19.330000 -0.024097 -0.011667  
925 19.340000 -0.023980 -0.011610  
926 19.350000 -0.023864 -0.011552  
927 19.360000 -0.023749 -0.011495  
928 19.370000 -0.023634 -0.011439  
929 19.380000 -0.023520 -0.011383  
930 19.390000 -0.023407 -0.011327  
931 19.400000 -0.023294 -0.011271  
932 19.410000 -0.023181 -0.011216  
933 19.420000 -0.023069 -0.011161  
934 19.430000 -0.022958 -0.011106  
935 19.440000 -0.022847 -0.011051  
936 19.450000 -0.022737 -0.010997  
937 19.460000 -0.022627 -0.010944  
938 19.470000 -0.022518 -0.010890  
939 19.480000 -0.022410 -0.010837  
940 19.490000 -0.022302 -0.010784  
941 19.500000 -0.022194 -0.010731  
942 19.510000 -0.022087 -0.010679  
943 19.520000 -0.021980 -0.010627  
944 19.530000 -0.021874 -0.010575  
945 19.540000 -0.021769 -0.010524  
946 19.550000 -0.021664 -0.010473  
947 19.560000 -0.021559 -0.010422  
948 19.570000 -0.021455 -0.010372  
949 19.580000 -0.021352 -0.010321  
950 19.590000 -0.021249 -0.010271  
951 19.600000 -0.021147 -0.010222  
952 19.610000 -0.021045 -0.010172  
953 19.620000 -0.020943 -0.010123  
954 19.630000 -0.020842 -0.010074  
955 19.640000 -0.020742 -0.010026  
956 19.650000 -0.020642 -0.009978  
957 19.660000 -0.020542 -0.009930  
958 19.670000 -0.020443 -0.009882  
959 19.680000 -0.020344 -0.009834  
960 19.690000 -0.020246 -0.009787  
961 19.700000 -0.020149 -0.009740  
962 19.710000 -0.020051 -0.009693  
963 19.720000 -0.019955 -0.009647  
964 19.730000 -0.019859 -0.009601  
965 19.740000 -0.019763 -0.009555  
966 19.750000 -0.019667 -0.009509  
967 19.760000 -0.019573 -0.009464  
968 19.770000 -0.019478 -0.009419  
969 19.780000 -0.019384 -0.009374  
970 19.790000 -0.019291 -0.009329  
971 19.800000 -0.019198 -0.009285  
972 19.810000 -0.019105 -0.009240  
973 19.820000 -0.019013 -0.009197  
974 19.830000 -0.018921 -0.009153  
975 19.840000 -0.018830 -0.009109  
976 19.850000 -0.018739 -0.009066  
977 19.860000 -0.018648 -0.009023  
978 19.870000 -0.018558 -0.008981  
979 19.880000 -0.018469 -0.008938  
980 19.890000 -0.018380 -0.008896  
981 19.900000 -0.018291 -0.008854  
982 19.910000 -0.018203 -0.008812  
983 19.920000 -0.018115 -0.008770  
984 19.930000 -0.018027 -0.008729  
985 19.940000 -0.017940 -0.008688  
986 19.950000 -0.017853 -0.008647  
987 19.960000 -0.017767 -0.008606  
988 19.970000 -0.017681 -0.008566  
989 19.980000 -0.017596 -0.008526  
990 19.990000 -0.017511 -0.008486  
991 20.000000 -0.017426 -0.008446  
992 20.010000 -0.017342 -0.008407  
993 20.020000 -0.017258 -0.008367  
994 20.030000 -0.017174 -0.008328  
995 20.040000 -0.017091 -0.008289  
996 20.050000 -0.017009 -0.008250  
997 20.060000 -0.016926 -0.008212  
998 20.070000 -0.016844 -0.008174  
999 20.080000 -0.016763 -0.008136  
1000 20.090000 -0.016682 -0.008098  
1001 20.100000 -0.016601 -0.008060  
1002 20.110000 -0.016521 -0.008023  
1003 20.120000 -0.016441 -0.007985  
1004 20.130000 -0.016361 -0.007948  
1005 20.140000 -0.016282 -0.007911  
1006 20.150000 -0.016203 -0.007875  
1007 20.160000 -0.016124 -0.007838  
1008 20.170000 -0.016046 -0.007802  
1009 20.180000 -0.015968 -0.007766  
1010 20.190000 -0.015891 -0.007730  
1011 20.200000 -0.015813 -0.007694  
1012 20.210000 -0.015737 -0.007659  
1013 20.220000 -0.015660 -0.007624  
1014 20.230000 -0.015584 -0.007589  
1015 20.240000 -0.015508 -0.007554  
1016 20.250000 -0.015433 -0.007519  
1017 20.260000 -0.015358 -0.007484  
1018 20.270000 -0.015283 -0.007450  
1019 20.280000 -0.015209 -0.007416  
1020 20.290000 -0.015135 -0.007382  
1021 20.300000 -0.015061 -0.007348  
1022 20.310000 -0.014988 -0.007314  
1023 20.320000 -0.014915 -0.007281  
1024 20.330000 -0.014843 -0.007248  
1025 20.340000 -0.014770 -0.007215  
1026 20.350000 -0.014698 -0.007182  
1027 20.360000 -0.014627 -0.007149  
1028 20.370000 -0.014555 -0.007116  
1029 20.380000 -0.014484 -0.007084  
1030 20.390000 -0.014414 -0.007052  
1031 20.400000 -0.014343 -0.007020  
1032 20.410000 -0.014273 -0.006988  
1033 20.420000 -0.014203 -0.006956  
1034 20.430000 -0.014134 -0.006924  
1035 20.440000 -0.014065 -0.006893  
1036 20.450000 -0.013996 -0.006862  
1037 20.460000 -0.013928 -0.006831  
1038 20.470000 -0.013860 -0.006800  
1039 20.480000 -0.013792 -0.006769  
1040 20.490000 -0.013724 -0.006739  
1041 20.500000 -0.013657 -0.006708  
1042 20.510000 -0.013590 -0.006678  
1043 20.520000 -0.013523 -0.006648  
1044 20.530000 -0.013457 -0.006618  
1045 20.540000 -0.013391 -0.006588  
1046 20.550000 -0.013325 -0.006559  
1047 20.560000 -0.013260 -0.006529  
1048 20.570000 -0.013195 -0.006500  
1049 20.580000 -0.013130 -0.006471  
1050 20.590000 -0.013065 -0.006442  
1051 20.600000 -0.013001 -0.006413  
1052 20.610000 -0.012937 -0.006384  
1053 20.620000 -0.012873 -0.006356  
1054 20.630000 -0.012810 -0.006327  
1055 20.640000 -0.012747 -0.006299  
1056 20.650000 -0.012684 -0.006271  
1057 20.660000 -0.012621 -0.006243  
1058 20.670000 -0.012559 -0.006215  
1059 20.680000 -0.012497 -0.006187  
1060 20.690000 -0.012435 -0.006160  
1061 20.700000 -0.012374 -0.006132  
1062 20.710000 -0.012313 -0.006105  
1063 20.720000 -0.012252 -0.006078  
1064 20.730000 -0.012191 -0.006051  
1065 20.740000 -0.012131 -0.006024  
1066 20.750000 -0.012071 -0.005998  
1067 20.760000 -0.012011 -0.005971  
1068 20.770000 -0.011951 -0.005945  
1069 20.780000 -0.011892 -0.005918  
1070 20.790000 -0.011833 -0.005892  
1071 20.800000 -0.011774 -0.005866  
1072 20.810000 -0.011716 -0.005840  
1073 20.820000 -0.011657 -0.005815  
1074 20.830000 -0.011599 -0.005789  
1075 20.840000 -0.011541 -0.005764  
1076 20.850000 -0.011484 -0.005738  
1077 20.860000 -0.011427 -0.005713  
1078 20.870000 -0.011370 -0.005688  
1079 20.880000 -0.011313 -0.005663  
1080 20.890000 -0.011256 -0.005638  
1081 20.900000 -0.011200 -0.005614  
1082 20.910000 -0.011144 -0.005589  
1083 20.920000 -0.011088 -0.005565  
1084 20.930000 -0.011033 -0.005540  
1085 20.940000 -0.010978 -0.005516  
1086 20.950000 -0.010923 -0.005492  
1087 20.960000 -0.010868 -0.005468  
1088 20.970000 -0.010813 -0.005444  
1089 20.980000 -0.010759 -0.005420  
1090 20.990000 -0.010705 -0.005397  
1091 21.000000 -0.010651 -0.005373  
1092 21.010000 -0.010597 -0.005350  
1093 21.020000 -0.010544 -0.005327  
1094 21.030000 -0.010491 -0.005304  
1095 21.040000 -0.010438 -0.005281  
1096 21.050000 -0.010385 -0.005258  
1097 21.060000 -0.010333 -0.005235  
1098 21.070000 -0.010280 -0.005212  
1099 21.080000 -0.010228 -0.005190  
1100 21.090000 -0.010177 -0.005167  
1101 21.100000 -0.010125 -0.005145  
1102 21.110000 -0.010074 -0.005123  
1103 21.120000 -0.010023 -0.005101  
1104 21.130000 -0.009972 -0.005079  
1105 21.140000 -0.009921 -0.005057  
1106 21.150000 -0.009871 -0.005035  
1107 21.160000 -0.009820 -0.005014  
1108 21.170000 -0.009770 -0.004992  
1109 21.180000 -0.009721 -0.004971  
1110 21.190000 -0.009671 -0.004949  
1111 21.200000 -0.009622 -0.004928  
1112 21.210000 -0.009572 -0.004907  
1113 21.220000 -0.009523 -0.004886  
1114 21.230000 -0.009475 -0.004865  
1115 21.240000 -0.009426 -0.004844  
1116 21.250000 -0.009378 -0.004824  
1117 21.260000 -0.009330 -0.004803  
1118 21.270000 -0.009282 -0.004782  
1119 21.280000 -0.009234 -0.004762  
1120 21.290000 -0.009186 -0.004742  
1121 21.300000 -0.009139 -0.004722  
1122 21.310000 -0.009092 -0.004702  
1123 21.320000 -0.009045 -0.004682  
1124 21.330000 -0.008998 -0.004662  
1125 21.340000 -0.008952 -0.004642  
1126 21.350000 -0.008906 -0.004622  
1127 21.360000 -0.008859 -0.004603  
1128 21.370000 -0.008813 -0.004583  
1129 21.380000 -0.008768 -0.004564  
1130 21.390000 -0.008722 -0.004544  
1131 21.400000 -0.008677 -0.004525  
1132 21.410000 -0.008632 -0.004506  
1133 21.420000 -0.008587 -0.004487  
1134 21.430000 -0.008542 -0.004468  
1135 21.440000 -0.008497 -0.004449  
1136 21.450000 -0.008453 -0.004431  
1137 21.460000 -0.008409 -0.004412  
1138 21.470000 -0.008365 -0.004393  
1139 21.480000 -0.008321 -0.004375  
1140 21.490000 -0.008277 -0.004357  
1141 21.500000 -0.008234 -0.004338  
1142 21.510000 -0.008190 -0.004320  
1143 21.520000 -0.008147 -0.004302  
1144 21.530000 -0.008104 -0.004284  
1145 21.540000 -0.008062 -0.004266  
1146 21.550000 -0.008019 -0.004248  
1147 21.560000 -0.007977 -0.004230  
1148 21.570000 -0.007935 -0.004213  
1149 21.580000 -0.007892 -0.004195  
1150 21.590000 -0.007851 -0.004178  
1151 21.600000 -0.007809 -0.004160  
1152 21.610000 -0.007767 -0.004143  
1153 21.620000 -0.007726 -0.004126  
1154 21.630000 -0.007685 -0.004108  
1155 21.640000 -0.007644 -0.004091  
1156 21.650000 -0.007603 -0.004074  
1157 21.660000 -0.007562 -0.004058  
1158 21.670000 -0.007522 -0.004041  
1159 21.680000 -0.007482 -0.004024  
1160 21.690000 -0.007441 -0.004007  
1161 21.700000 -0.007401 -0.003991  
1162 21.710000 -0.007362 -0.003974  
1163 21.720000 -0.007322 -0.003958  
1164 21.730000 -0.007282 -0.003941  
1165 21.740000 -0.007243 -0.003925  
1166 21.750000 -0.007204 -0.003909  
1167 21.760000 -0.007165 -0.003893  
1168 21.770000 -0.007126 -0.003877  
1169 21.780000 -0.007087 -0.003861  
1170 21.790000 -0.007049 -0.003845  
1171 21.800000 -0.007011 -0.003829  
1172 21.810000 -0.006972 -0.003813  
1173 21.820000 -0.006934 -0.003798  
1174 21.830000 -0.006896 -0.003782  
1175 21.840000 -0.006859 -0.003767  
1176 21.850000 -0.006821 -0.003751  
1177 21.860000 -0.006784 -0.003736  
1178 21.870000 -0.006746 -0.003721  
1179 21.880000 -0.006709 -0.003705  
1180 21.890000 -0.006672 -0.003690  
1181 21.900000 -0.006635 -0.003675  
1182 21.910000 -0.006599 -0.003660  
1183 21.920000 -0.006562 -0.003645  
1184 21.930000 -0.006526 -0.003630  
1185 21.940000 -0.006490 -0.003616  
1186 21.950000 -0.006453 -0.003601  
1187 21.960000 -0.006418 -0.003586  
1188 21.970000 -0.006382 -0.003572  
1189 21.980000 -0.006346 -0.003557  
1190 21.990000 -0.006311 -0.003543  
1191 22.000000 -0.006275 -0.003528  
1192 22.010000 -0.006240 -0.003514  
1193 22.020000 -0.006205 -0.003500  
1194 22.030000 -0.006170 -0.003486  
1195 22.040000 -0.006135 -0.003472  
1196 22.050000 -0.006101 -0.003458  
1197 22.060000 -0.006066 -0.003444  
1198 22.070000 -0.006032 -0.003430  
1199 22.080000 -0.005998 -0.003416  
1200 22.090000 -0.005963 -0.003402  
1201 22.100000 -0.005929 -0.003388  
1202 22.110000 -0.005896 -0.003375  
1203 22.120000 -0.005862 -0.003361  
1204 22.130000 -0.005828 -0.003348  
1205 22.140000 -0.005795 -0.003334  
1206 22.150000 -0.005762 -0.003321  
1207 22.160000 -0.005729 -0.003307  
1208 22.170000 -0.005696 -0.003294  
1209 22.180000 -0.005663 -0.003281  
1210 22.190000 -0.005630 -0.003268  
1211 22.200000 -0.005597 -0.003255  
1212 22.210000 -0.005565 -0.003242  
1213 22.220000 -0.005533 -0.003229  
1214 22.230000 -0.005500 -0.003216  
1215 22.240000 -0.005468 -0.003203  
1216 22.250000 -0.005436 -0.003190  
1217 22.260000 -0.005404 -0.003178  
1218 22.270000 -0.005373 -0.003165  
1219 22.280000 -0.005341 -0.003152  
1220 22.290000 -0.005310 -0.003140  
1221 22.300000 -0.005278 -0.003127  
1222 22.310000 -0.005247 -0.003115  
1223 22.320000 -0.005216 -0.003103  
1224 22.330000 -0.005185 -0.003090  
1225 22.340000 -0.005154 -0.003078  
1226 22.350000 -0.005123 -0.003066  
1227 22.360000 -0.005093 -0.003054  
1228 22.370000 -0.005062 -0.003042  
1229 22.380000 -0.005032 -0.003030  
1230 22.390000 -0.005002 -0.003018  
1231 22.400000 -0.004972 -0.003006  
1232 22.410000 -0.004942 -0.002994  
1233 22.420000 -0.004912 -0.002982  
1234 22.430000 -0.004882 -0.002970  
1235 22.440000 -0.004852 -0.002959  
1236 22.450000 -0.004823 -0.002947  
1237 22.460000 -0.004793 -0.002935  
1238 22.470000 -0.004764 -0.002924  
1239 22.480000 -0.004735 -0.002912  
1240 22.490000 -0.004706 -0.002901  
1241 22.500000 -0.004677 -0.002889  
1242 22.510000 -0.004648 -0.002878  
1243 22.520000 -0.004619 -0.002867  
1244 22.530000 -0.004591 -0.002856  
1245 22.540000 -0.004562 -0.002844  
1246 22.550000 -0.004534 -0.002833  
1247 22.560000 -0.004506 -0.002822  
1248 22.570000 -0.004477 -0.002811  
1249 22.580000 -0.004449 -0.002800  
1250 22.590000 -0.004421 -0.002789  
1251 22.600000 -0.004394 -0.002778  
1252 22.610000 -0.004366 -0.002768  
1253 22.620000 -0.004338 -0.002757  
1254 22.630000 -0.004311 -0.002746  
1255 22.640000 -0.004283 -0.002735  
1256 22.650000 -0.004256 -0.002725  
1257 22.660000 -0.004229 -0.002714  
1258 22.670000 -0.004202 -0.002704  
1259 22.680000 -0.004175 -0.002693  
1260 22.690000 -0.004148 -0.002683  
1261 22.700000 -0.004121 -0.002672  
1262 22.710000 -0.004094 -0.002662  
1263 22.720000 -0.004068 -0.002652  
1264 22.730000 -0.004041 -0.002642  
1265 22.740000 -0.004015 -0.002631  
1266 22.750000 -0.003989 -0.002621  
1267 22.760000 -0.003963 -0.002611  
1268 22.770000 -0.003937 -0.002601  
1269 22.780000 -0.003911 -0.002591  
1270 22.790000 -0.003885 -0.002581  
1271 22.800000 -0.003859 -0.002571  
1272 22.810000 -0.003833 -0.002561  
1273 22.820000 -0.003808 -0.002551  
1274 22.830000 -0.003782 -0.002542  
1275 22.840000 -0.003757 -0.002532  
1276 22.850000 -0.003732 -0.002522  
1277 22.860000 -0.003706 -0.002512  
1278 22.870000 -0.003681 -0.002503  
1279 22.880000 -0.003656 -0.002493  
1280 22.890000 -0.003632 -0.002484  
1281 22.900000 -0.003607 -0.002474  
1282 22.910000 -0.003582 -0.002465  
1283 22.920000 -0.003557 -0.002455  
1284 22.930000 -0.003533 -0.002446  
1285 22.940000 -0.003509 -0.002437  
1286 22.950000 -0.003484 -0.002427  
1287 22.960000 -0.003460 -0.002418  
1288 22.970000 -0.003436 -0.002409  
1289 22.980000 -0.003412 -0.002400  
1290 22.990000 -0.003388 -0.002391  
1291 23.000000 -0.003364 -0.002381  
1292 23.010000 -0.003340 -0.002372  
1293 23.020000 -0.003317 -0.002363  
1294 23.030000 -0.003293 -0.002354  
1295 23.040000 -0.003269 -0.002346  
1296 23.050000 -0.003246 -0.002337  
1297 23.060000 -0.003223 -0.002328  
1298 23.070000 -0.003200 -0.002319  
1299 23.080000 -0.003176 -0.002310  
1300 23.090000 -0.003153 -0.002302  
1301 23.100000 -0.003130 -0.002293  
1302 23.110000 -0.003107 -0.002284  
1303 23.120000 -0.003085 -0.002276  
1304 23.130000 -0.003062 -0.002267  
1305 23.140000 -0.003039 -0.002258  
1306 23.150000 -0.003017 -0.002250  
1307 23.160000 -0.002994 -0.002241  
1308 23.170000 -0.002972 -0.002233  
1309 23.180000 -0.002950 -0.002225  
1310 23.190000 -0.002927 -0.002216  
1311 23.200000 -0.002905 -0.002208  
1312 23.210000 -0.002883 -0.002200  
1313 23.220000 -0.002861 -0.002191  
1314 23.230000 -0.002839 -0.002183  
1315 23.240000 -0.002818 -0.002175  
1316 23.250000 -0.002796 -0.002167  
1317 23.260000 -0.002774 -0.002159  
1318 23.270000 -0.002753 -0.002151  
1319 23.280000 -0.002731 -0.002143  
1320 23.290000 -0.002710 -0.002135  
1321 23.300000 -0.002689 -0.002127  
1322 23.310000 -0.002667 -0.002119  
1323 23.320000 -0.002646 -0.002111  
1324 23.330000 -0.002625 -0.002103  
1325 23.340000 -0.002604 -0.002095  
1326 23.350000 -0.002583 -0.002087  
1327 23.360000 -0.002562 -0.002080  
1328 23.370000 -0.002542 -0.002072  
1329 23.380000 -0.002521 -0.002064  
1330 23.390000 -0.002500 -0.002057  
1331 23.400000 -0.002480 -0.002049  
1332 23.410000 -0.002459 -0.002041  
1333 23.420000 -0.002439 -0.002034  
1334 23.430000 -0.002419 -0.002026  
1335 23.440000 -0.002398 -0.002019  
1336 23.450000 -0.002378 -0.002011  
1337 23.460000 -0.002358 -0.002004  
1338 23.470000 -0.002338 -0.001997  
1339 23.480000 -0.002318 -0.001989  
1340 23.490000 -0.002298 -0.001982  
1341 23.500000 -0.002279 -0.001975  
1342 23.510000 -0.002259 -0.001967  
1343 23.520000 -0.002239 -0.001960  
1344 23.530000 -0.002220 -0.001953  
1345 23.540000 -0.002200 -0.001946  
1346 23.550000 -0.002181 -0.001939  
1347 23.560000 -0.002162 -0.001931  
1348 23.570000 -0.002142 -0.001924  
1349 23.580000 -0.002123 -0.001917  
1350 23.590000 -0.002104 -0.001910  
1351 23.600000 -0.002085 -0.001903  
1352 23.610000 -0.002066 -0.001896  
1353 23.620000 -0.002047 -0.001889  
1354 23.630000 -0.002028 -0.001882  
1355 23.640000 -0.002009 -0.001876  
1356 23.650000 -0.001991 -0.001869  
1357 23.660000 -0.001972 -0.001862  
1358 23.670000 -0.001953 -0.001855  
1359 23.680000 -0.001935 -0.001848  
1360 23.690000 -0.001916 -0.001842  
1361 23.700000 -0.001898 -0.001835  
1362 23.710000 -0.001880 -0.001828  
1363 23.720000 -0.001861 -0.001822  
1364 23.730000 -0.001843 -0.001815  
1365 23.740000 -0.001825 -0.001808  
1366 23.750000 -0.001807 -0.001802  
1367 23.760000 -0.001789 -0.001795  
1368 23.770000 -0.001771 -0.001789  
1369 23.780000 -0.001753 -0.001782  
1370 23.790000 -0.001735 -0.001776  
1371 23.800000 -0.001718 -0.001769  
1372 23.810000 -0.001700 -0.001763  
1373 23.820000 -0.001682 -0.001757  
1374 23.830000 -0.001665 -0.001750  
1375 23.840000 -0.001647 -0.001744  
1376 23.850000 -0.001630 -0.001738  
1377 23.860000 -0.001613 -0.001731  
1378 23.870000 -0.001595 -0.001725  
1379 23.880000 -0.001578 -0.001719  
1380 23.890000 -0.001561 -0.001713  
1381 23.900000 -0.001544 -0.001707  
1382 23.910000 -0.001527 -0.001701  
1383 23.920000 -0.001510 -0.001694  
1384 23.930000 -0.001493 -0.001688  
1385 23.940000 -0.001476 -0.001682  
1386 23.950000 -0.001459 -0.001676  
1387 23.960000 -0.001443 -0.001670  
1388 23.970000 -0.001426 -0.001664  
1389 23.980000 -0.001409 -0.001658  
1390 23.990000 -0.001393 -0.001652  
1391 24.000000 -0.001376 -0.001646  
1392 24.010000 -0.001360 -0.001641  
1393 24.020000 -0.001344 -0.001635  
1394 24.030000 -0.001327 -0.001629  
1395 24.040000 -0.001311 -0.001623  
1396 24.050000 -0.001295 -0.001617  
1397 24.060000 -0.001279 -0.001612  
1398 24.070000 -0.001262 -0.001606  
1399 24.080000 -0.001246 -0.001600  
1400 24.090000 -0.001230 -0.001594  
1401 24.100000 -0.001215 -0.001589  
1402 24.110000 -0.001199 -0.001583  
1403 24.120000 -0.001183 -0.001577  
1404 24.130000 -0.001167 -0.001572  
1405 24.140000 -0.001151 -0.001566  
1406 24.150000 -0.001136 -0.001561  
1407 24.160000 -0.001120 -0.001555  
1408 24.170000 -0.001105 -0.001550  
1409 24.180000 -0.001089 -0.001544  
1410 24.190000 -0.001074 -0.001539  
1411 24.200000 -0.001058 -0.001533  
1412 24.210000 -0.001043 -0.001528  
1413 24.220000 -0.001028 -0.001523  
1414 24.230000 -0.001013 -0.001517  
1415 24.240000 -0.000998 -0.001512  
1416 24.250000 -0.000982 -0.001506  
1417 24.260000 -0.000967 -0.001501  
1418 24.270000 -0.000952 -0.001496  
1419 24.280000 -0.000938 -0.001491  
1420 24.290000 -0.000923 -0.001485  
1421 24.300000 -0.000908 -0.001480  
1422 24.310000 -0.000893 -0.001475  
1423 24.320000 -0.000878 -0.001470  
1424 24.330000 -0.000864 -0.001465  
1425 24.340000 -0.000849 -0.001460  
1426 24.350000 -0.000834 -0.001454  
1427 24.360000 -0.000820 -0.001449  
1428 24.370000 -0.000805 -0.001444  
1429 24.380000 -0.000791 -0.001439  
1430 24.390000 -0.000777 -0.001434  
1431 24.400000 -0.000762 -0.001429  
1432 24.410000 -0.000748 -0.001424  
1433 24.420000 -0.000734 -0.001419  
1434 24.430000 -0.000720 -0.001414  
1435 24.440000 -0.000706 -0.001409  
1436 24.450000 -0.000692 -0.001404  
1437 24.460000 -0.000678 -0.001400  
1438 24.470000 -0.000664 -0.001395  
1439 24.480000 -0.000650 -0.001390  
1440 24.490000 -0.000636 -0.001385  
1441 24.500000 -0.000622 -0.001380  
1442 24.510000 -0.000608 -0.001375  
1443 24.520000 -0.000594 -0.001371  
1444 24.530000 -0.000581 -0.001366  
1445 24.540000 -0.000567 -0.001361  
1446 24.550000 -0.000554 -0.001356  
1447 24.560000 -0.000540 -0.001352  
1448 24.570000 -0.000526 -0.001347  
1449 24.580000 -0.000513 -0.001342  
1450 24.590000 -0.000500 -0.001338  
1451 24.600000 -0.000486 -0.001333  
1452 24.610000 -0.000473 -0.001329  
1453 24.620000 -0.000460 -0.001324  
1454 24.630000 -0.000447 -0.001319  
1455 24.640000 -0.000433 -0.001315  
1456 24.650000 -0.000420 -0.001310  
1457 24.660000 -0.000407 -0.001306  
1458 24.670000 -0.000394 -0.001301  
1459 24.680000 -0.000381 -0.001297  
1460 24.690000 -0.000368 -0.001292  
1461 24.700000 -0.000355 -0.001288  
1462 24.710000 -0.000342 -0.001284  
1463 24.720000 -0.000330 -0.001279  
1464 24.730000 -0.000317 -0.001275  
1465 24.740000 -0.000304 -0.001270  
1466 24.750000 -0.000291 -0.001266  
1467 24.760000 -0.000279 -0.001262  
1468 24.770000 -0.000266 -0.001257  
1469 24.780000 -0.000254 -0.001253  
1470 24.790000 -0.000241 -0.001249  
1471 24.800000 -0.000229 -0.001245  
1472 24.810000 -0.000216 -0.001240  
1473 24.820000 -0.000204 -0.001236  
1474 24.830000 -0.000192 -0.001232  
1475 24.840000 -0.000179 -0.001228  
1476 24.850000 -0.000167 -0.001223  
1477 24.860000 -0.000155 -0.001219  
1478 24.870000 -0.000143 -0.001215  
1479 24.880000 -0.000130 -0.001211  
1480 24.890000 -0.000118 -0.001207  
1481 24.900000 -0.000106 -0.001203  
1482 24.910000 -0.000094 -0.001199  
1483 24.920000 -0.000082 -0.001195  
1484 24.930000 -0.000070 -0.001191  
1485 24.940000 -0.000059 -0.001187  
1486 24.950000 -0.000047 -0.001183  
1487 24.960000 -0.000035 -0.001179  
1488 24.970000 -0.000023 -0.001175  
1489 24.980000 -0.000011 -0.001171  
1490 24.990000 0.000000 -0.001167  
