1 10.100000 781089314.346313 46959790236.201988  
2 10.110000 440371204.720139 24073616175.306145  
3 10.120000 260951935.734137 13079307681.978226  
4 10.130000 161235009.419059 7461268234.417103  
5 10.140000 103233591.504429 4436921238.896038  
6 10.150000 68156872.554658 2734639823.219660  
7 10.160000 46217162.551085 1738837886.241135  
8 10.170000 32084366.039153 1136358892.720696  
9 10.180000 22741204.632193 760866225.140824  
10 10.190000 16420483.031722 520591792.843262  
11 10.200000 12055465.090298 363176684.602571  
12 10.210000 8984663.134390 257837994.406517  
13 10.220000 6787848.803992 185984101.748580  
14 10.230000 5192168.798546 136110248.098006  
15 10.240000 4016915.357065 100938413.812919  
16 10.250000 3140226.465093 75770981.965908  
17 10.260000 2478553.197642 57519564.138064  
18 10.270000 1973737.172674 44119123.451513  
19 10.280000 1584723.119363 34167191.551320  
20 10.290000 1282151.119237 26697450.367679  
21 10.300000 1044770.935698 21035128.719370  
22 10.310000 857028.931932 16703139.771442  
23 10.320000 707421.542493 13360228.594507  
24 10.330000 587357.240036 10759636.307495  
25 10.340000 490360.444359 8721110.159729  
26 10.350000 411508.324593 7111716.034572  
27 10.360000 347028.129474 5832532.431436  
28 10.370000 294006.415037 4809322.397489  
29 10.380000 250177.099560 3985926.958525  
30 10.390000 213765.604885 3319540.672654  
31 10.400000 183373.280763 2777302.158230  
32 10.410000 157891.020274 2333812.254510  
33 10.420000 136434.207515 1969312.576978  
34 10.430000 118293.379629 1668338.310150  
35 10.440000 102896.552979 1418714.372173  
36 10.450000 89780.269948 1210802.152981  
37 10.460000 78567.210652 1036930.476169  
38 10.470000 68948.779288 890962.970514  
39 10.480000 60671.483727 767967.134979  
40 10.490000 53526.224896 663959.709792  
41 10.500000 47339.831060 575709.660454  
42 10.510000 41968.333558 500584.920206  
43 10.520000 37291.600579 436432.557889  
44 10.530000 33209.035306 381484.618080  
45 10.540000 29636.112344 334283.782377  
46 10.550000 26501.577398 293624.411601  
47 10.560000 23745.174118 258505.581349  
48 10.570000 21315.791707 228093.513089  
49 10.580000 19169.949798 201691.398870  
50 10.590000 17270.554726 178715.069449  
51 10.600000 15585.875053 158673.300020  
52 10.610000 14088.694859 141151.811382  
53 10.620000 12755.611700 125800.227272  
54 10.630000 11566.452694 112321.405382  
55 10.640000 10503.787391 100462.681282  
56 10.650000 9552.520194 90008.659347  
57 10.660000 8699.548386 80775.259028  
58 10.670000 7933.474399 72604.783168  
59 10.680000 7244.363099 65361.821064  
60 10.690000 6623.536497 58929.835428  
61 10.700000 6063.399696 53208.311315  
62 10.710000 5557.292955 48110.368214  
63 10.720000 5099.365667 43560.754895  
64 10.730000 4684.468735 39494.161483  
65 10.740000 4308.062490 35853.795115  
66 10.750000 3966.137708 32590.175189  
67 10.760000 3655.147731 29660.112021  
68 10.770000 3371.950019 27025.839051  
69 10.780000 3113.755707 24654.273917  
70 10.790000 2878.086000 22516.387934  
71 10.800000 2662.734403 20586.666967  
72 10.810000 2465.733943 18842.649516  
73 10.820000 2285.328676 17264.530199  
74 10.830000 2119.948870 15834.818716  
75 10.840000 1968.189368 14538.045987  
76 10.850000 1828.790665 13360.510483  
77 10.860000 1700.622363 12290.058858  
78 10.870000 1582.668658 11315.895933  
79 10.880000 1474.015604 10428.419809  
80 10.890000 1373.839915 9619.078559  
81 10.900000 1281.399096 8880.245479  
82 10.910000 1196.022759 8205.110313  
83 10.920000 1117.104931 7587.584271  
84 10.930000 1044.097273 7022.216964  
85 10.940000 976.503067 6504.123647  
86 10.950000 913.871880 6028.921414  
87 10.960000 855.794836 5592.673148  
88 10.970000 801.900411 5191.838227  
89 10.980000 751.850687 4823.229117  
90 10.990000 705.338017 4483.973078  
91 11.000000 662.082049 4171.478366  
92 11.010000 621.827072 3883.404342  
93 11.020000 584.339636 3617.635013  
94 11.030000 549.406425 3372.255587  
95 11.040000 516.832357 3145.531659  
96 11.050000 486.438865 2935.890734  
97 11.060000 458.062370 2741.905783  
98 11.070000 431.552896 2562.280605  
99 11.080000 406.772832 2395.836780  
100 11.090000 383.595808 2241.502026  
101 11.100000 361.905693 2098.299797  
102 11.110000 341.595679 1965.339987  
103 11.120000 322.567466 1841.810602  
104 11.130000 304.730511 1726.970304  
105 11.140000 288.001360 1620.141718  
106 11.150000 272.303041 1520.705430  
107 11.160000 257.564506 1428.094588  
108 11.170000 243.720133 1341.790051  
109 11.180000 230.709274 1261.316016  
110 11.190000 218.475837 1186.236082  
111 11.200000 206.967911 1116.149699  
112 11.210000 196.137427 1050.688963  
113 11.220000 185.939843 989.515719  
114 11.230000 176.333860 932.318944  
115 11.240000 167.281166 878.812380  
116 11.250000 158.746193 828.732382  
117 11.260000 150.695908 781.835978  
118 11.270000 143.099611 737.899105  
119 11.280000 135.928752 696.715004  
120 11.290000 129.156773 658.092769  
121 11.300000 122.758947 621.856023  
122 11.310000 116.712245 587.841711  
123 11.320000 110.995208 555.899010  
124 11.330000 105.587826 525.888329  
125 11.340000 100.471434 497.680393  
126 11.350000 95.628609 471.155422  
127 11.360000 91.043086 446.202366  
128 11.370000 86.699667 422.718212  
129 11.380000 82.584145 400.607356  
130 11.390000 78.683238 379.781018  
131 11.400000 74.984519 360.156713  
132 11.410000 71.476354 341.657767  
133 11.420000 68.147850 324.212870  
134 11.430000 64.988804 307.755668  
135 11.440000 61.989651 292.224387  
136 11.450000 59.141422 277.561490  
137 11.460000 56.435706 263.713361  
138 11.470000 53.864606 250.630013  
139 11.480000 51.420712 238.264823  
140 11.490000 49.097061 226.574282  
141 11.500000 46.887113 215.517772  
142 11.510000 44.784719 205.057354  
143 11.520000 42.784098 195.157580  
144 11.530000 40.879810 185.785309  
145 11.540000 39.066737 176.909550  
146 11.550000 37.340060 168.501305  
147 11.560000 35.695243 160.533432  
148 11.570000 34.128009 152.980517  
149 11.580000 32.634329 145.818751  
150 11.590000 31.210404 139.025822  
151 11.600000 29.852653 132.580812  
152 11.610000 28.557694 126.464102  
153 11.620000 27.322338 120.657287  
154 11.630000 26.143573 115.143087  
155 11.640000 25.018555 109.905281  
156 11.650000 23.944597 104.928632  
157 11.660000 22.919160 100.198820  
158 11.670000 21.939843 95.702387  
159 11.680000 21.004376 91.426677  
160 11.690000 20.110613 87.359786  
161 11.700000 19.256522 83.490509  
162 11.710000 18.440179 79.808304  
163 11.720000 17.659765 76.303241  
164 11.730000 16.913555 72.965966  
165 11.740000 16.199916 69.787668  
166 11.750000 15.517300 66.760039  
167 11.760000 14.864239 63.875247  
168 11.770000 14.239343 61.125905  
169 11.780000 13.641293 58.505044  
170 11.790000 13.068836 56.006086  
171 11.800000 12.520786 53.622822  
172 11.810000 11.996014 51.349388  
173 11.820000 11.493450 49.180244  
174 11.830000 11.012079 47.110156  
175 11.840000 10.550934 45.134177  
176 11.850000 10.109097 43.247630  
177 11.860000 9.685698 41.446090  
178 11.870000 9.279906 39.725374  
179 11.880000 8.890934 38.081521  
180 11.890000 8.518032 36.510783  
181 11.900000 8.160486 35.009612  
182 11.910000 7.817619 33.574645  
183 11.920000 7.488783 32.202700  
184 11.930000 7.173365 30.890760  
185 11.940000 6.870778 29.635965  
186 11.950000 6.580464 28.435605  
187 11.960000 6.301893 27.287108  
188 11.970000 6.034557 26.188037  
189 11.980000 5.777975 25.136077  
190 11.990000 5.531686 24.129034  
191 12.000000 5.295252 23.164823  
192 12.010000 5.068253 22.241466  
193 12.020000 4.850292 21.357082  
194 12.030000 4.640988 20.509888  
195 12.040000 4.439976 19.698186  
196 12.050000 4.246911 18.920365  
197 12.060000 4.061461 18.174892  
198 12.070000 3.883310 17.460311  
199 12.080000 3.712157 16.775234  
200 12.090000 3.547712 16.118346  
201 12.100000 3.389700 15.488390  
202 12.110000 3.237858 14.884175  
203 12.120000 3.091934 14.304563  
204 12.130000 2.951688 13.748473  
205 12.140000 2.816890 13.214875  
206 12.150000 2.687319 12.702788  
207 12.160000 2.562766 12.211278  
208 12.170000 2.443028 11.739454  
209 12.180000 2.327914 11.286467  
210 12.190000 2.217239 10.851508  
211 12.200000 2.110826 10.433806  
212 12.210000 2.008507 10.032626  
213 12.220000 1.910121 9.647264  
214 12.230000 1.815512 9.277053  
215 12.240000 1.724531 8.921354  
216 12.250000 1.637038 8.579556  
217 12.260000 1.552896 8.251078  
218 12.270000 1.471974 7.935365  
219 12.280000 1.394148 7.631887  
220 12.290000 1.319297 7.340135  
221 12.300000 1.247308 7.059627  
222 12.310000 1.178069 6.789901  
223 12.320000 1.111475 6.530514  
224 12.330000 1.047425 6.281044  
225 12.340000 0.985823 6.041088  
226 12.350000 0.926573 5.810259  
227 12.360000 0.869588 5.588189  
228 12.370000 0.814782 5.374525  
229 12.380000 0.762071 5.168929  
230 12.390000 0.711377 4.971077  
231 12.400000 0.662624 4.780662  
232 12.410000 0.615740 4.597388  
233 12.420000 0.570654 4.420970  
234 12.430000 0.527299 4.251138  
235 12.440000 0.485610 4.087633  
236 12.450000 0.445526 3.930207  
237 12.460000 0.406986 3.778620  
238 12.470000 0.369935 3.632645  
239 12.480000 0.334316 3.492064  
240 12.490000 0.300076 3.356668  
241 12.500000 0.267166 3.226255  
242 12.510000 0.235535 3.100633  
243 12.520000 0.205138 2.979619  
244 12.530000 0.175928 2.863035  
245 12.540000 0.147863 2.750713  
246 12.550000 0.120900 2.642488  
247 12.560000 0.095000 2.538207  
248 12.570000 0.070123 2.437718  
249 12.580000 0.046233 2.340879  
250 12.590000 0.023294 2.247552  
251 12.600000 0.001271 2.157605  
252 12.610000 -0.019869 2.070911  
253 12.620000 -0.040158 1.987349  
254 12.630000 -0.059626 1.906800  
255 12.640000 -0.078303 1.829154  
256 12.650000 -0.096218 1.754303  
257 12.660000 -0.113398 1.682142  
258 12.670000 -0.129870 1.612573  
259 12.680000 -0.145658 1.545500  
260 12.690000 -0.160788 1.480831  
261 12.700000 -0.175283 1.418478  
262 12.710000 -0.189165 1.358357  
263 12.720000 -0.202457 1.300385  
264 12.730000 -0.215180 1.244485  
265 12.740000 -0.227353 1.190582  
266 12.750000 -0.238998 1.138602  
267 12.760000 -0.250131 1.088477  
268 12.770000 -0.260773 1.040139  
269 12.780000 -0.270940 0.993524  
270 12.790000 -0.280649 0.948570  
271 12.800000 -0.289917 0.905218  
272 12.810000 -0.298759 0.863410  
273 12.820000 -0.307190 0.823092  
274 12.830000 -0.315225 0.784209  
275 12.840000 -0.322879 0.746711  
276 12.850000 -0.330164 0.710549  
277 12.860000 -0.337094 0.675676  
278 12.870000 -0.343682 0.642045  
279 12.880000 -0.349939 0.609614  
280 12.890000 -0.355878 0.578339  
281 12.900000 -0.361509 0.548181  
282 12.910000 -0.366845 0.519099  
283 12.920000 -0.371895 0.491057  
284 12.930000 -0.376669 0.464017  
285 12.940000 -0.381178 0.437945  
286 12.950000 -0.385431 0.412808  
287 12.960000 -0.389438 0.388572  
288 12.970000 -0.393206 0.365206  
289 12.980000 -0.396744 0.342680  
290 12.990000 -0.400062 0.320965  
291 13.000000 -0.403166 0.300033  
292 13.010000 -0.406065 0.279857  
293 13.020000 -0.408766 0.260411  
294 13.030000 -0.411276 0.241669  
295 13.040000 -0.413602 0.223608  
296 13.050000 -0.415750 0.206203  
297 13.060000 -0.417728 0.189433  
298 13.070000 -0.419541 0.173276  
299 13.080000 -0.421195 0.157710  
300 13.090000 -0.422697 0.142716  
301 13.100000 -0.424051 0.128274  
302 13.110000 -0.425264 0.114365  
303 13.120000 -0.426340 0.100971  
304 13.130000 -0.427285 0.088075  
305 13.140000 -0.428104 0.075659  
306 13.150000 -0.428800 0.063707  
307 13.160000 -0.429379 0.052203  
308 13.170000 -0.429846 0.041133  
309 13.180000 -0.430203 0.030481  
310 13.190000 -0.430456 0.020234  
311 13.200000 -0.430609 0.010377  
312 13.210000 -0.430665 0.000898  
313 13.220000 -0.430628 -0.008217  
314 13.230000 -0.430502 -0.016979  
315 13.240000 -0.430290 -0.025401  
316 13.250000 -0.429995 -0.033494  
317 13.260000 -0.429621 -0.041269  
318 13.270000 -0.429171 -0.048737  
319 13.280000 -0.428647 -0.055908  
320 13.290000 -0.428054 -0.062792  
321 13.300000 -0.427392 -0.069400  
322 13.310000 -0.426667 -0.075739  
323 13.320000 -0.425879 -0.081820  
324 13.330000 -0.425031 -0.087651  
325 13.340000 -0.424126 -0.093240  
326 13.350000 -0.423167 -0.098596  
327 13.360000 -0.422155 -0.103726  
328 13.370000 -0.421093 -0.108639  
329 13.380000 -0.419983 -0.113340  
330 13.390000 -0.418827 -0.117838  
331 13.400000 -0.417627 -0.122140  
332 13.410000 -0.416385 -0.126251  
333 13.420000 -0.415103 -0.130179  
334 13.430000 -0.413782 -0.133929  
335 13.440000 -0.412425 -0.137508  
336 13.450000 -0.411032 -0.140922  
337 13.460000 -0.409607 -0.144175  
338 13.470000 -0.408149 -0.147274  
339 13.480000 -0.406662 -0.150223  
340 13.490000 -0.405145 -0.153028  
341 13.500000 -0.403602 -0.155694  
342 13.510000 -0.402032 -0.158225  
343 13.520000 -0.400438 -0.160626  
344 13.530000 -0.398820 -0.162902  
345 13.540000 -0.397180 -0.165056  
346 13.550000 -0.395519 -0.167093  
347 13.560000 -0.393838 -0.169017  
348 13.570000 -0.392139 -0.170831  
349 13.580000 -0.390422 -0.172541  
350 13.590000 -0.388689 -0.174148  
351 13.600000 -0.386939 -0.175656  
352 13.610000 -0.385176 -0.177070  
353 13.620000 -0.383398 -0.178392  
354 13.630000 -0.381608 -0.179626  
355 13.640000 -0.379806 -0.180774  
356 13.650000 -0.377993 -0.181840  
357 13.660000 -0.376170 -0.182826  
358 13.670000 -0.374337 -0.183735  
359 13.680000 -0.372495 -0.184571  
360 13.690000 -0.370646 -0.185335  
361 13.700000 -0.368789 -0.186029  
362 13.710000 -0.366925 -0.186658  
363 13.720000 -0.365056 -0.187222  
364 13.730000 -0.363181 -0.187725  
365 13.740000 -0.361301 -0.188167  
366 13.750000 -0.359418 -0.188553  
367 13.760000 -0.357531 -0.188882  
368 13.770000 -0.355640 -0.189159  
369 13.780000 -0.353748 -0.189384  
370 13.790000 -0.351853 -0.189559  
371 13.800000 -0.349957 -0.189687  
372 13.810000 -0.348059 -0.189769  
373 13.820000 -0.346161 -0.189806  
374 13.830000 -0.344263 -0.189801  
375 13.840000 -0.342365 -0.189755  
376 13.850000 -0.340468 -0.189669  
377 13.860000 -0.338572 -0.189545  
378 13.870000 -0.336678 -0.189385  
379 13.880000 -0.334785 -0.189189  
380 13.890000 -0.332894 -0.188960  
381 13.900000 -0.331006 -0.188698  
382 13.910000 -0.329120 -0.188405  
383 13.920000 -0.327238 -0.188082  
384 13.930000 -0.325358 -0.187730  
385 13.940000 -0.323483 -0.187350  
386 13.950000 -0.321612 -0.186944  
387 13.960000 -0.319744 -0.186513  
388 13.970000 -0.317881 -0.186057  
389 13.980000 -0.316023 -0.185578  
390 13.990000 -0.314170 -0.185076  
391 14.000000 -0.312322 -0.184552  
392 14.010000 -0.310479 -0.184009  
393 14.020000 -0.308642 -0.183445  
394 14.030000 -0.306810 -0.182863  
395 14.040000 -0.304984 -0.182262  
396 14.050000 -0.303165 -0.181645  
397 14.060000 -0.301352 -0.181011  
398 14.070000 -0.299545 -0.180361  
399 14.080000 -0.297744 -0.179696  
400 14.090000 -0.295951 -0.179017  
401 14.100000 -0.294164 -0.178325  
402 14.110000 -0.292384 -0.177620  
403 14.120000 -0.290612 -0.176902  
404 14.130000 -0.288846 -0.176173  
405 14.140000 -0.287088 -0.175432  
406 14.150000 -0.285338 -0.174681  
407 14.160000 -0.283595 -0.173920  
408 14.170000 -0.281859 -0.173150  
409 14.180000 -0.280132 -0.172371  
410 14.190000 -0.278412 -0.171583  
411 14.200000 -0.276700 -0.170788  
412 14.210000 -0.274996 -0.169985  
413 14.220000 -0.273300 -0.169175  
414 14.230000 -0.271613 -0.168358  
415 14.240000 -0.269933 -0.167536  
416 14.250000 -0.268262 -0.166707  
417 14.260000 -0.266599 -0.165874  
418 14.270000 -0.264945 -0.165035  
419 14.280000 -0.263299 -0.164192  
420 14.290000 -0.261661 -0.163345  
421 14.300000 -0.260032 -0.162493  
422 14.310000 -0.258411 -0.161639  
423 14.320000 -0.256799 -0.160781  
424 14.330000 -0.255195 -0.159920  
425 14.340000 -0.253600 -0.159056  
426 14.350000 -0.252014 -0.158191  
427 14.360000 -0.250437 -0.157323  
428 14.370000 -0.248868 -0.156453  
429 14.380000 -0.247308 -0.155582  
430 14.390000 -0.245756 -0.154710  
431 14.400000 -0.244213 -0.153836  
432 14.410000 -0.242679 -0.152962  
433 14.420000 -0.241154 -0.152087  
434 14.430000 -0.239638 -0.151212  
435 14.440000 -0.238130 -0.150337  
436 14.450000 -0.236631 -0.149462  
437 14.460000 -0.235141 -0.148587  
438 14.470000 -0.233659 -0.147712  
439 14.480000 -0.232186 -0.146838  
440 14.490000 -0.230722 -0.145965  
441 14.500000 -0.229267 -0.145093  
442 14.510000 -0.227821 -0.144222  
443 14.520000 -0.226383 -0.143352  
444 14.530000 -0.224954 -0.142484  
445 14.540000 -0.223533 -0.141617  
446 14.550000 -0.222121 -0.140752  
447 14.560000 -0.220718 -0.139889  
448 14.570000 -0.219323 -0.139027  
449 14.580000 -0.217937 -0.138168  
450 14.590000 -0.216560 -0.137311  
451 14.600000 -0.215191 -0.136456  
452 14.610000 -0.213831 -0.135604  
453 14.620000 -0.212479 -0.134754  
454 14.630000 -0.211136 -0.133907  
455 14.640000 -0.209801 -0.133063  
456 14.650000 -0.208475 -0.132221  
457 14.660000 -0.207157 -0.131382  
458 14.670000 -0.205847 -0.130546  
459 14.680000 -0.204546 -0.129713  
460 14.690000 -0.203253 -0.128883  
461 14.700000 -0.201968 -0.128057  
462 14.710000 -0.200691 -0.127233  
463 14.720000 -0.199423 -0.126413  
464 14.730000 -0.198163 -0.125597  
465 14.740000 -0.196911 -0.124784  
466 14.750000 -0.195668 -0.123974  
467 14.760000 -0.194432 -0.123168  
468 14.770000 -0.193204 -0.122365  
469 14.780000 -0.191985 -0.121566  
470 14.790000 -0.190773 -0.120771  
471 14.800000 -0.189569 -0.119980  
472 14.810000 -0.188373 -0.119192  
473 14.820000 -0.187185 -0.118408  
474 14.830000 -0.186005 -0.117628  
475 14.840000 -0.184833 -0.116852  
476 14.850000 -0.183668 -0.116079  
477 14.860000 -0.182511 -0.115311  
478 14.870000 -0.181362 -0.114547  
479 14.880000 -0.180220 -0.113786  
480 14.890000 -0.179086 -0.113030  
481 14.900000 -0.177959 -0.112278  
482 14.910000 -0.176840 -0.111529  
483 14.920000 -0.175729 -0.110785  
484 14.930000 -0.174625 -0.110045  
485 14.940000 -0.173528 -0.109309  
486 14.950000 -0.172439 -0.108577  
487 14.960000 -0.171356 -0.107849  
488 14.970000 -0.170282 -0.107126  
489 14.980000 -0.169214 -0.106406  
490 14.990000 -0.168153 -0.105691  
491 15.000000 -0.167100 -0.104980  
492 15.010000 -0.166054 -0.104273  
493 15.020000 -0.165015 -0.103570  
494 15.030000 -0.163982 -0.102872  
495 15.040000 -0.162957 -0.102178  
496 15.050000 -0.161939 -0.101487  
497 15.060000 -0.160927 -0.100801  
498 15.070000 -0.159923 -0.100120  
499 15.080000 -0.158925 -0.099442  
500 15.090000 -0.157934 -0.098769  
501 15.100000 -0.156950 -0.098099  
502 15.110000 -0.155972 -0.097434  
503 15.120000 -0.155001 -0.096773  
504 15.130000 -0.154036 -0.096117  
505 15.140000 -0.153079 -0.095464  
506 15.150000 -0.152127 -0.094816  
507 15.160000 -0.151182 -0.094172  
508 15.170000 -0.150244 -0.093531  
509 15.180000 -0.149312 -0.092895  
510 15.190000 -0.148386 -0.092264  
511 15.200000 -0.147466 -0.091636  
512 15.210000 -0.146553 -0.091012  
513 15.220000 -0.145646 -0.090393  
514 15.230000 -0.144745 -0.089777  
515 15.240000 -0.143850 -0.089166  
516 15.250000 -0.142962 -0.088558  
517 15.260000 -0.142079 -0.087955  
518 15.270000 -0.141203 -0.087356  
519 15.280000 -0.140332 -0.086761  
520 15.290000 -0.139467 -0.086169  
521 15.300000 -0.138609 -0.085582  
522 15.310000 -0.137756 -0.084999  
523 15.320000 -0.136909 -0.084419  
524 15.330000 -0.136067 -0.083844  
525 15.340000 -0.135232 -0.083272  
526 15.350000 -0.134402 -0.082705  
527 15.360000 -0.133578 -0.082141  
528 15.370000 -0.132759 -0.081581  
529 15.380000 -0.131946 -0.081025  
530 15.390000 -0.131139 -0.080473  
531 15.400000 -0.130337 -0.079924  
532 15.410000 -0.129540 -0.079380  
533 15.420000 -0.128749 -0.078839  
534 15.430000 -0.127963 -0.078302  
535 15.440000 -0.127183 -0.077769  
536 15.450000 -0.126408 -0.077239  
537 15.460000 -0.125638 -0.076713  
538 15.470000 -0.124874 -0.076191  
539 15.480000 -0.124114 -0.075672  
540 15.490000 -0.123360 -0.075157  
541 15.500000 -0.122611 -0.074646  
542 15.510000 -0.121867 -0.074138  
543 15.520000 -0.121128 -0.073634  
544 15.530000 -0.120395 -0.073134  
545 15.540000 -0.119666 -0.072637  
546 15.550000 -0.118942 -0.072143  
547 15.560000 -0.118223 -0.071653  
548 15.570000 -0.117509 -0.071167  
549 15.580000 -0.116800 -0.070684  
550 15.590000 -0.116095 -0.070204  
551 15.600000 -0.115395 -0.069728  
552 15.610000 -0.114701 -0.069255  
553 15.620000 -0.114010 -0.068786  
554 15.630000 -0.113325 -0.068320  
555 15.640000 -0.112644 -0.067857  
556 15.650000 -0.111968 -0.067398  
557 15.660000 -0.111296 -0.066942  
558 15.670000 -0.110629 -0.066489  
559 15.680000 -0.109966 -0.066039  
560 15.690000 -0.109308 -0.065593  
561 15.700000 -0.108654 -0.065150  
562 15.710000 -0.108005 -0.064710  
563 15.720000 -0.107360 -0.064273  
564 15.730000 -0.106719 -0.063840  
565 15.740000 -0.106083 -0.063409  
566 15.750000 -0.105451 -0.062982  
567 15.760000 -0.104824 -0.062558  
568 15.770000 -0.104200 -0.062137  
569 15.780000 -0.103581 -0.061719  
570 15.790000 -0.102966 -0.061304  
571 15.800000 -0.102355 -0.060892  
572 15.810000 -0.101748 -0.060482  
573 15.820000 -0.101145 -0.060076  
574 15.830000 -0.100546 -0.059673  
575 15.840000 -0.099952 -0.059273  
576 15.850000 -0.099361 -0.058876  
577 15.860000 -0.098774 -0.058481  
578 15.870000 -0.098191 -0.058090  
579 15.880000 -0.097612 -0.057701  
580 15.890000 -0.097037 -0.057315  
581 15.900000 -0.096466 -0.056932  
582 15.910000 -0.095899 -0.056552  
583 15.920000 -0.095335 -0.056174  
584 15.930000 -0.094775 -0.055800  
585 15.940000 -0.094219 -0.055428  
586 15.950000 -0.093667 -0.055058  
587 15.960000 -0.093118 -0.054692  
588 15.970000 -0.092573 -0.054328  
589 15.980000 -0.092031 -0.053967  
590 15.990000 -0.091493 -0.053608  
591 16.000000 -0.090959 -0.053252  
592 16.010000 -0.090428 -0.052898  
593 16.020000 -0.089901 -0.052548  
594 16.030000 -0.089377 -0.052199  
595 16.040000 -0.088857 -0.051854  
596 16.050000 -0.088340 -0.051510  
597 16.060000 -0.087827 -0.051170  
598 16.070000 -0.087317 -0.050831  
599 16.080000 -0.086810 -0.050496  
600 16.090000 -0.086307 -0.050162  
601 16.100000 -0.085807 -0.049832  
602 16.110000 -0.085310 -0.049503  
603 16.120000 -0.084817 -0.049177  
604 16.130000 -0.084327 -0.048853  
605 16.140000 -0.083840 -0.048532  
606 16.150000 -0.083356 -0.048213  
607 16.160000 -0.082876 -0.047896  
608 16.170000 -0.082398 -0.047582  
609 16.180000 -0.081924 -0.047270  
610 16.190000 -0.081453 -0.046960  
611 16.200000 -0.080985 -0.046653  
612 16.210000 -0.080520 -0.046348  
613 16.220000 -0.080058 -0.046044  
614 16.230000 -0.079599 -0.045744  
615 16.240000 -0.079143 -0.045445  
616 16.250000 -0.078690 -0.045149  
617 16.260000 -0.078240 -0.044854  
618 16.270000 -0.077793 -0.044562  
619 16.280000 -0.077349 -0.044272  
620 16.290000 -0.076907 -0.043984  
621 16.300000 -0.076469 -0.043698  
622 16.310000 -0.076033 -0.043415  
623 16.320000 -0.075601 -0.043133  
624 16.330000 -0.075171 -0.042853  
625 16.340000 -0.074744 -0.042576  
626 16.350000 -0.074319 -0.042300  
627 16.360000 -0.073898 -0.042026  
628 16.370000 -0.073479 -0.041755  
629 16.380000 -0.073062 -0.041485  
630 16.390000 -0.072649 -0.041218  
631 16.400000 -0.072238 -0.040952  
632 16.410000 -0.071830 -0.040688  
633 16.420000 -0.071424 -0.040426  
634 16.430000 -0.071021 -0.040166  
635 16.440000 -0.070621 -0.039908  
636 16.450000 -0.070223 -0.039652  
637 16.460000 -0.069828 -0.039397  
638 16.470000 -0.069435 -0.039145  
639 16.480000 -0.069045 -0.038894  
640 16.490000 -0.068657 -0.038645  
641 16.500000 -0.068272 -0.038398  
642 16.510000 -0.067889 -0.038153  
643 16.520000 -0.067509 -0.037909  
644 16.530000 -0.067131 -0.037667  
645 16.540000 -0.066756 -0.037427  
646 16.550000 -0.066383 -0.037189  
647 16.560000 -0.066012 -0.036952  
648 16.570000 -0.065644 -0.036718  
649 16.580000 -0.065278 -0.036484  
650 16.590000 -0.064914 -0.036253  
651 16.600000 -0.064553 -0.036023  
652 16.610000 -0.064193 -0.035795  
653 16.620000 -0.063837 -0.035568  
654 16.630000 -0.063482 -0.035343  
655 16.640000 -0.063130 -0.035120  
656 16.650000 -0.062780 -0.034898  
657 16.660000 -0.062432 -0.034678  
658 16.670000 -0.062086 -0.034459  
659 16.680000 -0.061743 -0.034242  
660 16.690000 -0.061401 -0.034027  
661 16.700000 -0.061062 -0.033813  
662 16.710000 -0.060725 -0.033600  
663 16.720000 -0.060390 -0.033390  
664 16.730000 -0.060057 -0.033180  
665 16.740000 -0.059726 -0.032972  
666 16.750000 -0.059398 -0.032766  
667 16.760000 -0.059071 -0.032561  
668 16.770000 -0.058747 -0.032358  
669 16.780000 -0.058424 -0.032156  
670 16.790000 -0.058103 -0.031955  
671 16.800000 -0.057785 -0.031756  
672 16.810000 -0.057468 -0.031558  
673 16.820000 -0.057154 -0.031362  
674 16.830000 -0.056841 -0.031167  
675 16.840000 -0.056530 -0.030973  
676 16.850000 -0.056222 -0.030781  
677 16.860000 -0.055915 -0.030590  
678 16.870000 -0.055610 -0.030401  
679 16.880000 -0.055307 -0.030213  
680 16.890000 -0.055006 -0.030026  
681 16.900000 -0.054706 -0.029840  
682 16.910000 -0.054409 -0.029656  
683 16.920000 -0.054113 -0.029473  
684 16.930000 -0.053819 -0.029292  
685 16.940000 -0.053527 -0.029111  
686 16.950000 -0.053237 -0.028932  
687 16.960000 -0.052949 -0.028755  
688 16.970000 -0.052662 -0.028578  
689 16.980000 -0.052377 -0.028403  
690 16.990000 -0.052094 -0.028229  
691 17.000000 -0.051812 -0.028056  
692 17.010000 -0.051533 -0.027884  
693 17.020000 -0.051255 -0.027714  
694 17.030000 -0.050978 -0.027545  
695 17.040000 -0.050704 -0.027377  
696 17.050000 -0.050431 -0.027210  
697 17.060000 -0.050160 -0.027044  
698 17.070000 -0.049890 -0.026879  
699 17.080000 -0.049622 -0.026716  
700 17.090000 -0.049356 -0.026554  
701 17.100000 -0.049091 -0.026393  
702 17.110000 -0.048828 -0.026233  
703 17.120000 -0.048566 -0.026074  
704 17.130000 -0.048306 -0.025916  
705 17.140000 -0.048048 -0.025759  
706 17.150000 -0.047791 -0.025604  
707 17.160000 -0.047536 -0.025449  
708 17.170000 -0.047282 -0.025296  
709 17.180000 -0.047030 -0.025143  
710 17.190000 -0.046779 -0.024992  
711 17.200000 -0.046530 -0.024842  
712 17.210000 -0.046282 -0.024692  
713 17.220000 -0.046036 -0.024544  
714 17.230000 -0.045792 -0.024397  
715 17.240000 -0.045548 -0.024251  
716 17.250000 -0.045307 -0.024106  
717 17.260000 -0.045066 -0.023961  
718 17.270000 -0.044827 -0.023818  
719 17.280000 -0.044590 -0.023676  
720 17.290000 -0.044354 -0.023535  
721 17.300000 -0.044119 -0.023395  
722 17.310000 -0.043886 -0.023255  
723 17.320000 -0.043654 -0.023117  
724 17.330000 -0.043424 -0.022980  
725 17.340000 -0.043194 -0.022843  
726 17.350000 -0.042967 -0.022708  
727 17.360000 -0.042740 -0.022573  
728 17.370000 -0.042515 -0.022439  
729 17.380000 -0.042292 -0.022307  
730 17.390000 -0.042069 -0.022175  
731 17.400000 -0.041848 -0.022044  
732 17.410000 -0.041628 -0.021914  
733 17.420000 -0.041410 -0.021785  
734 17.430000 -0.041193 -0.021656  
735 17.440000 -0.040977 -0.021529  
736 17.450000 -0.040762 -0.021402  
737 17.460000 -0.040549 -0.021277  
738 17.470000 -0.040336 -0.021152  
739 17.480000 -0.040126 -0.021028  
740 17.490000 -0.039916 -0.020905  
741 17.500000 -0.039707 -0.020782  
742 17.510000 -0.039500 -0.020661  
743 17.520000 -0.039294 -0.020540  
744 17.530000 -0.039089 -0.020420  
745 17.540000 -0.038886 -0.020301  
746 17.550000 -0.038683 -0.020183  
747 17.560000 -0.038482 -0.020066  
748 17.570000 -0.038282 -0.019949  
749 17.580000 -0.038083 -0.019833  
750 17.590000 -0.037885 -0.019718  
751 17.600000 -0.037689 -0.019604  
752 17.610000 -0.037493 -0.019490  
753 17.620000 -0.037299 -0.019377  
754 17.630000 -0.037106 -0.019265  
755 17.640000 -0.036914 -0.019154  
756 17.650000 -0.036723 -0.019043  
757 17.660000 -0.036533 -0.018933  
758 17.670000 -0.036344 -0.018824  
759 17.680000 -0.036156 -0.018716  
760 17.690000 -0.035970 -0.018608  
761 17.700000 -0.035784 -0.018501  
762 17.710000 -0.035600 -0.018395  
763 17.720000 -0.035416 -0.018290  
764 17.730000 -0.035234 -0.018185  
765 17.740000 -0.035053 -0.018081  
766 17.750000 -0.034872 -0.017977  
767 17.760000 -0.034693 -0.017875  
768 17.770000 -0.034515 -0.017773  
769 17.780000 -0.034338 -0.017671  
770 17.790000 -0.034161 -0.017570  
771 17.800000 -0.033986 -0.017470  
772 17.810000 -0.033812 -0.017371  
773 17.820000 -0.033639 -0.017272  
774 17.830000 -0.033466 -0.017174  
775 17.840000 -0.033295 -0.017077  
776 17.850000 -0.033125 -0.016980  
777 17.860000 -0.032956 -0.016884  
778 17.870000 -0.032787 -0.016788  
779 17.880000 -0.032620 -0.016693  
780 17.890000 -0.032453 -0.016599  
781 17.900000 -0.032288 -0.016505  
782 17.910000 -0.032123 -0.016412  
783 17.920000 -0.031960 -0.016320  
784 17.930000 -0.031797 -0.016228  
785 17.940000 -0.031635 -0.016137  
786 17.950000 -0.031474 -0.016046  
787 17.960000 -0.031314 -0.015956  
788 17.970000 -0.031155 -0.015867  
789 17.980000 -0.030997 -0.015778  
790 17.990000 -0.030839 -0.015689  
791 18.000000 -0.030683 -0.015602  
792 18.010000 -0.030527 -0.015515  
793 18.020000 -0.030373 -0.015428  
794 18.030000 -0.030219 -0.015342  
795 18.040000 -0.030066 -0.015256  
796 18.050000 -0.029914 -0.015172  
797 18.060000 -0.029762 -0.015087  
798 18.070000 -0.029612 -0.015003  
799 18.080000 -0.029462 -0.014920  
800 18.090000 -0.029314 -0.014837  
801 18.100000 -0.029166 -0.014755  
802 18.110000 -0.029018 -0.014673  
803 18.120000 -0.028872 -0.014592  
804 18.130000 -0.028727 -0.014512  
805 18.140000 -0.028582 -0.014431  
806 18.150000 -0.028438 -0.014352  
807 18.160000 -0.028295 -0.014273  
808 18.170000 -0.028153 -0.014194  
809 18.180000 -0.028011 -0.014116  
810 18.190000 -0.027870 -0.014038  
811 18.200000 -0.027730 -0.013961  
812 18.210000 -0.027591 -0.013885  
813 18.220000 -0.027453 -0.013809  
814 18.230000 -0.027315 -0.013733  
815 18.240000 -0.027178 -0.013658  
816 18.250000 -0.027042 -0.013583  
817 18.260000 -0.026906 -0.013509  
818 18.270000 -0.026772 -0.013435  
819 18.280000 -0.026638 -0.013362  
820 18.290000 -0.026504 -0.013289  
821 18.300000 -0.026372 -0.013217  
822 18.310000 -0.026240 -0.013145  
823 18.320000 -0.026109 -0.013073  
824 18.330000 -0.025978 -0.013002  
825 18.340000 -0.025849 -0.012932  
826 18.350000 -0.025720 -0.012862  
827 18.360000 -0.025592 -0.012792  
828 18.370000 -0.025464 -0.012723  
829 18.380000 -0.025337 -0.012654  
830 18.390000 -0.025211 -0.012586  
831 18.400000 -0.025085 -0.012518  
832 18.410000 -0.024961 -0.012450  
833 18.420000 -0.024836 -0.012383  
834 18.430000 -0.024713 -0.012317  
835 18.440000 -0.024590 -0.012251  
836 18.450000 -0.024468 -0.012185  
837 18.460000 -0.024346 -0.012119  
838 18.470000 -0.024225 -0.012054  
839 18.480000 -0.024105 -0.011990  
840 18.490000 -0.023986 -0.011926  
841 18.500000 -0.023867 -0.011862  
842 18.510000 -0.023748 -0.011798  
843 18.520000 -0.023631 -0.011735  
844 18.530000 -0.023514 -0.011673  
845 18.540000 -0.023397 -0.011611  
846 18.550000 -0.023282 -0.011549  
847 18.560000 -0.023166 -0.011487  
848 18.570000 -0.023052 -0.011426  
849 18.580000 -0.022938 -0.011366  
850 18.590000 -0.022824 -0.011305  
851 18.600000 -0.022712 -0.011245  
852 18.610000 -0.022600 -0.011186  
853 18.620000 -0.022488 -0.011127  
854 18.630000 -0.022377 -0.011068  
855 18.640000 -0.022267 -0.011009  
856 18.650000 -0.022157 -0.010951  
857 18.660000 -0.022048 -0.010893  
858 18.670000 -0.021939 -0.010836  
859 18.680000 -0.021831 -0.010779  
860 18.690000 -0.021723 -0.010722  
861 18.700000 -0.021616 -0.010666  
862 18.710000 -0.021510 -0.010610  
863 18.720000 -0.021404 -0.010554  
864 18.730000 -0.021299 -0.010499  
865 18.740000 -0.021194 -0.010444  
866 18.750000 -0.021090 -0.010389  
867 18.760000 -0.020986 -0.010335  
868 18.770000 -0.020883 -0.010281  
869 18.780000 -0.020781 -0.010227  
870 18.790000 -0.020679 -0.010174  
871 18.800000 -0.020577 -0.010121  
872 18.810000 -0.020476 -0.010068  
873 18.820000 -0.020376 -0.010016  
874 18.830000 -0.020276 -0.009964  
875 18.840000 -0.020177 -0.009912  
876 18.850000 -0.020078 -0.009861  
877 18.860000 -0.019979 -0.009810  
878 18.870000 -0.019882 -0.009759  
879 18.880000 -0.019784 -0.009708  
880 18.890000 -0.019687 -0.009658  
881 18.900000 -0.019591 -0.009608  
882 18.910000 -0.019495 -0.009559  
883 18.920000 -0.019400 -0.009510  
884 18.930000 -0.019305 -0.009461  
885 18.940000 -0.019211 -0.009412  
886 18.950000 -0.019117 -0.009363  
887 18.960000 -0.019023 -0.009315  
888 18.970000 -0.018931 -0.009267  
889 18.980000 -0.018838 -0.009220  
890 18.990000 -0.018746 -0.009173  
891 19.000000 -0.018655 -0.009126  
892 19.010000 -0.018564 -0.009079  
893 19.020000 -0.018473 -0.009033  
894 19.030000 -0.018383 -0.008986  
895 19.040000 -0.018293 -0.008941  
896 19.050000 -0.018204 -0.008895  
897 19.060000 -0.018115 -0.008850  
898 19.070000 -0.018027 -0.008805  
899 19.080000 -0.017939 -0.008760  
900 19.090000 -0.017852 -0.008715  
901 19.100000 -0.017765 -0.008671  
902 19.110000 -0.017679 -0.008627  
903 19.120000 -0.017593 -0.008583  
904 19.130000 -0.017507 -0.008540  
905 19.140000 -0.017422 -0.008497  
906 19.150000 -0.017337 -0.008454  
907 19.160000 -0.017253 -0.008411  
908 19.170000 -0.017169 -0.008369  
909 19.180000 -0.017085 -0.008326  
910 19.190000 -0.017002 -0.008284  
911 19.200000 -0.016920 -0.008243  
912 19.210000 -0.016837 -0.008201  
913 19.220000 -0.016756 -0.008160  
914 19.230000 -0.016674 -0.008119  
915 19.240000 -0.016593 -0.008078  
916 19.250000 -0.016513 -0.008038  
917 19.260000 -0.016432 -0.007998  
918 19.270000 -0.016353 -0.007957  
919 19.280000 -0.016273 -0.007918  
920 19.290000 -0.016194 -0.007878  
921 19.300000 -0.016116 -0.007839  
922 19.310000 -0.016038 -0.007800  
923 19.320000 -0.015960 -0.007761  
924 19.330000 -0.015882 -0.007722  
925 19.340000 -0.015805 -0.007684  
926 19.350000 -0.015729 -0.007646  
927 19.360000 -0.015652 -0.007608  
928 19.370000 -0.015576 -0.007570  
929 19.380000 -0.015501 -0.007532  
930 19.390000 -0.015426 -0.007495  
931 19.400000 -0.015351 -0.007458  
932 19.410000 -0.015277 -0.007421  
933 19.420000 -0.015203 -0.007384  
934 19.430000 -0.015129 -0.007348  
935 19.440000 -0.015056 -0.007311  
936 19.450000 -0.014983 -0.007275  
937 19.460000 -0.014910 -0.007240  
938 19.470000 -0.014838 -0.007204  
939 19.480000 -0.014766 -0.007169  
940 19.490000 -0.014695 -0.007133  
941 19.500000 -0.014623 -0.007098  
942 19.510000 -0.014553 -0.007063  
943 19.520000 -0.014482 -0.007029  
944 19.530000 -0.014412 -0.006994  
945 19.540000 -0.014342 -0.006960  
946 19.550000 -0.014273 -0.006926  
947 19.560000 -0.014204 -0.006892  
948 19.570000 -0.014135 -0.006859  
949 19.580000 -0.014067 -0.006825  
950 19.590000 -0.013998 -0.006792  
951 19.600000 -0.013931 -0.006759  
952 19.610000 -0.013863 -0.006726  
953 19.620000 -0.013796 -0.006693  
954 19.630000 -0.013729 -0.006661  
955 19.640000 -0.013663 -0.006628  
956 19.650000 -0.013597 -0.006596  
957 19.660000 -0.013531 -0.006564  
958 19.670000 -0.013466 -0.006532  
959 19.680000 -0.013400 -0.006501  
960 19.690000 -0.013336 -0.006469  
961 19.700000 -0.013271 -0.006438  
962 19.710000 -0.013207 -0.006407  
963 19.720000 -0.013143 -0.006376  
964 19.730000 -0.013079 -0.006345  
965 19.740000 -0.013016 -0.006315  
966 19.750000 -0.012953 -0.006285  
967 19.760000 -0.012890 -0.006254  
968 19.770000 -0.012828 -0.006224  
969 19.780000 -0.012766 -0.006194  
970 19.790000 -0.012704 -0.006165  
971 19.800000 -0.012643 -0.006135  
972 19.810000 -0.012581 -0.006106  
973 19.820000 -0.012520 -0.006077  
974 19.830000 -0.012460 -0.006048  
975 19.840000 -0.012399 -0.006019  
976 19.850000 -0.012339 -0.005990  
977 19.860000 -0.012280 -0.005961  
978 19.870000 -0.012220 -0.005933  
979 19.880000 -0.012161 -0.005905  
980 19.890000 -0.012102 -0.005877  
981 19.900000 -0.012043 -0.005849  
982 19.910000 -0.011985 -0.005821  
983 19.920000 -0.011927 -0.005793  
984 19.930000 -0.011869 -0.005766  
985 19.940000 -0.011812 -0.005738  
986 19.950000 -0.011754 -0.005711  
987 19.960000 -0.011697 -0.005684  
988 19.970000 -0.011641 -0.005657  
989 19.980000 -0.011584 -0.005631  
990 19.990000 -0.011528 -0.005604  
991 20.000000 -0.011472 -0.005578  
992 20.010000 -0.011417 -0.005551  
993 20.020000 -0.011361 -0.005525  
994 20.030000 -0.011306 -0.005499  
995 20.040000 -0.011251 -0.005473  
996 20.050000 -0.011197 -0.005448  
997 20.060000 -0.011142 -0.005422  
998 20.070000 -0.011088 -0.005397  
999 20.080000 -0.011034 -0.005371  
1000 20.090000 -0.010981 -0.005346  
1001 20.100000 -0.010927 -0.005321  
1002 20.110000 -0.010874 -0.005296  
1003 20.120000 -0.010822 -0.005272  
1004 20.130000 -0.010769 -0.005247  
1005 20.140000 -0.010717 -0.005223  
1006 20.150000 -0.010664 -0.005198  
1007 20.160000 -0.010613 -0.005174  
1008 20.170000 -0.010561 -0.005150  
1009 20.180000 -0.010510 -0.005126  
1010 20.190000 -0.010458 -0.005102  
1011 20.200000 -0.010408 -0.005079  
1012 20.210000 -0.010357 -0.005055  
1013 20.220000 -0.010306 -0.005032  
1014 20.230000 -0.010256 -0.005008  
1015 20.240000 -0.010206 -0.004985  
1016 20.250000 -0.010157 -0.004962  
1017 20.260000 -0.010107 -0.004939  
1018 20.270000 -0.010058 -0.004916  
1019 20.280000 -0.010009 -0.004894  
1020 20.290000 -0.009960 -0.004871  
1021 20.300000 -0.009911 -0.004849  
1022 20.310000 -0.009863 -0.004826  
1023 20.320000 -0.009815 -0.004804  
1024 20.330000 -0.009767 -0.004782  
1025 20.340000 -0.009719 -0.004760  
1026 20.350000 -0.009672 -0.004738  
1027 20.360000 -0.009624 -0.004717  
1028 20.370000 -0.009577 -0.004695  
1029 20.380000 -0.009530 -0.004673  
1030 20.390000 -0.009484 -0.004652  
1031 20.400000 -0.009437 -0.004631  
1032 20.410000 -0.009391 -0.004610  
1033 20.420000 -0.009345 -0.004589  
1034 20.430000 -0.009299 -0.004568  
1035 20.440000 -0.009254 -0.004547  
1036 20.450000 -0.009209 -0.004526  
1037 20.460000 -0.009163 -0.004506  
1038 20.470000 -0.009118 -0.004485  
1039 20.480000 -0.009074 -0.004465  
1040 20.490000 -0.009029 -0.004444  
1041 20.500000 -0.008985 -0.004424  
1042 20.510000 -0.008941 -0.004404  
1043 20.520000 -0.008897 -0.004384  
1044 20.530000 -0.008853 -0.004364  
1045 20.540000 -0.008809 -0.004345  
1046 20.550000 -0.008766 -0.004325  
1047 20.560000 -0.008723 -0.004306  
1048 20.570000 -0.008680 -0.004286  
1049 20.580000 -0.008637 -0.004267  
1050 20.590000 -0.008595 -0.004248  
1051 20.600000 -0.008552 -0.004228  
1052 20.610000 -0.008510 -0.004209  
1053 20.620000 -0.008468 -0.004191  
1054 20.630000 -0.008426 -0.004172  
1055 20.640000 -0.008385 -0.004153  
1056 20.650000 -0.008343 -0.004134  
1057 20.660000 -0.008302 -0.004116  
1058 20.670000 -0.008261 -0.004097  
1059 20.680000 -0.008220 -0.004079  
1060 20.690000 -0.008179 -0.004061  
1061 20.700000 -0.008139 -0.004043  
1062 20.710000 -0.008098 -0.004025  
1063 20.720000 -0.008058 -0.004007  
1064 20.730000 -0.008018 -0.003989  
1065 20.740000 -0.007978 -0.003971  
1066 20.750000 -0.007939 -0.003953  
1067 20.760000 -0.007899 -0.003936  
1068 20.770000 -0.007860 -0.003918  
1069 20.780000 -0.007821 -0.003901  
1070 20.790000 -0.007782 -0.003884  
1071 20.800000 -0.007743 -0.003866  
1072 20.810000 -0.007705 -0.003849  
1073 20.820000 -0.007666 -0.003832  
1074 20.830000 -0.007628 -0.003815  
1075 20.840000 -0.007590 -0.003798  
1076 20.850000 -0.007552 -0.003782  
1077 20.860000 -0.007514 -0.003765  
1078 20.870000 -0.007477 -0.003748  
1079 20.880000 -0.007439 -0.003732  
1080 20.890000 -0.007402 -0.003715  
1081 20.900000 -0.007365 -0.003699  
1082 20.910000 -0.007328 -0.003683  
1083 20.920000 -0.007291 -0.003667  
1084 20.930000 -0.007255 -0.003651  
1085 20.940000 -0.007218 -0.003634  
1086 20.950000 -0.007182 -0.003619  
1087 20.960000 -0.007146 -0.003603  
1088 20.970000 -0.007110 -0.003587  
1089 20.980000 -0.007074 -0.003571  
1090 20.990000 -0.007039 -0.003556  
1091 21.000000 -0.007003 -0.003540  
1092 21.010000 -0.006968 -0.003525  
1093 21.020000 -0.006933 -0.003509  
1094 21.030000 -0.006898 -0.003494  
1095 21.040000 -0.006863 -0.003479  
1096 21.050000 -0.006828 -0.003464  
1097 21.060000 -0.006794 -0.003449  
1098 21.070000 -0.006759 -0.003434  
1099 21.080000 -0.006725 -0.003419  
1100 21.090000 -0.006691 -0.003404  
1101 21.100000 -0.006657 -0.003389  
1102 21.110000 -0.006623 -0.003374  
1103 21.120000 -0.006589 -0.003360  
1104 21.130000 -0.006556 -0.003345  
1105 21.140000 -0.006522 -0.003331  
1106 21.150000 -0.006489 -0.003316  
1107 21.160000 -0.006456 -0.003302  
1108 21.170000 -0.006423 -0.003288  
1109 21.180000 -0.006390 -0.003274  
1110 21.190000 -0.006358 -0.003260  
1111 21.200000 -0.006325 -0.003245  
1112 21.210000 -0.006293 -0.003232  
1113 21.220000 -0.006261 -0.003218  
1114 21.230000 -0.006228 -0.003204  
1115 21.240000 -0.006196 -0.003190  
1116 21.250000 -0.006165 -0.003176  
1117 21.260000 -0.006133 -0.003163  
1118 21.270000 -0.006101 -0.003149  
1119 21.280000 -0.006070 -0.003136  
1120 21.290000 -0.006039 -0.003122  
1121 21.300000 -0.006008 -0.003109  
1122 21.310000 -0.005977 -0.003096  
1123 21.320000 -0.005946 -0.003082  
1124 21.330000 -0.005915 -0.003069  
1125 21.340000 -0.005884 -0.003056  
1126 21.350000 -0.005854 -0.003043  
1127 21.360000 -0.005823 -0.003030  
1128 21.370000 -0.005793 -0.003017  
1129 21.380000 -0.005763 -0.003005  
1130 21.390000 -0.005733 -0.002992  
1131 21.400000 -0.005703 -0.002979  
1132 21.410000 -0.005673 -0.002967  
1133 21.420000 -0.005644 -0.002954  
1134 21.430000 -0.005614 -0.002941  
1135 21.440000 -0.005585 -0.002929  
1136 21.450000 -0.005556 -0.002917  
1137 21.460000 -0.005527 -0.002904  
1138 21.470000 -0.005498 -0.002892  
1139 21.480000 -0.005469 -0.002880  
1140 21.490000 -0.005440 -0.002868  
1141 21.500000 -0.005412 -0.002856  
1142 21.510000 -0.005383 -0.002844  
1143 21.520000 -0.005355 -0.002832  
1144 21.530000 -0.005326 -0.002820  
1145 21.540000 -0.005298 -0.002808  
1146 21.550000 -0.005270 -0.002796  
1147 21.560000 -0.005242 -0.002784  
1148 21.570000 -0.005215 -0.002773  
1149 21.580000 -0.005187 -0.002761  
1150 21.590000 -0.005159 -0.002749  
1151 21.600000 -0.005132 -0.002738  
1152 21.610000 -0.005105 -0.002727  
1153 21.620000 -0.005077 -0.002715  
1154 21.630000 -0.005050 -0.002704  
1155 21.640000 -0.005023 -0.002693  
1156 21.650000 -0.004996 -0.002681  
1157 21.660000 -0.004970 -0.002670  
1158 21.670000 -0.004943 -0.002659  
1159 21.680000 -0.004916 -0.002648  
1160 21.690000 -0.004890 -0.002637  
1161 21.700000 -0.004864 -0.002626  
1162 21.710000 -0.004838 -0.002615  
1163 21.720000 -0.004811 -0.002604  
1164 21.730000 -0.004785 -0.002593  
1165 21.740000 -0.004760 -0.002583  
1166 21.750000 -0.004734 -0.002572  
1167 21.760000 -0.004708 -0.002561  
1168 21.770000 -0.004683 -0.002551  
1169 21.780000 -0.004657 -0.002540  
1170 21.790000 -0.004632 -0.002530  
1171 21.800000 -0.004606 -0.002519  
1172 21.810000 -0.004581 -0.002509  
1173 21.820000 -0.004556 -0.002499  
1174 21.830000 -0.004531 -0.002488  
1175 21.840000 -0.004507 -0.002478  
1176 21.850000 -0.004482 -0.002468  
1177 21.860000 -0.004457 -0.002458  
1178 21.870000 -0.004433 -0.002448  
1179 21.880000 -0.004408 -0.002438  
1180 21.890000 -0.004384 -0.002428  
1181 21.900000 -0.004360 -0.002418  
1182 21.910000 -0.004336 -0.002408  
1183 21.920000 -0.004312 -0.002398  
1184 21.930000 -0.004288 -0.002388  
1185 21.940000 -0.004264 -0.002378  
1186 21.950000 -0.004240 -0.002369  
1187 21.960000 -0.004216 -0.002359  
1188 21.970000 -0.004193 -0.002349  
1189 21.980000 -0.004169 -0.002340  
1190 21.990000 -0.004146 -0.002330  
1191 22.000000 -0.004123 -0.002321  
1192 22.010000 -0.004100 -0.002311  
1193 22.020000 -0.004077 -0.002302  
1194 22.030000 -0.004054 -0.002293  
1195 22.040000 -0.004031 -0.002283  
1196 22.050000 -0.004008 -0.002274  
1197 22.060000 -0.003985 -0.002265  
1198 22.070000 -0.003963 -0.002256  
1199 22.080000 -0.003940 -0.002247  
1200 22.090000 -0.003918 -0.002237  
1201 22.100000 -0.003895 -0.002228  
1202 22.110000 -0.003873 -0.002219  
1203 22.120000 -0.003851 -0.002210  
1204 22.130000 -0.003829 -0.002202  
1205 22.140000 -0.003807 -0.002193  
1206 22.150000 -0.003785 -0.002184  
1207 22.160000 -0.003763 -0.002175  
1208 22.170000 -0.003742 -0.002166  
1209 22.180000 -0.003720 -0.002158  
1210 22.190000 -0.003698 -0.002149  
1211 22.200000 -0.003677 -0.002140  
1212 22.210000 -0.003656 -0.002132  
1213 22.220000 -0.003634 -0.002123  
1214 22.230000 -0.003613 -0.002115  
1215 22.240000 -0.003592 -0.002106  
1216 22.250000 -0.003571 -0.002098  
1217 22.260000 -0.003550 -0.002089  
1218 22.270000 -0.003529 -0.002081  
1219 22.280000 -0.003508 -0.002073  
1220 22.290000 -0.003488 -0.002064  
1221 22.300000 -0.003467 -0.002056  
1222 22.310000 -0.003447 -0.002048  
1223 22.320000 -0.003426 -0.002040  
1224 22.330000 -0.003406 -0.002032  
1225 22.340000 -0.003386 -0.002024  
1226 22.350000 -0.003365 -0.002016  
1227 22.360000 -0.003345 -0.002008  
1228 22.370000 -0.003325 -0.002000  
1229 22.380000 -0.003305 -0.001992  
1230 22.390000 -0.003285 -0.001984  
1231 22.400000 -0.003266 -0.001976  
1232 22.410000 -0.003246 -0.001968  
1233 22.420000 -0.003226 -0.001960  
1234 22.430000 -0.003207 -0.001953  
1235 22.440000 -0.003187 -0.001945  
1236 22.450000 -0.003168 -0.001937  
1237 22.460000 -0.003148 -0.001930  
1238 22.470000 -0.003129 -0.001922  
1239 22.480000 -0.003110 -0.001914  
1240 22.490000 -0.003091 -0.001907  
1241 22.500000 -0.003072 -0.001899  
1242 22.510000 -0.003053 -0.001892  
1243 22.520000 -0.003034 -0.001884  
1244 22.530000 -0.003015 -0.001877  
1245 22.540000 -0.002997 -0.001870  
1246 22.550000 -0.002978 -0.001862  
1247 22.560000 -0.002959 -0.001855  
1248 22.570000 -0.002941 -0.001848  
1249 22.580000 -0.002922 -0.001841  
1250 22.590000 -0.002904 -0.001833  
1251 22.600000 -0.002886 -0.001826  
1252 22.610000 -0.002867 -0.001819  
1253 22.620000 -0.002849 -0.001812  
1254 22.630000 -0.002831 -0.001805  
1255 22.640000 -0.002813 -0.001798  
1256 22.650000 -0.002795 -0.001791  
1257 22.660000 -0.002777 -0.001784  
1258 22.670000 -0.002760 -0.001777  
1259 22.680000 -0.002742 -0.001770  
1260 22.690000 -0.002724 -0.001763  
1261 22.700000 -0.002707 -0.001756  
1262 22.710000 -0.002689 -0.001749  
1263 22.720000 -0.002672 -0.001743  
1264 22.730000 -0.002654 -0.001736  
1265 22.740000 -0.002637 -0.001729  
1266 22.750000 -0.002620 -0.001722  
1267 22.760000 -0.002602 -0.001716  
1268 22.770000 -0.002585 -0.001709  
1269 22.780000 -0.002568 -0.001703  
1270 22.790000 -0.002551 -0.001696  
1271 22.800000 -0.002534 -0.001689  
1272 22.810000 -0.002517 -0.001683  
1273 22.820000 -0.002501 -0.001676  
1274 22.830000 -0.002484 -0.001670  
1275 22.840000 -0.002467 -0.001664  
1276 22.850000 -0.002451 -0.001657  
1277 22.860000 -0.002434 -0.001651  
1278 22.870000 -0.002418 -0.001644  
1279 22.880000 -0.002401 -0.001638  
1280 22.890000 -0.002385 -0.001632  
1281 22.900000 -0.002369 -0.001626  
1282 22.910000 -0.002352 -0.001619  
1283 22.920000 -0.002336 -0.001613  
1284 22.930000 -0.002320 -0.001607  
1285 22.940000 -0.002304 -0.001601  
1286 22.950000 -0.002288 -0.001595  
1287 22.960000 -0.002272 -0.001589  
1288 22.970000 -0.002256 -0.001583  
1289 22.980000 -0.002240 -0.001577  
1290 22.990000 -0.002225 -0.001571  
1291 23.000000 -0.002209 -0.001565  
1292 23.010000 -0.002193 -0.001559  
1293 23.020000 -0.002178 -0.001553  
1294 23.030000 -0.002162 -0.001547  
1295 23.040000 -0.002147 -0.001541  
1296 23.050000 -0.002132 -0.001535  
1297 23.060000 -0.002116 -0.001529  
1298 23.070000 -0.002101 -0.001523  
1299 23.080000 -0.002086 -0.001518  
1300 23.090000 -0.002071 -0.001512  
1301 23.100000 -0.002056 -0.001506  
1302 23.110000 -0.002041 -0.001500  
1303 23.120000 -0.002026 -0.001495  
1304 23.130000 -0.002011 -0.001489  
1305 23.140000 -0.001996 -0.001484  
1306 23.150000 -0.001981 -0.001478  
1307 23.160000 -0.001966 -0.001472  
1308 23.170000 -0.001952 -0.001467  
1309 23.180000 -0.001937 -0.001461  
1310 23.190000 -0.001922 -0.001456  
1311 23.200000 -0.001908 -0.001450  
1312 23.210000 -0.001893 -0.001445  
1313 23.220000 -0.001879 -0.001439  
1314 23.230000 -0.001864 -0.001434  
1315 23.240000 -0.001850 -0.001429  
1316 23.250000 -0.001836 -0.001423  
1317 23.260000 -0.001822 -0.001418  
1318 23.270000 -0.001808 -0.001413  
1319 23.280000 -0.001793 -0.001407  
1320 23.290000 -0.001779 -0.001402  
1321 23.300000 -0.001765 -0.001397  
1322 23.310000 -0.001751 -0.001392  
1323 23.320000 -0.001738 -0.001386  
1324 23.330000 -0.001724 -0.001381  
1325 23.340000 -0.001710 -0.001376  
1326 23.350000 -0.001696 -0.001371  
1327 23.360000 -0.001683 -0.001366  
1328 23.370000 -0.001669 -0.001361  
1329 23.380000 -0.001655 -0.001356  
1330 23.390000 -0.001642 -0.001351  
1331 23.400000 -0.001628 -0.001346  
1332 23.410000 -0.001615 -0.001341  
1333 23.420000 -0.001601 -0.001336  
1334 23.430000 -0.001588 -0.001331  
1335 23.440000 -0.001575 -0.001326  
1336 23.450000 -0.001562 -0.001321  
1337 23.460000 -0.001548 -0.001316  
1338 23.470000 -0.001535 -0.001311  
1339 23.480000 -0.001522 -0.001306  
1340 23.490000 -0.001509 -0.001301  
1341 23.500000 -0.001496 -0.001297  
1342 23.510000 -0.001483 -0.001292  
1343 23.520000 -0.001470 -0.001287  
1344 23.530000 -0.001458 -0.001282  
1345 23.540000 -0.001445 -0.001278  
1346 23.550000 -0.001432 -0.001273  
1347 23.560000 -0.001419 -0.001268  
1348 23.570000 -0.001407 -0.001264  
1349 23.580000 -0.001394 -0.001259  
1350 23.590000 -0.001381 -0.001254  
1351 23.600000 -0.001369 -0.001250  
1352 23.610000 -0.001356 -0.001245  
1353 23.620000 -0.001344 -0.001241  
1354 23.630000 -0.001332 -0.001236  
1355 23.640000 -0.001319 -0.001232  
1356 23.650000 -0.001307 -0.001227  
1357 23.660000 -0.001295 -0.001223  
1358 23.670000 -0.001283 -0.001218  
1359 23.680000 -0.001270 -0.001214  
1360 23.690000 -0.001258 -0.001209  
1361 23.700000 -0.001246 -0.001205  
1362 23.710000 -0.001234 -0.001200  
1363 23.720000 -0.001222 -0.001196  
1364 23.730000 -0.001210 -0.001192  
1365 23.740000 -0.001198 -0.001187  
1366 23.750000 -0.001187 -0.001183  
1367 23.760000 -0.001175 -0.001179  
1368 23.770000 -0.001163 -0.001174  
1369 23.780000 -0.001151 -0.001170  
1370 23.790000 -0.001140 -0.001166  
1371 23.800000 -0.001128 -0.001162  
1372 23.810000 -0.001116 -0.001157  
1373 23.820000 -0.001105 -0.001153  
1374 23.830000 -0.001093 -0.001149  
1375 23.840000 -0.001082 -0.001145  
1376 23.850000 -0.001070 -0.001141  
1377 23.860000 -0.001059 -0.001137  
1378 23.870000 -0.001048 -0.001133  
1379 23.880000 -0.001036 -0.001128  
1380 23.890000 -0.001025 -0.001124  
1381 23.900000 -0.001014 -0.001120  
1382 23.910000 -0.001003 -0.001116  
1383 23.920000 -0.000991 -0.001112  
1384 23.930000 -0.000980 -0.001108  
1385 23.940000 -0.000969 -0.001104  
1386 23.950000 -0.000958 -0.001100  
1387 23.960000 -0.000947 -0.001096  
1388 23.970000 -0.000936 -0.001092  
1389 23.980000 -0.000925 -0.001089  
1390 23.990000 -0.000915 -0.001085  
1391 24.000000 -0.000904 -0.001081  
1392 24.010000 -0.000893 -0.001077  
1393 24.020000 -0.000882 -0.001073  
1394 24.030000 -0.000872 -0.001069  
1395 24.040000 -0.000861 -0.001065  
1396 24.050000 -0.000850 -0.001062  
1397 24.060000 -0.000840 -0.001058  
1398 24.070000 -0.000829 -0.001054  
1399 24.080000 -0.000819 -0.001050  
1400 24.090000 -0.000808 -0.001047  
1401 24.100000 -0.000798 -0.001043  
1402 24.110000 -0.000787 -0.001039  
1403 24.120000 -0.000777 -0.001035  
1404 24.130000 -0.000766 -0.001032  
1405 24.140000 -0.000756 -0.001028  
1406 24.150000 -0.000746 -0.001024  
1407 24.160000 -0.000736 -0.001021  
1408 24.170000 -0.000726 -0.001017  
1409 24.180000 -0.000715 -0.001014  
1410 24.190000 -0.000705 -0.001010  
1411 24.200000 -0.000695 -0.001006  
1412 24.210000 -0.000685 -0.001003  
1413 24.220000 -0.000675 -0.000999  
1414 24.230000 -0.000665 -0.000996  
1415 24.240000 -0.000655 -0.000992  
1416 24.250000 -0.000645 -0.000989  
1417 24.260000 -0.000635 -0.000985  
1418 24.270000 -0.000626 -0.000982  
1419 24.280000 -0.000616 -0.000978  
1420 24.290000 -0.000606 -0.000975  
1421 24.300000 -0.000596 -0.000971  
1422 24.310000 -0.000587 -0.000968  
1423 24.320000 -0.000577 -0.000965  
1424 24.330000 -0.000567 -0.000961  
1425 24.340000 -0.000558 -0.000958  
1426 24.350000 -0.000548 -0.000954  
1427 24.360000 -0.000539 -0.000951  
1428 24.370000 -0.000529 -0.000948  
1429 24.380000 -0.000520 -0.000944  
1430 24.390000 -0.000510 -0.000941  
1431 24.400000 -0.000501 -0.000938  
1432 24.410000 -0.000491 -0.000935  
1433 24.420000 -0.000482 -0.000931  
1434 24.430000 -0.000473 -0.000928  
1435 24.440000 -0.000464 -0.000925  
1436 24.450000 -0.000454 -0.000922  
1437 24.460000 -0.000445 -0.000918  
1438 24.470000 -0.000436 -0.000915  
1439 24.480000 -0.000427 -0.000912  
1440 24.490000 -0.000418 -0.000909  
1441 24.500000 -0.000409 -0.000906  
1442 24.510000 -0.000400 -0.000902  
1443 24.520000 -0.000391 -0.000899  
1444 24.530000 -0.000382 -0.000896  
1445 24.540000 -0.000373 -0.000893  
1446 24.550000 -0.000364 -0.000890  
1447 24.560000 -0.000355 -0.000887  
1448 24.570000 -0.000346 -0.000884  
1449 24.580000 -0.000337 -0.000881  
1450 24.590000 -0.000328 -0.000878  
1451 24.600000 -0.000320 -0.000875  
1452 24.610000 -0.000311 -0.000872  
1453 24.620000 -0.000302 -0.000869  
1454 24.630000 -0.000294 -0.000866  
1455 24.640000 -0.000285 -0.000863  
1456 24.650000 -0.000276 -0.000860  
1457 24.660000 -0.000268 -0.000857  
1458 24.670000 -0.000259 -0.000854  
1459 24.680000 -0.000251 -0.000851  
1460 24.690000 -0.000242 -0.000848  
1461 24.700000 -0.000234 -0.000845  
1462 24.710000 -0.000225 -0.000842  
1463 24.720000 -0.000217 -0.000839  
1464 24.730000 -0.000208 -0.000836  
1465 24.740000 -0.000200 -0.000833  
1466 24.750000 -0.000192 -0.000831  
1467 24.760000 -0.000184 -0.000828  
1468 24.770000 -0.000175 -0.000825  
1469 24.780000 -0.000167 -0.000822  
1470 24.790000 -0.000159 -0.000819  
1471 24.800000 -0.000151 -0.000816  
1472 24.810000 -0.000142 -0.000814  
1473 24.820000 -0.000134 -0.000811  
1474 24.830000 -0.000126 -0.000808  
1475 24.840000 -0.000118 -0.000805  
1476 24.850000 -0.000110 -0.000803  
1477 24.860000 -0.000102 -0.000800  
1478 24.870000 -0.000094 -0.000797  
1479 24.880000 -0.000086 -0.000794  
1480 24.890000 -0.000078 -0.000792  
1481 24.900000 -0.000070 -0.000789  
1482 24.910000 -0.000062 -0.000786  
1483 24.920000 -0.000055 -0.000784  
1484 24.930000 -0.000047 -0.000781  
1485 24.940000 -0.000039 -0.000778  
1486 24.950000 -0.000031 -0.000776  
1487 24.960000 -0.000023 -0.000773  
1488 24.970000 -0.000016 -0.000770  
1489 24.980000 -0.000008 -0.000768  
1490 24.990000 -0.000000 -0.000765  
