1 10.100000 23324549330107.265625 2101810722805174.750000 
2 10.110000 9880864752790.585938 809535405522614.750000 
3 10.120000 4510390927114.977539 338781474924878.500000 
4 10.130000 2192158359409.571289 152008658683881.468750 
5 10.140000 1123897966401.808350 72375494974525.859375 
6 10.150000 603358454121.212524 36268507581371.132812 
7 10.160000 337159058192.026367 19002604906667.933594 
8 10.170000 195160867316.783905 10353680484029.154297 
9 10.180000 116546505159.045471 5840233952707.256836 
10 10.190000 71563005807.604309 3397746125983.732422 
11 10.200000 45052678276.985489 2032352023241.261963 
12 10.210000 29009278367.392300 1246459620346.368408 
13 10.220000 19064563387.018051 782018339431.810913 
14 10.230000 12764425962.803944 500885298732.930969 
15 10.240000 8693043788.232473 326947063245.089539 
16 10.250000 6013600891.597128 217151731540.918335 
17 10.260000 4220428929.505419 146556046799.687653 
18 10.270000 3001686240.481310 100386134164.104523 
19 10.280000 2161422874.122009 69711675293.883636 
20 10.290000 1574357297.026471 49032114964.100685 
21 10.300000 1159091310.560233 34899816324.501289 
22 10.310000 861941437.877845 25118525554.601109 
23 10.320000 647005038.202193 18267831632.534840 
24 10.330000 489955764.321595 13416010690.013405 
25 10.340000 374108296.148253 9943744191.882376 
26 10.350000 287886204.221310 7434218089.100050 
27 10.360000 223170508.577542 5603606979.340578 
28 10.370000 174208863.204858 4256500371.308095 
29 10.380000 136886381.116591 3256953044.387566 
30 10.390000 108232674.577371 2509454040.352469 
31 10.400000 86085016.425020 1946272118.282368 
32 10.410000 68855843.737243 1518949620.419969 
33 10.420000 55370738.721925 1192525843.101673 
34 10.430000 44754492.443254 941575647.093211 
35 10.440000 36350286.707622 747467614.902203 
36 10.450000 29661894.342061 596449505.638750 
37 10.460000 24312016.696641 478300109.601332 
38 10.470000 20012027.668922 385372300.322128 
39 10.480000 16539843.895402 311908549.343818 
40 10.490000 13723627.711202 253547731.898339 
41 10.500000 11429706.865911 206967266.395873 
42 10.510000 9553563.717010 169621703.742614 
43 10.520000 8013073.521200 139550539.118654 
44 10.530000 6743401.141974 115236040.848138 
45 10.540000 5693128.055388 95497453.902472 
46 10.550000 4821297.383434 79411821.525334 
47 10.560000 4095147.789685 66254402.117109 
48 10.570000 3488367.070158 55453594.587307 
49 10.580000 2979739.854751 46556665.518140 
50 10.590000 2552095.680163 39203561.489756 
51 10.600000 2191487.097367 33106804.369361 
52 10.610000 1886544.768731 28035985.965017 
53 10.620000 1627969.354868 23805756.995957 
54 10.630000 1408129.581770 20266483.154601 
55 10.640000 1220743.074802 17296946.002228 
56 10.650000 1060621.971251 14798618.422783 
57 10.660000 923469.432217 12691157.606202 
58 10.670000 805716.300668 10908843.316571 
59 10.680000 704389.541179 9397752.966508 
60 10.690000 617005.929583 8113513.190909 
61 10.700000 541485.872805 7019504.161106 
62 10.710000 476083.331225 6085420.725234 
63 10.720000 419328.663872 5286115.760686 
64 10.730000 369981.877517 4600667.482236 
65 10.740000 326994.277543 4011625.059587 
66 10.750000 289476.924076 3504396.655334 
67 10.760000 256674.616286 3066751.571273 
68 10.770000 227944.380143 2688414.095507 
69 10.780000 202737.634967 2360731.259653 
70 10.790000 180585.373184 2076400.337492 
71 10.800000 161085.814562 1829244.767125 
72 10.810000 143894.097698 1614029.429398 
73 10.820000 128713.652932 1426307.997792 
74 10.830000 115288.966358 1262296.490754 
75 10.840000 103399.497476 1118768.285292 
76 10.850000 92854.555714 992966.751608 
77 10.860000 83488.975764 882532.390351 
78 10.870000 75159.459809 785441.933761 
79 10.880000 67741.477729 699957.338911 
80 10.890000 61126.635110 624582.978219 
81 10.900000 55220.434266 558029.637524 
82 10.910000 49940.366084 499184.179666 
83 10.920000 45214.280904 447083.932852 
84 10.930000 40978.995191 400895.027310 
85 10.940000 37179.097813 359894.037880 
86 10.950000 33765.925636 323452.400078 
87 10.960000 30696.682953 291023.157328 
88 10.970000 27933.683358 262129.671255 
89 10.980000 25443.695997 236355.988049 
90 10.990000 23197.380963 213338.604406 
91 11.000000 21168.800946 192759.418353 
92 11.010000 19334.998208 174339.684886 
93 11.020000 17675.627627 157834.825170 
94 11.030000 16172.637915 143029.961972 
95 11.040000 14809.994302 129736.074020 
96 11.050000 13573.436974 117786.678632 
97 11.060000 12450.270360 107034.965964 
98 11.070000 11429.179100 97351.319911 
99 11.080000 10500.067101 88621.170538 
100 11.090000 9653.916605 80743.131196 
101 11.100000 8882.664641 73627.380441 
102 11.110000 8179.094570 67194.254752 
103 11.120000 7536.740772 61373.023033 
104 11.130000 6949.804789 56100.818063 
105 11.140000 6413.081453 51321.703665 
106 11.150000 5921.893747 46985.859354 
107 11.160000 5472.035290 43048.866833 
108 11.170000 5059.719511 39471.084884 
109 11.180000 4681.534681 36217.101069 
110 11.190000 4334.404082 33255.250273 
111 11.200000 4015.550696 30557.191454 
112 11.210000 3722.465868 28097.535181 
113 11.220000 3452.881463 25853.515492 
114 11.230000 3204.745107 23804.700509 
115 11.240000 2976.198153 21932.736961 
116 11.250000 2765.556048 20221.124420 
117 11.260000 2571.290816 18655.015578 
118 11.270000 2392.015440 17221.039412 
119 11.280000 2226.469889 15907.144436 
120 11.290000 2073.508635 14702.459647 
121 11.300000 1932.089480 13597.171038 
122 11.310000 1801.263544 12582.411836 
123 11.320000 1680.166287 11650.164866 
124 11.330000 1568.009463 10793.175594 
125 11.340000 1464.073883 10004.874643 
126 11.350000 1367.702915 9279.308668 
127 11.360000 1278.296645 8611.078654 
128 11.370000 1195.306605 7995.284769 
129 11.380000 1118.231041 7427.477064 
130 11.390000 1046.610631 6903.611342 
131 11.400000 980.024637 6420.009628 
132 11.410000 918.087416 5973.324736 
133 11.420000 860.445277 5560.508484 
134 11.430000 806.773637 5178.783150 
135 11.440000 756.774445 4825.615829 
136 11.450000 710.173853 4498.695380 
137 11.460000 666.720102 4195.911670 
138 11.470000 626.181608 3915.336894 
139 11.480000 588.345225 3655.208739 
140 11.490000 553.014667 3413.915199 
141 11.500000 520.009071 3189.980871 
142 11.510000 489.161701 2982.054586 
143 11.520000 460.318758 2788.898224 
144 11.530000 433.338298 2609.376608 
145 11.540000 408.089257 2442.448347 
146 11.550000 384.450548 2287.157562 
147 11.560000 362.310249 2142.626373 
148 11.570000 341.564852 2008.048096 
149 11.580000 322.118589 1882.681073 
150 11.590000 303.882806 1765.843065 
151 11.600000 286.775396 1656.906162 
152 11.610000 270.720278 1555.292160 
153 11.620000 255.646924 1460.468351 
154 11.630000 241.489918 1371.943697 
155 11.640000 228.188566 1289.265344 
156 11.650000 215.686520 1212.015445 
157 11.660000 203.931451 1139.808270 
158 11.670000 192.874736 1072.287564 
159 11.680000 182.471178 1009.124137 
160 11.690000 172.678746 950.013668 
161 11.700000 163.458336 894.674692 
162 11.710000 154.773551 842.846769 
163 11.720000 146.590503 794.288801 
164 11.730000 138.877621 748.777494 
165 11.740000 131.605488 706.105956 
166 11.750000 124.746677 666.082406 
167 11.760000 118.275608 628.528994 
168 11.770000 112.168415 593.280718 
169 11.780000 106.402822 560.184431 
170 11.790000 100.958028 529.097932 
171 11.800000 95.814605 499.889125 
172 11.810000 90.954397 472.435257 
173 11.820000 86.360431 446.622203 
174 11.830000 82.016838 422.343825 
175 11.840000 77.908769 399.501370 
176 11.850000 74.022331 378.002920 
177 11.860000 70.344517 357.762887 
178 11.870000 66.863145 338.701547 
179 11.880000 63.566805 320.744610 
180 11.890000 60.444803 303.822821 
181 11.900000 57.487114 287.871600 
182 11.910000 54.684337 272.830700 
183 11.920000 52.027653 258.643898 
184 11.930000 49.508787 245.258706 
185 11.940000 47.119971 232.626107 
186 11.950000 44.853909 220.700309 
187 11.960000 42.703752 209.438517 
188 11.970000 40.663059 198.800724 
189 11.980000 38.725782 188.749518 
190 11.990000 36.886231 179.249897 
191 12.000000 35.139055 170.269109 
192 12.010000 33.479221 161.776494 
193 12.020000 31.901994 153.743340 
194 12.030000 30.402913 146.142754 
195 12.040000 28.977781 138.949534 
196 12.050000 27.622643 132.140061 
197 12.060000 26.333775 125.692187 
198 12.070000 25.107664 119.585140 
199 12.080000 23.941001 113.799432 
200 12.090000 22.830665 108.316775 
201 12.100000 21.773712 103.119998 
202 12.110000 20.767366 98.192981 
203 12.120000 19.809004 93.520577 
204 12.130000 18.896153 89.088559 
205 12.140000 18.026476 84.883552 
206 12.150000 17.197767 80.892983 
207 12.160000 16.407941 77.105028 
208 12.170000 15.655029 73.508564 
209 12.180000 14.937167 70.093127 
210 12.190000 14.252596 66.848865 
211 12.200000 13.599650 63.766506 
212 12.210000 12.976755 60.837316 
213 12.220000 12.382420 58.053069 
214 12.230000 11.815236 55.406015 
215 12.240000 11.273867 52.888848 
216 12.250000 10.757049 50.494682 
217 12.260000 10.263585 48.217023 
218 12.270000 9.792341 46.049747 
219 12.280000 9.342242 43.987075 
220 12.290000 8.912269 42.023554 
221 12.300000 8.501457 40.154037 
222 12.310000 8.108891 38.373665 
223 12.320000 7.733702 36.677846 
224 12.330000 7.375067 35.062248 
225 12.340000 7.032204 33.522772 
226 12.350000 6.704371 32.055548 
227 12.360000 6.390864 30.656916 
228 12.370000 6.091015 29.323417 
229 12.380000 5.804189 28.051778 
230 12.390000 5.529784 26.838904 
231 12.400000 5.267225 25.681865 
232 12.410000 5.015970 24.577890 
233 12.420000 4.775499 23.524354 
234 12.430000 4.545323 22.518774 
235 12.440000 4.324972 21.558796 
236 12.450000 4.114002 20.642193 
237 12.460000 3.911991 19.766851 
238 12.470000 3.718534 18.930771 
239 12.480000 3.533251 18.132056 
240 12.490000 3.355775 17.368907 
241 12.500000 3.185760 16.639620 
242 12.510000 3.022875 15.942577 
243 12.520000 2.866806 15.276244 
244 12.530000 2.717252 14.639165 
245 12.540000 2.573929 14.029959 
246 12.550000 2.436565 13.447315 
247 12.560000 2.304899 12.889986 
248 12.570000 2.178684 12.356792 
249 12.580000 2.057686 11.846608 
250 12.590000 1.941679 11.358369 
251 12.600000 1.830449 10.891059 
252 12.610000 1.723791 10.443717 
253 12.620000 1.621511 10.015426 
254 12.630000 1.523422 9.605315 
255 12.640000 1.429347 9.212557 
256 12.650000 1.339116 8.836364 
257 12.660000 1.252567 8.475988 
258 12.670000 1.169546 8.130715 
259 12.680000 1.089905 7.799868 
260 12.690000 1.013503 7.482801 
261 12.700000 0.940205 7.178899 
262 12.710000 0.869883 6.887578 
263 12.720000 0.802413 6.608281 
264 12.730000 0.737679 6.340476 
265 12.740000 0.675567 6.083659 
266 12.750000 0.615971 5.837348 
267 12.760000 0.558787 5.601083 
268 12.770000 0.503917 5.374428 
269 12.780000 0.451267 5.156965 
270 12.790000 0.400748 4.948297 
271 12.800000 0.352273 4.748045 
272 12.810000 0.305761 4.555846 
273 12.820000 0.261131 4.371357 
274 12.830000 0.218309 4.194247 
275 12.840000 0.177222 4.024204 
276 12.850000 0.137802 3.860926 
277 12.860000 0.099982 3.704129 
278 12.870000 0.063699 3.553538 
279 12.880000 0.028892 3.408894 
280 12.890000 -0.004498 3.269947 
281 12.900000 -0.036526 3.136459 
282 12.910000 -0.067245 3.008203 
283 12.920000 -0.096706 2.884963 
284 12.930000 -0.124960 2.766529 
285 12.940000 -0.152052 2.652705 
286 12.950000 -0.178029 2.543301 
287 12.960000 -0.202932 2.438135 
288 12.970000 -0.226805 2.337035 
289 12.980000 -0.249686 2.239834 
290 12.990000 -0.271614 2.146375 
291 13.000000 -0.292626 2.056505 
292 13.010000 -0.312756 1.970080 
293 13.020000 -0.332038 1.886961 
294 13.030000 -0.350506 1.807015 
295 13.040000 -0.368189 1.730116 
296 13.050000 -0.385118 1.656141 
297 13.060000 -0.401321 1.584974 
298 13.070000 -0.416826 1.516504 
299 13.080000 -0.431660 1.450624 
300 13.090000 -0.445847 1.387232 
301 13.100000 -0.459412 1.326229 
302 13.110000 -0.472379 1.267523 
303 13.120000 -0.484770 1.211022 
304 13.130000 -0.496607 1.156642 
305 13.140000 -0.507910 1.104298 
306 13.150000 -0.518699 1.053914 
307 13.160000 -0.528994 1.005411 
308 13.170000 -0.538813 0.958718 
309 13.180000 -0.548174 0.913765 
310 13.190000 -0.557094 0.870486 
311 13.200000 -0.565589 0.828815 
312 13.210000 -0.573676 0.788691 
313 13.220000 -0.581368 0.750057 
314 13.230000 -0.588682 0.712853 
315 13.240000 -0.595630 0.677028 
316 13.250000 -0.602227 0.642527 
317 13.260000 -0.608485 0.609302 
318 13.270000 -0.614417 0.577305 
319 13.280000 -0.620035 0.546488 
320 13.290000 -0.625350 0.516808 
321 13.300000 -0.630374 0.488223 
322 13.310000 -0.635118 0.460691 
323 13.320000 -0.639592 0.434173 
324 13.330000 -0.643805 0.408632 
325 13.340000 -0.647767 0.384032 
326 13.350000 -0.651489 0.360337 
327 13.360000 -0.654977 0.337514 
328 13.370000 -0.658242 0.315531 
329 13.380000 -0.661290 0.294358 
330 13.390000 -0.664131 0.273964 
331 13.400000 -0.666772 0.254322 
332 13.410000 -0.669220 0.235403 
333 13.420000 -0.671483 0.217181 
334 13.430000 -0.673566 0.199632 
335 13.440000 -0.675477 0.182730 
336 13.450000 -0.677223 0.166452 
337 13.460000 -0.678808 0.150776 
338 13.470000 -0.680240 0.135680 
339 13.480000 -0.681524 0.121143 
340 13.490000 -0.682665 0.107145 
341 13.500000 -0.683669 0.093667 
342 13.510000 -0.684540 0.080689 
343 13.520000 -0.685284 0.068195 
344 13.530000 -0.685905 0.056167 
345 13.540000 -0.686409 0.044588 
346 13.550000 -0.686799 0.033443 
347 13.560000 -0.687079 0.022715 
348 13.570000 -0.687254 0.012391 
349 13.580000 -0.687328 0.002456 
350 13.590000 -0.687305 -0.007104 
351 13.600000 -0.687187 -0.016302 
352 13.610000 -0.686980 -0.025151 
353 13.620000 -0.686685 -0.033662 
354 13.630000 -0.686308 -0.041849 
355 13.640000 -0.685849 -0.049722 
356 13.650000 -0.685314 -0.057292 
357 13.660000 -0.684705 -0.064569 
358 13.670000 -0.684024 -0.071565 
359 13.680000 -0.683274 -0.078288 
360 13.690000 -0.682459 -0.084749 
361 13.700000 -0.681580 -0.090956 
362 13.710000 -0.680640 -0.096919 
363 13.720000 -0.679642 -0.102645 
364 13.730000 -0.678588 -0.108143 
365 13.740000 -0.677480 -0.113420 
366 13.750000 -0.676321 -0.118485 
367 13.760000 -0.675111 -0.123345 
368 13.770000 -0.673854 -0.128007 
369 13.780000 -0.672552 -0.132477 
370 13.790000 -0.671205 -0.136762 
371 13.800000 -0.669817 -0.140870 
372 13.810000 -0.668389 -0.144804 
373 13.820000 -0.666922 -0.148573 
374 13.830000 -0.665418 -0.152181 
375 13.840000 -0.663879 -0.155633 
376 13.850000 -0.662306 -0.158936 
377 13.860000 -0.660700 -0.162094 
378 13.870000 -0.659064 -0.165113 
379 13.880000 -0.657398 -0.167996 
380 13.890000 -0.655705 -0.170749 
381 13.900000 -0.653984 -0.173377 
382 13.910000 -0.652238 -0.175882 
383 13.920000 -0.650467 -0.178271 
384 13.930000 -0.648672 -0.180546 
385 13.940000 -0.646856 -0.182711 
386 13.950000 -0.645019 -0.184771 
387 13.960000 -0.643161 -0.186729 
388 13.970000 -0.641284 -0.188588 
389 13.980000 -0.639390 -0.190351 
390 13.990000 -0.637478 -0.192023 
391 14.000000 -0.635549 -0.193606 
392 14.010000 -0.633606 -0.195103 
393 14.020000 -0.631648 -0.196517 
394 14.030000 -0.629676 -0.197851 
395 14.040000 -0.627691 -0.199108 
396 14.050000 -0.625694 -0.200290 
397 14.060000 -0.623685 -0.201401 
398 14.070000 -0.621666 -0.202441 
399 14.080000 -0.619637 -0.203414 
400 14.090000 -0.617598 -0.204323 
401 14.100000 -0.615550 -0.205169 
402 14.110000 -0.613495 -0.205954 
403 14.120000 -0.611432 -0.206681 
404 14.130000 -0.609361 -0.207351 
405 14.140000 -0.607285 -0.207968 
406 14.150000 -0.605202 -0.208531 
407 14.160000 -0.603114 -0.209044 
408 14.170000 -0.601021 -0.209508 
409 14.180000 -0.598924 -0.209925 
410 14.190000 -0.596823 -0.210296 
411 14.200000 -0.594719 -0.210623 
412 14.210000 -0.592611 -0.210908 
413 14.220000 -0.590500 -0.211151 
414 14.230000 -0.588388 -0.211356 
415 14.240000 -0.586274 -0.211522 
416 14.250000 -0.584158 -0.211651 
417 14.260000 -0.582041 -0.211745 
418 14.270000 -0.579923 -0.211805 
419 14.280000 -0.577805 -0.211832 
420 14.290000 -0.575686 -0.211827 
421 14.300000 -0.573568 -0.211791 
422 14.310000 -0.571451 -0.211726 
423 14.320000 -0.569334 -0.211632 
424 14.330000 -0.567218 -0.211511 
425 14.340000 -0.565104 -0.211364 
426 14.350000 -0.562991 -0.211191 
427 14.360000 -0.560880 -0.210993 
428 14.370000 -0.558771 -0.210772 
429 14.380000 -0.556665 -0.210529 
430 14.390000 -0.554561 -0.210263 
431 14.400000 -0.552459 -0.209976 
432 14.410000 -0.550361 -0.209670 
433 14.420000 -0.548266 -0.209343 
434 14.430000 -0.546174 -0.208998 
435 14.440000 -0.544086 -0.208635 
436 14.450000 -0.542002 -0.208255 
437 14.460000 -0.539921 -0.207858 
438 14.470000 -0.537845 -0.207444 
439 14.480000 -0.535772 -0.207016 
440 14.490000 -0.533704 -0.206573 
441 14.500000 -0.531641 -0.206116 
442 14.510000 -0.529582 -0.205645 
443 14.520000 -0.527528 -0.205161 
444 14.530000 -0.525479 -0.204665 
445 14.540000 -0.523435 -0.204156 
446 14.550000 -0.521396 -0.203636 
447 14.560000 -0.519362 -0.203106 
448 14.570000 -0.517334 -0.202564 
449 14.580000 -0.515311 -0.202013 
450 14.590000 -0.513293 -0.201452 
451 14.600000 -0.511282 -0.200882 
452 14.610000 -0.509276 -0.200303 
453 14.620000 -0.507276 -0.199716 
454 14.630000 -0.505282 -0.199121 
455 14.640000 -0.503293 -0.198518 
456 14.650000 -0.501311 -0.197908 
457 14.660000 -0.499335 -0.197291 
458 14.670000 -0.497365 -0.196667 
459 14.680000 -0.495402 -0.196038 
460 14.690000 -0.493445 -0.195402 
461 14.700000 -0.491494 -0.194761 
462 14.710000 -0.489549 -0.194114 
463 14.720000 -0.487612 -0.193463 
464 14.730000 -0.485680 -0.192806 
465 14.740000 -0.483755 -0.192146 
466 14.750000 -0.481837 -0.191481 
467 14.760000 -0.479926 -0.190812 
468 14.770000 -0.478021 -0.190139 
469 14.780000 -0.476123 -0.189463 
470 14.790000 -0.474232 -0.188784 
471 14.800000 -0.472347 -0.188101 
472 14.810000 -0.470470 -0.187416 
473 14.820000 -0.468599 -0.186728 
474 14.830000 -0.466735 -0.186038 
475 14.840000 -0.464878 -0.185346 
476 14.850000 -0.463028 -0.184651 
477 14.860000 -0.461185 -0.183955 
478 14.870000 -0.459349 -0.183257 
479 14.880000 -0.457520 -0.182558 
480 14.890000 -0.455698 -0.181857 
481 14.900000 -0.453883 -0.181155 
482 14.910000 -0.452075 -0.180452 
483 14.920000 -0.450274 -0.179748 
484 14.930000 -0.448480 -0.179043 
485 14.940000 -0.446693 -0.178338 
486 14.950000 -0.444913 -0.177632 
487 14.960000 -0.443141 -0.176926 
488 14.970000 -0.441375 -0.176219 
489 14.980000 -0.439616 -0.175513 
490 14.990000 -0.437865 -0.174806 
491 15.000000 -0.436120 -0.174100 
492 15.010000 -0.434383 -0.173394 
493 15.020000 -0.432652 -0.172688 
494 15.030000 -0.430929 -0.171983 
495 15.040000 -0.429213 -0.171278 
496 15.050000 -0.427503 -0.170573 
497 15.060000 -0.425801 -0.169870 
498 15.070000 -0.424106 -0.169167 
499 15.080000 -0.422418 -0.168465 
500 15.090000 -0.420737 -0.167764 
501 15.100000 -0.419062 -0.167064 
502 15.110000 -0.417395 -0.166366 
503 15.120000 -0.415735 -0.165668 
504 15.130000 -0.414082 -0.164972 
505 15.140000 -0.412436 -0.164276 
506 15.150000 -0.410796 -0.163583 
507 15.160000 -0.409164 -0.162890 
508 15.170000 -0.407539 -0.162200 
509 15.180000 -0.405920 -0.161510 
510 15.190000 -0.404308 -0.160823 
511 15.200000 -0.402704 -0.160137 
512 15.210000 -0.401106 -0.159453 
513 15.220000 -0.399515 -0.158770 
514 15.230000 -0.397930 -0.158089 
515 15.240000 -0.396353 -0.157410 
516 15.250000 -0.394782 -0.156734 
517 15.260000 -0.393218 -0.156058 
518 15.270000 -0.391661 -0.155385 
519 15.280000 -0.390110 -0.154714 
520 15.290000 -0.388567 -0.154045 
521 15.300000 -0.387029 -0.153378 
522 15.310000 -0.385499 -0.152713 
523 15.320000 -0.383975 -0.152051 
524 15.330000 -0.382458 -0.151390 
525 15.340000 -0.380947 -0.150732 
526 15.350000 -0.379443 -0.150076 
527 15.360000 -0.377946 -0.149422 
528 15.370000 -0.376455 -0.148770 
529 15.380000 -0.374970 -0.148121 
530 15.390000 -0.373492 -0.147474 
531 15.400000 -0.372021 -0.146829 
532 15.410000 -0.370556 -0.146187 
533 15.420000 -0.369097 -0.145547 
534 15.430000 -0.367645 -0.144910 
535 15.440000 -0.366199 -0.144275 
536 15.450000 -0.364759 -0.143642 
537 15.460000 -0.363326 -0.143012 
538 15.470000 -0.361899 -0.142384 
539 15.480000 -0.360478 -0.141759 
540 15.490000 -0.359064 -0.141136 
541 15.500000 -0.357656 -0.140516 
542 15.510000 -0.356254 -0.139898 
543 15.520000 -0.354858 -0.139283 
544 15.530000 -0.353468 -0.138670 
545 15.540000 -0.352084 -0.138060 
546 15.550000 -0.350707 -0.137452 
547 15.560000 -0.349335 -0.136847 
548 15.570000 -0.347970 -0.136245 
549 15.580000 -0.346610 -0.135645 
550 15.590000 -0.345257 -0.135047 
551 15.600000 -0.343909 -0.134452 
552 15.610000 -0.342568 -0.133860 
553 15.620000 -0.341232 -0.133270 
554 15.630000 -0.339902 -0.132683 
555 15.640000 -0.338578 -0.132099 
556 15.650000 -0.337260 -0.131517 
557 15.660000 -0.335948 -0.130937 
558 15.670000 -0.334642 -0.130360 
559 15.680000 -0.333341 -0.129786 
560 15.690000 -0.332046 -0.129215 
561 15.700000 -0.330757 -0.128646 
562 15.710000 -0.329473 -0.128079 
563 15.720000 -0.328195 -0.127515 
564 15.730000 -0.326923 -0.126954 
565 15.740000 -0.325656 -0.126395 
566 15.750000 -0.324395 -0.125839 
567 15.760000 -0.323139 -0.125285 
568 15.770000 -0.321889 -0.124734 
569 15.780000 -0.320644 -0.124186 
570 15.790000 -0.319405 -0.123640 
571 15.800000 -0.318172 -0.123097 
572 15.810000 -0.316943 -0.122556 
573 15.820000 -0.315721 -0.122018 
574 15.830000 -0.314503 -0.121482 
575 15.840000 -0.313291 -0.120949 
576 15.850000 -0.312084 -0.120418 
577 15.860000 -0.310883 -0.119890 
578 15.870000 -0.309686 -0.119365 
579 15.880000 -0.308495 -0.118842 
580 15.890000 -0.307309 -0.118321 
581 15.900000 -0.306129 -0.117803 
582 15.910000 -0.304953 -0.117288 
583 15.920000 -0.303783 -0.116775 
584 15.930000 -0.302618 -0.116264 
585 15.940000 -0.301458 -0.115756 
586 15.950000 -0.300303 -0.115251 
587 15.960000 -0.299153 -0.114747 
588 15.970000 -0.298008 -0.114247 
589 15.980000 -0.296868 -0.113749 
590 15.990000 -0.295733 -0.113253 
591 16.000000 -0.294603 -0.112759 
592 16.010000 -0.293478 -0.112268 
593 16.020000 -0.292357 -0.111780 
594 16.030000 -0.291242 -0.111294 
595 16.040000 -0.290131 -0.110810 
596 16.050000 -0.289026 -0.110329 
597 16.060000 -0.287925 -0.109850 
598 16.070000 -0.286829 -0.109373 
599 16.080000 -0.285737 -0.108899 
600 16.090000 -0.284651 -0.108427 
601 16.100000 -0.283569 -0.107957 
602 16.110000 -0.282492 -0.107490 
603 16.120000 -0.281419 -0.107025 
604 16.130000 -0.280351 -0.106563 
605 16.140000 -0.279288 -0.106102 
606 16.150000 -0.278229 -0.105644 
607 16.160000 -0.277175 -0.105189 
608 16.170000 -0.276125 -0.104735 
609 16.180000 -0.275080 -0.104284 
610 16.190000 -0.274040 -0.103835 
611 16.200000 -0.273003 -0.103389 
612 16.210000 -0.271972 -0.102944 
613 16.220000 -0.270945 -0.102502 
614 16.230000 -0.269922 -0.102062 
615 16.240000 -0.268903 -0.101624 
616 16.250000 -0.267889 -0.101189 
617 16.260000 -0.266880 -0.100755 
618 16.270000 -0.265874 -0.100324 
619 16.280000 -0.264873 -0.099895 
620 16.290000 -0.263876 -0.099468 
621 16.300000 -0.262884 -0.099043 
622 16.310000 -0.261895 -0.098621 
623 16.320000 -0.260911 -0.098200 
624 16.330000 -0.259931 -0.097782 
625 16.340000 -0.258956 -0.097366 
626 16.350000 -0.257984 -0.096951 
627 16.360000 -0.257017 -0.096539 
628 16.370000 -0.256053 -0.096129 
629 16.380000 -0.255094 -0.095721 
630 16.390000 -0.254139 -0.095315 
631 16.400000 -0.253188 -0.094912 
632 16.410000 -0.252241 -0.094510 
633 16.420000 -0.251297 -0.094110 
634 16.430000 -0.250358 -0.093712 
635 16.440000 -0.249423 -0.093317 
636 16.450000 -0.248492 -0.092923 
637 16.460000 -0.247565 -0.092531 
638 16.470000 -0.246641 -0.092141 
639 16.480000 -0.245722 -0.091753 
640 16.490000 -0.244806 -0.091368 
641 16.500000 -0.243895 -0.090984 
642 16.510000 -0.242987 -0.090602 
643 16.520000 -0.242083 -0.090222 
644 16.530000 -0.241182 -0.089843 
645 16.540000 -0.240286 -0.089467 
646 16.550000 -0.239393 -0.089093 
647 16.560000 -0.238504 -0.088720 
648 16.570000 -0.237618 -0.088350 
649 16.580000 -0.236737 -0.087981 
650 16.590000 -0.235859 -0.087614 
651 16.600000 -0.234985 -0.087249 
652 16.610000 -0.234114 -0.086886 
653 16.620000 -0.233247 -0.086524 
654 16.630000 -0.232383 -0.086165 
655 16.640000 -0.231523 -0.085807 
656 16.650000 -0.230667 -0.085451 
657 16.660000 -0.229814 -0.085097 
658 16.670000 -0.228965 -0.084745 
659 16.680000 -0.228120 -0.084394 
660 16.690000 -0.227277 -0.084045 
661 16.700000 -0.226439 -0.083698 
662 16.710000 -0.225603 -0.083353 
663 16.720000 -0.224772 -0.083009 
664 16.730000 -0.223943 -0.082667 
665 16.740000 -0.223118 -0.082327 
666 16.750000 -0.222297 -0.081988 
667 16.760000 -0.221478 -0.081652 
668 16.770000 -0.220664 -0.081317 
669 16.780000 -0.219852 -0.080983 
670 16.790000 -0.219044 -0.080651 
671 16.800000 -0.218239 -0.080321 
672 16.810000 -0.217438 -0.079993 
673 16.820000 -0.216639 -0.079666 
674 16.830000 -0.215844 -0.079341 
675 16.840000 -0.215052 -0.079017 
676 16.850000 -0.214264 -0.078695 
677 16.860000 -0.213478 -0.078375 
678 16.870000 -0.212696 -0.078056 
679 16.880000 -0.211917 -0.077739 
680 16.890000 -0.211142 -0.077423 
681 16.900000 -0.210369 -0.077109 
682 16.910000 -0.209599 -0.076797 
683 16.920000 -0.208833 -0.076486 
684 16.930000 -0.208070 -0.076177 
685 16.940000 -0.207309 -0.075869 
686 16.950000 -0.206552 -0.075562 
687 16.960000 -0.205798 -0.075258 
688 16.970000 -0.205047 -0.074954 
689 16.980000 -0.204299 -0.074653 
690 16.990000 -0.203554 -0.074352 
691 17.000000 -0.202812 -0.074053 
692 17.010000 -0.202073 -0.073756 
693 17.020000 -0.201337 -0.073460 
694 17.030000 -0.200604 -0.073166 
695 17.040000 -0.199874 -0.072873 
696 17.050000 -0.199146 -0.072581 
697 17.060000 -0.198422 -0.072291 
698 17.070000 -0.197700 -0.072003 
699 17.080000 -0.196982 -0.071715 
700 17.090000 -0.196266 -0.071430 
701 17.100000 -0.195553 -0.071145 
702 17.110000 -0.194843 -0.070862 
703 17.120000 -0.194136 -0.070580 
704 17.130000 -0.193432 -0.070300 
705 17.140000 -0.192730 -0.070021 
706 17.150000 -0.192031 -0.069744 
707 17.160000 -0.191335 -0.069468 
708 17.170000 -0.190642 -0.069193 
709 17.180000 -0.189951 -0.068919 
710 17.190000 -0.189263 -0.068647 
711 17.200000 -0.188578 -0.068376 
712 17.210000 -0.187896 -0.068107 
713 17.220000 -0.187216 -0.067839 
714 17.230000 -0.186539 -0.067572 
715 17.240000 -0.185865 -0.067306 
716 17.250000 -0.185193 -0.067042 
717 17.260000 -0.184524 -0.066779 
718 17.270000 -0.183857 -0.066517 
719 17.280000 -0.183194 -0.066257 
720 17.290000 -0.182532 -0.065998 
721 17.300000 -0.181874 -0.065740 
722 17.310000 -0.181218 -0.065483 
723 17.320000 -0.180564 -0.065227 
724 17.330000 -0.179913 -0.064973 
725 17.340000 -0.179264 -0.064720 
726 17.350000 -0.178619 -0.064468 
727 17.360000 -0.177975 -0.064218 
728 17.370000 -0.177334 -0.063969 
729 17.380000 -0.176696 -0.063720 
730 17.390000 -0.176060 -0.063473 
731 17.400000 -0.175426 -0.063228 
732 17.410000 -0.174795 -0.062983 
733 17.420000 -0.174167 -0.062740 
734 17.430000 -0.173540 -0.062497 
735 17.440000 -0.172917 -0.062256 
736 17.450000 -0.172295 -0.062016 
737 17.460000 -0.171676 -0.061778 
738 17.470000 -0.171060 -0.061540 
739 17.480000 -0.170446 -0.061303 
740 17.490000 -0.169834 -0.061068 
741 17.500000 -0.169224 -0.060834 
742 17.510000 -0.168617 -0.060601 
743 17.520000 -0.168012 -0.060369 
744 17.530000 -0.167410 -0.060138 
745 17.540000 -0.166809 -0.059908 
746 17.550000 -0.166211 -0.059679 
747 17.560000 -0.165616 -0.059451 
748 17.570000 -0.165022 -0.059225 
749 17.580000 -0.164431 -0.058999 
750 17.590000 -0.163842 -0.058775 
751 17.600000 -0.163256 -0.058551 
752 17.610000 -0.162671 -0.058329 
753 17.620000 -0.162089 -0.058108 
754 17.630000 -0.161509 -0.057887 
755 17.640000 -0.160931 -0.057668 
756 17.650000 -0.160356 -0.057450 
757 17.660000 -0.159782 -0.057233 
758 17.670000 -0.159211 -0.057017 
759 17.680000 -0.158642 -0.056802 
760 17.690000 -0.158075 -0.056588 
761 17.700000 -0.157510 -0.056374 
762 17.710000 -0.156948 -0.056162 
763 17.720000 -0.156387 -0.055951 
764 17.730000 -0.155829 -0.055741 
765 17.740000 -0.155272 -0.055532 
766 17.750000 -0.154718 -0.055324 
767 17.760000 -0.154166 -0.055117 
768 17.770000 -0.153616 -0.054910 
769 17.780000 -0.153068 -0.054705 
770 17.790000 -0.152522 -0.054501 
771 17.800000 -0.151978 -0.054297 
772 17.810000 -0.151436 -0.054095 
773 17.820000 -0.150896 -0.053894 
774 17.830000 -0.150358 -0.053693 
775 17.840000 -0.149822 -0.053493 
776 17.850000 -0.149288 -0.053295 
777 17.860000 -0.148756 -0.053097 
778 17.870000 -0.148226 -0.052900 
779 17.880000 -0.147698 -0.052704 
780 17.890000 -0.147172 -0.052509 
781 17.900000 -0.146648 -0.052315 
782 17.910000 -0.146126 -0.052122 
783 17.920000 -0.145605 -0.051929 
784 17.930000 -0.145087 -0.051738 
785 17.940000 -0.144571 -0.051547 
786 17.950000 -0.144056 -0.051357 
787 17.960000 -0.143543 -0.051169 
788 17.970000 -0.143033 -0.050981 
789 17.980000 -0.142524 -0.050793 
790 17.990000 -0.142017 -0.050607 
791 18.000000 -0.141512 -0.050422 
792 18.010000 -0.141008 -0.050237 
793 18.020000 -0.140507 -0.050053 
794 18.030000 -0.140007 -0.049871 
795 18.040000 -0.139509 -0.049688 
796 18.050000 -0.139013 -0.049507 
797 18.060000 -0.138519 -0.049327 
798 18.070000 -0.138027 -0.049147 
799 18.080000 -0.137536 -0.048968 
800 18.090000 -0.137048 -0.048790 
801 18.100000 -0.136561 -0.048613 
802 18.110000 -0.136075 -0.048437 
803 18.120000 -0.135592 -0.048261 
804 18.130000 -0.135110 -0.048087 
805 18.140000 -0.134630 -0.047913 
806 18.150000 -0.134152 -0.047739 
807 18.160000 -0.133675 -0.047567 
808 18.170000 -0.133200 -0.047395 
809 18.180000 -0.132727 -0.047224 
810 18.190000 -0.132256 -0.047054 
811 18.200000 -0.131786 -0.046885 
812 18.210000 -0.131318 -0.046716 
813 18.220000 -0.130852 -0.046549 
814 18.230000 -0.130387 -0.046382 
815 18.240000 -0.129924 -0.046215 
816 18.250000 -0.129463 -0.046050 
817 18.260000 -0.129003 -0.045885 
818 18.270000 -0.128545 -0.045721 
819 18.280000 -0.128089 -0.045557 
820 18.290000 -0.127634 -0.045395 
821 18.300000 -0.127181 -0.045233 
822 18.310000 -0.126729 -0.045072 
823 18.320000 -0.126280 -0.044911 
824 18.330000 -0.125831 -0.044751 
825 18.340000 -0.125385 -0.044592 
826 18.350000 -0.124939 -0.044434 
827 18.360000 -0.124496 -0.044276 
828 18.370000 -0.124054 -0.044119 
829 18.380000 -0.123613 -0.043963 
830 18.390000 -0.123175 -0.043807 
831 18.400000 -0.122737 -0.043653 
832 18.410000 -0.122302 -0.043498 
833 18.420000 -0.121867 -0.043345 
834 18.430000 -0.121435 -0.043192 
835 18.440000 -0.121004 -0.043040 
836 18.450000 -0.120574 -0.042888 
837 18.460000 -0.120146 -0.042737 
838 18.470000 -0.119719 -0.042587 
839 18.480000 -0.119294 -0.042438 
840 18.490000 -0.118870 -0.042289 
841 18.500000 -0.118448 -0.042141 
842 18.510000 -0.118028 -0.041993 
843 18.520000 -0.117608 -0.041846 
844 18.530000 -0.117191 -0.041700 
845 18.540000 -0.116774 -0.041554 
846 18.550000 -0.116360 -0.041409 
847 18.560000 -0.115946 -0.041265 
848 18.570000 -0.115534 -0.041121 
849 18.580000 -0.115124 -0.040978 
850 18.590000 -0.114715 -0.040835 
851 18.600000 -0.114307 -0.040693 
852 18.610000 -0.113901 -0.040552 
853 18.620000 -0.113496 -0.040411 
854 18.630000 -0.113093 -0.040271 
855 18.640000 -0.112691 -0.040132 
856 18.650000 -0.112290 -0.039993 
857 18.660000 -0.111891 -0.039855 
858 18.670000 -0.111493 -0.039717 
859 18.680000 -0.111096 -0.039580 
860 18.690000 -0.110701 -0.039444 
861 18.700000 -0.110307 -0.039308 
862 18.710000 -0.109915 -0.039172 
863 18.720000 -0.109524 -0.039038 
864 18.730000 -0.109134 -0.038904 
865 18.740000 -0.108746 -0.038770 
866 18.750000 -0.108359 -0.038637 
867 18.760000 -0.107973 -0.038505 
868 18.770000 -0.107589 -0.038373 
869 18.780000 -0.107206 -0.038241 
870 18.790000 -0.106824 -0.038111 
871 18.800000 -0.106444 -0.037980 
872 18.810000 -0.106064 -0.037851 
873 18.820000 -0.105687 -0.037722 
874 18.830000 -0.105310 -0.037593 
875 18.840000 -0.104935 -0.037465 
876 18.850000 -0.104561 -0.037338 
877 18.860000 -0.104188 -0.037211 
878 18.870000 -0.103816 -0.037085 
879 18.880000 -0.103446 -0.036959 
880 18.890000 -0.103077 -0.036833 
881 18.900000 -0.102710 -0.036709 
882 18.910000 -0.102343 -0.036584 
883 18.920000 -0.101978 -0.036461 
884 18.930000 -0.101614 -0.036337 
885 18.940000 -0.101251 -0.036215 
886 18.950000 -0.100890 -0.036093 
887 18.960000 -0.100529 -0.035971 
888 18.970000 -0.100170 -0.035850 
889 18.980000 -0.099812 -0.035729 
890 18.990000 -0.099456 -0.035609 
891 19.000000 -0.099100 -0.035490 
892 19.010000 -0.098746 -0.035370 
893 19.020000 -0.098393 -0.035252 
894 19.030000 -0.098041 -0.035134 
895 19.040000 -0.097690 -0.035016 
896 19.050000 -0.097340 -0.034899 
897 19.060000 -0.096992 -0.034782 
898 19.070000 -0.096645 -0.034666 
899 19.080000 -0.096299 -0.034550 
900 19.090000 -0.095954 -0.034435 
901 19.100000 -0.095610 -0.034320 
902 19.110000 -0.095267 -0.034206 
903 19.120000 -0.094926 -0.034092 
904 19.130000 -0.094585 -0.033979 
905 19.140000 -0.094246 -0.033866 
906 19.150000 -0.093908 -0.033754 
907 19.160000 -0.093571 -0.033642 
908 19.170000 -0.093235 -0.033531 
909 19.180000 -0.092901 -0.033420 
910 19.190000 -0.092567 -0.033309 
911 19.200000 -0.092234 -0.033199 
912 19.210000 -0.091903 -0.033089 
913 19.220000 -0.091573 -0.032980 
914 19.230000 -0.091243 -0.032872 
915 19.240000 -0.090915 -0.032763 
916 19.250000 -0.090588 -0.032655 
917 19.260000 -0.090262 -0.032548 
918 19.270000 -0.089937 -0.032441 
919 19.280000 -0.089613 -0.032335 
920 19.290000 -0.089290 -0.032229 
921 19.300000 -0.088969 -0.032123 
922 19.310000 -0.088648 -0.032018 
923 19.320000 -0.088328 -0.031913 
924 19.330000 -0.088010 -0.031809 
925 19.340000 -0.087692 -0.031705 
926 19.350000 -0.087376 -0.031601 
927 19.360000 -0.087060 -0.031498 
928 19.370000 -0.086746 -0.031395 
929 19.380000 -0.086432 -0.031293 
930 19.390000 -0.086120 -0.031191 
931 19.400000 -0.085808 -0.031090 
932 19.410000 -0.085498 -0.030989 
933 19.420000 -0.085189 -0.030888 
934 19.430000 -0.084880 -0.030788 
935 19.440000 -0.084573 -0.030688 
936 19.450000 -0.084266 -0.030589 
937 19.460000 -0.083961 -0.030490 
938 19.470000 -0.083657 -0.030391 
939 19.480000 -0.083353 -0.030293 
940 19.490000 -0.083051 -0.030196 
941 19.500000 -0.082749 -0.030098 
942 19.510000 -0.082449 -0.030001 
943 19.520000 -0.082149 -0.029904 
944 19.530000 -0.081851 -0.029808 
945 19.540000 -0.081553 -0.029712 
946 19.550000 -0.081256 -0.029617 
947 19.560000 -0.080961 -0.029522 
948 19.570000 -0.080666 -0.029427 
949 19.580000 -0.080372 -0.029333 
950 19.590000 -0.080079 -0.029239 
951 19.600000 -0.079787 -0.029145 
952 19.610000 -0.079496 -0.029052 
953 19.620000 -0.079206 -0.028959 
954 19.630000 -0.078917 -0.028867 
955 19.640000 -0.078629 -0.028775 
956 19.650000 -0.078342 -0.028683 
957 19.660000 -0.078055 -0.028592 
958 19.670000 -0.077770 -0.028501 
959 19.680000 -0.077485 -0.028410 
960 19.690000 -0.077202 -0.028320 
961 19.700000 -0.076919 -0.028230 
962 19.710000 -0.076637 -0.028140 
963 19.720000 -0.076356 -0.028051 
964 19.730000 -0.076076 -0.027962 
965 19.740000 -0.075797 -0.027874 
966 19.750000 -0.075519 -0.027785 
967 19.760000 -0.075241 -0.027698 
968 19.770000 -0.074965 -0.027610 
969 19.780000 -0.074689 -0.027523 
970 19.790000 -0.074414 -0.027436 
971 19.800000 -0.074140 -0.027350 
972 19.810000 -0.073867 -0.027264 
973 19.820000 -0.073595 -0.027178 
974 19.830000 -0.073324 -0.027093 
975 19.840000 -0.073053 -0.027007 
976 19.850000 -0.072783 -0.026923 
977 19.860000 -0.072515 -0.026838 
978 19.870000 -0.072247 -0.026754 
979 19.880000 -0.071980 -0.026670 
980 19.890000 -0.071713 -0.026587 
981 19.900000 -0.071448 -0.026504 
982 19.910000 -0.071183 -0.026421 
983 19.920000 -0.070919 -0.026338 
984 19.930000 -0.070656 -0.026256 
985 19.940000 -0.070394 -0.026174 
986 19.950000 -0.070133 -0.026093 
987 19.960000 -0.069872 -0.026012 
988 19.970000 -0.069613 -0.025931 
989 19.980000 -0.069354 -0.025850 
990 19.990000 -0.069096 -0.025770 
991 20.000000 -0.068838 -0.025690 
992 20.010000 -0.068582 -0.025610 
993 20.020000 -0.068326 -0.025531 
994 20.030000 -0.068071 -0.025452 
995 20.040000 -0.067817 -0.025373 
996 20.050000 -0.067564 -0.025295 
997 20.060000 -0.067311 -0.025217 
998 20.070000 -0.067060 -0.025139 
999 20.080000 -0.066809 -0.025061 
1000 20.090000 -0.066558 -0.024984 
1001 20.100000 -0.066309 -0.024907 
1002 20.110000 -0.066060 -0.024830 
1003 20.120000 -0.065812 -0.024754 
1004 20.130000 -0.065565 -0.024678 
1005 20.140000 -0.065319 -0.024602 
1006 20.150000 -0.065073 -0.024527 
1007 20.160000 -0.064828 -0.024452 
1008 20.170000 -0.064584 -0.024377 
1009 20.180000 -0.064341 -0.024302 
1010 20.190000 -0.064098 -0.024228 
1011 20.200000 -0.063856 -0.024154 
1012 20.210000 -0.063615 -0.024080 
1013 20.220000 -0.063374 -0.024006 
1014 20.230000 -0.063135 -0.023933 
1015 20.240000 -0.062896 -0.023860 
1016 20.250000 -0.062658 -0.023787 
1017 20.260000 -0.062420 -0.023715 
1018 20.270000 -0.062183 -0.023643 
1019 20.280000 -0.061947 -0.023571 
1020 20.290000 -0.061712 -0.023500 
1021 20.300000 -0.061477 -0.023428 
1022 20.310000 -0.061243 -0.023357 
1023 20.320000 -0.061010 -0.023286 
1024 20.330000 -0.060778 -0.023216 
1025 20.340000 -0.060546 -0.023146 
1026 20.350000 -0.060315 -0.023076 
1027 20.360000 -0.060084 -0.023006 
1028 20.370000 -0.059855 -0.022937 
1029 20.380000 -0.059625 -0.022867 
1030 20.390000 -0.059397 -0.022798 
1031 20.400000 -0.059170 -0.022730 
1032 20.410000 -0.058943 -0.022661 
1033 20.420000 -0.058716 -0.022593 
1034 20.430000 -0.058491 -0.022525 
1035 20.440000 -0.058266 -0.022458 
1036 20.450000 -0.058042 -0.022390 
1037 20.460000 -0.057818 -0.022323 
1038 20.470000 -0.057595 -0.022256 
1039 20.480000 -0.057373 -0.022190 
1040 20.490000 -0.057151 -0.022123 
1041 20.500000 -0.056930 -0.022057 
1042 20.510000 -0.056710 -0.021991 
1043 20.520000 -0.056491 -0.021925 
1044 20.530000 -0.056272 -0.021860 
1045 20.540000 -0.056053 -0.021795 
1046 20.550000 -0.055836 -0.021730 
1047 20.560000 -0.055619 -0.021665 
1048 20.570000 -0.055402 -0.021601 
1049 20.580000 -0.055187 -0.021536 
1050 20.590000 -0.054972 -0.021472 
1051 20.600000 -0.054757 -0.021409 
1052 20.610000 -0.054544 -0.021345 
1053 20.620000 -0.054330 -0.021282 
1054 20.630000 -0.054118 -0.021219 
1055 20.640000 -0.053906 -0.021156 
1056 20.650000 -0.053695 -0.021093 
1057 20.660000 -0.053484 -0.021031 
1058 20.670000 -0.053274 -0.020969 
1059 20.680000 -0.053065 -0.020907 
1060 20.690000 -0.052856 -0.020845 
1061 20.700000 -0.052648 -0.020784 
1062 20.710000 -0.052440 -0.020723 
1063 20.720000 -0.052233 -0.020662 
1064 20.730000 -0.052027 -0.020601 
1065 20.740000 -0.051821 -0.020540 
1066 20.750000 -0.051616 -0.020480 
1067 20.760000 -0.051412 -0.020420 
1068 20.770000 -0.051208 -0.020360 
1069 20.780000 -0.051005 -0.020300 
1070 20.790000 -0.050802 -0.020241 
1071 20.800000 -0.050600 -0.020182 
1072 20.810000 -0.050398 -0.020123 
1073 20.820000 -0.050197 -0.020064 
1074 20.830000 -0.049997 -0.020005 
1075 20.840000 -0.049797 -0.019947 
1076 20.850000 -0.049598 -0.019889 
1077 20.860000 -0.049399 -0.019831 
1078 20.870000 -0.049201 -0.019773 
1079 20.880000 -0.049004 -0.019715 
1080 20.890000 -0.048807 -0.019658 
1081 20.900000 -0.048611 -0.019601 
1082 20.910000 -0.048415 -0.019544 
1083 20.920000 -0.048220 -0.019487 
1084 20.930000 -0.048025 -0.019431 
1085 20.940000 -0.047831 -0.019374 
1086 20.950000 -0.047638 -0.019318 
1087 20.960000 -0.047445 -0.019262 
1088 20.970000 -0.047253 -0.019207 
1089 20.980000 -0.047061 -0.019151 
1090 20.990000 -0.046870 -0.019096 
1091 21.000000 -0.046679 -0.019041 
1092 21.010000 -0.046489 -0.018986 
1093 21.020000 -0.046299 -0.018931 
1094 21.030000 -0.046110 -0.018877 
1095 21.040000 -0.045922 -0.018822 
1096 21.050000 -0.045734 -0.018768 
1097 21.060000 -0.045546 -0.018714 
1098 21.070000 -0.045359 -0.018660 
1099 21.080000 -0.045173 -0.018607 
1100 21.090000 -0.044987 -0.018553 
1101 21.100000 -0.044802 -0.018500 
1102 21.110000 -0.044617 -0.018447 
1103 21.120000 -0.044433 -0.018394 
1104 21.130000 -0.044249 -0.018342 
1105 21.140000 -0.044066 -0.018289 
1106 21.150000 -0.043884 -0.018237 
1107 21.160000 -0.043702 -0.018185 
1108 21.170000 -0.043520 -0.018133 
1109 21.180000 -0.043339 -0.018081 
1110 21.190000 -0.043158 -0.018030 
1111 21.200000 -0.042978 -0.017979 
1112 21.210000 -0.042799 -0.017927 
1113 21.220000 -0.042620 -0.017876 
1114 21.230000 -0.042441 -0.017826 
1115 21.240000 -0.042263 -0.017775 
1116 21.250000 -0.042086 -0.017725 
1117 21.260000 -0.041909 -0.017674 
1118 21.270000 -0.041732 -0.017624 
1119 21.280000 -0.041556 -0.017574 
1120 21.290000 -0.041381 -0.017525 
1121 21.300000 -0.041206 -0.017475 
1122 21.310000 -0.041031 -0.017426 
1123 21.320000 -0.040857 -0.017377 
1124 21.330000 -0.040684 -0.017327 
1125 21.340000 -0.040511 -0.017279 
1126 21.350000 -0.040338 -0.017230 
1127 21.360000 -0.040166 -0.017181 
1128 21.370000 -0.039994 -0.017133 
1129 21.380000 -0.039823 -0.017085 
1130 21.390000 -0.039653 -0.017037 
1131 21.400000 -0.039483 -0.016989 
1132 21.410000 -0.039313 -0.016941 
1133 21.420000 -0.039144 -0.016894 
1134 21.430000 -0.038975 -0.016846 
1135 21.440000 -0.038807 -0.016799 
1136 21.450000 -0.038639 -0.016752 
1137 21.460000 -0.038472 -0.016705 
1138 21.470000 -0.038305 -0.016659 
1139 21.480000 -0.038139 -0.016612 
1140 21.490000 -0.037973 -0.016566 
1141 21.500000 -0.037807 -0.016519 
1142 21.510000 -0.037642 -0.016473 
1143 21.520000 -0.037478 -0.016427 
1144 21.530000 -0.037314 -0.016382 
1145 21.540000 -0.037150 -0.016336 
1146 21.550000 -0.036987 -0.016291 
1147 21.560000 -0.036824 -0.016245 
1148 21.570000 -0.036662 -0.016200 
1149 21.580000 -0.036500 -0.016155 
1150 21.590000 -0.036339 -0.016111 
1151 21.600000 -0.036178 -0.016066 
1152 21.610000 -0.036018 -0.016021 
1153 21.620000 -0.035858 -0.015977 
1154 21.630000 -0.035698 -0.015933 
1155 21.640000 -0.035539 -0.015889 
1156 21.650000 -0.035380 -0.015845 
1157 21.660000 -0.035222 -0.015801 
1158 21.670000 -0.035064 -0.015758 
1159 21.680000 -0.034907 -0.015714 
1160 21.690000 -0.034750 -0.015671 
1161 21.700000 -0.034594 -0.015628 
1162 21.710000 -0.034438 -0.015585 
1163 21.720000 -0.034282 -0.015542 
1164 21.730000 -0.034127 -0.015499 
1165 21.740000 -0.033972 -0.015456 
1166 21.750000 -0.033818 -0.015414 
1167 21.760000 -0.033664 -0.015372 
1168 21.770000 -0.033510 -0.015330 
1169 21.780000 -0.033357 -0.015288 
1170 21.790000 -0.033204 -0.015246 
1171 21.800000 -0.033052 -0.015204 
1172 21.810000 -0.032900 -0.015163 
1173 21.820000 -0.032749 -0.015121 
1174 21.830000 -0.032598 -0.015080 
1175 21.840000 -0.032447 -0.015039 
1176 21.850000 -0.032297 -0.014998 
1177 21.860000 -0.032147 -0.014957 
1178 21.870000 -0.031998 -0.014916 
1179 21.880000 -0.031849 -0.014875 
1180 21.890000 -0.031701 -0.014835 
1181 21.900000 -0.031552 -0.014795 
1182 21.910000 -0.031405 -0.014754 
1183 21.920000 -0.031257 -0.014714 
1184 21.930000 -0.031110 -0.014674 
1185 21.940000 -0.030964 -0.014635 
1186 21.950000 -0.030818 -0.014595 
1187 21.960000 -0.030672 -0.014556 
1188 21.970000 -0.030527 -0.014516 
1189 21.980000 -0.030382 -0.014477 
1190 21.990000 -0.030237 -0.014438 
1191 22.000000 -0.030093 -0.014399 
1192 22.010000 -0.029949 -0.014360 
1193 22.020000 -0.029806 -0.014321 
1194 22.030000 -0.029663 -0.014283 
1195 22.040000 -0.029520 -0.014244 
1196 22.050000 -0.029378 -0.014206 
1197 22.060000 -0.029236 -0.014167 
1198 22.070000 -0.029094 -0.014129 
1199 22.080000 -0.028953 -0.014091 
1200 22.090000 -0.028813 -0.014054 
1201 22.100000 -0.028672 -0.014016 
1202 22.110000 -0.028532 -0.013978 
1203 22.120000 -0.028393 -0.013941 
1204 22.130000 -0.028253 -0.013903 
1205 22.140000 -0.028115 -0.013866 
1206 22.150000 -0.027976 -0.013829 
1207 22.160000 -0.027838 -0.013792 
1208 22.170000 -0.027700 -0.013755 
1209 22.180000 -0.027563 -0.013719 
1210 22.190000 -0.027426 -0.013682 
1211 22.200000 -0.027289 -0.013645 
1212 22.210000 -0.027153 -0.013609 
1213 22.220000 -0.027017 -0.013573 
1214 22.230000 -0.026882 -0.013537 
1215 22.240000 -0.026746 -0.013501 
1216 22.250000 -0.026612 -0.013465 
1217 22.260000 -0.026477 -0.013429 
1218 22.270000 -0.026343 -0.013393 
1219 22.280000 -0.026209 -0.013358 
1220 22.290000 -0.026076 -0.013322 
1221 22.300000 -0.025943 -0.013287 
1222 22.310000 -0.025810 -0.013252 
1223 22.320000 -0.025678 -0.013217 
1224 22.330000 -0.025546 -0.013182 
1225 22.340000 -0.025414 -0.013147 
1226 22.350000 -0.025283 -0.013112 
1227 22.360000 -0.025152 -0.013078 
1228 22.370000 -0.025021 -0.013043 
1229 22.380000 -0.024891 -0.013009 
1230 22.390000 -0.024761 -0.012974 
1231 22.400000 -0.024631 -0.012940 
1232 22.410000 -0.024502 -0.012906 
1233 22.420000 -0.024373 -0.012872 
1234 22.430000 -0.024245 -0.012838 
1235 22.440000 -0.024117 -0.012805 
1236 22.450000 -0.023989 -0.012771 
1237 22.460000 -0.023861 -0.012738 
1238 22.470000 -0.023734 -0.012704 
1239 22.480000 -0.023607 -0.012671 
1240 22.490000 -0.023481 -0.012638 
1241 22.500000 -0.023354 -0.012605 
1242 22.510000 -0.023228 -0.012572 
1243 22.520000 -0.023103 -0.012539 
1244 22.530000 -0.022978 -0.012506 
1245 22.540000 -0.022853 -0.012473 
1246 22.550000 -0.022728 -0.012441 
1247 22.560000 -0.022604 -0.012408 
1248 22.570000 -0.022480 -0.012376 
1249 22.580000 -0.022356 -0.012344 
1250 22.590000 -0.022233 -0.012312 
1251 22.600000 -0.022110 -0.012280 
1252 22.610000 -0.021988 -0.012248 
1253 22.620000 -0.021865 -0.012216 
1254 22.630000 -0.021743 -0.012184 
1255 22.640000 -0.021622 -0.012152 
1256 22.650000 -0.021500 -0.012121 
1257 22.660000 -0.021379 -0.012089 
1258 22.670000 -0.021258 -0.012058 
1259 22.680000 -0.021138 -0.012027 
1260 22.690000 -0.021018 -0.011996 
1261 22.700000 -0.020898 -0.011965 
1262 22.710000 -0.020779 -0.011934 
1263 22.720000 -0.020659 -0.011903 
1264 22.730000 -0.020540 -0.011872 
1265 22.740000 -0.020422 -0.011842 
1266 22.750000 -0.020304 -0.011811 
1267 22.760000 -0.020186 -0.011781 
1268 22.770000 -0.020068 -0.011750 
1269 22.780000 -0.019951 -0.011720 
1270 22.790000 -0.019834 -0.011690 
1271 22.800000 -0.019717 -0.011660 
1272 22.810000 -0.019600 -0.011630 
1273 22.820000 -0.019484 -0.011600 
1274 22.830000 -0.019368 -0.011570 
1275 22.840000 -0.019253 -0.011541 
1276 22.850000 -0.019138 -0.011511 
1277 22.860000 -0.019023 -0.011482 
1278 22.870000 -0.018908 -0.011452 
1279 22.880000 -0.018794 -0.011423 
1280 22.890000 -0.018680 -0.011394 
1281 22.900000 -0.018566 -0.011365 
1282 22.910000 -0.018452 -0.011336 
1283 22.920000 -0.018339 -0.011307 
1284 22.930000 -0.018226 -0.011278 
1285 22.940000 -0.018113 -0.011249 
1286 22.950000 -0.018001 -0.011220 
1287 22.960000 -0.017889 -0.011192 
1288 22.970000 -0.017777 -0.011163 
1289 22.980000 -0.017666 -0.011135 
1290 22.990000 -0.017555 -0.011107 
1291 23.000000 -0.017444 -0.011078 
1292 23.010000 -0.017333 -0.011050 
1293 23.020000 -0.017223 -0.011022 
1294 23.030000 -0.017113 -0.010994 
1295 23.040000 -0.017003 -0.010966 
1296 23.050000 -0.016893 -0.010939 
1297 23.060000 -0.016784 -0.010911 
1298 23.070000 -0.016675 -0.010883 
1299 23.080000 -0.016566 -0.010856 
1300 23.090000 -0.016458 -0.010828 
1301 23.100000 -0.016350 -0.010801 
1302 23.110000 -0.016242 -0.010774 
1303 23.120000 -0.016134 -0.010747 
1304 23.130000 -0.016027 -0.010720 
1305 23.140000 -0.015920 -0.010693 
1306 23.150000 -0.015813 -0.010666 
1307 23.160000 -0.015707 -0.010639 
1308 23.170000 -0.015600 -0.010612 
1309 23.180000 -0.015494 -0.010585 
1310 23.190000 -0.015389 -0.010559 
1311 23.200000 -0.015283 -0.010532 
1312 23.210000 -0.015178 -0.010506 
1313 23.220000 -0.015073 -0.010479 
1314 23.230000 -0.014968 -0.010453 
1315 23.240000 -0.014864 -0.010427 
1316 23.250000 -0.014760 -0.010401 
1317 23.260000 -0.014656 -0.010375 
1318 23.270000 -0.014552 -0.010349 
1319 23.280000 -0.014449 -0.010323 
1320 23.290000 -0.014346 -0.010297 
1321 23.300000 -0.014243 -0.010272 
1322 23.310000 -0.014140 -0.010246 
1323 23.320000 -0.014038 -0.010220 
1324 23.330000 -0.013936 -0.010195 
1325 23.340000 -0.013834 -0.010170 
1326 23.350000 -0.013733 -0.010144 
1327 23.360000 -0.013631 -0.010119 
1328 23.370000 -0.013530 -0.010094 
1329 23.380000 -0.013429 -0.010069 
1330 23.390000 -0.013329 -0.010044 
1331 23.400000 -0.013229 -0.010019 
1332 23.410000 -0.013129 -0.009994 
1333 23.420000 -0.013029 -0.009969 
1334 23.430000 -0.012929 -0.009945 
1335 23.440000 -0.012830 -0.009920 
1336 23.450000 -0.012731 -0.009895 
1337 23.460000 -0.012632 -0.009871 
1338 23.470000 -0.012533 -0.009847 
1339 23.480000 -0.012435 -0.009822 
1340 23.490000 -0.012337 -0.009798 
1341 23.500000 -0.012239 -0.009774 
1342 23.510000 -0.012141 -0.009750 
1343 23.520000 -0.012044 -0.009726 
1344 23.530000 -0.011947 -0.009702 
1345 23.540000 -0.011850 -0.009678 
1346 23.550000 -0.011753 -0.009654 
1347 23.560000 -0.011657 -0.009630 
1348 23.570000 -0.011561 -0.009607 
1349 23.580000 -0.011465 -0.009583 
1350 23.590000 -0.011369 -0.009559 
1351 23.600000 -0.011274 -0.009536 
1352 23.610000 -0.011178 -0.009513 
1353 23.620000 -0.011083 -0.009489 
1354 23.630000 -0.010989 -0.009466 
1355 23.640000 -0.010894 -0.009443 
1356 23.650000 -0.010800 -0.009420 
1357 23.660000 -0.010706 -0.009397 
1358 23.670000 -0.010612 -0.009374 
1359 23.680000 -0.010518 -0.009351 
1360 23.690000 -0.010425 -0.009328 
1361 23.700000 -0.010332 -0.009305 
1362 23.710000 -0.010239 -0.009283 
1363 23.720000 -0.010146 -0.009260 
1364 23.730000 -0.010053 -0.009237 
1365 23.740000 -0.009961 -0.009215 
1366 23.750000 -0.009869 -0.009192 
1367 23.760000 -0.009777 -0.009170 
1368 23.770000 -0.009686 -0.009148 
1369 23.780000 -0.009594 -0.009126 
1370 23.790000 -0.009503 -0.009103 
1371 23.800000 -0.009412 -0.009081 
1372 23.810000 -0.009322 -0.009059 
1373 23.820000 -0.009231 -0.009037 
1374 23.830000 -0.009141 -0.009016 
1375 23.840000 -0.009051 -0.008994 
1376 23.850000 -0.008961 -0.008972 
1377 23.860000 -0.008871 -0.008950 
1378 23.870000 -0.008782 -0.008929 
1379 23.880000 -0.008693 -0.008907 
1380 23.890000 -0.008604 -0.008886 
1381 23.900000 -0.008515 -0.008864 
1382 23.910000 -0.008427 -0.008843 
1383 23.920000 -0.008338 -0.008821 
1384 23.930000 -0.008250 -0.008800 
1385 23.940000 -0.008162 -0.008779 
1386 23.950000 -0.008075 -0.008758 
1387 23.960000 -0.007987 -0.008737 
1388 23.970000 -0.007900 -0.008716 
1389 23.980000 -0.007813 -0.008695 
1390 23.990000 -0.007726 -0.008674 
1391 24.000000 -0.007639 -0.008653 
1392 24.010000 -0.007553 -0.008632 
1393 24.020000 -0.007467 -0.008612 
1394 24.030000 -0.007381 -0.008591 
1395 24.040000 -0.007295 -0.008571 
1396 24.050000 -0.007209 -0.008550 
1397 24.060000 -0.007124 -0.008530 
1398 24.070000 -0.007039 -0.008509 
1399 24.080000 -0.006954 -0.008489 
1400 24.090000 -0.006869 -0.008469 
1401 24.100000 -0.006784 -0.008448 
1402 24.110000 -0.006700 -0.008428 
1403 24.120000 -0.006616 -0.008408 
1404 24.130000 -0.006532 -0.008388 
1405 24.140000 -0.006448 -0.008368 
1406 24.150000 -0.006364 -0.008348 
1407 24.160000 -0.006281 -0.008328 
1408 24.170000 -0.006198 -0.008309 
1409 24.180000 -0.006115 -0.008289 
1410 24.190000 -0.006032 -0.008269 
1411 24.200000 -0.005949 -0.008250 
1412 24.210000 -0.005867 -0.008230 
1413 24.220000 -0.005785 -0.008210 
1414 24.230000 -0.005703 -0.008191 
1415 24.240000 -0.005621 -0.008172 
1416 24.250000 -0.005539 -0.008152 
1417 24.260000 -0.005458 -0.008133 
1418 24.270000 -0.005377 -0.008114 
1419 24.280000 -0.005296 -0.008095 
1420 24.290000 -0.005215 -0.008075 
1421 24.300000 -0.005134 -0.008056 
1422 24.310000 -0.005054 -0.008037 
1423 24.320000 -0.004973 -0.008018 
1424 24.330000 -0.004893 -0.008000 
1425 24.340000 -0.004813 -0.007981 
1426 24.350000 -0.004734 -0.007962 
1427 24.360000 -0.004654 -0.007943 
1428 24.370000 -0.004575 -0.007924 
1429 24.380000 -0.004496 -0.007906 
1430 24.390000 -0.004417 -0.007887 
1431 24.400000 -0.004338 -0.007869 
1432 24.410000 -0.004259 -0.007850 
1433 24.420000 -0.004181 -0.007832 
1434 24.430000 -0.004103 -0.007814 
1435 24.440000 -0.004025 -0.007795 
1436 24.450000 -0.003947 -0.007777 
1437 24.460000 -0.003869 -0.007759 
1438 24.470000 -0.003792 -0.007741 
1439 24.480000 -0.003714 -0.007723 
1440 24.490000 -0.003637 -0.007705 
1441 24.500000 -0.003560 -0.007687 
1442 24.510000 -0.003483 -0.007669 
1443 24.520000 -0.003407 -0.007651 
1444 24.530000 -0.003330 -0.007633 
1445 24.540000 -0.003254 -0.007615 
1446 24.550000 -0.003178 -0.007597 
1447 24.560000 -0.003102 -0.007580 
1448 24.570000 -0.003027 -0.007562 
1449 24.580000 -0.002951 -0.007544 
1450 24.590000 -0.002876 -0.007527 
1451 24.600000 -0.002800 -0.007509 
1452 24.610000 -0.002725 -0.007492 
1453 24.620000 -0.002651 -0.007475 
1454 24.630000 -0.002576 -0.007457 
1455 24.640000 -0.002501 -0.007440 
1456 24.650000 -0.002427 -0.007423 
1457 24.660000 -0.002353 -0.007406 
1458 24.670000 -0.002279 -0.007388 
1459 24.680000 -0.002205 -0.007371 
1460 24.690000 -0.002132 -0.007354 
1461 24.700000 -0.002058 -0.007337 
1462 24.710000 -0.001985 -0.007320 
1463 24.720000 -0.001912 -0.007303 
1464 24.730000 -0.001839 -0.007287 
1465 24.740000 -0.001766 -0.007270 
1466 24.750000 -0.001693 -0.007253 
1467 24.760000 -0.001621 -0.007236 
1468 24.770000 -0.001549 -0.007220 
1469 24.780000 -0.001477 -0.007203 
1470 24.790000 -0.001405 -0.007186 
1471 24.800000 -0.001333 -0.007170 
1472 24.810000 -0.001261 -0.007153 
1473 24.820000 -0.001190 -0.007137 
1474 24.830000 -0.001118 -0.007121 
1475 24.840000 -0.001047 -0.007104 
1476 24.850000 -0.000976 -0.007088 
1477 24.860000 -0.000906 -0.007072 
1478 24.870000 -0.000835 -0.007056 
1479 24.880000 -0.000764 -0.007039 
1480 24.890000 -0.000694 -0.007023 
1481 24.900000 -0.000624 -0.007007 
1482 24.910000 -0.000554 -0.006991 
1483 24.920000 -0.000484 -0.006975 
1484 24.930000 -0.000415 -0.006959 
1485 24.940000 -0.000345 -0.006943 
1486 24.950000 -0.000276 -0.006928 
1487 24.960000 -0.000206 -0.006912 
1488 24.970000 -0.000137 -0.006896 
1489 24.980000 -0.000069 -0.006880 
1490 24.990000 0.000000 -0.006865 
