1 20.100000 119732414121874.250000 10782622903105264.000000  
2 20.110000 50749807386263.992188 4155097983013052.000000  
3 20.120000 23178977908416.238281 1739720357170587.750000  
4 20.130000 11271776324034.333984 780984200561099.000000  
5 20.140000 5782123374638.036133 372031197653735.187500  
6 20.150000 3105815059176.615723 186522467864446.281250  
7 20.160000 1736498577742.103271 97775044830864.671875  
8 20.170000 1005706927274.711426 53299461801270.867188  
9 20.180000 600920128102.585571 30079544398627.625000  
10 20.190000 369185432907.980652 17508326751057.689453  
11 20.200000 232549161024.435089 10477679838853.023438  
12 20.210000 149819713748.716919 6429195632484.420898  
13 20.220000 98513663610.410309 4035593074309.517578  
14 20.230000 65994563407.297905 2586071236980.593262  
15 20.240000 44969255725.808311 1688850375579.802734  
16 20.250000 31125410807.447948 1122246688891.736328  
17 20.260000 21856138675.804832 757774256348.932739  
18 20.270000 15553144068.969894 519302809390.388184  
19 20.280000 11205426647.574873 360797123838.069580  
20 20.290000 8166339074.272299 253891725600.395508  
21 20.300000 6015571742.361188 180801156715.395538  
22 20.310000 4475812403.428089 130191346405.810837  
23 20.320000 3361524918.728198 94729371893.730164  
24 20.330000 2546946389.515513 69603408156.737640  
25 20.340000 1945782236.596061 51613852502.737808  
26 20.350000 1498136606.403825 38606517234.167191  
27 20.360000 1161985577.339748 29113992193.638298  
28 20.370000 907543099.331495 22125612782.825008  
29 20.380000 713493528.297989 16938012156.875841  
30 20.390000 564443761.924725 13056845732.925577  
31 20.400000 449181698.072612 10131422934.503832  
32 20.410000 359473762.796513 7910754103.096675  
33 20.420000 289226663.501907 6213691973.568276  
34 20.430000 233897711.665688 4908449408.085877  
35 20.440000 190076407.435529 3898418311.906432  
36 20.450000 155185095.230935 3112264305.313730  
37 20.460000 127263121.221121 2496949602.958999  
38 20.470000 104810032.241907 2012778923.244413  
39 20.480000 86670849.855898 1629854818.972462  
40 20.490000 71951554.406379 1325522825.969041  
41 20.500000 59956415.998234 1082517089.777158  
42 20.510000 50141233.353940 887605355.867410  
43 20.520000 42078232.488566 730592460.048893  
44 20.530000 35429565.665385 603582931.008964  
45 20.540000 29927192.471906 500432085.650990  
46 20.550000 25357524.610908 416335099.398266  
47 20.560000 21549646.364209 347517678.101841  
48 20.570000 18366233.474891 291001978.417811  
49 20.580000 15696519.010464 244428568.320372  
50 20.590000 13450819.818227 205920345.896906  
51 20.600000 11556258.505849 173978035.119342  
52 20.610000 9953405.550174 147399564.092372  
53 20.620000 8593632.764836 125217593.020597  
54 20.630000 7437019.117130 106650899.253598  
55 20.640000 6450687.230962 91066389.502039  
56 20.650000 5607477.076318 77949297.535956  
57 20.660000 4884884.682752 66879713.153584  
58 20.670000 4264209.951761 57514028.145416  
59 20.680000 3729870.053141 49570215.939630  
60 20.690000 3268844.415254 42816111.702577  
61 20.700000 2870224.659194 37060049.457960  
62 20.710000 2524848.505610 32143357.420829  
63 20.720000 2225001.093165 27934323.408577  
64 20.730000 1964170.585425 24323327.200670  
65 20.740000 1736847.632414 21218902.269509  
66 20.750000 1538360.364455 18544540.038189  
67 20.760000 1364738.259074 16236089.227873  
68 20.770000 1212599.536215 14239633.574100  
69 20.780000 1079057.779245 12509755.215443  
70 20.790000 961644.308101 11008109.910240  
71 20.800000 858243.492288 9702255.078524  
72 20.810000 767038.720528 8564683.386956  
73 20.820000 686467.168510 7572023.879000  
74 20.830000 615181.847840 6704380.029094  
75 20.840000 552019.695052 5944779.977287  
76 20.850000 495974.682592 5278718.897525  
77 20.860000 446175.114655 4693777.216118  
78 20.870000 401864.417934 4179301.420614  
79 20.880000 362384.857310 3726136.634957  
80 20.890000 327163.704579 3326402.103990  
81 20.900000 295701.468633 2973302.323015  
82 20.910000 267561.861474 2660967.840811  
83 20.920000 242363.228714 2384320.816192  
84 20.930000 219771.217982 2138961.265811  
85 20.940000 199492.495655 1921070.641878  
86 20.950000 181269.352993 1727329.952700  
87 20.960000 164875.068170 1554850.110316  
88 20.970000 150109.911869 1401112.577365  
89 20.980000 136797.701735 1263918.705057  
90 20.990000 124782.825689 1141346.418250  
91 21.000000 113927.666416 1031713.122317  
92 21.010000 104110.369691 933543.887823  
93 21.020000 95222.907819 845544.119745  
94 21.030000 87169.396794 766576.043437  
95 21.040000 79864.631893 695638.444205  
96 21.050000 73232.811635 631849.184806  
97 21.060000 67206.424364 574430.098389  
98 21.070000 61725.275476 522693.915786  
99 21.080000 56735.636432 476032.937629  
100 21.090000 52189.499357 433909.205131  
101 21.100000 48043.923334 395845.959978  
102 21.110000 44260.460403 361420.214580  
103 21.120000 40804.650958 330256.280081  
104 21.130000 37645.579620 302020.121588  
105 21.140000 34755.483901 276414.428814  
106 21.150000 32109.408986 253174.306284  
107 21.160000 29684.902862 232063.500729  
108 21.170000 27461.746794 212871.094871  
109 21.180000 25421.716778 195408.606622  
110 21.190000 23548.372210 179507.441104  
111 21.200000 21826.868446 165016.650112  
112 21.210000 20243.790418 151800.959763  
113 21.220000 18787.004750 139739.032387  
114 21.230000 17445.528235 128721.933221  
115 21.240000 16209.410704 118651.776367  
116 21.250000 15069.630655 109440.527857  
117 21.260000 14018.002128 101008.946513  
118 21.270000 13047.091568 93285.645837  
119 21.280000 12150.143518 86206.262280  
120 21.290000 11321.014153 79712.717126  
121 21.300000 10554.111773 73752.560851  
122 21.310000 9844.343486 68278.390184  
123 21.320000 9187.067387 63247.329350  
124 21.330000 8578.049639 58620.568014  
125 21.340000 8013.425916 54362.949357  
126 21.350000 7489.666741 50442.602537  
127 21.360000 7003.546298 46830.614463  
128 21.370000 6552.114351 43500.736431  
129 21.380000 6132.670932 40429.121711  
130 21.390000 5742.743522 37594.090611  
131 21.400000 5380.066448 34975.919984  
132 21.410000 5042.562283 32556.654486  
133 21.420000 4728.325025 30319.937190  
134 21.430000 4435.604892 28250.857473  
135 21.440000 4162.794552 26335.814299  
136 21.450000 3908.416652 24562.393243  
137 21.460000 3671.112517 22919.255813  
138 21.470000 3449.631896 21396.039743  
139 21.480000 3242.823660 19983.269123  
140 21.490000 3049.627346 18672.273328  
141 21.500000 2869.065479 17455.113838  
142 21.510000 2700.236590 16324.518136  
143 21.520000 2542.308853 15273.819952  
144 21.530000 2394.514302 14296.905220  
145 21.540000 2256.143557 13388.163152  
146 21.550000 2126.541016 12542.441932  
147 21.560000 2005.100468 11755.008562  
148 21.570000 1891.261093 11021.512438  
149 21.580000 1784.503802 10337.952312  
150 21.590000 1684.347899 9700.646274  
151 21.600000 1590.348025 9106.204497  
152 21.610000 1502.091363 8551.504444  
153 21.620000 1419.195081 8033.668328  
154 21.630000 1341.303985 7550.042580  
155 21.640000 1268.088376 7098.179166  
156 21.650000 1199.242078 6675.818551  
157 21.660000 1134.480635 6280.874171  
158 21.670000 1073.539650 5911.418266  
159 21.680000 1016.173263 5565.668944  
160 21.690000 962.152755 5241.978376  
161 21.700000 911.265261 4938.822000  
162 21.710000 863.312583 4654.788654  
163 21.720000 818.110111 4388.571552  
164 21.730000 775.485810 4138.960016  
165 21.740000 735.279308 3904.831921  
166 21.750000 697.341037 3685.146755  
167 21.760000 661.531455 3478.939271  
168 21.770000 627.720319 3285.313659  
169 21.780000 595.786021 3103.438198  
170 21.790000 565.614969 2932.540354  
171 21.800000 537.101020 2771.902263  
172 21.810000 510.144954 2620.856600  
173 21.820000 484.653987 2478.782761  
174 21.830000 460.541322 2345.103370  
175 21.840000 437.725734 2219.281049  
176 21.850000 416.131183 2100.815456  
177 21.860000 395.686459 1989.240551  
178 21.870000 376.324853 1884.122079  
179 21.880000 357.983848 1785.055250  
180 21.890000 340.604837 1691.662597  
181 21.900000 324.132859 1603.592001  
182 21.910000 308.516355 1520.514871  
183 21.920000 293.706941 1442.124462  
184 21.930000 279.659200 1368.134313  
185 21.940000 266.330482 1298.276819  
186 21.950000 253.680724 1232.301899  
187 21.960000 241.672283 1169.975765  
188 21.970000 230.269776 1111.079787  
189 21.980000 219.439936 1055.409444  
190 21.990000 209.151474 1002.773344  
191 22.000000 199.374954 952.992323  
192 22.010000 190.082671 905.898610  
193 22.020000 181.248549 861.335050  
194 22.030000 172.848028 819.154386  
195 22.040000 164.857979 779.218588  
196 22.050000 157.256606 741.398237  
197 22.060000 150.023368 705.571950  
198 22.070000 143.138901 671.625844  
199 22.080000 136.584941 639.453038  
200 22.090000 130.344264 608.953198  
201 22.100000 124.400615 580.032099  
202 22.110000 118.738655 552.601236  
203 22.120000 113.343901 526.577443  
204 22.130000 108.202677 501.882556  
205 22.140000 103.302066 478.443084  
206 22.150000 98.629861 456.189915  
207 22.160000 94.174530 435.058035  
208 22.170000 89.925167 414.986264  
209 22.180000 85.871463 395.917021  
210 22.190000 82.003666 377.796091  
211 22.200000 78.312551 360.572415  
212 22.210000 74.789388 344.197899  
213 22.220000 71.425914 328.627222  
214 22.230000 68.214307 313.817668  
215 22.240000 65.147158 299.728967  
216 22.250000 62.217451 286.323143  
217 22.260000 59.418538 273.564375  
218 22.270000 56.744120 261.418864  
219 22.280000 54.188224 249.854714  
220 22.290000 51.745188 238.841816  
221 22.300000 49.409645 228.351738  
222 22.310000 47.176500 218.357629  
223 22.320000 45.040924 208.834123  
224 22.330000 42.998329 199.757250  
225 22.340000 41.044365 191.104357  
226 22.350000 39.174900 182.854025  
227 22.360000 37.386011 174.986002  
228 22.370000 35.673970 167.481134  
229 22.380000 34.035238 160.321299  
230 22.390000 32.466451 153.489350  
231 22.400000 30.964412 146.969056  
232 22.410000 29.526082 140.745052  
233 22.420000 28.148572 134.802788  
234 22.430000 26.829134 129.128485  
235 22.440000 25.565153 123.709088  
236 22.450000 24.354143 118.532228  
237 22.460000 23.193739 113.586181  
238 22.470000 22.081687 108.859833  
239 22.480000 21.015845 104.342648  
240 22.490000 19.994171 100.024633  
241 22.500000 19.014720 95.896307  
242 22.510000 18.075642 91.948679  
243 22.520000 17.175173 88.173213  
244 22.530000 16.311631 84.561808  
245 22.540000 15.483415 81.106775  
246 22.550000 14.688999 77.800811  
247 22.560000 13.926926 74.636982  
248 22.570000 13.195807 71.608698  
249 22.580000 12.494321 68.709701  
250 22.590000 11.821202 65.934042  
251 22.600000 11.175248 63.276069  
252 22.610000 10.555307 60.730405  
253 22.620000 9.960282 58.291940  
254 22.630000 9.389127 55.955815  
255 22.640000 8.840840 53.717405  
256 22.650000 8.314468 51.572312  
257 22.660000 7.809097 49.516350  
258 22.670000 7.323857 47.545536  
259 22.680000 6.857915 45.656078  
260 22.690000 6.410476 43.844365  
261 22.700000 5.980780 42.106960  
262 22.710000 5.568100 40.440587  
263 22.720000 5.171742 38.842128  
264 22.730000 4.791041 37.308610  
265 22.740000 4.425363 35.837202  
266 22.750000 4.074099 34.425204  
267 22.760000 3.736669 33.070042  
268 22.770000 3.412517 31.769264  
269 22.780000 3.101110 30.520530  
270 22.790000 2.801940 29.321608  
271 22.800000 2.514519 28.170371  
272 22.810000 2.238381 27.064787  
273 22.820000 1.973078 26.002919  
274 22.830000 1.718183 24.982916  
275 22.840000 1.473286 24.003015  
276 22.850000 1.237994 23.061529  
277 22.860000 1.011933 22.156849  
278 22.870000 0.794740 21.287439  
279 22.880000 0.586071 20.451830  
280 22.890000 0.385595 19.648621  
281 22.900000 0.192995 18.876471  
282 22.910000 0.007967 18.134100  
283 22.920000 -0.169782 17.420284  
284 22.930000 -0.340530 16.733854  
285 22.940000 -0.504547 16.073692  
286 22.950000 -0.662088 15.438728  
287 22.960000 -0.813402 14.827939  
288 22.970000 -0.958724 14.240349  
289 22.980000 -1.098283 13.675020  
290 22.990000 -1.232296 13.131059  
291 23.000000 -1.360972 12.607608  
292 23.010000 -1.484514 12.103848  
293 23.020000 -1.603112 11.618994  
294 23.030000 -1.716954 11.152296  
295 23.040000 -1.826217 10.703034  
296 23.050000 -1.931071 10.270520  
297 23.060000 -2.031681 9.854095  
298 23.070000 -2.128204 9.453126  
299 23.080000 -2.220793 9.067009  
300 23.090000 -2.309592 8.695164  
301 23.100000 -2.394742 8.337036  
302 23.110000 -2.476376 7.992092  
303 23.120000 -2.554626 7.659823  
304 23.130000 -2.629613 7.339739  
305 23.140000 -2.701459 7.031371  
306 23.150000 -2.770278 6.734271  
307 23.160000 -2.836181 6.448006  
308 23.170000 -2.899273 6.172163  
309 23.180000 -2.959658 5.906346  
310 23.190000 -3.017432 5.650175  
311 23.200000 -3.072692 5.403284  
312 23.210000 -3.125528 5.165322  
313 23.220000 -3.176027 4.935955  
314 23.230000 -3.224275 4.714859  
315 23.240000 -3.270351 4.501724  
316 23.250000 -3.314335 4.296254  
317 23.260000 -3.356301 4.098162  
318 23.270000 -3.396321 3.907175  
319 23.280000 -3.434467 3.723030  
320 23.290000 -3.470804 3.545473  
321 23.300000 -3.505398 3.374261  
322 23.310000 -3.538310 3.209162  
323 23.320000 -3.569600 3.049950  
324 23.330000 -3.599328 2.896412  
325 23.340000 -3.627547 2.748339  
326 23.350000 -3.654312 2.605532  
327 23.360000 -3.679674 2.467800  
328 23.370000 -3.703684 2.334960  
329 23.380000 -3.726389 2.206834  
330 23.390000 -3.747836 2.083253  
331 23.400000 -3.768069 1.964052  
332 23.410000 -3.787131 1.849075  
333 23.420000 -3.805064 1.738171  
334 23.430000 -3.821908 1.631193  
335 23.440000 -3.837700 1.528002  
336 23.450000 -3.852480 1.428463  
337 23.460000 -3.866281 1.332447  
338 23.470000 -3.879140 1.239828  
339 23.480000 -3.891089 1.150487  
340 23.490000 -3.902160 1.064308  
341 23.500000 -3.912385 0.981180  
342 23.510000 -3.921794 0.900995  
343 23.520000 -3.930415 0.823651  
344 23.530000 -3.938276 0.749048  
345 23.540000 -3.945404 0.677091  
346 23.550000 -3.951826 0.607687  
347 23.560000 -3.957566 0.540747  
348 23.570000 -3.962649 0.476187  
349 23.580000 -3.967098 0.413923  
350 23.590000 -3.970935 0.353877  
351 23.600000 -3.974182 0.295971  
352 23.610000 -3.976861 0.240133  
353 23.620000 -3.978992 0.186291  
354 23.630000 -3.980594 0.134377  
355 23.640000 -3.981686 0.084324  
356 23.650000 -3.982286 0.036069  
357 23.660000 -3.982413 -0.010449  
358 23.670000 -3.982083 -0.055290  
359 23.680000 -3.981312 -0.098510  
360 23.690000 -3.980118 -0.140164  
361 23.700000 -3.978514 -0.180307  
362 23.710000 -3.976516 -0.218988  
363 23.720000 -3.974139 -0.256257  
364 23.730000 -3.971396 -0.292162  
365 23.740000 -3.968300 -0.326749  
366 23.750000 -3.964865 -0.360062  
367 23.760000 -3.961103 -0.392144  
368 23.770000 -3.957026 -0.423036  
369 23.780000 -3.952646 -0.452778  
370 23.790000 -3.947974 -0.481408  
371 23.800000 -3.943022 -0.508964  
372 23.810000 -3.937798 -0.535482  
373 23.820000 -3.932315 -0.560995  
374 23.830000 -3.926582 -0.585538  
375 23.840000 -3.920608 -0.609143  
376 23.850000 -3.914402 -0.631841  
377 23.860000 -3.907974 -0.653662  
378 23.870000 -3.901332 -0.674634  
379 23.880000 -3.894484 -0.694787  
380 23.890000 -3.887438 -0.714147  
381 23.900000 -3.880203 -0.732741  
382 23.910000 -3.872786 -0.750593  
383 23.920000 -3.865194 -0.767728  
384 23.930000 -3.857434 -0.784170  
385 23.940000 -3.849513 -0.799942  
386 23.950000 -3.841437 -0.815066  
387 23.960000 -3.833214 -0.829562  
388 23.970000 -3.824848 -0.843452  
389 23.980000 -3.816346 -0.856755  
390 23.990000 -3.807715 -0.869491  
391 24.000000 -3.798958 -0.881679  
392 24.010000 -3.790083 -0.893335  
393 24.020000 -3.781093 -0.904479  
394 24.030000 -3.771995 -0.915126  
395 24.040000 -3.762793 -0.925293  
396 24.050000 -3.753491 -0.934995  
397 24.060000 -3.744094 -0.944248  
398 24.070000 -3.734607 -0.953066  
399 24.080000 -3.725034 -0.961464  
400 24.090000 -3.715379 -0.969455  
401 24.100000 -3.705646 -0.977053  
402 24.110000 -3.695839 -0.984271  
403 24.120000 -3.685962 -0.991121  
404 24.130000 -3.676018 -0.997614  
405 24.140000 -3.666011 -1.003764  
406 24.150000 -3.655944 -1.009580  
407 24.160000 -3.645821 -1.015074  
408 24.170000 -3.635644 -1.020257  
409 24.180000 -3.625416 -1.025139  
410 24.190000 -3.615142 -1.029729  
411 24.200000 -3.604823 -1.034037  
412 24.210000 -3.594462 -1.038072  
413 24.220000 -3.584062 -1.041844  
414 24.230000 -3.573626 -1.045361  
415 24.240000 -3.563156 -1.048631  
416 24.250000 -3.552654 -1.051663  
417 24.260000 -3.542123 -1.054465  
418 24.270000 -3.531566 -1.057043  
419 24.280000 -3.520983 -1.059406  
420 24.290000 -3.510378 -1.061561  
421 24.300000 -3.499753 -1.063514  
422 24.310000 -3.489109 -1.065272  
423 24.320000 -3.478448 -1.066842  
424 24.330000 -3.467772 -1.068230  
425 24.340000 -3.457084 -1.069442  
426 24.350000 -3.446384 -1.070484  
427 24.360000 -3.435675 -1.071361  
428 24.370000 -3.424957 -1.072080  
429 24.380000 -3.414234 -1.072645  
430 24.390000 -3.403505 -1.073063  
431 24.400000 -3.392773 -1.073337  
432 24.410000 -3.382039 -1.073472  
433 24.420000 -3.371304 -1.073474  
434 24.430000 -3.360570 -1.073347  
435 24.440000 -3.349837 -1.073095  
436 24.450000 -3.339108 -1.072723  
437 24.460000 -3.328383 -1.072234  
438 24.470000 -3.317664 -1.071633  
439 24.480000 -3.306951 -1.070925  
440 24.490000 -3.296246 -1.070111  
441 24.500000 -3.285549 -1.069197  
442 24.510000 -3.274862 -1.068185  
443 24.520000 -3.264186 -1.067080  
444 24.530000 -3.253521 -1.065883  
445 24.540000 -3.242868 -1.064600  
446 24.550000 -3.232229 -1.063232  
447 24.560000 -3.221604 -1.061784  
448 24.570000 -3.210994 -1.060257  
449 24.580000 -3.200399 -1.058654  
450 24.590000 -3.189821 -1.056979  
451 24.600000 -3.179260 -1.055235  
452 24.610000 -3.168716 -1.053422  
453 24.620000 -3.158191 -1.051545  
454 24.630000 -3.147686 -1.049606  
455 24.640000 -3.137200 -1.047606  
456 24.650000 -3.126734 -1.045549  
457 24.660000 -3.116289 -1.043436  
458 24.670000 -3.105865 -1.041270  
459 24.680000 -3.095464 -1.039052  
460 24.690000 -3.085084 -1.036785  
461 24.700000 -3.074728 -1.034471  
462 24.710000 -3.064395 -1.032112  
463 24.720000 -3.054086 -1.029708  
464 24.730000 -3.043801 -1.027263  
465 24.740000 -3.033541 -1.024778  
466 24.750000 -3.023306 -1.022254  
467 24.760000 -3.013096 -1.019694  
468 24.770000 -3.002912 -1.017098  
469 24.780000 -2.992754 -1.014469  
470 24.790000 -2.982623 -1.011808  
471 24.800000 -2.972518 -1.009115  
472 24.810000 -2.962440 -1.006393  
473 24.820000 -2.952390 -1.003643  
474 24.830000 -2.942368 -1.000867  
475 24.840000 -2.932373 -0.998065  
476 24.850000 -2.922406 -0.995238  
477 24.860000 -2.912468 -0.992389  
478 24.870000 -2.902559 -0.989517  
479 24.880000 -2.892678 -0.986625  
480 24.890000 -2.882826 -0.983713  
481 24.900000 -2.873004 -0.980782  
482 24.910000 -2.863211 -0.977834  
483 24.920000 -2.853447 -0.974868  
484 24.930000 -2.843713 -0.971887  
485 24.940000 -2.834009 -0.968892  
486 24.950000 -2.824336 -0.965882  
487 24.960000 -2.814692 -0.962859  
488 24.970000 -2.805078 -0.959824  
489 24.980000 -2.795495 -0.956777  
490 24.990000 -2.785943 -0.953720  
491 25.000000 -2.776421 -0.950653  
492 25.010000 -2.766930 -0.947577  
493 25.020000 -2.757469 -0.944492  
494 25.030000 -2.748040 -0.941400  
495 25.040000 -2.738642 -0.938300  
496 25.050000 -2.729274 -0.935194  
497 25.060000 -2.719938 -0.932082  
498 25.070000 -2.710632 -0.928965  
499 25.080000 -2.701358 -0.925844  
500 25.090000 -2.692116 -0.922718  
501 25.100000 -2.682904 -0.919589  
502 25.110000 -2.673724 -0.916457  
503 25.120000 -2.664575 -0.913322  
504 25.130000 -2.655457 -0.910186  
505 25.140000 -2.646371 -0.907048  
506 25.150000 -2.637316 -0.903909  
507 25.160000 -2.628293 -0.900770  
508 25.170000 -2.619301 -0.897630  
509 25.180000 -2.610340 -0.894491  
510 25.190000 -2.601411 -0.891352  
511 25.200000 -2.592513 -0.888215  
512 25.210000 -2.583647 -0.885079  
513 25.220000 -2.574812 -0.881945  
514 25.230000 -2.566008 -0.878814  
515 25.240000 -2.557235 -0.875684  
516 25.250000 -2.548494 -0.872558  
517 25.260000 -2.539784 -0.869435  
518 25.270000 -2.531106 -0.866316  
519 25.280000 -2.522458 -0.863200  
520 25.290000 -2.513842 -0.860088  
521 25.300000 -2.505256 -0.856981  
522 25.310000 -2.496702 -0.853879  
523 25.320000 -2.488179 -0.850781  
524 25.330000 -2.479686 -0.847689  
525 25.340000 -2.471225 -0.844602  
526 25.350000 -2.462794 -0.841521  
527 25.360000 -2.454394 -0.838446  
528 25.370000 -2.446025 -0.835377  
529 25.380000 -2.437687 -0.832314  
530 25.390000 -2.429379 -0.829258  
531 25.400000 -2.421102 -0.826208  
532 25.410000 -2.412855 -0.823165  
533 25.420000 -2.404638 -0.820130  
534 25.430000 -2.396452 -0.817101  
535 25.440000 -2.388296 -0.814080  
536 25.450000 -2.380171 -0.811067  
537 25.460000 -2.372075 -0.808061  
538 25.470000 -2.364009 -0.805063  
539 25.480000 -2.355974 -0.802074  
540 25.490000 -2.347968 -0.799092  
541 25.500000 -2.339992 -0.796119  
542 25.510000 -2.332045 -0.793154  
543 25.520000 -2.324129 -0.790197  
544 25.530000 -2.316241 -0.787250  
545 25.540000 -2.308384 -0.784311  
546 25.550000 -2.300555 -0.781380  
547 25.560000 -2.292756 -0.778459  
548 25.570000 -2.284986 -0.775547  
549 25.580000 -2.277245 -0.772644  
550 25.590000 -2.269533 -0.769750  
551 25.600000 -2.261850 -0.766866  
552 25.610000 -2.254196 -0.763991  
553 25.620000 -2.246570 -0.761125  
554 25.630000 -2.238973 -0.758269  
555 25.640000 -2.231405 -0.755422  
556 25.650000 -2.223865 -0.752585  
557 25.660000 -2.216353 -0.749758  
558 25.670000 -2.208869 -0.746941  
559 25.680000 -2.201414 -0.744133  
560 25.690000 -2.193987 -0.741336  
561 25.700000 -2.186587 -0.738548  
562 25.710000 -2.179216 -0.735770  
563 25.720000 -2.171872 -0.733003  
564 25.730000 -2.164556 -0.730245  
565 25.740000 -2.157267 -0.727497  
566 25.750000 -2.150006 -0.724760  
567 25.760000 -2.142772 -0.722033  
568 25.770000 -2.135565 -0.719315  
569 25.780000 -2.128385 -0.716609  
570 25.790000 -2.121233 -0.713912  
571 25.800000 -2.114107 -0.711225  
572 25.810000 -2.107008 -0.708549  
573 25.820000 -2.099936 -0.705883  
574 25.830000 -2.092891 -0.703228  
575 25.840000 -2.085872 -0.700583  
576 25.850000 -2.078879 -0.697948  
577 25.860000 -2.071913 -0.695323  
578 25.870000 -2.064972 -0.692709  
579 25.880000 -2.058058 -0.690105  
580 25.890000 -2.051170 -0.687511  
581 25.900000 -2.044308 -0.684928  
582 25.910000 -2.037472 -0.682355  
583 25.920000 -2.030661 -0.679793  
584 25.930000 -2.023876 -0.677241  
585 25.940000 -2.017116 -0.674699  
586 25.950000 -2.010382 -0.672168  
587 25.960000 -2.003673 -0.669647  
588 25.970000 -1.996989 -0.667136  
589 25.980000 -1.990330 -0.664636  
590 25.990000 -1.983696 -0.662145  
591 26.000000 -1.977087 -0.659666  
592 26.010000 -1.970503 -0.657196  
593 26.020000 -1.963943 -0.654737  
594 26.030000 -1.957408 -0.652288  
595 26.040000 -1.950897 -0.649849  
596 26.050000 -1.944411 -0.647421  
597 26.060000 -1.937949 -0.645003  
598 26.070000 -1.931511 -0.642595  
599 26.080000 -1.925097 -0.640197  
600 26.090000 -1.918707 -0.637809  
601 26.100000 -1.912341 -0.635432  
602 26.110000 -1.905998 -0.633064  
603 26.120000 -1.899679 -0.630707  
604 26.130000 -1.893384 -0.628360  
605 26.140000 -1.887112 -0.626022  
606 26.150000 -1.880864 -0.623695  
607 26.160000 -1.874638 -0.621378  
608 26.170000 -1.868436 -0.619071  
609 26.180000 -1.862257 -0.616774  
610 26.190000 -1.856100 -0.614486  
611 26.200000 -1.849967 -0.612209  
612 26.210000 -1.843856 -0.609941  
613 26.220000 -1.837768 -0.607684  
614 26.230000 -1.831702 -0.605436  
615 26.240000 -1.825659 -0.603198  
616 26.250000 -1.819639 -0.600969  
617 26.260000 -1.813640 -0.598750  
618 26.270000 -1.807663 -0.596541  
619 26.280000 -1.801709 -0.594342  
620 26.290000 -1.795777 -0.592152  
621 26.300000 -1.789866 -0.589972  
622 26.310000 -1.783977 -0.587802  
623 26.320000 -1.778110 -0.585641  
624 26.330000 -1.772264 -0.583489  
625 26.340000 -1.766440 -0.581347  
626 26.350000 -1.760637 -0.579214  
627 26.360000 -1.754856 -0.577091  
628 26.370000 -1.749095 -0.574977  
629 26.380000 -1.743356 -0.572873  
630 26.390000 -1.737638 -0.570777  
631 26.400000 -1.731941 -0.568691  
632 26.410000 -1.726264 -0.566615  
633 26.420000 -1.720608 -0.564547  
634 26.430000 -1.714973 -0.562488  
635 26.440000 -1.709359 -0.560439  
636 26.450000 -1.703764 -0.558399  
637 26.460000 -1.698191 -0.556368  
638 26.470000 -1.692637 -0.554345  
639 26.480000 -1.687104 -0.552332  
640 26.490000 -1.681590 -0.550328  
641 26.500000 -1.676097 -0.548332  
642 26.510000 -1.670624 -0.546346  
643 26.520000 -1.665170 -0.544368  
644 26.530000 -1.659736 -0.542399  
645 26.540000 -1.654322 -0.540439  
646 26.550000 -1.648927 -0.538488  
647 26.560000 -1.643552 -0.536545  
648 26.570000 -1.638196 -0.534611  
649 26.580000 -1.632860 -0.532685  
650 26.590000 -1.627543 -0.530768  
651 26.600000 -1.622245 -0.528860  
652 26.610000 -1.616966 -0.526960  
653 26.620000 -1.611705 -0.525068  
654 26.630000 -1.606464 -0.523185  
655 26.640000 -1.601242 -0.521310  
656 26.650000 -1.596038 -0.519444  
657 26.660000 -1.590853 -0.517586  
658 26.670000 -1.585686 -0.515736  
659 26.680000 -1.580538 -0.513895  
660 26.690000 -1.575408 -0.512061  
661 26.700000 -1.570297 -0.510236  
662 26.710000 -1.565203 -0.508419  
663 26.720000 -1.560128 -0.506610  
664 26.730000 -1.555071 -0.504809  
665 26.740000 -1.550032 -0.503016  
666 26.750000 -1.545011 -0.501231  
667 26.760000 -1.540007 -0.499454  
668 26.770000 -1.535022 -0.497685  
669 26.780000 -1.530054 -0.495924  
670 26.790000 -1.525103 -0.494170  
671 26.800000 -1.520170 -0.492425  
672 26.810000 -1.515255 -0.490687  
673 26.820000 -1.510357 -0.488957  
674 26.830000 -1.505476 -0.487234  
675 26.840000 -1.500612 -0.485519  
676 26.850000 -1.495765 -0.483812  
677 26.860000 -1.490936 -0.482112  
678 26.870000 -1.486123 -0.480420  
679 26.880000 -1.481327 -0.478736  
680 26.890000 -1.476548 -0.477058  
681 26.900000 -1.471786 -0.475389  
682 26.910000 -1.467040 -0.473726  
683 26.920000 -1.462311 -0.472071  
684 26.930000 -1.457599 -0.470424  
685 26.940000 -1.452903 -0.468783  
686 26.950000 -1.448223 -0.467150  
687 26.960000 -1.443560 -0.465524  
688 26.970000 -1.438913 -0.463906  
689 26.980000 -1.434282 -0.462294  
690 26.990000 -1.429667 -0.460689  
691 27.000000 -1.425068 -0.459092  
692 27.010000 -1.420485 -0.457502  
693 27.020000 -1.415918 -0.455918  
694 27.030000 -1.411367 -0.454342  
695 27.040000 -1.406831 -0.452772  
696 27.050000 -1.402311 -0.451210  
697 27.060000 -1.397807 -0.449654  
698 27.070000 -1.393318 -0.448105  
699 27.080000 -1.388845 -0.446563  
700 27.090000 -1.384387 -0.445028  
701 27.100000 -1.379944 -0.443500  
702 27.110000 -1.375517 -0.441978  
703 27.120000 -1.371105 -0.440463  
704 27.130000 -1.366707 -0.438954  
705 27.140000 -1.362325 -0.437452  
706 27.150000 -1.357958 -0.435957  
707 27.160000 -1.353606 -0.434468  
708 27.170000 -1.349269 -0.432986  
709 27.180000 -1.344947 -0.431510  
710 27.190000 -1.340639 -0.430040  
711 27.200000 -1.336346 -0.428577  
712 27.210000 -1.332067 -0.427121  
713 27.220000 -1.327803 -0.425671  
714 27.230000 -1.323554 -0.424227  
715 27.240000 -1.319319 -0.422789  
716 27.250000 -1.315098 -0.421357  
717 27.260000 -1.310892 -0.419932  
718 27.270000 -1.306699 -0.418513  
719 27.280000 -1.302521 -0.417100  
720 27.290000 -1.298357 -0.415694  
721 27.300000 -1.294207 -0.414293  
722 27.310000 -1.290071 -0.412898  
723 27.320000 -1.285949 -0.411510  
724 27.330000 -1.281841 -0.410127  
725 27.340000 -1.277747 -0.408751  
726 27.350000 -1.273666 -0.407380  
727 27.360000 -1.269599 -0.406015  
728 27.370000 -1.265546 -0.404656  
729 27.380000 -1.261506 -0.403303  
730 27.390000 -1.257480 -0.401956  
731 27.400000 -1.253467 -0.400615  
732 27.410000 -1.249467 -0.399279  
733 27.420000 -1.245481 -0.397949  
734 27.430000 -1.241508 -0.396625  
735 27.440000 -1.237549 -0.395307  
736 27.450000 -1.233602 -0.393994  
737 27.460000 -1.229669 -0.392687  
738 27.470000 -1.225749 -0.391385  
739 27.480000 -1.221841 -0.390089  
740 27.490000 -1.217947 -0.388799  
741 27.500000 -1.214065 -0.387514  
742 27.510000 -1.210196 -0.386234  
743 27.520000 -1.206340 -0.384960  
744 27.530000 -1.202497 -0.383691  
745 27.540000 -1.198667 -0.382428  
746 27.550000 -1.194849 -0.381170  
747 27.560000 -1.191043 -0.379918  
748 27.570000 -1.187250 -0.378670  
749 27.580000 -1.183470 -0.377429  
750 27.590000 -1.179702 -0.376192  
751 27.600000 -1.175946 -0.374960  
752 27.610000 -1.172202 -0.373734  
753 27.620000 -1.168471 -0.372513  
754 27.630000 -1.164752 -0.371297  
755 27.640000 -1.161045 -0.370087  
756 27.650000 -1.157350 -0.368881  
757 27.660000 -1.153668 -0.367680  
758 27.670000 -1.149997 -0.366485  
759 27.680000 -1.146338 -0.365294  
760 27.690000 -1.142691 -0.364109  
761 27.700000 -1.139056 -0.362928  
762 27.710000 -1.135432 -0.361753  
763 27.720000 -1.131821 -0.360582  
764 27.730000 -1.128221 -0.359417  
765 27.740000 -1.124632 -0.358256  
766 27.750000 -1.121055 -0.357100  
767 27.760000 -1.117490 -0.355949  
768 27.770000 -1.113937 -0.354802  
769 27.780000 -1.110394 -0.353661  
770 27.790000 -1.106863 -0.352524  
771 27.800000 -1.103344 -0.351392  
772 27.810000 -1.099835 -0.350265  
773 27.820000 -1.096338 -0.349142  
774 27.830000 -1.092853 -0.348024  
775 27.840000 -1.089378 -0.346911  
776 27.850000 -1.085914 -0.345802  
777 27.860000 -1.082462 -0.344698  
778 27.870000 -1.079020 -0.343598  
779 27.880000 -1.075590 -0.342503  
780 27.890000 -1.072170 -0.341413  
781 27.900000 -1.068762 -0.340327  
782 27.910000 -1.065364 -0.339245  
783 27.920000 -1.061977 -0.338168  
784 27.930000 -1.058600 -0.337096  
785 27.940000 -1.055235 -0.336027  
786 27.950000 -1.051880 -0.334964  
787 27.960000 -1.048535 -0.333904  
788 27.970000 -1.045202 -0.332849  
789 27.980000 -1.041878 -0.331798  
790 27.990000 -1.038566 -0.330752  
791 28.000000 -1.035263 -0.329710  
792 28.010000 -1.031972 -0.328672  
793 28.020000 -1.028690 -0.327638  
794 28.030000 -1.025419 -0.326609  
795 28.040000 -1.022158 -0.325583  
796 28.050000 -1.018907 -0.324562  
797 28.060000 -1.015667 -0.323545  
798 28.070000 -1.012436 -0.322533  
799 28.080000 -1.009216 -0.321524  
800 28.090000 -1.006006 -0.320519  
801 28.100000 -1.002805 -0.319519  
802 28.110000 -0.999615 -0.318522  
803 28.120000 -0.996435 -0.317530  
804 28.130000 -0.993265 -0.316542  
805 28.140000 -0.990104 -0.315557  
806 28.150000 -0.986953 -0.314577  
807 28.160000 -0.983813 -0.313600  
808 28.170000 -0.980681 -0.312628  
809 28.180000 -0.977560 -0.311659  
810 28.190000 -0.974448 -0.310695  
811 28.200000 -0.971346 -0.309734  
812 28.210000 -0.968254 -0.308777  
813 28.220000 -0.965171 -0.307824  
814 28.230000 -0.962097 -0.306874  
815 28.240000 -0.959033 -0.305929  
816 28.250000 -0.955978 -0.304987  
817 28.260000 -0.952933 -0.304049  
818 28.270000 -0.949897 -0.303115  
819 28.280000 -0.946871 -0.302185  
820 28.290000 -0.943854 -0.301258  
821 28.300000 -0.940846 -0.300335  
822 28.310000 -0.937847 -0.299415  
823 28.320000 -0.934858 -0.298500  
824 28.330000 -0.931877 -0.297588  
825 28.340000 -0.928906 -0.296679  
826 28.350000 -0.925943 -0.295774  
827 28.360000 -0.922990 -0.294873  
828 28.370000 -0.920046 -0.293975  
829 28.380000 -0.917111 -0.293081  
830 28.390000 -0.914184 -0.292190  
831 28.400000 -0.911267 -0.291303  
832 28.410000 -0.908358 -0.290420  
833 28.420000 -0.905459 -0.289540  
834 28.430000 -0.902567 -0.288663  
835 28.440000 -0.899685 -0.287790  
836 28.450000 -0.896812 -0.286920  
837 28.460000 -0.893947 -0.286054  
838 28.470000 -0.891091 -0.285191  
839 28.480000 -0.888243 -0.284331  
840 28.490000 -0.885404 -0.283475  
841 28.500000 -0.882573 -0.282622  
842 28.510000 -0.879752 -0.281773  
843 28.520000 -0.876938 -0.280926  
844 28.530000 -0.874133 -0.280083  
845 28.540000 -0.871336 -0.279244  
846 28.550000 -0.868548 -0.278407  
847 28.560000 -0.865768 -0.277574  
848 28.570000 -0.862997 -0.276745  
849 28.580000 -0.860233 -0.275918  
850 28.590000 -0.857478 -0.275095  
851 28.600000 -0.854731 -0.274274  
852 28.610000 -0.851993 -0.273457  
853 28.620000 -0.849262 -0.272643  
854 28.630000 -0.846540 -0.271833  
855 28.640000 -0.843826 -0.271025  
856 28.650000 -0.841119 -0.270221  
857 28.660000 -0.838421 -0.269419  
858 28.670000 -0.835731 -0.268621  
859 28.680000 -0.833049 -0.267826  
860 28.690000 -0.830374 -0.267034  
861 28.700000 -0.827708 -0.266244  
862 28.710000 -0.825050 -0.265458  
863 28.720000 -0.822399 -0.264675  
864 28.730000 -0.819756 -0.263895  
865 28.740000 -0.817121 -0.263118  
866 28.750000 -0.814494 -0.262344  
867 28.760000 -0.811874 -0.261573  
868 28.770000 -0.809262 -0.260805  
869 28.780000 -0.806658 -0.260040  
870 28.790000 -0.804061 -0.259277  
871 28.800000 -0.801472 -0.258518  
872 28.810000 -0.798891 -0.257761  
873 28.820000 -0.796317 -0.257008  
874 28.830000 -0.793751 -0.256257  
875 28.840000 -0.791192 -0.255509  
876 28.850000 -0.788641 -0.254764  
877 28.860000 -0.786097 -0.254021  
878 28.870000 -0.783560 -0.253282  
879 28.880000 -0.781031 -0.252545  
880 28.890000 -0.778509 -0.251811  
881 28.900000 -0.775995 -0.251080  
882 28.910000 -0.773488 -0.250352  
883 28.920000 -0.770988 -0.249626  
884 28.930000 -0.768495 -0.248903  
885 28.940000 -0.766010 -0.248183  
886 28.950000 -0.763531 -0.247466  
887 28.960000 -0.761060 -0.246751  
888 28.970000 -0.758596 -0.246039  
889 28.980000 -0.756140 -0.245329  
890 28.990000 -0.753690 -0.244622  
891 29.000000 -0.751247 -0.243918  
892 29.010000 -0.748812 -0.243217  
893 29.020000 -0.746383 -0.242518  
894 29.030000 -0.743961 -0.241822  
895 29.040000 -0.741546 -0.241128  
896 29.050000 -0.739139 -0.240437  
897 29.060000 -0.736738 -0.239748  
898 29.070000 -0.734344 -0.239062  
899 29.080000 -0.731956 -0.238379  
900 29.090000 -0.729576 -0.237698  
901 29.100000 -0.727202 -0.237020  
902 29.110000 -0.724836 -0.236344  
903 29.120000 -0.722476 -0.235671  
904 29.130000 -0.720122 -0.235000  
905 29.140000 -0.717776 -0.234331  
906 29.150000 -0.715436 -0.233666  
907 29.160000 -0.713102 -0.233002  
908 29.170000 -0.710775 -0.232341  
909 29.180000 -0.708455 -0.231683  
910 29.190000 -0.706142 -0.231026  
911 29.200000 -0.703835 -0.230373  
912 29.210000 -0.701534 -0.229721  
913 29.220000 -0.699240 -0.229072  
914 29.230000 -0.696953 -0.228426  
915 29.240000 -0.694672 -0.227782  
916 29.250000 -0.692397 -0.227140  
917 29.260000 -0.690129 -0.226500  
918 29.270000 -0.687867 -0.225863  
919 29.280000 -0.685612 -0.225228  
920 29.290000 -0.683363 -0.224596  
921 29.300000 -0.681120 -0.223966  
922 29.310000 -0.678883 -0.223338  
923 29.320000 -0.676653 -0.222712  
924 29.330000 -0.674429 -0.222089  
925 29.340000 -0.672211 -0.221468  
926 29.350000 -0.670000 -0.220849  
927 29.360000 -0.667794 -0.220232  
928 29.370000 -0.665595 -0.219618  
929 29.380000 -0.663402 -0.219006  
930 29.390000 -0.661215 -0.218396  
931 29.400000 -0.659034 -0.217788  
932 29.410000 -0.656859 -0.217183  
933 29.420000 -0.654690 -0.216579  
934 29.430000 -0.652528 -0.215978  
935 29.440000 -0.650371 -0.215379  
936 29.450000 -0.648220 -0.214782  
937 29.460000 -0.646075 -0.214188  
938 29.470000 -0.643936 -0.213595  
939 29.480000 -0.641803 -0.213005  
940 29.490000 -0.639676 -0.212416  
941 29.500000 -0.637555 -0.211830  
942 29.510000 -0.635440 -0.211246  
943 29.520000 -0.633330 -0.210664  
944 29.530000 -0.631226 -0.210084  
945 29.540000 -0.629128 -0.209506  
946 29.550000 -0.627036 -0.208930  
947 29.560000 -0.624950 -0.208356  
948 29.570000 -0.622869 -0.207785  
949 29.580000 -0.620794 -0.207215  
950 29.590000 -0.618725 -0.206647  
951 29.600000 -0.616661 -0.206082  
952 29.610000 -0.614603 -0.205518  
953 29.620000 -0.612551 -0.204956  
954 29.630000 -0.610504 -0.204397  
955 29.640000 -0.608463 -0.203839  
956 29.650000 -0.606427 -0.203283  
957 29.660000 -0.604397 -0.202730  
958 29.670000 -0.602373 -0.202178  
959 29.680000 -0.600354 -0.201628  
960 29.690000 -0.598340 -0.201080  
961 29.700000 -0.596332 -0.200534  
962 29.710000 -0.594329 -0.199990  
963 29.720000 -0.592332 -0.199448  
964 29.730000 -0.590340 -0.198907  
965 29.740000 -0.588354 -0.198369  
966 29.750000 -0.586373 -0.197833  
967 29.760000 -0.584397 -0.197298  
968 29.770000 -0.582427 -0.196765  
969 29.780000 -0.580462 -0.196234  
970 29.790000 -0.578502 -0.195705  
971 29.800000 -0.576548 -0.195178  
972 29.810000 -0.574599 -0.194653  
973 29.820000 -0.572655 -0.194130  
974 29.830000 -0.570716 -0.193608  
975 29.840000 -0.568783 -0.193088  
976 29.850000 -0.566854 -0.192570  
977 29.860000 -0.564931 -0.192054  
978 29.870000 -0.563013 -0.191539  
979 29.880000 -0.561100 -0.191027  
980 29.890000 -0.559193 -0.190516  
981 29.900000 -0.557290 -0.190007  
982 29.910000 -0.555393 -0.189499  
983 29.920000 -0.553500 -0.188994  
984 29.930000 -0.551613 -0.188490  
985 29.940000 -0.549730 -0.187988  
986 29.950000 -0.547853 -0.187487  
987 29.960000 -0.545981 -0.186988  
988 29.970000 -0.544113 -0.186492  
989 29.980000 -0.542251 -0.185996  
990 29.990000 -0.540393 -0.185503  
991 30.000000 -0.538541 -0.185011  
992 30.010000 -0.536693 -0.184521  
993 30.020000 -0.534850 -0.184032  
994 30.030000 -0.533012 -0.183545  
995 30.040000 -0.531179 -0.183060  
996 30.050000 -0.529351 -0.182577  
997 30.060000 -0.527528 -0.182095  
998 30.070000 -0.525709 -0.181615  
999 30.080000 -0.523895 -0.181136  
1000 30.090000 -0.522087 -0.180659  
1001 30.100000 -0.520282 -0.180184  
1002 30.110000 -0.518483 -0.179710  
1003 30.120000 -0.516688 -0.179238  
1004 30.130000 -0.514898 -0.178768  
1005 30.140000 -0.513113 -0.178299  
1006 30.150000 -0.511332 -0.177831  
1007 30.160000 -0.509556 -0.177366  
1008 30.170000 -0.507785 -0.176902  
1009 30.180000 -0.506018 -0.176439  
1010 30.190000 -0.504256 -0.175978  
1011 30.200000 -0.502499 -0.175519  
1012 30.210000 -0.500746 -0.175061  
1013 30.220000 -0.498997 -0.174604  
1014 30.230000 -0.497254 -0.174150  
1015 30.240000 -0.495514 -0.173696  
1016 30.250000 -0.493780 -0.173244  
1017 30.260000 -0.492049 -0.172794  
1018 30.270000 -0.490324 -0.172345  
1019 30.280000 -0.488602 -0.171898  
1020 30.290000 -0.486886 -0.171453  
1021 30.300000 -0.485173 -0.171008  
1022 30.310000 -0.483466 -0.170566  
1023 30.320000 -0.481762 -0.170124  
1024 30.330000 -0.480063 -0.169684  
1025 30.340000 -0.478368 -0.169246  
1026 30.350000 -0.476678 -0.168809  
1027 30.360000 -0.474992 -0.168374  
1028 30.370000 -0.473311 -0.167940  
1029 30.380000 -0.471633 -0.167507  
1030 30.390000 -0.469961 -0.167076  
1031 30.400000 -0.468292 -0.166647  
1032 30.410000 -0.466628 -0.166218  
1033 30.420000 -0.464968 -0.165792  
1034 30.430000 -0.463312 -0.165366  
1035 30.440000 -0.461660 -0.164942  
1036 30.450000 -0.460013 -0.164520  
1037 30.460000 -0.458370 -0.164099  
1038 30.470000 -0.456731 -0.163679  
1039 30.480000 -0.455096 -0.163260  
1040 30.490000 -0.453466 -0.162843  
1041 30.500000 -0.451839 -0.162428  
1042 30.510000 -0.450217 -0.162013  
1043 30.520000 -0.448599 -0.161600  
1044 30.530000 -0.446985 -0.161189  
1045 30.540000 -0.445375 -0.160779  
1046 30.550000 -0.443770 -0.160370  
1047 30.560000 -0.442168 -0.159962  
1048 30.570000 -0.440570 -0.159556  
1049 30.580000 -0.438977 -0.159151  
1050 30.590000 -0.437387 -0.158748  
1051 30.600000 -0.435802 -0.158346  
1052 30.610000 -0.434220 -0.157945  
1053 30.620000 -0.432643 -0.157545  
1054 30.630000 -0.431069 -0.157147  
1055 30.640000 -0.429500 -0.156750  
1056 30.650000 -0.427934 -0.156354  
1057 30.660000 -0.426373 -0.155960  
1058 30.670000 -0.424815 -0.155567  
1059 30.680000 -0.423262 -0.155175  
1060 30.690000 -0.421712 -0.154784  
1061 30.700000 -0.420166 -0.154395  
1062 30.710000 -0.418624 -0.154007  
1063 30.720000 -0.417086 -0.153620  
1064 30.730000 -0.415551 -0.153235  
1065 30.740000 -0.414021 -0.152850  
1066 30.750000 -0.412494 -0.152467  
1067 30.760000 -0.410972 -0.152085  
1068 30.770000 -0.409453 -0.151705  
1069 30.780000 -0.407938 -0.151325  
1070 30.790000 -0.406426 -0.150947  
1071 30.800000 -0.404919 -0.150570  
1072 30.810000 -0.403415 -0.150195  
1073 30.820000 -0.401915 -0.149820  
1074 30.830000 -0.400418 -0.149447  
1075 30.840000 -0.398926 -0.149075  
1076 30.850000 -0.397437 -0.148704  
1077 30.860000 -0.395952 -0.148334  
1078 30.870000 -0.394470 -0.147966  
1079 30.880000 -0.392992 -0.147598  
1080 30.890000 -0.391518 -0.147232  
1081 30.900000 -0.390048 -0.146867  
1082 30.910000 -0.388581 -0.146503  
1083 30.920000 -0.387118 -0.146141  
1084 30.930000 -0.385658 -0.145779  
1085 30.940000 -0.384202 -0.145419  
1086 30.950000 -0.382750 -0.145060  
1087 30.960000 -0.381301 -0.144701  
1088 30.970000 -0.379856 -0.144345  
1089 30.980000 -0.378414 -0.143989  
1090 30.990000 -0.376976 -0.143634  
1091 31.000000 -0.375541 -0.143280  
1092 31.010000 -0.374110 -0.142928  
1093 31.020000 -0.372683 -0.142577  
1094 31.030000 -0.371259 -0.142226  
1095 31.040000 -0.369838 -0.141877  
1096 31.050000 -0.368421 -0.141529  
1097 31.060000 -0.367008 -0.141182  
1098 31.070000 -0.365597 -0.140837  
1099 31.080000 -0.364191 -0.140492  
1100 31.090000 -0.362788 -0.140148  
1101 31.100000 -0.361388 -0.139806  
1102 31.110000 -0.359992 -0.139464  
1103 31.120000 -0.358599 -0.139124  
1104 31.130000 -0.357209 -0.138785  
1105 31.140000 -0.355823 -0.138446  
1106 31.150000 -0.354440 -0.138109  
1107 31.160000 -0.353061 -0.137773  
1108 31.170000 -0.351685 -0.137438  
1109 31.180000 -0.350312 -0.137104  
1110 31.190000 -0.348943 -0.136771  
1111 31.200000 -0.347577 -0.136439  
1112 31.210000 -0.346214 -0.136108  
1113 31.220000 -0.344854 -0.135778  
1114 31.230000 -0.343498 -0.135449  
1115 31.240000 -0.342145 -0.135121  
1116 31.250000 -0.340796 -0.134794  
1117 31.260000 -0.339450 -0.134468  
1118 31.270000 -0.338106 -0.134144  
1119 31.280000 -0.336767 -0.133820  
1120 31.290000 -0.335430 -0.133497  
1121 31.300000 -0.334097 -0.133175  
1122 31.310000 -0.332767 -0.132854  
1123 31.320000 -0.331440 -0.132535  
1124 31.330000 -0.330116 -0.132216  
1125 31.340000 -0.328795 -0.131898  
1126 31.350000 -0.327478 -0.131581  
1127 31.360000 -0.326164 -0.131265  
1128 31.370000 -0.324853 -0.130950  
1129 31.380000 -0.323545 -0.130636  
1130 31.390000 -0.322240 -0.130323  
1131 31.400000 -0.320938 -0.130011  
1132 31.410000 -0.319640 -0.129700  
1133 31.420000 -0.318344 -0.129390  
1134 31.430000 -0.317052 -0.129081  
1135 31.440000 -0.315763 -0.128773  
1136 31.450000 -0.314476 -0.128466  
1137 31.460000 -0.313193 -0.128160  
1138 31.470000 -0.311913 -0.127854  
1139 31.480000 -0.310636 -0.127550  
1140 31.490000 -0.309362 -0.127246  
1141 31.500000 -0.308091 -0.126944  
1142 31.510000 -0.306823 -0.126642  
1143 31.520000 -0.305558 -0.126341  
1144 31.530000 -0.304296 -0.126041  
1145 31.540000 -0.303038 -0.125743  
1146 31.550000 -0.301782 -0.125445  
1147 31.560000 -0.300529 -0.125147  
1148 31.570000 -0.299279 -0.124851  
1149 31.580000 -0.298032 -0.124556  
1150 31.590000 -0.296788 -0.124262  
1151 31.600000 -0.295546 -0.123968  
1152 31.610000 -0.294308 -0.123676  
1153 31.620000 -0.293073 -0.123384  
1154 31.630000 -0.291840 -0.123093  
1155 31.640000 -0.290611 -0.122803  
1156 31.650000 -0.289384 -0.122514  
1157 31.660000 -0.288161 -0.122226  
1158 31.670000 -0.286940 -0.121938  
1159 31.680000 -0.285722 -0.121652  
1160 31.690000 -0.284507 -0.121366  
1161 31.700000 -0.283295 -0.121082  
1162 31.710000 -0.282085 -0.120798  
1163 31.720000 -0.280879 -0.120515  
1164 31.730000 -0.279675 -0.120232  
1165 31.740000 -0.278474 -0.119951  
1166 31.750000 -0.277276 -0.119671  
1167 31.760000 -0.276081 -0.119391  
1168 31.770000 -0.274888 -0.119112  
1169 31.780000 -0.273698 -0.118834  
1170 31.790000 -0.272511 -0.118557  
1171 31.800000 -0.271327 -0.118281  
1172 31.810000 -0.270146 -0.118005  
1173 31.820000 -0.268967 -0.117730  
1174 31.830000 -0.267791 -0.117457  
1175 31.840000 -0.266618 -0.117184  
1176 31.850000 -0.265447 -0.116911  
1177 31.860000 -0.264280 -0.116640  
1178 31.870000 -0.263115 -0.116369  
1179 31.880000 -0.261952 -0.116100  
1180 31.890000 -0.260793 -0.115831  
1181 31.900000 -0.259636 -0.115562  
1182 31.910000 -0.258481 -0.115295  
1183 31.920000 -0.257330 -0.115028  
1184 31.930000 -0.256181 -0.114762  
1185 31.940000 -0.255035 -0.114497  
1186 31.950000 -0.253891 -0.114233  
1187 31.960000 -0.252750 -0.113970  
1188 31.970000 -0.251612 -0.113707  
1189 31.980000 -0.250476 -0.113445  
1190 31.990000 -0.249343 -0.113184  
1191 32.000000 -0.248212 -0.112923  
1192 32.010000 -0.247084 -0.112664  
1193 32.020000 -0.245959 -0.112405  
1194 32.030000 -0.244836 -0.112147  
1195 32.040000 -0.243716 -0.111890  
1196 32.050000 -0.242598 -0.111633  
1197 32.060000 -0.241483 -0.111377  
1198 32.070000 -0.240371 -0.111122  
1199 32.080000 -0.239261 -0.110868  
1200 32.090000 -0.238153 -0.110614  
1201 32.100000 -0.237048 -0.110361  
1202 32.110000 -0.235946 -0.110109  
1203 32.120000 -0.234846 -0.109858  
1204 32.130000 -0.233749 -0.109607  
1205 32.140000 -0.232654 -0.109357  
1206 32.150000 -0.231562 -0.109108  
1207 32.160000 -0.230472 -0.108860  
1208 32.170000 -0.229385 -0.108612  
1209 32.180000 -0.228300 -0.108365  
1210 32.190000 -0.227217 -0.108119  
1211 32.200000 -0.226137 -0.107873  
1212 32.210000 -0.225060 -0.107628  
1213 32.220000 -0.223985 -0.107384  
1214 32.230000 -0.222912 -0.107141  
1215 32.240000 -0.221842 -0.106898  
1216 32.250000 -0.220774 -0.106656  
1217 32.260000 -0.219709 -0.106415  
1218 32.270000 -0.218646 -0.106174  
1219 32.280000 -0.217585 -0.105934  
1220 32.290000 -0.216527 -0.105695  
1221 32.300000 -0.215471 -0.105456  
1222 32.310000 -0.214418 -0.105219  
1223 32.320000 -0.213367 -0.104981  
1224 32.330000 -0.212318 -0.104745  
1225 32.340000 -0.211272 -0.104509  
1226 32.350000 -0.210228 -0.104274  
1227 32.360000 -0.209187 -0.104039  
1228 32.370000 -0.208147 -0.103806  
1229 32.380000 -0.207111 -0.103573  
1230 32.390000 -0.206076 -0.103340  
1231 32.400000 -0.205044 -0.103108  
1232 32.410000 -0.204014 -0.102877  
1233 32.420000 -0.202986 -0.102647  
1234 32.430000 -0.201961 -0.102417  
1235 32.440000 -0.200938 -0.102188  
1236 32.450000 -0.199917 -0.101959  
1237 32.460000 -0.198899 -0.101732  
1238 32.470000 -0.197882 -0.101504  
1239 32.480000 -0.196869 -0.101278  
1240 32.490000 -0.195857 -0.101052  
1241 32.500000 -0.194848 -0.100827  
1242 32.510000 -0.193840 -0.100602  
1243 32.520000 -0.192835 -0.100378  
1244 32.530000 -0.191833 -0.100155  
1245 32.540000 -0.190832 -0.099932  
1246 32.550000 -0.189834 -0.099710  
1247 32.560000 -0.188838 -0.099489  
1248 32.570000 -0.187844 -0.099268  
1249 32.580000 -0.186853 -0.099048  
1250 32.590000 -0.185863 -0.098828  
1251 32.600000 -0.184876 -0.098609  
1252 32.610000 -0.183891 -0.098391  
1253 32.620000 -0.182908 -0.098173  
1254 32.630000 -0.181928 -0.097956  
1255 32.640000 -0.180949 -0.097740  
1256 32.650000 -0.179973 -0.097524  
1257 32.660000 -0.178999 -0.097309  
1258 32.670000 -0.178027 -0.097094  
1259 32.680000 -0.177057 -0.096880  
1260 32.690000 -0.176089 -0.096667  
1261 32.700000 -0.175124 -0.096454  
1262 32.710000 -0.174160 -0.096242  
1263 32.720000 -0.173199 -0.096030  
1264 32.730000 -0.172240 -0.095819  
1265 32.740000 -0.171282 -0.095608  
1266 32.750000 -0.170327 -0.095399  
1267 32.760000 -0.169374 -0.095189  
1268 32.770000 -0.168424 -0.094981  
1269 32.780000 -0.167475 -0.094773  
1270 32.790000 -0.166528 -0.094565  
1271 32.800000 -0.165583 -0.094358  
1272 32.810000 -0.164641 -0.094152  
1273 32.820000 -0.163700 -0.093946  
1274 32.830000 -0.162762 -0.093741  
1275 32.840000 -0.161826 -0.093536  
1276 32.850000 -0.160891 -0.093332  
1277 32.860000 -0.159959 -0.093128  
1278 32.870000 -0.159029 -0.092926  
1279 32.880000 -0.158100 -0.092723  
1280 32.890000 -0.157174 -0.092521  
1281 32.900000 -0.156250 -0.092320  
1282 32.910000 -0.155328 -0.092119  
1283 32.920000 -0.154408 -0.091919  
1284 32.930000 -0.153489 -0.091720  
1285 32.940000 -0.152573 -0.091521  
1286 32.950000 -0.151659 -0.091322  
1287 32.960000 -0.150747 -0.091124  
1288 32.970000 -0.149837 -0.090927  
1289 32.980000 -0.148928 -0.090730  
1290 32.990000 -0.148022 -0.090534  
1291 33.000000 -0.147118 -0.090338  
1292 33.010000 -0.146215 -0.090143  
1293 33.020000 -0.145315 -0.089948  
1294 33.030000 -0.144416 -0.089754  
1295 33.040000 -0.143520 -0.089560  
1296 33.050000 -0.142625 -0.089367  
1297 33.060000 -0.141732 -0.089175  
1298 33.070000 -0.140842 -0.088983  
1299 33.080000 -0.139953 -0.088791  
1300 33.090000 -0.139066 -0.088600  
1301 33.100000 -0.138181 -0.088410  
1302 33.110000 -0.137298 -0.088220  
1303 33.120000 -0.136416 -0.088030  
1304 33.130000 -0.135537 -0.087841  
1305 33.140000 -0.134659 -0.087653  
1306 33.150000 -0.133784 -0.087465  
1307 33.160000 -0.132910 -0.087278  
1308 33.170000 -0.132038 -0.087091  
1309 33.180000 -0.131168 -0.086905  
1310 33.190000 -0.130300 -0.086719  
1311 33.200000 -0.129434 -0.086534  
1312 33.210000 -0.128570 -0.086349  
1313 33.220000 -0.127707 -0.086164  
1314 33.230000 -0.126846 -0.085981  
1315 33.240000 -0.125987 -0.085797  
1316 33.250000 -0.125130 -0.085615  
1317 33.260000 -0.124275 -0.085432  
1318 33.270000 -0.123422 -0.085250  
1319 33.280000 -0.122570 -0.085069  
1320 33.290000 -0.121720 -0.084888  
1321 33.300000 -0.120872 -0.084708  
1322 33.310000 -0.120026 -0.084528  
1323 33.320000 -0.119182 -0.084349  
1324 33.330000 -0.118339 -0.084170  
1325 33.340000 -0.117498 -0.083991  
1326 33.350000 -0.116659 -0.083813  
1327 33.360000 -0.115822 -0.083636  
1328 33.370000 -0.114987 -0.083459  
1329 33.380000 -0.114153 -0.083283  
1330 33.390000 -0.113321 -0.083107  
1331 33.400000 -0.112491 -0.082931  
1332 33.410000 -0.111662 -0.082756  
1333 33.420000 -0.110836 -0.082581  
1334 33.430000 -0.110011 -0.082407  
1335 33.440000 -0.109187 -0.082233  
1336 33.450000 -0.108366 -0.082060  
1337 33.460000 -0.107546 -0.081888  
1338 33.470000 -0.106728 -0.081715  
1339 33.480000 -0.105912 -0.081543  
1340 33.490000 -0.105097 -0.081372  
1341 33.500000 -0.104285 -0.081201  
1342 33.510000 -0.103473 -0.081031  
1343 33.520000 -0.102664 -0.080861  
1344 33.530000 -0.101856 -0.080691  
1345 33.540000 -0.101050 -0.080522  
1346 33.550000 -0.100246 -0.080354  
1347 33.560000 -0.099443 -0.080185  
1348 33.570000 -0.098642 -0.080018  
1349 33.580000 -0.097843 -0.079850  
1350 33.590000 -0.097045 -0.079683  
1351 33.600000 -0.096249 -0.079517  
1352 33.610000 -0.095455 -0.079351  
1353 33.620000 -0.094662 -0.079186  
1354 33.630000 -0.093871 -0.079021  
1355 33.640000 -0.093082 -0.078856  
1356 33.650000 -0.092294 -0.078692  
1357 33.660000 -0.091508 -0.078528  
1358 33.670000 -0.090723 -0.078365  
1359 33.680000 -0.089940 -0.078202  
1360 33.690000 -0.089159 -0.078039  
1361 33.700000 -0.088380 -0.077877  
1362 33.710000 -0.087602 -0.077715  
1363 33.720000 -0.086825 -0.077554  
1364 33.730000 -0.086051 -0.077394  
1365 33.740000 -0.085277 -0.077233  
1366 33.750000 -0.084506 -0.077073  
1367 33.760000 -0.083736 -0.076914  
1368 33.770000 -0.082968 -0.076755  
1369 33.780000 -0.082201 -0.076596  
1370 33.790000 -0.081436 -0.076438  
1371 33.800000 -0.080672 -0.076280  
1372 33.810000 -0.079910 -0.076122  
1373 33.820000 -0.079150 -0.075965  
1374 33.830000 -0.078391 -0.075809  
1375 33.840000 -0.077634 -0.075653  
1376 33.850000 -0.076878 -0.075497  
1377 33.860000 -0.076124 -0.075342  
1378 33.870000 -0.075371 -0.075187  
1379 33.880000 -0.074620 -0.075032  
1380 33.890000 -0.073870 -0.074878  
1381 33.900000 -0.073122 -0.074724  
1382 33.910000 -0.072376 -0.074571  
1383 33.920000 -0.071631 -0.074418  
1384 33.930000 -0.070887 -0.074265  
1385 33.940000 -0.070146 -0.074113  
1386 33.950000 -0.069405 -0.073961  
1387 33.960000 -0.068666 -0.073810  
1388 33.970000 -0.067929 -0.073659  
1389 33.980000 -0.067193 -0.073508  
1390 33.990000 -0.066459 -0.073358  
1391 34.000000 -0.065726 -0.073208  
1392 34.010000 -0.064995 -0.073059  
1393 34.020000 -0.064265 -0.072910  
1394 34.030000 -0.063536 -0.072761  
1395 34.040000 -0.062810 -0.072613  
1396 34.050000 -0.062084 -0.072465  
1397 34.060000 -0.061360 -0.072318  
1398 34.070000 -0.060638 -0.072170  
1399 34.080000 -0.059917 -0.072024  
1400 34.090000 -0.059197 -0.071877  
1401 34.100000 -0.058479 -0.071731  
1402 34.110000 -0.057763 -0.071586  
1403 34.120000 -0.057048 -0.071441  
1404 34.130000 -0.056334 -0.071296  
1405 34.140000 -0.055622 -0.071151  
1406 34.150000 -0.054911 -0.071007  
1407 34.160000 -0.054202 -0.070863  
1408 34.170000 -0.053494 -0.070720  
1409 34.180000 -0.052787 -0.070577  
1410 34.190000 -0.052082 -0.070434  
1411 34.200000 -0.051378 -0.070292  
1412 34.210000 -0.050676 -0.070150  
1413 34.220000 -0.049975 -0.070009  
1414 34.230000 -0.049276 -0.069867  
1415 34.240000 -0.048578 -0.069727  
1416 34.250000 -0.047882 -0.069586  
1417 34.260000 -0.047186 -0.069446  
1418 34.270000 -0.046493 -0.069306  
1419 34.280000 -0.045800 -0.069167  
1420 34.290000 -0.045109 -0.069028  
1421 34.300000 -0.044420 -0.068889  
1422 34.310000 -0.043732 -0.068751  
1423 34.320000 -0.043045 -0.068613  
1424 34.330000 -0.042359 -0.068475  
1425 34.340000 -0.041675 -0.068338  
1426 34.350000 -0.040992 -0.068201  
1427 34.360000 -0.040311 -0.068064  
1428 34.370000 -0.039631 -0.067928  
1429 34.380000 -0.038953 -0.067792  
1430 34.390000 -0.038275 -0.067657  
1431 34.400000 -0.037599 -0.067521  
1432 34.410000 -0.036925 -0.067387  
1433 34.420000 -0.036252 -0.067252  
1434 34.430000 -0.035580 -0.067118  
1435 34.440000 -0.034909 -0.066984  
1436 34.450000 -0.034240 -0.066851  
1437 34.460000 -0.033572 -0.066717  
1438 34.470000 -0.032906 -0.066585  
1439 34.480000 -0.032241 -0.066452  
1440 34.490000 -0.031577 -0.066320  
1441 34.500000 -0.030914 -0.066188  
1442 34.510000 -0.030253 -0.066057  
1443 34.520000 -0.029593 -0.065925  
1444 34.530000 -0.028935 -0.065795  
1445 34.540000 -0.028277 -0.065664  
1446 34.550000 -0.027621 -0.065534  
1447 34.560000 -0.026967 -0.065404  
1448 34.570000 -0.026313 -0.065275  
1449 34.580000 -0.025661 -0.065145  
1450 34.590000 -0.025010 -0.065016  
1451 34.600000 -0.024361 -0.064888  
1452 34.610000 -0.023712 -0.064760  
1453 34.620000 -0.023066 -0.064632  
1454 34.630000 -0.022420 -0.064504  
1455 34.640000 -0.021775 -0.064377  
1456 34.650000 -0.021132 -0.064250  
1457 34.660000 -0.020490 -0.064123  
1458 34.670000 -0.019850 -0.063997  
1459 34.680000 -0.019211 -0.063871  
1460 34.690000 -0.018572 -0.063745  
1461 34.700000 -0.017936 -0.063620  
1462 34.710000 -0.017300 -0.063495  
1463 34.720000 -0.016666 -0.063370  
1464 34.730000 -0.016033 -0.063246  
1465 34.740000 -0.015401 -0.063121  
1466 34.750000 -0.014770 -0.062998  
1467 34.760000 -0.014141 -0.062874  
1468 34.770000 -0.013513 -0.062751  
1469 34.780000 -0.012886 -0.062628  
1470 34.790000 -0.012260 -0.062505  
1471 34.800000 -0.011636 -0.062383  
1472 34.810000 -0.011012 -0.062261  
1473 34.820000 -0.010390 -0.062139  
1474 34.830000 -0.009770 -0.062018  
1475 34.840000 -0.009150 -0.061897  
1476 34.850000 -0.008532 -0.061776  
1477 34.860000 -0.007915 -0.061656  
1478 34.870000 -0.007299 -0.061535  
1479 34.880000 -0.006684 -0.061415  
1480 34.890000 -0.006070 -0.061296  
1481 34.900000 -0.005458 -0.061177  
1482 34.910000 -0.004847 -0.061057  
1483 34.920000 -0.004237 -0.060939  
1484 34.930000 -0.003628 -0.060820  
1485 34.940000 -0.003020 -0.060702  
1486 34.950000 -0.002414 -0.060584  
1487 34.960000 -0.001809 -0.060467  
1488 34.970000 -0.001205 -0.060349  
1489 34.980000 -0.000602 -0.060232  
1490 34.990000 -0.000000 -0.060116  
