1 20.100000 69034693605392.273438 6216988723047359.000000  
2 20.110000 29261060416553.394531 2395724819061110.500000  
3 20.120000 13364414721984.535156 1003078929772004.750000  
4 20.130000 6499022262437.430664 450295814978819.500000  
5 20.140000 3333826670743.442383 214503816113780.062500  
6 20.150000 1790734719359.337646 107544155974465.718750  
7 20.160000 1001221332882.391235 56374627636412.414062  
8 20.170000 579865277805.972656 30731126919528.167969  
9 20.180000 346475407058.897827 17343107516520.314453  
10 20.190000 212863019823.358246 10094860123281.125000  
11 20.200000 134081987687.169373 6041166234372.017578  
12 20.210000 86382272563.746414 3706912233053.960938  
13 20.220000 56800496590.866150 2326821299222.551270  
14 20.230000 38050802657.383179 1491063525130.880859  
15 20.240000 25928139932.634331 973748579830.937622  
16 20.250000 17946127716.913715 647059168345.312988  
17 20.260000 12601698924.308372 436913545776.252563  
18 20.270000 8967551024.035542 299416917195.095764  
19 20.280000 6460766690.204227 208026532090.353729  
20 20.290000 4708505358.868666 146387572702.474945  
21 20.300000 3468427099.524970 104245392033.545975  
22 20.310000 2580640655.974218 75065050408.783630  
23 20.320000 1938170564.768086 54618569290.283150  
24 20.330000 1468505106.794523 40131571592.807838  
25 20.340000 1121889001.683030 29759247010.618370  
26 20.350000 863787809.205865 22259545187.038986  
27 20.360000 669971594.865718 16786394393.306046  
28 20.370000 523266472.582845 12757070883.374020  
29 20.380000 411382378.979816 9766031054.201622  
30 20.390000 325444039.057050 7528248273.180536  
31 20.400000 258986837.185430 5841523188.761624  
32 20.410000 207263502.055286 4561141486.956655  
33 20.420000 166760794.664195 3582658218.282177  
34 20.430000 134859515.253360 2830088239.143547  
35 20.440000 109593255.528599 2247729755.936855  
36 20.450000 89475804.221214 1794453162.429543  
37 20.460000 73376697.727388 1439678207.760536  
38 20.470000 60430812.553911 1160517592.597585  
39 20.480000 49972217.231543 939733202.089436  
40 20.490000 41485442.549672 764263042.925481  
41 20.500000 34569348.178723 624152058.404014  
42 20.510000 28910161.372563 511770863.923958  
43 20.520000 24261238.428812 421241184.660575  
44 20.530000 20427784.854275 348010690.766947  
45 20.540000 17255255.300246 288536512.774130  
46 20.550000 14620500.135850 240048309.880846  
47 20.560000 12424973.664224 200369919.168365  
48 20.570000 10589498.178777 167784391.187173  
49 20.580000 9050208.257110 140931336.874106  
50 20.590000 7755394.853070 118728466.557876  
51 20.600000 6663038.698526 100311335.453592  
52 20.610000 5738874.227908 84986859.191779  
53 20.620000 4954863.654305 72197294.018084  
54 20.630000 4287989.516233 61492206.635026  
55 20.640000 3719295.547144 52506571.402818  
56 20.650000 3233121.958193 44943587.083019  
57 20.660000 2816493.527168 38561144.033264  
58 20.670000 2458628.248574 33161126.417575  
59 20.680000 2150541.455279 28580924.820772  
60 20.690000 1884725.813876 24686678.849673  
61 20.700000 1654891.828063 21367878.731893  
62 20.710000 1455756.758549 18533038.314506  
63 20.720000 1282872.410791 16106215.672044  
64 20.730000 1132484.224092 14024206.547758  
65 20.740000 1001415.646185 12234273.646856  
66 20.750000 886972.994837 10692304.052033  
67 20.760000 786866.966935 9361309.752697  
68 20.770000 699147.713408 8210203.989650  
69 20.780000 622150.999250 7212799.968753  
70 20.790000 554453.445830 6346989.366782  
71 20.800000 494835.233999 5594066.609938  
72 20.810000 442248.951552 4938171.663263  
73 20.820000 395793.513450 4365829.422428  
74 20.830000 354692.280201 3865568.052451  
75 20.840000 318274.658792 3427602.006835  
76 20.850000 285960.599154 3043568.168654  
77 20.860000 257247.503519 2706305.724942  
78 20.870000 231699.150846 2409672.129130  
79 20.880000 208936.307700 2148388.910624  
80 20.890000 188628.753491 1917912.224824  
81 20.900000 170488.494289 1714323.955188  
82 20.910000 154263.977481 1534239.924265  
83 20.920000 139735.150819 1374732.376994  
84 20.930000 126709.235199 1233264.394052  
85 20.940000 115017.101895 1107634.297201  
86 20.950000 104510.162587 995928.439649  
87 20.960000 95057.695228 896481.046257  
88 20.970000 86544.540969 807839.992016  
89 20.980000 78869.117546 728737.591599  
90 20.990000 71941.702993 658065.625067  
91 21.000000 65682.950673 594853.950906  
92 21.010000 60022.602547 538252.162112  
93 21.020000 54898.372604 487513.827951  
94 21.030000 50254.976574 441982.936361  
95 21.040000 46043.287595 401082.212305  
96 21.050000 42219.600475 364303.037793  
97 21.060000 38744.989722 331196.741542  
98 21.070000 35584.748676 301367.061575  
99 21.080000 32707.898841 274463.613853  
100 21.090000 30086.760115 250176.224995  
101 21.100000 27696.573872 228230.008264  
102 21.110000 25515.172012 208381.079766  
103 21.120000 23522.686021 190412.826860  
104 21.130000 21701.290891 174132.653526  
105 21.140000 20034.979496 159369.138225  
106 21.150000 18509.363538 145969.548976  
107 21.160000 17111.497775 133797.668171  
108 21.170000 15829.724613 122731.886292  
109 21.180000 14653.536571 112663.529384  
110 21.190000 13573.454429 103495.389953  
111 21.200000 12580.919159 95140.435129  
112 21.210000 11668.195987 87520.669459  
113 21.220000 10828.289133 80566.132757  
114 21.230000 10054.865972 74214.016038  
115 21.240000 9342.189504 68407.880813  
116 21.250000 8685.058173 63096.968964  
117 21.260000 8078.752177 58235.592074  
118 21.270000 7518.985530 53782.590532  
119 21.280000 7001.863219 49700.853982  
120 21.290000 6523.842883 45956.895746  
121 21.300000 6081.700502 42520.474788  
122 21.310000 5672.499657 39364.259618  
123 21.320000 5293.563954 36463.529182  
124 21.330000 4942.452282 33795.906457  
125 21.340000 4616.936578 31341.120941  
126 21.350000 4314.981848 29080.796745  
127 21.360000 4034.728177 26998.263342  
128 21.370000 3774.474546 25078.386423  
129 21.380000 3532.664231 23307.416594  
130 21.390000 3307.871649 21672.853921  
131 21.400000 3098.790481 20163.326563  
132 21.410000 2904.222944 18768.481948  
133 21.420000 2723.070095 17478.889111  
134 21.430000 2554.323063 16285.950989  
135 21.440000 2397.055109 15181.825591  
136 21.450000 2250.414437 14159.355096  
137 21.460000 2113.617678 13212.002040  
138 21.470000 1985.943977 12333.791822  
139 21.480000 1866.729629 11519.260894  
140 21.490000 1755.363206 10763.410011  
141 21.500000 1651.281128 10061.662045  
142 21.510000 1553.963638 9409.823863  
143 21.520000 1462.931132 8804.051883  
144 21.530000 1377.740829 8240.820905  
145 21.540000 1297.983724 7716.895907  
146 21.550000 1223.281819 7229.306502  
147 21.560000 1153.285596 6775.323775  
148 21.570000 1087.671705 6352.439297  
149 21.580000 1026.140860 5958.346062  
150 21.590000 968.415908 5590.921191  
151 21.600000 914.240073 5248.210207  
152 21.610000 863.375341 4928.412750  
153 21.620000 815.600985 4629.869573  
154 21.630000 770.712215 4351.050708  
155 21.640000 728.518940 4090.544694  
156 21.650000 688.844632 3847.048753  
157 21.660000 651.525285 3619.359835  
158 21.670000 616.408460 3406.366455  
159 21.680000 583.352404 3207.041231  
160 21.690000 552.225249 3020.434076  
161 21.700000 522.904266 2845.665977  
162 21.710000 495.275185 2681.923304  
163 21.720000 469.231566 2528.452607  
164 21.730000 444.674225 2384.555850  
165 21.740000 421.510698 2249.586053  
166 21.750000 399.654752 2122.943293  
167 21.760000 379.025935 2004.071040  
168 21.770000 359.549156 1892.452803  
169 21.780000 341.154301 1787.609041  
170 21.790000 323.775881 1689.094338  
171 21.800000 307.352700 1596.494800  
172 21.810000 291.827554 1509.425671  
173 21.820000 277.146948 1427.529136  
174 21.830000 263.260841 1350.472300  
175 21.840000 250.122405 1277.945332  
176 21.850000 237.687799 1209.659755  
177 21.860000 225.915969 1145.346869  
178 21.870000 214.768456 1084.756299  
179 21.880000 204.209215 1027.654660  
180 21.890000 194.204460 973.824321  
181 21.900000 184.722503 923.062264  
182 21.910000 175.733620 875.179040  
183 21.920000 167.209917 829.997790  
184 21.930000 159.125209 787.353356  
185 21.940000 151.454909 747.091448  
186 21.950000 144.175920 709.067882  
187 21.960000 137.266540 673.147865  
188 21.970000 130.706372 639.205348  
189 21.980000 124.476236 607.122412  
190 21.990000 118.558094 576.788711  
191 22.000000 112.934976 548.100948  
192 22.010000 107.590911 520.962396  
193 22.020000 102.510866 495.282447  
194 22.030000 97.680684 470.976200  
195 22.040000 93.087029 447.964076  
196 22.050000 88.717338 426.171459  
197 22.060000 84.559769 405.528367  
198 22.070000 80.603158 385.969140  
199 22.080000 76.836979 367.432160  
200 22.090000 73.251301 349.859577  
201 22.100000 69.836754 333.197071  
202 22.110000 66.584496 317.393612  
203 22.120000 63.486179 302.401255  
204 22.130000 60.533918 288.174934  
205 22.140000 57.720268 274.672281  
206 22.150000 55.038193 261.853450  
207 22.160000 52.481045 249.680958  
208 22.170000 50.042537 238.119535  
209 22.180000 47.716728 227.135983  
210 22.190000 45.497996 216.699046  
211 22.200000 43.381023 206.779289  
212 22.210000 41.360779 197.348984  
213 22.220000 39.432499 188.382002  
214 22.230000 37.591676 179.853718  
215 22.240000 35.834040 171.740915  
216 22.250000 34.155546 164.021700  
217 22.260000 32.552363 156.675423  
218 22.270000 31.020860 149.682598  
219 22.280000 29.557595 143.024836  
220 22.290000 28.159304 136.684781  
221 22.300000 26.822895 130.646041  
222 22.310000 25.545431 124.893137  
223 22.320000 24.324128 119.411446  
224 22.330000 23.156344 114.187150  
225 22.340000 22.039571 109.207188  
226 22.350000 20.971427 104.459215  
227 22.360000 19.949652 99.931556  
228 22.370000 18.972098 95.613167  
229 22.380000 18.036726 91.493603  
230 22.390000 17.141596 87.562979  
231 22.400000 16.284868 83.811938  
232 22.410000 15.464789 80.231624  
233 22.420000 14.679694 76.813649  
234 22.430000 13.928001 73.550070  
235 22.440000 13.208203 70.433361  
236 22.450000 12.518868 67.456393  
237 22.460000 11.858632 64.612407  
238 22.470000 11.226198 61.894998  
239 22.480000 10.620331 59.298091  
240 22.490000 10.039854 56.815926  
241 22.500000 9.483648 54.443040  
242 22.510000 8.950646 52.174249  
243 22.520000 8.439832 50.004632  
244 22.530000 7.950238 47.929521  
245 22.540000 7.480942 45.944484  
246 22.550000 7.031063 44.045311  
247 22.560000 6.599763 42.228006  
248 22.570000 6.186242 40.488770  
249 22.580000 5.789739 38.823997  
250 22.590000 5.409526 37.230257  
251 22.600000 5.044908 35.704293  
252 22.610000 4.695224 34.243007  
253 22.620000 4.359842 32.843453  
254 22.630000 4.038159 31.502830  
255 22.640000 3.729598 30.218473  
256 22.650000 3.433610 28.987847  
257 22.660000 3.149670 27.808541  
258 22.670000 2.877276 26.678259  
259 22.680000 2.615949 25.594814  
260 22.690000 2.365230 24.556127  
261 22.700000 2.124683 23.560217  
262 22.710000 1.893890 22.605195  
263 22.720000 1.672449 21.689266  
264 22.730000 1.459980 20.810715  
265 22.740000 1.256116 19.967912  
266 22.750000 1.060508 19.159301  
267 22.760000 0.872821 18.383398  
268 22.770000 0.692735 17.638791  
269 22.780000 0.519945 16.924131  
270 22.790000 0.354157 16.238133  
271 22.800000 0.195091 15.579570  
272 22.810000 0.042478 14.947272  
273 22.820000 -0.103938 14.340123  
274 22.830000 -0.244404 13.757058  
275 22.840000 -0.379156 13.197058  
276 22.850000 -0.508419 12.659154  
277 22.860000 -0.632410 12.142418  
278 22.870000 -0.751335 11.645965  
279 22.880000 -0.865394 11.168950  
280 22.890000 -0.974776 10.710563  
281 22.900000 -1.079665 10.270035  
282 22.910000 -1.180234 9.846626  
283 22.920000 -1.276652 9.439633  
284 22.930000 -1.369079 9.048381  
285 22.940000 -1.457670 8.672227  
286 22.950000 -1.542572 8.310555  
287 22.960000 -1.623927 7.962775  
288 22.970000 -1.701872 7.628325  
289 22.980000 -1.776536 7.306665  
290 22.990000 -1.848046 6.997280  
291 23.000000 -1.916521 6.699678  
292 23.010000 -1.982077 6.413386  
293 23.020000 -2.044825 6.137951  
294 23.030000 -2.104871 5.872943  
295 23.040000 -2.162317 5.617946  
296 23.050000 -2.217262 5.372565  
297 23.060000 -2.269800 5.136419  
298 23.070000 -2.320020 4.909145  
299 23.080000 -2.368011 4.690395  
300 23.090000 -2.413855 4.479835  
301 23.100000 -2.457634 4.277146  
302 23.110000 -2.499423 4.082020  
303 23.120000 -2.539298 3.894164  
304 23.130000 -2.577330 3.713298  
305 23.140000 -2.613587 3.539150  
306 23.150000 -2.648135 3.371463  
307 23.160000 -2.681037 3.209987  
308 23.170000 -2.712354 3.054486  
309 23.180000 -2.742146 2.904731  
310 23.190000 -2.770467 2.760503  
311 23.200000 -2.797373 2.621592  
312 23.210000 -2.822916 2.487796  
313 23.220000 -2.847146 2.358923  
314 23.230000 -2.870110 2.234786  
315 23.240000 -2.891857 2.115207  
316 23.250000 -2.912429 2.000016  
317 23.260000 -2.931871 1.889047  
318 23.270000 -2.950224 1.782145  
319 23.280000 -2.967527 1.679156  
320 23.290000 -2.983819 1.579936  
321 23.300000 -2.999138 1.484345  
322 23.310000 -3.013518 1.392248  
323 23.320000 -3.026994 1.303518  
324 23.330000 -3.039599 1.218029  
325 23.340000 -3.051365 1.135663  
326 23.350000 -3.062322 1.056306  
327 23.360000 -3.072501 0.979848  
328 23.370000 -3.081929 0.906182  
329 23.380000 -3.090633 0.835208  
330 23.390000 -3.098641 0.766827  
331 23.400000 -3.105978 0.700945  
332 23.410000 -3.112668 0.637473  
333 23.420000 -3.118735 0.576323  
334 23.430000 -3.124202 0.517412  
335 23.440000 -3.129091 0.460659  
336 23.450000 -3.133422 0.405987  
337 23.460000 -3.137217 0.353322  
338 23.470000 -3.140495 0.302591  
339 23.480000 -3.143275 0.253726  
340 23.490000 -3.145576 0.206660  
341 23.500000 -3.147414 0.161331  
342 23.510000 -3.148808 0.117675  
343 23.520000 -3.149773 0.075634  
344 23.530000 -3.150326 0.035151  
345 23.540000 -3.150481 -0.003829  
346 23.550000 -3.150254 -0.041359  
347 23.560000 -3.149659 -0.077490  
348 23.570000 -3.148709 -0.112270  
349 23.580000 -3.147418 -0.145748  
350 23.590000 -3.145798 -0.177968  
351 23.600000 -3.143862 -0.208975  
352 23.610000 -3.141622 -0.238810  
353 23.620000 -3.139090 -0.267515  
354 23.630000 -3.136276 -0.295129  
355 23.640000 -3.133191 -0.321689  
356 23.650000 -3.129845 -0.347232  
357 23.660000 -3.126249 -0.371794  
358 23.670000 -3.122413 -0.395407  
359 23.680000 -3.118344 -0.418106  
360 23.690000 -3.114054 -0.439920  
361 23.700000 -3.109549 -0.460881  
362 23.710000 -3.104839 -0.481018  
363 23.720000 -3.099931 -0.500360  
364 23.730000 -3.094834 -0.518932  
365 23.740000 -3.089555 -0.536763  
366 23.750000 -3.084101 -0.553877  
367 23.760000 -3.078480 -0.570298  
368 23.770000 -3.072697 -0.586050  
369 23.780000 -3.066761 -0.601157  
370 23.790000 -3.060676 -0.615639  
371 23.800000 -3.054450 -0.629519  
372 23.810000 -3.048088 -0.642817  
373 23.820000 -3.041596 -0.655552  
374 23.830000 -3.034979 -0.667744  
375 23.840000 -3.028242 -0.679410  
376 23.850000 -3.021392 -0.690570  
377 23.860000 -3.014433 -0.701240  
378 23.870000 -3.007369 -0.711436  
379 23.880000 -3.000206 -0.721175  
380 23.890000 -2.992947 -0.730472  
381 23.900000 -2.985598 -0.739341  
382 23.910000 -2.978161 -0.747799  
383 23.920000 -2.970643 -0.755858  
384 23.930000 -2.963046 -0.763531  
385 23.940000 -2.955373 -0.770833  
386 23.950000 -2.947630 -0.777775  
387 23.960000 -2.939819 -0.784369  
388 23.970000 -2.931944 -0.790628  
389 23.980000 -2.924008 -0.796563  
390 23.990000 -2.916014 -0.802184  
391 24.000000 -2.907965 -0.807502  
392 24.010000 -2.899865 -0.812528  
393 24.020000 -2.891715 -0.817271  
394 24.030000 -2.883520 -0.821741  
395 24.040000 -2.875281 -0.825947  
396 24.050000 -2.867002 -0.829898  
397 24.060000 -2.858684 -0.833603  
398 24.070000 -2.850331 -0.837070  
399 24.080000 -2.841944 -0.840307  
400 24.090000 -2.833525 -0.843321  
401 24.100000 -2.825078 -0.846122  
402 24.110000 -2.816604 -0.848715  
403 24.120000 -2.808104 -0.851108  
404 24.130000 -2.799582 -0.853307  
405 24.140000 -2.791039 -0.855320  
406 24.150000 -2.782476 -0.857153  
407 24.160000 -2.773896 -0.858811  
408 24.170000 -2.765301 -0.860301  
409 24.180000 -2.756691 -0.861629  
410 24.190000 -2.748069 -0.862800  
411 24.200000 -2.739435 -0.863819  
412 24.210000 -2.730793 -0.864692  
413 24.220000 -2.722142 -0.865424  
414 24.230000 -2.713485 -0.866020  
415 24.240000 -2.704822 -0.866484  
416 24.250000 -2.696155 -0.866822  
417 24.260000 -2.687486 -0.867037  
418 24.270000 -2.678815 -0.867134  
419 24.280000 -2.670144 -0.867116  
420 24.290000 -2.661473 -0.866989  
421 24.300000 -2.652804 -0.866756  
422 24.310000 -2.644138 -0.866420  
423 24.320000 -2.635476 -0.865986  
424 24.330000 -2.626819 -0.865456  
425 24.340000 -2.618167 -0.864835  
426 24.350000 -2.609523 -0.864125  
427 24.360000 -2.600885 -0.863330  
428 24.370000 -2.592256 -0.862453  
429 24.380000 -2.583636 -0.861497  
430 24.390000 -2.575027 -0.860464  
431 24.400000 -2.566427 -0.859358  
432 24.410000 -2.557840 -0.858182  
433 24.420000 -2.549264 -0.856937  
434 24.430000 -2.540701 -0.855627  
435 24.440000 -2.532152 -0.854254  
436 24.450000 -2.523616 -0.852820  
437 24.460000 -2.515095 -0.851327  
438 24.470000 -2.506590 -0.849779  
439 24.480000 -2.498100 -0.848177  
440 24.490000 -2.489626 -0.846523  
441 24.500000 -2.481170 -0.844819  
442 24.510000 -2.472730 -0.843067  
443 24.520000 -2.464309 -0.841269  
444 24.530000 -2.455905 -0.839427  
445 24.540000 -2.447520 -0.837543  
446 24.550000 -2.439154 -0.835618  
447 24.560000 -2.430808 -0.833655  
448 24.570000 -2.422481 -0.831654  
449 24.580000 -2.414175 -0.829618  
450 24.590000 -2.405889 -0.827547  
451 24.600000 -2.397624 -0.825443  
452 24.610000 -2.389380 -0.823309  
453 24.620000 -2.381158 -0.821144  
454 24.630000 -2.372958 -0.818951  
455 24.640000 -2.364779 -0.816731  
456 24.650000 -2.356623 -0.814484  
457 24.660000 -2.348489 -0.812213  
458 24.670000 -2.340379 -0.809918  
459 24.680000 -2.332291 -0.807601  
460 24.690000 -2.324227 -0.805262  
461 24.700000 -2.316186 -0.802903  
462 24.710000 -2.308169 -0.800525  
463 24.720000 -2.300176 -0.798129  
464 24.730000 -2.292206 -0.795715  
465 24.740000 -2.284261 -0.793285  
466 24.750000 -2.276341 -0.790839  
467 24.760000 -2.268445 -0.788379  
468 24.770000 -2.260573 -0.785904  
469 24.780000 -2.252727 -0.783417  
470 24.790000 -2.244905 -0.780918  
471 24.800000 -2.237108 -0.778408  
472 24.810000 -2.229337 -0.775887  
473 24.820000 -2.221591 -0.773356  
474 24.830000 -2.213870 -0.770816  
475 24.840000 -2.206174 -0.768267  
476 24.850000 -2.198504 -0.765710  
477 24.860000 -2.190860 -0.763146  
478 24.870000 -2.183241 -0.760576  
479 24.880000 -2.175649 -0.758000  
480 24.890000 -2.168081 -0.755418  
481 24.900000 -2.160540 -0.752831  
482 24.910000 -2.153025 -0.750240  
483 24.920000 -2.145535 -0.747644  
484 24.930000 -2.138072 -0.745046  
485 24.940000 -2.130635 -0.742445  
486 24.950000 -2.123223 -0.739841  
487 24.960000 -2.115838 -0.737235  
488 24.970000 -2.108478 -0.734628  
489 24.980000 -2.101145 -0.732020  
490 24.990000 -2.093838 -0.729411  
491 25.000000 -2.086557 -0.726801  
492 25.010000 -2.079302 -0.724192  
493 25.020000 -2.072073 -0.721583  
494 25.030000 -2.064870 -0.718975  
495 25.040000 -2.057694 -0.716369  
496 25.050000 -2.050543 -0.713763  
497 25.060000 -2.043418 -0.711160  
498 25.070000 -2.036320 -0.708558  
499 25.080000 -2.029247 -0.705959  
500 25.090000 -2.022201 -0.703363  
501 25.100000 -2.015180 -0.700770  
502 25.110000 -2.008185 -0.698179  
503 25.120000 -2.001216 -0.695593  
504 25.130000 -1.994273 -0.693010  
505 25.140000 -1.987356 -0.690431  
506 25.150000 -1.980465 -0.687856  
507 25.160000 -1.973599 -0.685286  
508 25.170000 -1.966759 -0.682721  
509 25.180000 -1.959944 -0.680160  
510 25.190000 -1.953156 -0.677604  
511 25.200000 -1.946392 -0.675054  
512 25.210000 -1.939655 -0.672509  
513 25.220000 -1.932942 -0.669969  
514 25.230000 -1.926255 -0.667436  
515 25.240000 -1.919593 -0.664908  
516 25.250000 -1.912957 -0.662386  
517 25.260000 -1.906346 -0.659871  
518 25.270000 -1.899760 -0.657362  
519 25.280000 -1.893198 -0.654860  
520 25.290000 -1.886662 -0.652364  
521 25.300000 -1.880151 -0.649875  
522 25.310000 -1.873665 -0.647393  
523 25.320000 -1.867203 -0.644918  
524 25.330000 -1.860766 -0.642450  
525 25.340000 -1.854354 -0.639990  
526 25.350000 -1.847967 -0.637536  
527 25.360000 -1.841603 -0.635091  
528 25.370000 -1.835265 -0.632652  
529 25.380000 -1.828950 -0.630222  
530 25.390000 -1.822660 -0.627799  
531 25.400000 -1.816394 -0.625384  
532 25.410000 -1.810153 -0.622977  
533 25.420000 -1.803935 -0.620577  
534 25.430000 -1.797741 -0.618186  
535 25.440000 -1.791571 -0.615803  
536 25.450000 -1.785425 -0.613428  
537 25.460000 -1.779303 -0.611061  
538 25.470000 -1.773204 -0.608703  
539 25.480000 -1.767128 -0.606353  
540 25.490000 -1.761077 -0.604011  
541 25.500000 -1.755048 -0.601677  
542 25.510000 -1.749043 -0.599352  
543 25.520000 -1.743061 -0.597036  
544 25.530000 -1.737102 -0.594728  
545 25.540000 -1.731167 -0.592429  
546 25.550000 -1.725254 -0.590138  
547 25.560000 -1.719364 -0.587856  
548 25.570000 -1.713497 -0.585583  
549 25.580000 -1.707652 -0.583318  
550 25.590000 -1.701830 -0.581062  
551 25.600000 -1.696031 -0.578815  
552 25.610000 -1.690254 -0.576577  
553 25.620000 -1.684499 -0.574347  
554 25.630000 -1.678767 -0.572126  
555 25.640000 -1.673057 -0.569914  
556 25.650000 -1.667369 -0.567711  
557 25.660000 -1.661702 -0.565517  
558 25.670000 -1.656058 -0.563331  
559 25.680000 -1.650436 -0.561155  
560 25.690000 -1.644835 -0.558987  
561 25.700000 -1.639256 -0.556828  
562 25.710000 -1.633698 -0.554678  
563 25.720000 -1.628162 -0.552537  
564 25.730000 -1.622648 -0.550405  
565 25.740000 -1.617154 -0.548281  
566 25.750000 -1.611682 -0.546167  
567 25.760000 -1.606231 -0.544061  
568 25.770000 -1.600801 -0.541964  
569 25.780000 -1.595392 -0.539876  
570 25.790000 -1.590003 -0.537797  
571 25.800000 -1.584636 -0.535727  
572 25.810000 -1.579289 -0.533666  
573 25.820000 -1.573962 -0.531613  
574 25.830000 -1.568656 -0.529569  
575 25.840000 -1.563371 -0.527534  
576 25.850000 -1.558106 -0.525508  
577 25.860000 -1.552861 -0.523490  
578 25.870000 -1.547636 -0.521482  
579 25.880000 -1.542431 -0.519482  
580 25.890000 -1.537246 -0.517490  
581 25.900000 -1.532081 -0.515508  
582 25.910000 -1.526936 -0.513534  
583 25.920000 -1.521810 -0.511568  
584 25.930000 -1.516705 -0.509612  
585 25.940000 -1.511618 -0.507664  
586 25.950000 -1.506551 -0.505724  
587 25.960000 -1.501504 -0.503793  
588 25.970000 -1.496475 -0.501871  
589 25.980000 -1.491466 -0.499957  
590 25.990000 -1.486476 -0.498052  
591 26.000000 -1.481505 -0.496155  
592 26.010000 -1.476553 -0.494267  
593 26.020000 -1.471620 -0.492387  
594 26.030000 -1.466705 -0.490515  
595 26.040000 -1.461809 -0.488652  
596 26.050000 -1.456932 -0.486798  
597 26.060000 -1.452073 -0.484951  
598 26.070000 -1.447233 -0.483113  
599 26.080000 -1.442411 -0.481283  
600 26.090000 -1.437607 -0.479462  
601 26.100000 -1.432822 -0.477648  
602 26.110000 -1.428054 -0.475843  
603 26.120000 -1.423305 -0.474046  
604 26.130000 -1.418574 -0.472257  
605 26.140000 -1.413860 -0.470476  
606 26.150000 -1.409164 -0.468703  
607 26.160000 -1.404486 -0.466939  
608 26.170000 -1.399825 -0.465182  
609 26.180000 -1.395182 -0.463433  
610 26.190000 -1.390556 -0.461692  
611 26.200000 -1.385948 -0.459960  
612 26.210000 -1.381357 -0.458235  
613 26.220000 -1.376784 -0.456518  
614 26.230000 -1.372227 -0.454808  
615 26.240000 -1.367687 -0.453107  
616 26.250000 -1.363165 -0.451413  
617 26.260000 -1.358659 -0.449727  
618 26.270000 -1.354170 -0.448049  
619 26.280000 -1.349698 -0.446378  
620 26.290000 -1.345243 -0.444715  
621 26.300000 -1.340804 -0.443060  
622 26.310000 -1.336381 -0.441412  
623 26.320000 -1.331975 -0.439772  
624 26.330000 -1.327586 -0.438139  
625 26.340000 -1.323213 -0.436514  
626 26.350000 -1.318856 -0.434896  
627 26.360000 -1.314515 -0.433285  
628 26.370000 -1.310190 -0.431682  
629 26.380000 -1.305881 -0.430087  
630 26.390000 -1.301588 -0.428498  
631 26.400000 -1.297311 -0.426917  
632 26.410000 -1.293050 -0.425343  
633 26.420000 -1.288804 -0.423776  
634 26.430000 -1.284574 -0.422217  
635 26.440000 -1.280360 -0.420665  
636 26.450000 -1.276161 -0.419119  
637 26.460000 -1.271977 -0.417581  
638 26.470000 -1.267809 -0.416050  
639 26.480000 -1.263656 -0.414526  
640 26.490000 -1.259519 -0.413009  
641 26.500000 -1.255396 -0.411499  
642 26.510000 -1.251289 -0.409995  
643 26.520000 -1.247196 -0.408499  
644 26.530000 -1.243119 -0.407009  
645 26.540000 -1.239056 -0.405527  
646 26.550000 -1.235008 -0.404051  
647 26.560000 -1.230975 -0.402582  
648 26.570000 -1.226956 -0.401119  
649 26.580000 -1.222953 -0.399663  
650 26.590000 -1.218963 -0.398214  
651 26.600000 -1.214988 -0.396772  
652 26.610000 -1.211028 -0.395336  
653 26.620000 -1.207082 -0.393907  
654 26.630000 -1.203150 -0.392484  
655 26.640000 -1.199232 -0.391067  
656 26.650000 -1.195328 -0.389658  
657 26.660000 -1.191439 -0.388254  
658 26.670000 -1.187563 -0.386857  
659 26.680000 -1.183701 -0.385467  
660 26.690000 -1.179854 -0.384082  
661 26.700000 -1.176020 -0.382704  
662 26.710000 -1.172200 -0.381333  
663 26.720000 -1.168393 -0.379967  
664 26.730000 -1.164600 -0.378608  
665 26.740000 -1.160821 -0.377255  
666 26.750000 -1.157055 -0.375908  
667 26.760000 -1.153303 -0.374567  
668 26.770000 -1.149564 -0.373232  
669 26.780000 -1.145838 -0.371904  
670 26.790000 -1.142126 -0.370581  
671 26.800000 -1.138427 -0.369264  
672 26.810000 -1.134740 -0.367954  
673 26.820000 -1.131067 -0.366649  
674 26.830000 -1.127407 -0.365350  
675 26.840000 -1.123760 -0.364057  
676 26.850000 -1.120126 -0.362770  
677 26.860000 -1.116505 -0.361489  
678 26.870000 -1.112896 -0.360213  
679 26.880000 -1.109301 -0.358943  
680 26.890000 -1.105718 -0.357679  
681 26.900000 -1.102147 -0.356421  
682 26.910000 -1.098589 -0.355168  
683 26.920000 -1.095044 -0.353921  
684 26.930000 -1.091511 -0.352680  
685 26.940000 -1.087990 -0.351444  
686 26.950000 -1.084482 -0.350214  
687 26.960000 -1.080986 -0.348989  
688 26.970000 -1.077502 -0.347770  
689 26.980000 -1.074030 -0.346556  
690 26.990000 -1.070571 -0.345348  
691 27.000000 -1.067123 -0.344145  
692 27.010000 -1.063688 -0.342947  
693 27.020000 -1.060264 -0.341755  
694 27.030000 -1.056853 -0.340568  
695 27.040000 -1.053453 -0.339387  
696 27.050000 -1.050065 -0.338210  
697 27.060000 -1.046689 -0.337039  
698 27.070000 -1.043324 -0.335874  
699 27.080000 -1.039971 -0.334713  
700 27.090000 -1.036630 -0.333558  
701 27.100000 -1.033300 -0.332407  
702 27.110000 -1.029982 -0.331262  
703 27.120000 -1.026675 -0.330122  
704 27.130000 -1.023379 -0.328987  
705 27.140000 -1.020095 -0.327857  
706 27.150000 -1.016822 -0.326732  
707 27.160000 -1.013561 -0.325612  
708 27.170000 -1.010310 -0.324497  
709 27.180000 -1.007071 -0.323387  
710 27.190000 -1.003842 -0.322281  
711 27.200000 -1.000625 -0.321181  
712 27.210000 -0.997419 -0.320086  
713 27.220000 -0.994223 -0.318995  
714 27.230000 -0.991039 -0.317909  
715 27.240000 -0.987865 -0.316828  
716 27.250000 -0.984702 -0.315752  
717 27.260000 -0.981550 -0.314680  
718 27.270000 -0.978408 -0.313613  
719 27.280000 -0.975278 -0.312551  
720 27.290000 -0.972157 -0.311493  
721 27.300000 -0.969048 -0.310440  
722 27.310000 -0.965949 -0.309392  
723 27.320000 -0.962860 -0.308348  
724 27.330000 -0.959782 -0.307309  
725 27.340000 -0.956714 -0.306274  
726 27.350000 -0.953656 -0.305244  
727 27.360000 -0.950609 -0.304219  
728 27.370000 -0.947572 -0.303197  
729 27.380000 -0.944545 -0.302181  
730 27.390000 -0.941528 -0.301168  
731 27.400000 -0.938521 -0.300160  
732 27.410000 -0.935525 -0.299157  
733 27.420000 -0.932538 -0.298158  
734 27.430000 -0.929562 -0.297163  
735 27.440000 -0.926595 -0.296172  
736 27.450000 -0.923638 -0.295186  
737 27.460000 -0.920691 -0.294204  
738 27.470000 -0.917754 -0.293226  
739 27.480000 -0.914827 -0.292252  
740 27.490000 -0.911909 -0.291283  
741 27.500000 -0.909001 -0.290318  
742 27.510000 -0.906103 -0.289357  
743 27.520000 -0.903214 -0.288400  
744 27.530000 -0.900335 -0.287447  
745 27.540000 -0.897465 -0.286498  
746 27.550000 -0.894605 -0.285554  
747 27.560000 -0.891754 -0.284613  
748 27.570000 -0.888912 -0.283677  
749 27.580000 -0.886080 -0.282744  
750 27.590000 -0.883258 -0.281815  
751 27.600000 -0.880444 -0.280891  
752 27.610000 -0.877640 -0.279970  
753 27.620000 -0.874845 -0.279053  
754 27.630000 -0.872059 -0.278140  
755 27.640000 -0.869282 -0.277231  
756 27.650000 -0.866514 -0.276326  
757 27.660000 -0.863755 -0.275425  
758 27.670000 -0.861006 -0.274527  
759 27.680000 -0.858265 -0.273634  
760 27.690000 -0.855533 -0.272744  
761 27.700000 -0.852810 -0.271858  
762 27.710000 -0.850096 -0.270975  
763 27.720000 -0.847390 -0.270097  
764 27.730000 -0.844694 -0.269222  
765 27.740000 -0.842006 -0.268351  
766 27.750000 -0.839327 -0.267483  
767 27.760000 -0.836656 -0.266619  
768 27.770000 -0.833994 -0.265759  
769 27.780000 -0.831341 -0.264902  
770 27.790000 -0.828696 -0.264049  
771 27.800000 -0.826060 -0.263199  
772 27.810000 -0.823432 -0.262353  
773 27.820000 -0.820813 -0.261511  
774 27.830000 -0.818202 -0.260672  
775 27.840000 -0.815599 -0.259837  
776 27.850000 -0.813005 -0.259005  
777 27.860000 -0.810419 -0.258176  
778 27.870000 -0.807842 -0.257351  
779 27.880000 -0.805272 -0.256530  
780 27.890000 -0.802711 -0.255712  
781 27.900000 -0.800158 -0.254897  
782 27.910000 -0.797613 -0.254085  
783 27.920000 -0.795076 -0.253277  
784 27.930000 -0.792548 -0.252473  
785 27.940000 -0.790027 -0.251671  
786 27.950000 -0.787514 -0.250873  
787 27.960000 -0.785009 -0.250079  
788 27.970000 -0.782513 -0.249287  
789 27.980000 -0.780024 -0.248499  
790 27.990000 -0.777543 -0.247714  
791 28.000000 -0.775069 -0.246932  
792 28.010000 -0.772604 -0.246154  
793 28.020000 -0.770146 -0.245378  
794 28.030000 -0.767696 -0.244606  
795 28.040000 -0.765254 -0.243837  
796 28.050000 -0.762820 -0.243072  
797 28.060000 -0.760393 -0.242309  
798 28.070000 -0.757973 -0.241549  
799 28.080000 -0.755562 -0.240793  
800 28.090000 -0.753158 -0.240039  
801 28.100000 -0.750761 -0.239289  
802 28.110000 -0.748372 -0.238542  
803 28.120000 -0.745990 -0.237798  
804 28.130000 -0.743616 -0.237056  
805 28.140000 -0.741249 -0.236318  
806 28.150000 -0.738889 -0.235583  
807 28.160000 -0.736537 -0.234851  
808 28.170000 -0.734192 -0.234122  
809 28.180000 -0.731855 -0.233395  
810 28.190000 -0.729524 -0.232672  
811 28.200000 -0.727201 -0.231952  
812 28.210000 -0.724885 -0.231234  
813 28.220000 -0.722577 -0.230519  
814 28.230000 -0.720275 -0.229808  
815 28.240000 -0.717981 -0.229099  
816 28.250000 -0.715693 -0.228393  
817 28.260000 -0.713413 -0.227689  
818 28.270000 -0.711139 -0.226989  
819 28.280000 -0.708873 -0.226291  
820 28.290000 -0.706613 -0.225597  
821 28.300000 -0.704361 -0.224905  
822 28.310000 -0.702115 -0.224215  
823 28.320000 -0.699877 -0.223529  
824 28.330000 -0.697645 -0.222845  
825 28.340000 -0.695420 -0.222164  
826 28.350000 -0.693201 -0.221486  
827 28.360000 -0.690990 -0.220810  
828 28.370000 -0.688785 -0.220137  
829 28.380000 -0.686587 -0.219467  
830 28.390000 -0.684396 -0.218799  
831 28.400000 -0.682211 -0.218134  
832 28.410000 -0.680033 -0.217472  
833 28.420000 -0.677862 -0.216812  
834 28.430000 -0.675697 -0.216155  
835 28.440000 -0.673539 -0.215501  
836 28.450000 -0.671387 -0.214849  
837 28.460000 -0.669242 -0.214199  
838 28.470000 -0.667103 -0.213552  
839 28.480000 -0.664971 -0.212908  
840 28.490000 -0.662845 -0.212266  
841 28.500000 -0.660725 -0.211627  
842 28.510000 -0.658612 -0.210990  
843 28.520000 -0.656505 -0.210356  
844 28.530000 -0.654405 -0.209725  
845 28.540000 -0.652311 -0.209095  
846 28.550000 -0.650223 -0.208468  
847 28.560000 -0.648142 -0.207844  
848 28.570000 -0.646066 -0.207222  
849 28.580000 -0.643997 -0.206603  
850 28.590000 -0.641934 -0.205986  
851 28.600000 -0.639877 -0.205371  
852 28.610000 -0.637827 -0.204759  
853 28.620000 -0.635782 -0.204149  
854 28.630000 -0.633744 -0.203541  
855 28.640000 -0.631711 -0.202936  
856 28.650000 -0.629685 -0.202333  
857 28.660000 -0.627665 -0.201733  
858 28.670000 -0.625650 -0.201134  
859 28.680000 -0.623642 -0.200538  
860 28.690000 -0.621640 -0.199945  
861 28.700000 -0.619643 -0.199354  
862 28.710000 -0.617653 -0.198764  
863 28.720000 -0.615668 -0.198178  
864 28.730000 -0.613689 -0.197593  
865 28.740000 -0.611716 -0.197011  
866 28.750000 -0.609749 -0.196431  
867 28.760000 -0.607787 -0.195853  
868 28.770000 -0.605832 -0.195277  
869 28.780000 -0.603882 -0.194704  
870 28.790000 -0.601938 -0.194133  
871 28.800000 -0.599999 -0.193564  
872 28.810000 -0.598066 -0.192997  
873 28.820000 -0.596139 -0.192432  
874 28.830000 -0.594218 -0.191870  
875 28.840000 -0.592302 -0.191309  
876 28.850000 -0.590391 -0.190751  
877 28.860000 -0.588487 -0.190195  
878 28.870000 -0.586588 -0.189641  
879 28.880000 -0.584694 -0.189089  
880 28.890000 -0.582806 -0.188539  
881 28.900000 -0.580923 -0.187991  
882 28.910000 -0.579046 -0.187445  
883 28.920000 -0.577174 -0.186902  
884 28.930000 -0.575308 -0.186360  
885 28.940000 -0.573447 -0.185821  
886 28.950000 -0.571592 -0.185283  
887 28.960000 -0.569741 -0.184748  
888 28.970000 -0.567897 -0.184214  
889 28.980000 -0.566057 -0.183683  
890 28.990000 -0.564223 -0.183153  
891 29.000000 -0.562394 -0.182626  
892 29.010000 -0.560570 -0.182100  
893 29.020000 -0.558752 -0.181577  
894 29.030000 -0.556939 -0.181055  
895 29.040000 -0.555131 -0.180535  
896 29.050000 -0.553328 -0.180018  
897 29.060000 -0.551531 -0.179502  
898 29.070000 -0.549738 -0.178988  
899 29.080000 -0.547951 -0.178476  
900 29.090000 -0.546169 -0.177966  
901 29.100000 -0.544391 -0.177458  
902 29.110000 -0.542619 -0.176951  
903 29.120000 -0.540852 -0.176447  
904 29.130000 -0.539090 -0.175945  
905 29.140000 -0.537334 -0.175444  
906 29.150000 -0.535582 -0.174945  
907 29.160000 -0.533835 -0.174448  
908 29.170000 -0.532093 -0.173953  
909 29.180000 -0.530356 -0.173460  
910 29.190000 -0.528623 -0.172968  
911 29.200000 -0.526896 -0.172478  
912 29.210000 -0.525174 -0.171991  
913 29.220000 -0.523456 -0.171505  
914 29.230000 -0.521744 -0.171020  
915 29.240000 -0.520036 -0.170538  
916 29.250000 -0.518333 -0.170057  
917 29.260000 -0.516635 -0.169578  
918 29.270000 -0.514941 -0.169101  
919 29.280000 -0.513253 -0.168625  
920 29.290000 -0.511569 -0.168151  
921 29.300000 -0.509890 -0.167679  
922 29.310000 -0.508215 -0.167209  
923 29.320000 -0.506546 -0.166740  
924 29.330000 -0.504880 -0.166274  
925 29.340000 -0.503220 -0.165808  
926 29.350000 -0.501564 -0.165345  
927 29.360000 -0.499913 -0.164883  
928 29.370000 -0.498267 -0.164423  
929 29.380000 -0.496625 -0.163964  
930 29.390000 -0.494987 -0.163508  
931 29.400000 -0.493355 -0.163052  
932 29.410000 -0.491726 -0.162599  
933 29.420000 -0.490103 -0.162147  
934 29.430000 -0.488483 -0.161697  
935 29.440000 -0.486869 -0.161248  
936 29.450000 -0.485258 -0.160801  
937 29.460000 -0.483653 -0.160356  
938 29.470000 -0.482051 -0.159912  
939 29.480000 -0.480454 -0.159470  
940 29.490000 -0.478862 -0.159029  
941 29.500000 -0.477274 -0.158590  
942 29.510000 -0.475690 -0.158152  
943 29.520000 -0.474111 -0.157717  
944 29.530000 -0.472536 -0.157282  
945 29.540000 -0.470965 -0.156849  
946 29.550000 -0.469399 -0.156418  
947 29.560000 -0.467837 -0.155988  
948 29.570000 -0.466279 -0.155560  
949 29.580000 -0.464725 -0.155134  
950 29.590000 -0.463176 -0.154708  
951 29.600000 -0.461631 -0.154285  
952 29.610000 -0.460091 -0.153863  
953 29.620000 -0.458554 -0.153442  
954 29.630000 -0.457022 -0.153023  
955 29.640000 -0.455494 -0.152605  
956 29.650000 -0.453970 -0.152189  
957 29.660000 -0.452450 -0.151774  
958 29.670000 -0.450934 -0.151361  
959 29.680000 -0.449423 -0.150949  
960 29.690000 -0.447915 -0.150539  
961 29.700000 -0.446412 -0.150130  
962 29.710000 -0.444913 -0.149723  
963 29.720000 -0.443417 -0.149317  
964 29.730000 -0.441926 -0.148912  
965 29.740000 -0.440439 -0.148509  
966 29.750000 -0.438956 -0.148107  
967 29.760000 -0.437477 -0.147707  
968 29.770000 -0.436002 -0.147308  
969 29.780000 -0.434531 -0.146910  
970 29.790000 -0.433064 -0.146514  
971 29.800000 -0.431601 -0.146119  
972 29.810000 -0.430141 -0.145726  
973 29.820000 -0.428686 -0.145334  
974 29.830000 -0.427235 -0.144943  
975 29.840000 -0.425787 -0.144554  
976 29.850000 -0.424344 -0.144166  
977 29.860000 -0.422904 -0.143779  
978 29.870000 -0.421468 -0.143394  
979 29.880000 -0.420036 -0.143010  
980 29.890000 -0.418608 -0.142628  
981 29.900000 -0.417183 -0.142246  
982 29.910000 -0.415763 -0.141866  
983 29.920000 -0.414346 -0.141488  
984 29.930000 -0.412933 -0.141110  
985 29.940000 -0.411524 -0.140734  
986 29.950000 -0.410118 -0.140360  
987 29.960000 -0.408717 -0.139986  
988 29.970000 -0.407319 -0.139614  
989 29.980000 -0.405924 -0.139243  
990 29.990000 -0.404534 -0.138874  
991 30.000000 -0.403147 -0.138505  
992 30.010000 -0.401764 -0.138138  
993 30.020000 -0.400384 -0.137773  
994 30.030000 -0.399008 -0.137408  
995 30.040000 -0.397636 -0.137045  
996 30.050000 -0.396267 -0.136683  
997 30.060000 -0.394902 -0.136322  
998 30.070000 -0.393541 -0.135962  
999 30.080000 -0.392183 -0.135604  
1000 30.090000 -0.390829 -0.135247  
1001 30.100000 -0.389478 -0.134891  
1002 30.110000 -0.388131 -0.134536  
1003 30.120000 -0.386787 -0.134183  
1004 30.130000 -0.385447 -0.133830  
1005 30.140000 -0.384111 -0.133479  
1006 30.150000 -0.382778 -0.133129  
1007 30.160000 -0.381448 -0.132781  
1008 30.170000 -0.380122 -0.132433  
1009 30.180000 -0.378799 -0.132087  
1010 30.190000 -0.377480 -0.131742  
1011 30.200000 -0.376165 -0.131398  
1012 30.210000 -0.374852 -0.131055  
1013 30.220000 -0.373544 -0.130713  
1014 30.230000 -0.372238 -0.130372  
1015 30.240000 -0.370936 -0.130033  
1016 30.250000 -0.369637 -0.129695  
1017 30.260000 -0.368342 -0.129358  
1018 30.270000 -0.367050 -0.129022  
1019 30.280000 -0.365762 -0.128687  
1020 30.290000 -0.364477 -0.128353  
1021 30.300000 -0.363195 -0.128020  
1022 30.310000 -0.361916 -0.127689  
1023 30.320000 -0.360641 -0.127358  
1024 30.330000 -0.359369 -0.127029  
1025 30.340000 -0.358100 -0.126701  
1026 30.350000 -0.356835 -0.126374  
1027 30.360000 -0.355573 -0.126048  
1028 30.370000 -0.354314 -0.125723  
1029 30.380000 -0.353058 -0.125399  
1030 30.390000 -0.351806 -0.125076  
1031 30.400000 -0.350557 -0.124754  
1032 30.410000 -0.349311 -0.124434  
1033 30.420000 -0.348068 -0.124114  
1034 30.430000 -0.346829 -0.123796  
1035 30.440000 -0.345592 -0.123478  
1036 30.450000 -0.344359 -0.123162  
1037 30.460000 -0.343129 -0.122847  
1038 30.470000 -0.341902 -0.122532  
1039 30.480000 -0.340678 -0.122219  
1040 30.490000 -0.339458 -0.121907  
1041 30.500000 -0.338240 -0.121596  
1042 30.510000 -0.337026 -0.121285  
1043 30.520000 -0.335815 -0.120976  
1044 30.530000 -0.334606 -0.120668  
1045 30.540000 -0.333401 -0.120361  
1046 30.550000 -0.332199 -0.120055  
1047 30.560000 -0.331000 -0.119750  
1048 30.570000 -0.329804 -0.119445  
1049 30.580000 -0.328611 -0.119142  
1050 30.590000 -0.327421 -0.118840  
1051 30.600000 -0.326234 -0.118539  
1052 30.610000 -0.325050 -0.118239  
1053 30.620000 -0.323870 -0.117940  
1054 30.630000 -0.322692 -0.117642  
1055 30.640000 -0.321517 -0.117344  
1056 30.650000 -0.320345 -0.117048  
1057 30.660000 -0.319176 -0.116753  
1058 30.670000 -0.318010 -0.116458  
1059 30.680000 -0.316847 -0.116165  
1060 30.690000 -0.315686 -0.115873  
1061 30.700000 -0.314529 -0.115581  
1062 30.710000 -0.313375 -0.115291  
1063 30.720000 -0.312223 -0.115001  
1064 30.730000 -0.311075 -0.114712  
1065 30.740000 -0.309929 -0.114425  
1066 30.750000 -0.308786 -0.114138  
1067 30.760000 -0.307646 -0.113852  
1068 30.770000 -0.306509 -0.113567  
1069 30.780000 -0.305375 -0.113283  
1070 30.790000 -0.304244 -0.113000  
1071 30.800000 -0.303115 -0.112718  
1072 30.810000 -0.301989 -0.112436  
1073 30.820000 -0.300866 -0.112156  
1074 30.830000 -0.299746 -0.111877  
1075 30.840000 -0.298629 -0.111598  
1076 30.850000 -0.297514 -0.111320  
1077 30.860000 -0.296402 -0.111043  
1078 30.870000 -0.295293 -0.110768  
1079 30.880000 -0.294187 -0.110492  
1080 30.890000 -0.293083 -0.110218  
1081 30.900000 -0.291983 -0.109945  
1082 30.910000 -0.290885 -0.109673  
1083 30.920000 -0.289789 -0.109401  
1084 30.930000 -0.288696 -0.109130  
1085 30.940000 -0.287607 -0.108861  
1086 30.950000 -0.286519 -0.108592  
1087 30.960000 -0.285435 -0.108324  
1088 30.970000 -0.284353 -0.108056  
1089 30.980000 -0.283274 -0.107790  
1090 30.990000 -0.282197 -0.107524  
1091 31.000000 -0.281123 -0.107260  
1092 31.010000 -0.280052 -0.106996  
1093 31.020000 -0.278983 -0.106733  
1094 31.030000 -0.277917 -0.106471  
1095 31.040000 -0.276854 -0.106209  
1096 31.050000 -0.275793 -0.105949  
1097 31.060000 -0.274735 -0.105689  
1098 31.070000 -0.273679 -0.105430  
1099 31.080000 -0.272626 -0.105172  
1100 31.090000 -0.271576 -0.104915  
1101 31.100000 -0.270528 -0.104658  
1102 31.110000 -0.269483 -0.104403  
1103 31.120000 -0.268440 -0.104148  
1104 31.130000 -0.267400 -0.103894  
1105 31.140000 -0.266362 -0.103640  
1106 31.150000 -0.265327 -0.103388  
1107 31.160000 -0.264294 -0.103136  
1108 31.170000 -0.263264 -0.102885  
1109 31.180000 -0.262236 -0.102635  
1110 31.190000 -0.261211 -0.102386  
1111 31.200000 -0.260189 -0.102137  
1112 31.210000 -0.259169 -0.101890  
1113 31.220000 -0.258151 -0.101643  
1114 31.230000 -0.257136 -0.101396  
1115 31.240000 -0.256123 -0.101151  
1116 31.250000 -0.255113 -0.100906  
1117 31.260000 -0.254105 -0.100662  
1118 31.270000 -0.253099 -0.100419  
1119 31.280000 -0.252096 -0.100177  
1120 31.290000 -0.251096 -0.099935  
1121 31.300000 -0.250098 -0.099694  
1122 31.310000 -0.249102 -0.099454  
1123 31.320000 -0.248109 -0.099215  
1124 31.330000 -0.247118 -0.098976  
1125 31.340000 -0.246129 -0.098738  
1126 31.350000 -0.245143 -0.098501  
1127 31.360000 -0.244159 -0.098264  
1128 31.370000 -0.243178 -0.098028  
1129 31.380000 -0.242199 -0.097793  
1130 31.390000 -0.241222 -0.097559  
1131 31.400000 -0.240247 -0.097326  
1132 31.410000 -0.239275 -0.097093  
1133 31.420000 -0.238306 -0.096861  
1134 31.430000 -0.237338 -0.096629  
1135 31.440000 -0.236373 -0.096398  
1136 31.450000 -0.235410 -0.096168  
1137 31.460000 -0.234450 -0.095939  
1138 31.470000 -0.233491 -0.095710  
1139 31.480000 -0.232535 -0.095483  
1140 31.490000 -0.231582 -0.095255  
1141 31.500000 -0.230630 -0.095029  
1142 31.510000 -0.229681 -0.094803  
1143 31.520000 -0.228734 -0.094578  
1144 31.530000 -0.227790 -0.094353  
1145 31.540000 -0.226847 -0.094130  
1146 31.550000 -0.225907 -0.093907  
1147 31.560000 -0.224969 -0.093684  
1148 31.570000 -0.224033 -0.093462  
1149 31.580000 -0.223100 -0.093241  
1150 31.590000 -0.222168 -0.093021  
1151 31.600000 -0.221239 -0.092801  
1152 31.610000 -0.220312 -0.092582  
1153 31.620000 -0.219388 -0.092364  
1154 31.630000 -0.218465 -0.092146  
1155 31.640000 -0.217545 -0.091929  
1156 31.650000 -0.216627 -0.091713  
1157 31.660000 -0.215711 -0.091497  
1158 31.670000 -0.214797 -0.091282  
1159 31.680000 -0.213885 -0.091067  
1160 31.690000 -0.212975 -0.090853  
1161 31.700000 -0.212068 -0.090640  
1162 31.710000 -0.211162 -0.090428  
1163 31.720000 -0.210259 -0.090216  
1164 31.730000 -0.209358 -0.090004  
1165 31.740000 -0.208459 -0.089794  
1166 31.750000 -0.207562 -0.089584  
1167 31.760000 -0.206667 -0.089375  
1168 31.770000 -0.205775 -0.089166  
1169 31.780000 -0.204884 -0.088958  
1170 31.790000 -0.203996 -0.088750  
1171 31.800000 -0.203109 -0.088543  
1172 31.810000 -0.202225 -0.088337  
1173 31.820000 -0.201342 -0.088131  
1174 31.830000 -0.200462 -0.087926  
1175 31.840000 -0.199584 -0.087722  
1176 31.850000 -0.198708 -0.087518  
1177 31.860000 -0.197834 -0.087315  
1178 31.870000 -0.196961 -0.087112  
1179 31.880000 -0.196091 -0.086910  
1180 31.890000 -0.195223 -0.086709  
1181 31.900000 -0.194357 -0.086508  
1182 31.910000 -0.193493 -0.086308  
1183 31.920000 -0.192631 -0.086108  
1184 31.930000 -0.191771 -0.085909  
1185 31.940000 -0.190913 -0.085711  
1186 31.950000 -0.190057 -0.085513  
1187 31.960000 -0.189202 -0.085316  
1188 31.970000 -0.188350 -0.085119  
1189 31.980000 -0.187500 -0.084923  
1190 31.990000 -0.186652 -0.084728  
1191 32.000000 -0.185806 -0.084533  
1192 32.010000 -0.184961 -0.084338  
1193 32.020000 -0.184119 -0.084145  
1194 32.030000 -0.183278 -0.083951  
1195 32.040000 -0.182440 -0.083759  
1196 32.050000 -0.181603 -0.083567  
1197 32.060000 -0.180768 -0.083375  
1198 32.070000 -0.179936 -0.083184  
1199 32.080000 -0.179105 -0.082994  
1200 32.090000 -0.178276 -0.082804  
1201 32.100000 -0.177449 -0.082615  
1202 32.110000 -0.176623 -0.082426  
1203 32.120000 -0.175800 -0.082238  
1204 32.130000 -0.174979 -0.082050  
1205 32.140000 -0.174159 -0.081863  
1206 32.150000 -0.173341 -0.081677  
1207 32.160000 -0.172526 -0.081491  
1208 32.170000 -0.171712 -0.081305  
1209 32.180000 -0.170899 -0.081120  
1210 32.190000 -0.170089 -0.080936  
1211 32.200000 -0.169281 -0.080752  
1212 32.210000 -0.168474 -0.080569  
1213 32.220000 -0.167669 -0.080386  
1214 32.230000 -0.166866 -0.080204  
1215 32.240000 -0.166065 -0.080022  
1216 32.250000 -0.165266 -0.079841  
1217 32.260000 -0.164468 -0.079660  
1218 32.270000 -0.163673 -0.079480  
1219 32.280000 -0.162879 -0.079300  
1220 32.290000 -0.162087 -0.079121  
1221 32.300000 -0.161296 -0.078943  
1222 32.310000 -0.160508 -0.078765  
1223 32.320000 -0.159721 -0.078587  
1224 32.330000 -0.158936 -0.078410  
1225 32.340000 -0.158153 -0.078234  
1226 32.350000 -0.157372 -0.078058  
1227 32.360000 -0.156592 -0.077882  
1228 32.370000 -0.155814 -0.077707  
1229 32.380000 -0.155038 -0.077532  
1230 32.390000 -0.154263 -0.077358  
1231 32.400000 -0.153490 -0.077185  
1232 32.410000 -0.152720 -0.077012  
1233 32.420000 -0.151950 -0.076839  
1234 32.430000 -0.151183 -0.076667  
1235 32.440000 -0.150417 -0.076496  
1236 32.450000 -0.149653 -0.076325  
1237 32.460000 -0.148890 -0.076154  
1238 32.470000 -0.148130 -0.075984  
1239 32.480000 -0.147371 -0.075815  
1240 32.490000 -0.146613 -0.075646  
1241 32.500000 -0.145858 -0.075477  
1242 32.510000 -0.145104 -0.075309  
1243 32.520000 -0.144352 -0.075141  
1244 32.530000 -0.143601 -0.074974  
1245 32.540000 -0.142852 -0.074807  
1246 32.550000 -0.142105 -0.074641  
1247 32.560000 -0.141359 -0.074475  
1248 32.570000 -0.140615 -0.074310  
1249 32.580000 -0.139873 -0.074145  
1250 32.590000 -0.139132 -0.073981  
1251 32.600000 -0.138394 -0.073817  
1252 32.610000 -0.137656 -0.073654  
1253 32.620000 -0.136920 -0.073491  
1254 32.630000 -0.136186 -0.073328  
1255 32.640000 -0.135454 -0.073166  
1256 32.650000 -0.134723 -0.073004  
1257 32.660000 -0.133994 -0.072843  
1258 32.670000 -0.133266 -0.072683  
1259 32.680000 -0.132540 -0.072522  
1260 32.690000 -0.131816 -0.072363  
1261 32.700000 -0.131093 -0.072203  
1262 32.710000 -0.130372 -0.072044  
1263 32.720000 -0.129652 -0.071886  
1264 32.730000 -0.128934 -0.071728  
1265 32.740000 -0.128217 -0.071570  
1266 32.750000 -0.127503 -0.071413  
1267 32.760000 -0.126789 -0.071257  
1268 32.770000 -0.126077 -0.071100  
1269 32.780000 -0.125367 -0.070945  
1270 32.790000 -0.124658 -0.070789  
1271 32.800000 -0.123951 -0.070634  
1272 32.810000 -0.123246 -0.070480  
1273 32.820000 -0.122542 -0.070326  
1274 32.830000 -0.121839 -0.070172  
1275 32.840000 -0.121138 -0.070019  
1276 32.850000 -0.120439 -0.069866  
1277 32.860000 -0.119741 -0.069714  
1278 32.870000 -0.119045 -0.069562  
1279 32.880000 -0.118350 -0.069410  
1280 32.890000 -0.117656 -0.069259  
1281 32.900000 -0.116965 -0.069109  
1282 32.910000 -0.116274 -0.068958  
1283 32.920000 -0.115585 -0.068809  
1284 32.930000 -0.114898 -0.068659  
1285 32.940000 -0.114212 -0.068510  
1286 32.950000 -0.113528 -0.068362  
1287 32.960000 -0.112845 -0.068213  
1288 32.970000 -0.112164 -0.068066  
1289 32.980000 -0.111484 -0.067918  
1290 32.990000 -0.110805 -0.067771  
1291 33.000000 -0.110128 -0.067625  
1292 33.010000 -0.109453 -0.067479  
1293 33.020000 -0.108779 -0.067333  
1294 33.030000 -0.108106 -0.067188  
1295 33.040000 -0.107435 -0.067043  
1296 33.050000 -0.106765 -0.066898  
1297 33.060000 -0.106097 -0.066754  
1298 33.070000 -0.105430 -0.066610  
1299 33.080000 -0.104765 -0.066467  
1300 33.090000 -0.104101 -0.066324  
1301 33.100000 -0.103438 -0.066181  
1302 33.110000 -0.102777 -0.066039  
1303 33.120000 -0.102117 -0.065897  
1304 33.130000 -0.101459 -0.065756  
1305 33.140000 -0.100802 -0.065615  
1306 33.150000 -0.100147 -0.065474  
1307 33.160000 -0.099493 -0.065334  
1308 33.170000 -0.098840 -0.065194  
1309 33.180000 -0.098189 -0.065055  
1310 33.190000 -0.097539 -0.064916  
1311 33.200000 -0.096891 -0.064777  
1312 33.210000 -0.096244 -0.064639  
1313 33.220000 -0.095598 -0.064501  
1314 33.230000 -0.094954 -0.064363  
1315 33.240000 -0.094311 -0.064226  
1316 33.250000 -0.093669 -0.064089  
1317 33.260000 -0.093029 -0.063952  
1318 33.270000 -0.092390 -0.063816  
1319 33.280000 -0.091752 -0.063681  
1320 33.290000 -0.091116 -0.063545  
1321 33.300000 -0.090482 -0.063410  
1322 33.310000 -0.089848 -0.063276  
1323 33.320000 -0.089216 -0.063141  
1324 33.330000 -0.088585 -0.063007  
1325 33.340000 -0.087956 -0.062874  
1326 33.350000 -0.087328 -0.062741  
1327 33.360000 -0.086701 -0.062608  
1328 33.370000 -0.086076 -0.062475  
1329 33.380000 -0.085452 -0.062343  
1330 33.390000 -0.084829 -0.062211  
1331 33.400000 -0.084207 -0.062080  
1332 33.410000 -0.083587 -0.061949  
1333 33.420000 -0.082968 -0.061818  
1334 33.430000 -0.082351 -0.061688  
1335 33.440000 -0.081735 -0.061558  
1336 33.450000 -0.081120 -0.061428  
1337 33.460000 -0.080506 -0.061299  
1338 33.470000 -0.079894 -0.061170  
1339 33.480000 -0.079283 -0.061041  
1340 33.490000 -0.078673 -0.060913  
1341 33.500000 -0.078064 -0.060785  
1342 33.510000 -0.077457 -0.060658  
1343 33.520000 -0.076851 -0.060530  
1344 33.530000 -0.076247 -0.060403  
1345 33.540000 -0.075643 -0.060277  
1346 33.550000 -0.075041 -0.060151  
1347 33.560000 -0.074440 -0.060025  
1348 33.570000 -0.073841 -0.059899  
1349 33.580000 -0.073242 -0.059774  
1350 33.590000 -0.072645 -0.059649  
1351 33.600000 -0.072049 -0.059524  
1352 33.610000 -0.071455 -0.059400  
1353 33.620000 -0.070861 -0.059276  
1354 33.630000 -0.070269 -0.059153  
1355 33.640000 -0.069678 -0.059029  
1356 33.650000 -0.069088 -0.058907  
1357 33.660000 -0.068500 -0.058784  
1358 33.670000 -0.067913 -0.058662  
1359 33.680000 -0.067327 -0.058540  
1360 33.690000 -0.066742 -0.058418  
1361 33.700000 -0.066158 -0.058297  
1362 33.710000 -0.065576 -0.058176  
1363 33.720000 -0.064995 -0.058055  
1364 33.730000 -0.064415 -0.057935  
1365 33.740000 -0.063836 -0.057815  
1366 33.750000 -0.063259 -0.057695  
1367 33.760000 -0.062682 -0.057576  
1368 33.770000 -0.062107 -0.057457  
1369 33.780000 -0.061533 -0.057338  
1370 33.790000 -0.060960 -0.057219  
1371 33.800000 -0.060389 -0.057101  
1372 33.810000 -0.059818 -0.056983  
1373 33.820000 -0.059249 -0.056866  
1374 33.830000 -0.058681 -0.056748  
1375 33.840000 -0.058114 -0.056632  
1376 33.850000 -0.057548 -0.056515  
1377 33.860000 -0.056984 -0.056399  
1378 33.870000 -0.056420 -0.056283  
1379 33.880000 -0.055858 -0.056167  
1380 33.890000 -0.055297 -0.056052  
1381 33.900000 -0.054737 -0.055936  
1382 33.910000 -0.054178 -0.055822  
1383 33.920000 -0.053621 -0.055707  
1384 33.930000 -0.053064 -0.055593  
1385 33.940000 -0.052509 -0.055479  
1386 33.950000 -0.051955 -0.055365  
1387 33.960000 -0.051402 -0.055252  
1388 33.970000 -0.050850 -0.055139  
1389 33.980000 -0.050299 -0.055026  
1390 33.990000 -0.049749 -0.054914  
1391 34.000000 -0.049200 -0.054802  
1392 34.010000 -0.048653 -0.054690  
1393 34.020000 -0.048107 -0.054578  
1394 34.030000 -0.047561 -0.054467  
1395 34.040000 -0.047017 -0.054356  
1396 34.050000 -0.046474 -0.054245  
1397 34.060000 -0.045932 -0.054135  
1398 34.070000 -0.045392 -0.054025  
1399 34.080000 -0.044852 -0.053915  
1400 34.090000 -0.044313 -0.053805  
1401 34.100000 -0.043776 -0.053696  
1402 34.110000 -0.043239 -0.053587  
1403 34.120000 -0.042704 -0.053478  
1404 34.130000 -0.042170 -0.053370  
1405 34.140000 -0.041637 -0.053262  
1406 34.150000 -0.041105 -0.053154  
1407 34.160000 -0.040574 -0.053046  
1408 34.170000 -0.040044 -0.052939  
1409 34.180000 -0.039515 -0.052832  
1410 34.190000 -0.038987 -0.052725  
1411 34.200000 -0.038460 -0.052619  
1412 34.210000 -0.037935 -0.052512  
1413 34.220000 -0.037410 -0.052406  
1414 34.230000 -0.036887 -0.052301  
1415 34.240000 -0.036364 -0.052195  
1416 34.250000 -0.035843 -0.052090  
1417 34.260000 -0.035322 -0.051985  
1418 34.270000 -0.034803 -0.051881  
1419 34.280000 -0.034285 -0.051776  
1420 34.290000 -0.033767 -0.051672  
1421 34.300000 -0.033251 -0.051568  
1422 34.310000 -0.032736 -0.051465  
1423 34.320000 -0.032222 -0.051362  
1424 34.330000 -0.031709 -0.051259  
1425 34.340000 -0.031197 -0.051156  
1426 34.350000 -0.030686 -0.051053  
1427 34.360000 -0.030176 -0.050951  
1428 34.370000 -0.029667 -0.050849  
1429 34.380000 -0.029159 -0.050747  
1430 34.390000 -0.028652 -0.050646  
1431 34.400000 -0.028146 -0.050545  
1432 34.410000 -0.027641 -0.050444  
1433 34.420000 -0.027137 -0.050343  
1434 34.430000 -0.026634 -0.050243  
1435 34.440000 -0.026132 -0.050142  
1436 34.450000 -0.025631 -0.050042  
1437 34.460000 -0.025131 -0.049943  
1438 34.470000 -0.024632 -0.049843  
1439 34.480000 -0.024134 -0.049744  
1440 34.490000 -0.023637 -0.049645  
1441 34.500000 -0.023141 -0.049547  
1442 34.510000 -0.022646 -0.049448  
1443 34.520000 -0.022152 -0.049350  
1444 34.530000 -0.021659 -0.049252  
1445 34.540000 -0.021167 -0.049154  
1446 34.550000 -0.020676 -0.049057  
1447 34.560000 -0.020186 -0.048960  
1448 34.570000 -0.019697 -0.048863  
1449 34.580000 -0.019209 -0.048766  
1450 34.590000 -0.018722 -0.048669  
1451 34.600000 -0.018236 -0.048573  
1452 34.610000 -0.017750 -0.048477  
1453 34.620000 -0.017266 -0.048382  
1454 34.630000 -0.016783 -0.048286  
1455 34.640000 -0.016300 -0.048191  
1456 34.650000 -0.015819 -0.048096  
1457 34.660000 -0.015338 -0.048001  
1458 34.670000 -0.014859 -0.047906  
1459 34.680000 -0.014380 -0.047812  
1460 34.690000 -0.013903 -0.047718  
1461 34.700000 -0.013426 -0.047624  
1462 34.710000 -0.012950 -0.047530  
1463 34.720000 -0.012475 -0.047437  
1464 34.730000 -0.012001 -0.047344  
1465 34.740000 -0.011528 -0.047251  
1466 34.750000 -0.011056 -0.047158  
1467 34.760000 -0.010585 -0.047066  
1468 34.770000 -0.010115 -0.046974  
1469 34.780000 -0.009646 -0.046882  
1470 34.790000 -0.009177 -0.046790  
1471 34.800000 -0.008710 -0.046698  
1472 34.810000 -0.008244 -0.046607  
1473 34.820000 -0.007778 -0.046516  
1474 34.830000 -0.007313 -0.046425  
1475 34.840000 -0.006849 -0.046334  
1476 34.850000 -0.006387 -0.046244  
1477 34.860000 -0.005925 -0.046154  
1478 34.870000 -0.005463 -0.046064  
1479 34.880000 -0.005003 -0.045974  
1480 34.890000 -0.004544 -0.045884  
1481 34.900000 -0.004086 -0.045795  
1482 34.910000 -0.003628 -0.045706  
1483 34.920000 -0.003171 -0.045617  
1484 34.930000 -0.002716 -0.045528  
1485 34.940000 -0.002261 -0.045440  
1486 34.950000 -0.001807 -0.045352  
1487 34.960000 -0.001354 -0.045264  
1488 34.970000 -0.000902 -0.045176  
1489 34.980000 -0.000450 -0.045088  
1490 34.990000 0.000000 -0.045001  
