1 20.100000 141091298067862.625000 12706118665809872.000000  
2 20.110000 59802988633698.406250 4896319616725298.000000  
3 20.120000 27313840658450.703125 2050066435798493.000000  
4 20.130000 13282531424290.148438 920302788812910.500000  
5 20.140000 6813587602746.062500 438397279330307.375000  
6 20.150000 3659856701825.925293 219795928302167.218750  
7 20.160000 2046269927953.213623 115216986936776.343750  
8 20.170000 1185113462200.870605 62807472036476.421875  
9 20.180000 708117359229.077148 35445388749403.710938  
10 20.190000 435043862868.080078 20631610632635.957031  
11 20.200000 274033253466.649780 12346777270074.601562  
12 20.210000 176545825439.191071 7576090100101.622070  
13 20.220000 116087366753.993607 4755496408194.083984  
14 20.230000 77767233538.215591 3047396566524.767578  
15 20.240000 52991253077.321518 1990121835074.148438  
16 20.250000 36677825640.923920 1322442575206.177246  
17 20.260000 25755022099.491341 892952457655.396606  
18 20.270000 18327645836.120724 611940450599.030396  
19 20.280000 13204345692.705482 425159175967.070923  
20 20.290000 9623119893.149504 299183085722.039124  
21 20.300000 7088680436.842568 213054001003.394379  
22 20.310000 5274245763.547251 153415983320.532745  
23 20.320000 3961182223.845546 111628000911.559525  
24 20.330000 3001292266.036999 82019854578.894394  
25 20.340000 2292887351.697979 60821169354.058823  
26 20.350000 1765386896.699630 45493475260.039948  
27 20.360000 1369270395.744908 34307593064.833092  
28 20.370000 1069438310.422771 26072567243.743706  
29 20.380000 840772531.204081 19959558406.194702  
30 20.390000 665134003.578256 15386036588.211723  
31 20.400000 529310515.496355 11938752052.758297  
32 20.410000 423599718.234785 9321941476.445877  
33 20.420000 340821345.967654 7322143007.995761  
34 20.430000 275622346.851204 5784060201.752501  
35 20.440000 223983827.133824 4593851191.344179  
36 20.450000 182868307.163345 3667456365.154476  
37 20.460000 149965375.044444 2942376607.680307  
38 20.470000 123506914.047914 2371835456.196535  
39 20.480000 102131910.884275 1920602103.210686  
40 20.490000 84786863.086116 1561980789.019993  
41 20.500000 70651930.557653 1275625629.560737  
42 20.510000 59085832.781112 1045943888.475511  
43 20.520000 49584485.819547 860921701.688472  
44 20.530000 41749773.791308 711255136.729510  
45 20.540000 35265840.961714 589703369.801046  
46 20.550000 29880997.341627 490604450.956143  
47 20.560000 25393837.817618 409510795.436707  
48 20.570000 21642541.067342 342913346.941597  
49 20.580000 18496580.613704 288031777.945403  
50 20.590000 15850274.862885 242654133.173615  
51 20.600000 13617745.935523 205013683.023010  
52 20.610000 11728962.766401 173693919.817749  
53 20.620000 10126622.461164 147554941.485273  
54 20.630000 8763682.535036 125676164.253245  
55 20.640000 7601400.667049 107311558.282464  
56 20.650000 6607771.790999 91854528.977727  
57 20.660000 5756277.487631 78810258.994991  
58 20.670000 5024881.776565 67773844.379078  
59 20.680000 4395222.030470 58412948.267383  
60 20.690000 3851954.957981 50453990.295249  
61 20.700000 3382226.251309 43671113.485034  
62 20.710000 2975239.186257 37877340.834132  
63 20.720000 2621902.659334 32917464.224772  
64 20.730000 2314543.197723 28662308.452799  
65 20.740000 2046668.647097 25004090.416672  
66 20.750000 1812773.730253 21852653.291616  
67 20.760000 1608179.629442 19132401.950527  
68 20.770000 1428901.294197 16779802.089303  
69 20.780000 1271537.404587 14741333.824049  
70 20.790000 1133178.896637 12971812.742887  
71 20.800000 1011332.735909 11433008.884058  
72 20.810000 903858.248759 10092507.923548  
73 20.820000 808913.821171 8922769.796083  
74 20.830000 724912.177685 7900348.665792  
75 20.840000 650482.777849 7005245.089045  
76 20.850000 584440.130514 6220366.746497  
77 20.860000 525757.039510 5531078.556147  
78 20.870000 473541.967690 4924826.542181  
79 20.880000 427019.847683 4390822.704624  
80 20.890000 385515.783279 3919780.452868  
81 20.900000 348441.180019 3503692.042918  
82 20.910000 315281.921252 3135640.981508  
83 20.920000 285588.269942 2809643.599496  
84 20.930000 258966.229198 2520515.007586  
85 20.940000 235070.138149 2263755.473428  
86 20.950000 213596.315870 2035453.935802  
87 20.960000 194277.596052 1832205.927076  
88 20.970000 176878.620052 1651043.632161  
89 20.980000 161191.776686 1489376.188959  
90 20.990000 147033.694544 1344938.646558  
91 21.000000 134242.207039 1215748.255111  
92 21.010000 122673.722622 1100066.975030  
93 21.020000 112200.942768 996369.270707  
94 21.030000 102710.878927 903314.401846  
95 21.040000 94103.126899 819722.548818  
96 21.050000 86288.363147 744554.211476  
97 21.060000 79187.032767 676892.407178  
98 21.070000 72728.203187 615927.266055  
99 21.080000 66848.561366 560942.682361  
100 21.090000 61491.535425 511304.731844  
101 21.100000 56606.524331 466451.608171  
102 21.110000 52148.221498 425884.867807  
103 21.120000 48076.020165 389161.803493  
104 21.130000 44353.490049 355888.792508  
105 21.140000 40947.916195 325715.487985  
106 21.150000 37829.892176 298329.740285  
107 21.160000 34972.960838 273453.151411  
108 21.170000 32353.296692 250837.179003  
109 21.180000 29949.424819 230259.718060  
110 21.190000 27741.971832 211522.098441  
111 21.200000 25713.445012 194446.444629  
112 21.210000 23848.036225 178873.351549  
113 21.220000 22131.447676 164659.836393  
114 21.230000 20550.736907 151677.531789  
115 21.240000 19094.178785 139811.090221  
116 21.250000 17751.142502 128956.773565  
117 21.260000 16511.981847 119021.205018  
118 21.270000 15367.937229 109920.263640  
119 21.280000 14311.048122 101578.104245  
120 21.290000 13334.074737 93926.287624  
121 21.300000 12430.427906 86903.007936  
122 21.310000 11594.106246 80452.405786  
123 21.320000 10819.639811 74523.956924  
124 21.330000 10102.039519 69071.927766  
125 21.340000 9436.751714 64054.889986  
126 21.350000 8819.617322 59435.287413  
127 21.360000 8246.835099 55179.049254  
128 21.370000 7714.928540 51255.244397  
129 21.380000 7220.716053 47635.772185  
130 21.390000 6761.284067 44295.085572  
131 21.400000 6333.962759 41209.943083  
132 21.410000 5936.304128 38359.186395  
133 21.420000 5566.062183 35723.540742  
134 21.430000 5221.175016 33285.435667  
135 21.440000 4899.748581 31028.843907  
136 21.450000 4600.041997 28939.136493  
137 21.460000 4320.454234 27002.952317  
138 21.470000 4059.512025 25208.080646  
139 21.480000 3815.858906 23543.355215  
140 21.490000 3588.245254 21998.558696  
141 21.500000 3375.519238 20564.336468  
142 21.510000 3176.618589 19232.118714  
143 21.520000 2990.563106 17994.050014  
144 21.530000 2816.447840 16842.925654  
145 21.540000 2653.436877 15772.133978  
146 21.550000 2500.757675 14775.604180  
147 21.560000 2357.695895 13847.758975  
148 21.570000 2223.590682 12983.471695  
149 21.580000 2097.830360 12178.027339  
150 21.590000 1979.848493 11427.087217  
151 21.600000 1869.120285 10726.656821  
152 21.610000 1765.159287 10073.056617  
153 21.620000 1667.514385 9462.895475  
154 21.630000 1575.767031 8893.046487  
155 21.640000 1489.528721 8360.624940  
156 21.650000 1408.438672 7862.968247  
157 21.660000 1332.161690 7397.617647  
158 21.670000 1260.386223 6962.301510  
159 21.680000 1192.822562 6554.920096  
160 21.690000 1129.201194 6173.531643  
161 21.700000 1069.271289 5816.339644  
162 21.710000 1012.799303 5481.681221  
163 21.720000 959.567698 5168.016488  
164 21.730000 909.373761 4873.918819  
165 21.740000 862.028517 4598.065927  
166 21.750000 817.355724 4339.231704  
167 21.760000 775.190954 4096.278729  
168 21.770000 735.380739 3868.151407  
169 21.780000 697.781782 3653.869664  
170 21.790000 662.260235 3452.523166  
171 21.800000 628.691027 3263.266008  
172 21.810000 596.957244 3085.311834  
173 21.820000 566.949557 2917.929348  
174 21.830000 538.565692 2760.438187  
175 21.840000 511.709938 2612.205125  
176 21.850000 486.292699 2472.640578  
177 21.860000 462.230066 2341.195382  
178 21.870000 439.443436 2217.357829  
179 21.880000 417.859144 2100.650928  
180 21.890000 397.408135 1990.629888  
181 21.900000 378.025647 1886.879790  
182 21.910000 359.650929 1789.013435  
183 21.920000 342.226973 1696.669367  
184 21.930000 325.700262 1609.510037  
185 21.940000 310.020543 1527.220111  
186 21.950000 295.140613 1449.504906  
187 21.960000 281.016116 1376.088937  
188 21.970000 267.605364 1306.714586  
189 21.980000 254.869157 1241.140852  
190 21.990000 242.770631 1179.142213  
191 22.000000 231.275101 1120.507551  
192 22.010000 220.349927 1065.039176  
193 22.020000 209.964382 1012.551906  
194 22.030000 200.089532 962.872222  
195 22.040000 190.698122 915.837481  
196 22.050000 181.764475 871.295183  
197 22.060000 173.264388 829.102299  
198 22.070000 165.175046 789.124638  
199 22.080000 157.474932 751.236261  
200 22.090000 150.143751 715.318939  
201 22.100000 143.162354 681.261649  
202 22.110000 136.512667 648.960101  
203 22.120000 130.177627 618.316301  
204 22.130000 124.141122 589.238148  
205 22.140000 118.387934 561.639046  
206 22.150000 112.903683 535.437562  
207 22.160000 107.674780 510.557087  
208 22.170000 102.688379 486.925536  
209 22.180000 97.932333 464.475059  
210 22.190000 93.395154 443.141776  
211 22.200000 89.065974 422.865527  
212 22.210000 84.934509 403.589641  
213 22.220000 80.991025 385.260718  
214 22.230000 77.226307 367.828428  
215 22.240000 73.631626 351.245320  
216 22.250000 70.198719 335.466650  
217 22.260000 66.919753 320.450211  
218 22.270000 63.787307 306.156179  
219 22.280000 60.794347 292.546973  
220 22.290000 57.934203 279.587116  
221 22.300000 55.200552 267.243110  
222 22.310000 52.587394 255.483317  
223 22.320000 50.089038 244.277850  
224 22.330000 47.700083 233.598467  
225 22.340000 45.415404 223.418477  
226 22.350000 43.230134 213.712646  
227 22.360000 41.139650 204.457113  
228 22.370000 39.139566 195.629309  
229 22.380000 37.225710 187.207883  
230 22.390000 35.394121 179.172632  
231 22.400000 33.641034 171.504435  
232 22.410000 31.962869 164.185188  
233 22.420000 30.356224 157.197749  
234 22.430000 28.817862 150.525885  
235 22.440000 27.344706 144.154214  
236 22.450000 25.933826 138.068164  
237 22.460000 24.582437 132.253922  
238 22.470000 23.287885 126.698396  
239 22.480000 22.047648 121.389171  
240 22.490000 20.859320 116.314476  
241 22.500000 19.720614 111.463141  
242 22.510000 18.629348 106.824573  
243 22.520000 17.583447 102.388717  
244 22.530000 16.580930 98.146030  
245 22.540000 15.619912 94.087452  
246 22.550000 14.698596 90.204382  
247 22.560000 13.815267 86.488648  
248 22.570000 12.968291 82.932490  
249 22.580000 12.156110 79.528535  
250 22.590000 11.377237 76.269776  
251 22.600000 10.630253 73.149552  
252 22.610000 9.913805 70.161533  
253 22.620000 9.226601 67.299697  
254 22.630000 8.567409 64.558321  
255 22.640000 7.935052 61.931957  
256 22.650000 7.328404 59.415424  
257 22.660000 6.746394 57.003793  
258 22.670000 6.187994 54.692371  
259 22.680000 5.652227 52.476691  
260 22.690000 5.138156 50.352501  
261 22.700000 4.644885 48.315752  
262 22.710000 4.171562 46.362587  
263 22.720000 3.717367 44.489331  
264 22.730000 3.281521 42.692484  
265 22.740000 2.863274 40.968711  
266 22.750000 2.461913 39.314832  
267 22.760000 2.076755 37.727818  
268 22.770000 1.707144 36.204777  
269 22.780000 1.352455 34.742956  
270 22.790000 1.012089 33.339727  
271 22.800000 0.685474 31.992582  
272 22.810000 0.372059 30.699131  
273 22.820000 0.071320 29.457091  
274 22.830000 -0.217247 28.264284  
275 22.840000 -0.494123 27.118632  
276 22.850000 -0.759770 26.018151  
277 22.860000 -1.014630 24.960944  
278 22.870000 -1.259127 23.945204  
279 22.880000 -1.493667 22.969200  
280 22.890000 -1.718638 22.031282  
281 22.900000 -1.934414 21.129873  
282 22.910000 -2.141352 20.263465  
283 22.920000 -2.339796 19.430618  
284 22.930000 -2.530072 18.629953  
285 22.940000 -2.712497 17.860156  
286 22.950000 -2.887374 17.119966  
287 22.960000 -3.054991 16.408181  
288 22.970000 -3.215628 15.723648  
289 22.980000 -3.369552 15.065267  
290 22.990000 -3.517017 14.431984  
291 23.000000 -3.658272 13.822791  
292 23.010000 -3.793550 13.236723  
293 23.020000 -3.923080 12.672856  
294 23.030000 -4.047078 12.130306  
295 23.040000 -4.165754 11.608228  
296 23.050000 -4.279309 11.105811  
297 23.060000 -4.387934 10.622279  
298 23.070000 -4.491815 10.156888  
299 23.080000 -4.591129 9.708927  
300 23.090000 -4.686049 9.277713  
301 23.100000 -4.776737 8.862593  
302 23.110000 -4.863352 8.462941  
303 23.120000 -4.946046 8.078156  
304 23.130000 -5.024963 7.707664  
305 23.140000 -5.100245 7.350911  
306 23.150000 -5.172025 7.007370  
307 23.160000 -5.240435 6.676533  
308 23.170000 -5.305597 6.357914  
309 23.180000 -5.367632 6.051047  
310 23.190000 -5.426655 5.755483  
311 23.200000 -5.482778 5.470794  
312 23.210000 -5.536106 5.196568  
313 23.220000 -5.586743 4.932408  
314 23.230000 -5.634787 4.677937  
315 23.240000 -5.680333 4.432789  
316 23.250000 -5.723472 4.196615  
317 23.260000 -5.764294 3.969079  
318 23.270000 -5.802882 3.749859  
319 23.280000 -5.839318 3.538645  
320 23.290000 -5.873680 3.335141  
321 23.300000 -5.906045 3.139060  
322 23.310000 -5.936485 2.950128  
323 23.320000 -5.965071 2.768082  
324 23.330000 -5.991869 2.592668  
325 23.340000 -6.016945 2.423644  
326 23.350000 -6.040362 2.260774  
327 23.360000 -6.062181 2.103835  
328 23.370000 -6.082458 1.952610  
329 23.380000 -6.101251 1.806892  
330 23.390000 -6.118614 1.666480  
331 23.400000 -6.134598 1.531183  
332 23.410000 -6.149254 1.400816  
333 23.420000 -6.162630 1.275201  
334 23.430000 -6.174773 1.154167  
335 23.440000 -6.185728 1.037549  
336 23.450000 -6.195538 0.925190  
337 23.460000 -6.204245 0.816938  
338 23.470000 -6.211890 0.712645  
339 23.480000 -6.218511 0.612172  
340 23.490000 -6.224146 0.515381  
341 23.500000 -6.228831 0.422143  
342 23.510000 -6.232600 0.332331  
343 23.520000 -6.235488 0.245826  
344 23.530000 -6.237527 0.162509  
345 23.540000 -6.238749 0.082269  
346 23.550000 -6.239183 0.004999  
347 23.560000 -6.238858 -0.069408  
348 23.570000 -6.237804 -0.141050  
349 23.580000 -6.236046 -0.210024  
350 23.590000 -6.233612 -0.276424  
351 23.600000 -6.230526 -0.340338  
352 23.610000 -6.226813 -0.401855  
353 23.620000 -6.222496 -0.461056  
354 23.630000 -6.217599 -0.518022  
355 23.640000 -6.212143 -0.572830  
356 23.650000 -6.206150 -0.625556  
357 23.660000 -6.199639 -0.676270  
358 23.670000 -6.192631 -0.725043  
359 23.680000 -6.185144 -0.771941  
360 23.690000 -6.177198 -0.817028  
361 23.700000 -6.168810 -0.860367  
362 23.710000 -6.159996 -0.902017  
363 23.720000 -6.150775 -0.942037  
364 23.730000 -6.141161 -0.980482  
365 23.740000 -6.131170 -1.017406  
366 23.750000 -6.120817 -1.052861  
367 23.760000 -6.110118 -1.086897  
368 23.770000 -6.099084 -1.119562  
369 23.780000 -6.087731 -1.150903  
370 23.790000 -6.076070 -1.180965  
371 23.800000 -6.064116 -1.209792  
372 23.810000 -6.051878 -1.237424  
373 23.820000 -6.039371 -1.263903  
374 23.830000 -6.026604 -1.289268  
375 23.840000 -6.013589 -1.313556  
376 23.850000 -6.000336 -1.336804  
377 23.860000 -5.986856 -1.359048  
378 23.870000 -5.973159 -1.380320  
379 23.880000 -5.959253 -1.400653  
380 23.890000 -5.945149 -1.420081  
381 23.900000 -5.930854 -1.438632  
382 23.910000 -5.916379 -1.456336  
383 23.920000 -5.901730 -1.473223  
384 23.930000 -5.886917 -1.489319  
385 23.940000 -5.871947 -1.504651  
386 23.950000 -5.856826 -1.519245  
387 23.960000 -5.841564 -1.533126  
388 23.970000 -5.826166 -1.546317  
389 23.980000 -5.810640 -1.558843  
390 23.990000 -5.794992 -1.570725  
391 24.000000 -5.779228 -1.581985  
392 24.010000 -5.763354 -1.592644  
393 24.020000 -5.747377 -1.602722  
394 24.030000 -5.731301 -1.612239  
395 24.040000 -5.715134 -1.621213  
396 24.050000 -5.698879 -1.629664  
397 24.060000 -5.682542 -1.637608  
398 24.070000 -5.666128 -1.645063  
399 24.080000 -5.649642 -1.652046  
400 24.090000 -5.633089 -1.658571  
401 24.100000 -5.616472 -1.664656  
402 24.110000 -5.599797 -1.670314  
403 24.120000 -5.583067 -1.675560  
404 24.130000 -5.566287 -1.680409  
405 24.140000 -5.549461 -1.684873  
406 24.150000 -5.532591 -1.688966  
407 24.160000 -5.515682 -1.692700  
408 24.170000 -5.498738 -1.696088  
409 24.180000 -5.481762 -1.699141  
410 24.190000 -5.464756 -1.701871  
411 24.200000 -5.447725 -1.704289  
412 24.210000 -5.430672 -1.706406  
413 24.220000 -5.413598 -1.708232  
414 24.230000 -5.396508 -1.709777  
415 24.240000 -5.379404 -1.711051  
416 24.250000 -5.362288 -1.712063  
417 24.260000 -5.345163 -1.712822  
418 24.270000 -5.328032 -1.713337  
419 24.280000 -5.310897 -1.713617  
420 24.290000 -5.293761 -1.713670  
421 24.300000 -5.276625 -1.713504  
422 24.310000 -5.259491 -1.713126  
423 24.320000 -5.242363 -1.712545  
424 24.330000 -5.225241 -1.711767  
425 24.340000 -5.208128 -1.710798  
426 24.350000 -5.191026 -1.709647  
427 24.360000 -5.173936 -1.708320  
428 24.370000 -5.156860 -1.706823  
429 24.380000 -5.139800 -1.705161  
430 24.390000 -5.122757 -1.703342  
431 24.400000 -5.105733 -1.701371  
432 24.410000 -5.088730 -1.699253  
433 24.420000 -5.071749 -1.696994  
434 24.430000 -5.054791 -1.694598  
435 24.440000 -5.037857 -1.692072  
436 24.450000 -5.020950 -1.689421  
437 24.460000 -5.004069 -1.686647  
438 24.470000 -4.987217 -1.683757  
439 24.480000 -4.970395 -1.680755  
440 24.490000 -4.953602 -1.677646  
441 24.500000 -4.936842 -1.674432  
442 24.510000 -4.920114 -1.671119  
443 24.520000 -4.903420 -1.667710  
444 24.530000 -4.886760 -1.664209  
445 24.540000 -4.870136 -1.660620  
446 24.550000 -4.853548 -1.656946  
447 24.560000 -4.836997 -1.653191  
448 24.570000 -4.820485 -1.649357  
449 24.580000 -4.804011 -1.645449  
450 24.590000 -4.787576 -1.641470  
451 24.600000 -4.771181 -1.637422  
452 24.610000 -4.754828 -1.633308  
453 24.620000 -4.738515 -1.629132  
454 24.630000 -4.722245 -1.624895  
455 24.640000 -4.706018 -1.620601  
456 24.650000 -4.689833 -1.616252  
457 24.660000 -4.673693 -1.611851  
458 24.670000 -4.657597 -1.607400  
459 24.680000 -4.641545 -1.602901  
460 24.690000 -4.625539 -1.598357  
461 24.700000 -4.609578 -1.593770  
462 24.710000 -4.593663 -1.589142  
463 24.720000 -4.577795 -1.584475  
464 24.730000 -4.561974 -1.579771  
465 24.740000 -4.546200 -1.575033  
466 24.750000 -4.530473 -1.570260  
467 24.760000 -4.514795 -1.565457  
468 24.770000 -4.499164 -1.560624  
469 24.780000 -4.483582 -1.555763  
470 24.790000 -4.468049 -1.550876  
471 24.800000 -4.452565 -1.545964  
472 24.810000 -4.437130 -1.541029  
473 24.820000 -4.421744 -1.536072  
474 24.830000 -4.406409 -1.531095  
475 24.840000 -4.391123 -1.526100  
476 24.850000 -4.375887 -1.521086  
477 24.860000 -4.360701 -1.516057  
478 24.870000 -4.345566 -1.511013  
479 24.880000 -4.330481 -1.505955  
480 24.890000 -4.315447 -1.500884  
481 24.900000 -4.300463 -1.495802  
482 24.910000 -4.285531 -1.490710  
483 24.920000 -4.270649 -1.485608  
484 24.930000 -4.255818 -1.480499  
485 24.940000 -4.241039 -1.475382  
486 24.950000 -4.226311 -1.470259  
487 24.960000 -4.211634 -1.465131  
488 24.970000 -4.197008 -1.459998  
489 24.980000 -4.182434 -1.454862  
490 24.990000 -4.167911 -1.449723  
491 25.000000 -4.153439 -1.444583  
492 25.010000 -4.139019 -1.439441  
493 25.020000 -4.124651 -1.434299  
494 25.030000 -4.110333 -1.429157  
495 25.040000 -4.096067 -1.424017  
496 25.050000 -4.081853 -1.418878  
497 25.060000 -4.067690 -1.413742  
498 25.070000 -4.053578 -1.408609  
499 25.080000 -4.039518 -1.403480  
500 25.090000 -4.025509 -1.398355  
501 25.100000 -4.011551 -1.393235  
502 25.110000 -3.997644 -1.388121  
503 25.120000 -3.983788 -1.383013  
504 25.130000 -3.969984 -1.377911  
505 25.140000 -3.956230 -1.372816  
506 25.150000 -3.942527 -1.367729  
507 25.160000 -3.928875 -1.362650  
508 25.170000 -3.915274 -1.357579  
509 25.180000 -3.901724 -1.352517  
510 25.190000 -3.888224 -1.347464  
511 25.200000 -3.874774 -1.342421  
512 25.210000 -3.861375 -1.337388  
513 25.220000 -3.848027 -1.332365  
514 25.230000 -3.834728 -1.327354  
515 25.240000 -3.821479 -1.322353  
516 25.250000 -3.808281 -1.317364  
517 25.260000 -3.795132 -1.312386  
518 25.270000 -3.782033 -1.307421  
519 25.280000 -3.768984 -1.302468  
520 25.290000 -3.755984 -1.297528  
521 25.300000 -3.743033 -1.292600  
522 25.310000 -3.730132 -1.287686  
523 25.320000 -3.717279 -1.282785  
524 25.330000 -3.704476 -1.277898  
525 25.340000 -3.691721 -1.273024  
526 25.350000 -3.679015 -1.268165  
527 25.360000 -3.666358 -1.263320  
528 25.370000 -3.653749 -1.258490  
529 25.380000 -3.641188 -1.253674  
530 25.390000 -3.628675 -1.248873  
531 25.400000 -3.616211 -1.244088  
532 25.410000 -3.603794 -1.239317  
533 25.420000 -3.591424 -1.234562  
534 25.430000 -3.579102 -1.229822  
535 25.440000 -3.566828 -1.225098  
536 25.450000 -3.554600 -1.220390  
537 25.460000 -3.542420 -1.215698  
538 25.470000 -3.530286 -1.211021  
539 25.480000 -3.518199 -1.206361  
540 25.490000 -3.506159 -1.201718  
541 25.500000 -3.494165 -1.197090  
542 25.510000 -3.482217 -1.192479  
543 25.520000 -3.470315 -1.187885  
544 25.530000 -3.458459 -1.183307  
545 25.540000 -3.446649 -1.178746  
546 25.550000 -3.434884 -1.174202  
547 25.560000 -3.423165 -1.169675  
548 25.570000 -3.411491 -1.165164  
549 25.580000 -3.399862 -1.160671  
550 25.590000 -3.388277 -1.156194  
551 25.600000 -3.376738 -1.151735  
552 25.610000 -3.365243 -1.147293  
553 25.620000 -3.353792 -1.142868  
554 25.630000 -3.342385 -1.138461  
555 25.640000 -3.331023 -1.134070  
556 25.650000 -3.319704 -1.129697  
557 25.660000 -3.308429 -1.125342  
558 25.670000 -3.297197 -1.121003  
559 25.680000 -3.286008 -1.116682  
560 25.690000 -3.274863 -1.112379  
561 25.700000 -3.263761 -1.108092  
562 25.710000 -3.252701 -1.103824  
563 25.720000 -3.241684 -1.099572  
564 25.730000 -3.230710 -1.095338  
565 25.740000 -3.219777 -1.091122  
566 25.750000 -3.208887 -1.086923  
567 25.760000 -3.198039 -1.082741  
568 25.770000 -3.187232 -1.078577  
569 25.780000 -3.176467 -1.074430  
570 25.790000 -3.165744 -1.070300  
571 25.800000 -3.155061 -1.066188  
572 25.810000 -3.144420 -1.062094  
573 25.820000 -3.133819 -1.058016  
574 25.830000 -3.123260 -1.053957  
575 25.840000 -3.112740 -1.049914  
576 25.850000 -3.102261 -1.045889  
577 25.860000 -3.091822 -1.041880  
578 25.870000 -3.081424 -1.037890  
579 25.880000 -3.071065 -1.033916  
580 25.890000 -3.060745 -1.029959  
581 25.900000 -3.050465 -1.026020  
582 25.910000 -3.040225 -1.022098  
583 25.920000 -3.030023 -1.018193  
584 25.930000 -3.019861 -1.014305  
585 25.940000 -3.009737 -1.010434  
586 25.950000 -2.999652 -1.006580  
587 25.960000 -2.989605 -1.002742  
588 25.970000 -2.979597 -0.998922  
589 25.980000 -2.969627 -0.995119  
590 25.990000 -2.959695 -0.991332  
591 26.000000 -2.949800 -0.987562  
592 26.010000 -2.939943 -0.983809  
593 26.020000 -2.930124 -0.980073  
594 26.030000 -2.920342 -0.976353  
595 26.040000 -2.910597 -0.972649  
596 26.050000 -2.900889 -0.968963  
597 26.060000 -2.891218 -0.965292  
598 26.070000 -2.881583 -0.961638  
599 26.080000 -2.871985 -0.958001  
600 26.090000 -2.862423 -0.954379  
601 26.100000 -2.852897 -0.950774  
602 26.110000 -2.843407 -0.947185  
603 26.120000 -2.833953 -0.943613  
604 26.130000 -2.824535 -0.940056  
605 26.140000 -2.815152 -0.936516  
606 26.150000 -2.805805 -0.932991  
607 26.160000 -2.796492 -0.929482  
608 26.170000 -2.787215 -0.925989  
609 26.180000 -2.777972 -0.922512  
610 26.190000 -2.768765 -0.919051  
611 26.200000 -2.759591 -0.915605  
612 26.210000 -2.750453 -0.912175  
613 26.220000 -2.741348 -0.908761  
614 26.230000 -2.732277 -0.905362  
615 26.240000 -2.723241 -0.901979  
616 26.250000 -2.714238 -0.898610  
617 26.260000 -2.705268 -0.895258  
618 26.270000 -2.696332 -0.891920  
619 26.280000 -2.687430 -0.888598  
620 26.290000 -2.678560 -0.885290  
621 26.300000 -2.669724 -0.881998  
622 26.310000 -2.660920 -0.878721  
623 26.320000 -2.652150 -0.875459  
624 26.330000 -2.643411 -0.872211  
625 26.340000 -2.634705 -0.868979  
626 26.350000 -2.626032 -0.865761  
627 26.360000 -2.617390 -0.862558  
628 26.370000 -2.608780 -0.859369  
629 26.380000 -2.600203 -0.856195  
630 26.390000 -2.591656 -0.853036  
631 26.400000 -2.583142 -0.849891  
632 26.410000 -2.574659 -0.846760  
633 26.420000 -2.566207 -0.843644  
634 26.430000 -2.557786 -0.840542  
635 26.440000 -2.549396 -0.837454  
636 26.450000 -2.541036 -0.834380  
637 26.460000 -2.532708 -0.831320  
638 26.470000 -2.524410 -0.828274  
639 26.480000 -2.516142 -0.825242  
640 26.490000 -2.507905 -0.822224  
641 26.500000 -2.499698 -0.819220  
642 26.510000 -2.491521 -0.816230  
643 26.520000 -2.483373 -0.813253  
644 26.530000 -2.475256 -0.810289  
645 26.540000 -2.467167 -0.807340  
646 26.550000 -2.459109 -0.804403  
647 26.560000 -2.451079 -0.801480  
648 26.570000 -2.443079 -0.798571  
649 26.580000 -2.435108 -0.795675  
650 26.590000 -2.427166 -0.792792  
651 26.600000 -2.419252 -0.789922  
652 26.610000 -2.411367 -0.787065  
653 26.620000 -2.403511 -0.784221  
654 26.630000 -2.395683 -0.781390  
655 26.640000 -2.387883 -0.778572  
656 26.650000 -2.380111 -0.775767  
657 26.660000 -2.372367 -0.772975  
658 26.670000 -2.364652 -0.770195  
659 26.680000 -2.356963 -0.767428  
660 26.690000 -2.349303 -0.764674  
661 26.700000 -2.341670 -0.761932  
662 26.710000 -2.334064 -0.759202  
663 26.720000 -2.326486 -0.756485  
664 26.730000 -2.318935 -0.753781  
665 26.740000 -2.311410 -0.751088  
666 26.750000 -2.303913 -0.748408  
667 26.760000 -2.296442 -0.745740  
668 26.770000 -2.288998 -0.743084  
669 26.780000 -2.281580 -0.740440  
670 26.790000 -2.274189 -0.737808  
671 26.800000 -2.266824 -0.735188  
672 26.810000 -2.259485 -0.732580  
673 26.820000 -2.252172 -0.729983  
674 26.830000 -2.244886 -0.727399  
675 26.840000 -2.237624 -0.724826  
676 26.850000 -2.230389 -0.722264  
677 26.860000 -2.223179 -0.719715  
678 26.870000 -2.215995 -0.717176  
679 26.880000 -2.208836 -0.714649  
680 26.890000 -2.201702 -0.712134  
681 26.900000 -2.194593 -0.709630  
682 26.910000 -2.187509 -0.707137  
683 26.920000 -2.180450 -0.704655  
684 26.930000 -2.173416 -0.702185  
685 26.940000 -2.166406 -0.699725  
686 26.950000 -2.159421 -0.697277  
687 26.960000 -2.152461 -0.694839  
688 26.970000 -2.145525 -0.692413  
689 26.980000 -2.138612 -0.689997  
690 26.990000 -2.131725 -0.687592  
691 27.000000 -2.124861 -0.685198  
692 27.010000 -2.118021 -0.682815  
693 27.020000 -2.111204 -0.680442  
694 27.030000 -2.104412 -0.678080  
695 27.040000 -2.097643 -0.675728  
696 27.050000 -2.090897 -0.673387  
697 27.060000 -2.084175 -0.671057  
698 27.070000 -2.077476 -0.668736  
699 27.080000 -2.070800 -0.666426  
700 27.090000 -2.064147 -0.664127  
701 27.100000 -2.057518 -0.661837  
702 27.110000 -2.050911 -0.659558  
703 27.120000 -2.044326 -0.657289  
704 27.130000 -2.037765 -0.655029  
705 27.140000 -2.031226 -0.652780  
706 27.150000 -2.024709 -0.650541  
707 27.160000 -2.018215 -0.648312  
708 27.170000 -2.011743 -0.646092  
709 27.180000 -2.005293 -0.643883  
710 27.190000 -1.998865 -0.641683  
711 27.200000 -1.992459 -0.639493  
712 27.210000 -1.986075 -0.637312  
713 27.220000 -1.979713 -0.635141  
714 27.230000 -1.973372 -0.632980  
715 27.240000 -1.967053 -0.630828  
716 27.250000 -1.960756 -0.628685  
717 27.260000 -1.954480 -0.626552  
718 27.270000 -1.948225 -0.624429  
719 27.280000 -1.941991 -0.622314  
720 27.290000 -1.935778 -0.620209  
721 27.300000 -1.929587 -0.618113  
722 27.310000 -1.923416 -0.616027  
723 27.320000 -1.917266 -0.613949  
724 27.330000 -1.911137 -0.611880  
725 27.340000 -1.905029 -0.609821  
726 27.350000 -1.898941 -0.607770  
727 27.360000 -1.892873 -0.605729  
728 27.370000 -1.886826 -0.603696  
729 27.380000 -1.880799 -0.601672  
730 27.390000 -1.874793 -0.599657  
731 27.400000 -1.868806 -0.597651  
732 27.410000 -1.862840 -0.595653  
733 27.420000 -1.856893 -0.593664  
734 27.430000 -1.850966 -0.591683  
735 27.440000 -1.845059 -0.589712  
736 27.450000 -1.839172 -0.587748  
737 27.460000 -1.833304 -0.585793  
738 27.470000 -1.827456 -0.583847  
739 27.480000 -1.821627 -0.581909  
740 27.490000 -1.815818 -0.579979  
741 27.500000 -1.810028 -0.578058  
742 27.510000 -1.804257 -0.576145  
743 27.520000 -1.798505 -0.574240  
744 27.530000 -1.792772 -0.572343  
745 27.540000 -1.787058 -0.570454  
746 27.550000 -1.781363 -0.568574  
747 27.560000 -1.775686 -0.566701  
748 27.570000 -1.770029 -0.564837  
749 27.580000 -1.764390 -0.562980  
750 27.590000 -1.758769 -0.561132  
751 27.600000 -1.753167 -0.559291  
752 27.610000 -1.747583 -0.557458  
753 27.620000 -1.742018 -0.555633  
754 27.630000 -1.736471 -0.553816  
755 27.640000 -1.730941 -0.552006  
756 27.650000 -1.725430 -0.550204  
757 27.660000 -1.719937 -0.548410  
758 27.670000 -1.714462 -0.546624  
759 27.680000 -1.709005 -0.544844  
760 27.690000 -1.703565 -0.543073  
761 27.700000 -1.698143 -0.541309  
762 27.710000 -1.692739 -0.539552  
763 27.720000 -1.687352 -0.537803  
764 27.730000 -1.681983 -0.536061  
765 27.740000 -1.676631 -0.534327  
766 27.750000 -1.671296 -0.532600  
767 27.760000 -1.665979 -0.530880  
768 27.770000 -1.660679 -0.529167  
769 27.780000 -1.655396 -0.527461  
770 27.790000 -1.650130 -0.525763  
771 27.800000 -1.644880 -0.524072  
772 27.810000 -1.639648 -0.522388  
773 27.820000 -1.634433 -0.520710  
774 27.830000 -1.629234 -0.519040  
775 27.840000 -1.624052 -0.517377  
776 27.850000 -1.618886 -0.515721  
777 27.860000 -1.613737 -0.514072  
778 27.870000 -1.608605 -0.512429  
779 27.880000 -1.603489 -0.510793  
780 27.890000 -1.598389 -0.509165  
781 27.900000 -1.593305 -0.507542  
782 27.910000 -1.588238 -0.505927  
783 27.920000 -1.583187 -0.504318  
784 27.930000 -1.578152 -0.502716  
785 27.940000 -1.573133 -0.501121  
786 27.950000 -1.568129 -0.499532  
787 27.960000 -1.563142 -0.497950  
788 27.970000 -1.558170 -0.496374  
789 27.980000 -1.553214 -0.494805  
790 27.990000 -1.548274 -0.493242  
791 28.000000 -1.543349 -0.491686  
792 28.010000 -1.538440 -0.490136  
793 28.020000 -1.533547 -0.488592  
794 28.030000 -1.528669 -0.487055  
795 28.040000 -1.523806 -0.485524  
796 28.050000 -1.518958 -0.484000  
797 28.060000 -1.514126 -0.482481  
798 28.070000 -1.509308 -0.480969  
799 28.080000 -1.504506 -0.479463  
800 28.090000 -1.499719 -0.477963  
801 28.100000 -1.494947 -0.476469  
802 28.110000 -1.490190 -0.474981  
803 28.120000 -1.485447 -0.473499  
804 28.130000 -1.480720 -0.472024  
805 28.140000 -1.476007 -0.470554  
806 28.150000 -1.471309 -0.469090  
807 28.160000 -1.466625 -0.467633  
808 28.170000 -1.461956 -0.466181  
809 28.180000 -1.457301 -0.464735  
810 28.190000 -1.452661 -0.463294  
811 28.200000 -1.448035 -0.461860  
812 28.210000 -1.443424 -0.460431  
813 28.220000 -1.438827 -0.459009  
814 28.230000 -1.434244 -0.457592  
815 28.240000 -1.429675 -0.456180  
816 28.250000 -1.425120 -0.454774  
817 28.260000 -1.420579 -0.453374  
818 28.270000 -1.416053 -0.451980  
819 28.280000 -1.411540 -0.450591  
820 28.290000 -1.407041 -0.449208  
821 28.300000 -1.402556 -0.447830  
822 28.310000 -1.398084 -0.446457  
823 28.320000 -1.393626 -0.445091  
824 28.330000 -1.389182 -0.443729  
825 28.340000 -1.384752 -0.442373  
826 28.350000 -1.380335 -0.441023  
827 28.360000 -1.375931 -0.439677  
828 28.370000 -1.371541 -0.438338  
829 28.380000 -1.367165 -0.437003  
830 28.390000 -1.362801 -0.435674  
831 28.400000 -1.358451 -0.434350  
832 28.410000 -1.354114 -0.433031  
833 28.420000 -1.349791 -0.431718  
834 28.430000 -1.345480 -0.430409  
835 28.440000 -1.341182 -0.429106  
836 28.450000 -1.336898 -0.427808  
837 28.460000 -1.332626 -0.426515  
838 28.470000 -1.328367 -0.425227  
839 28.480000 -1.324122 -0.423945  
840 28.490000 -1.319889 -0.422667  
841 28.500000 -1.315668 -0.421394  
842 28.510000 -1.311461 -0.420126  
843 28.520000 -1.307266 -0.418864  
844 28.530000 -1.303083 -0.417606  
845 28.540000 -1.298914 -0.416353  
846 28.550000 -1.294756 -0.415105  
847 28.560000 -1.290611 -0.413862  
848 28.570000 -1.286479 -0.412623  
849 28.580000 -1.282359 -0.411390  
850 28.590000 -1.278251 -0.410161  
851 28.600000 -1.274156 -0.408937  
852 28.610000 -1.270072 -0.407718  
853 28.620000 -1.266001 -0.406504  
854 28.630000 -1.261942 -0.405294  
855 28.640000 -1.257895 -0.404089  
856 28.650000 -1.253861 -0.402889  
857 28.660000 -1.249838 -0.401693  
858 28.670000 -1.245827 -0.400502  
859 28.680000 -1.241828 -0.399316  
860 28.690000 -1.237840 -0.398134  
861 28.700000 -1.233865 -0.396956  
862 28.710000 -1.229901 -0.395784  
863 28.720000 -1.225949 -0.394615  
864 28.730000 -1.222009 -0.393451  
865 28.740000 -1.218080 -0.392292  
866 28.750000 -1.214163 -0.391137  
867 28.760000 -1.210257 -0.389987  
868 28.770000 -1.206363 -0.388841  
869 28.780000 -1.202481 -0.387699  
870 28.790000 -1.198609 -0.386562  
871 28.800000 -1.194749 -0.385429  
872 28.810000 -1.190901 -0.384300  
873 28.820000 -1.187063 -0.383176  
874 28.830000 -1.183237 -0.382055  
875 28.840000 -1.179422 -0.380940  
876 28.850000 -1.175618 -0.379828  
877 28.860000 -1.171826 -0.378721  
878 28.870000 -1.168044 -0.377617  
879 28.880000 -1.164273 -0.376518  
880 28.890000 -1.160514 -0.375424  
881 28.900000 -1.156765 -0.374333  
882 28.910000 -1.153027 -0.373246  
883 28.920000 -1.149300 -0.372164  
884 28.930000 -1.145584 -0.371086  
885 28.940000 -1.141878 -0.370011  
886 28.950000 -1.138183 -0.368941  
887 28.960000 -1.134499 -0.367875  
888 28.970000 -1.130826 -0.366812  
889 28.980000 -1.127163 -0.365754  
890 28.990000 -1.123511 -0.364700  
891 29.000000 -1.119869 -0.363650  
892 29.010000 -1.116238 -0.362603  
893 29.020000 -1.112617 -0.361561  
894 29.030000 -1.109006 -0.360522  
895 29.040000 -1.105406 -0.359487  
896 29.050000 -1.101817 -0.358457  
897 29.060000 -1.098237 -0.357430  
898 29.070000 -1.094668 -0.356406  
899 29.080000 -1.091109 -0.355387  
900 29.090000 -1.087560 -0.354371  
901 29.100000 -1.084022 -0.353360  
902 29.110000 -1.080493 -0.352352  
903 29.120000 -1.076975 -0.351347  
904 29.130000 -1.073466 -0.350347  
905 29.140000 -1.069968 -0.349350  
906 29.150000 -1.066479 -0.348356  
907 29.160000 -1.063001 -0.347367  
908 29.170000 -1.059532 -0.346381  
909 29.180000 -1.056073 -0.345399  
910 29.190000 -1.052624 -0.344420  
911 29.200000 -1.049185 -0.343445  
912 29.210000 -1.045755 -0.342474  
913 29.220000 -1.042335 -0.341506  
914 29.230000 -1.038925 -0.340541  
915 29.240000 -1.035524 -0.339581  
916 29.250000 -1.032133 -0.338623  
917 29.260000 -1.028752 -0.337670  
918 29.270000 -1.025380 -0.336719  
919 29.280000 -1.022017 -0.335773  
920 29.290000 -1.018664 -0.334829  
921 29.300000 -1.015321 -0.333889  
922 29.310000 -1.011987 -0.332953  
923 29.320000 -1.008662 -0.332020  
924 29.330000 -1.005346 -0.331090  
925 29.340000 -1.002040 -0.330164  
926 29.350000 -0.998743 -0.329241  
927 29.360000 -0.995455 -0.328321  
928 29.370000 -0.992176 -0.327405  
929 29.380000 -0.988907 -0.326492  
930 29.390000 -0.985647 -0.325583  
931 29.400000 -0.982395 -0.324676  
932 29.410000 -0.979153 -0.323773  
933 29.420000 -0.975920 -0.322873  
934 29.430000 -0.972696 -0.321977  
935 29.440000 -0.969480 -0.321084  
936 29.450000 -0.966274 -0.320193  
937 29.460000 -0.963076 -0.319307  
938 29.470000 -0.959888 -0.318423  
939 29.480000 -0.956708 -0.317542  
940 29.490000 -0.953537 -0.316665  
941 29.500000 -0.950375 -0.315791  
942 29.510000 -0.947221 -0.314920  
943 29.520000 -0.944076 -0.314052  
944 29.530000 -0.940940 -0.313187  
945 29.540000 -0.937812 -0.312325  
946 29.550000 -0.934693 -0.311466  
947 29.560000 -0.931583 -0.310611  
948 29.570000 -0.928481 -0.309758  
949 29.580000 -0.925388 -0.308908  
950 29.590000 -0.922303 -0.308062  
951 29.600000 -0.919227 -0.307218  
952 29.610000 -0.916159 -0.306378  
953 29.620000 -0.913099 -0.305540  
954 29.630000 -0.910048 -0.304706  
955 29.640000 -0.907005 -0.303874  
956 29.650000 -0.903970 -0.303045  
957 29.660000 -0.900944 -0.302220  
958 29.670000 -0.897926 -0.301397  
959 29.680000 -0.894916 -0.300577  
960 29.690000 -0.891914 -0.299760  
961 29.700000 -0.888921 -0.298946  
962 29.710000 -0.885936 -0.298134  
963 29.720000 -0.882958 -0.297326  
964 29.730000 -0.879989 -0.296520  
965 29.740000 -0.877028 -0.295717  
966 29.750000 -0.874075 -0.294917  
967 29.760000 -0.871129 -0.294120  
968 29.770000 -0.868192 -0.293326  
969 29.780000 -0.865263 -0.292534  
970 29.790000 -0.862342 -0.291745  
971 29.800000 -0.859428 -0.290959  
972 29.810000 -0.856522 -0.290176  
973 29.820000 -0.853624 -0.289395  
974 29.830000 -0.850734 -0.288618  
975 29.840000 -0.847852 -0.287842  
976 29.850000 -0.844978 -0.287070  
977 29.860000 -0.842111 -0.286300  
978 29.870000 -0.839252 -0.285533  
979 29.880000 -0.836400 -0.284769  
980 29.890000 -0.833556 -0.284007  
981 29.900000 -0.830720 -0.283248  
982 29.910000 -0.827891 -0.282491  
983 29.920000 -0.825070 -0.281737  
984 29.930000 -0.822256 -0.280986  
985 29.940000 -0.819450 -0.280237  
986 29.950000 -0.816652 -0.279491  
987 29.960000 -0.813860 -0.278747  
988 29.970000 -0.811077 -0.278006  
989 29.980000 -0.808300 -0.277268  
990 29.990000 -0.805531 -0.276532  
991 30.000000 -0.802770 -0.275799  
992 30.010000 -0.800015 -0.275068  
993 30.020000 -0.797268 -0.274339  
994 30.030000 -0.794529 -0.273614  
995 30.040000 -0.791796 -0.272890  
996 30.050000 -0.789071 -0.272169  
997 30.060000 -0.786353 -0.271451  
998 30.070000 -0.783642 -0.270735  
999 30.080000 -0.780938 -0.270021  
1000 30.090000 -0.778241 -0.269310  
1001 30.100000 -0.775552 -0.268601  
1002 30.110000 -0.772869 -0.267895  
1003 30.120000 -0.770194 -0.267191  
1004 30.130000 -0.767525 -0.266490  
1005 30.140000 -0.764864 -0.265791  
1006 30.150000 -0.762210 -0.265094  
1007 30.160000 -0.759562 -0.264399  
1008 30.170000 -0.756922 -0.263707  
1009 30.180000 -0.754288 -0.263018  
1010 30.190000 -0.751661 -0.262330  
1011 30.200000 -0.749041 -0.261645  
1012 30.210000 -0.746428 -0.260963  
1013 30.220000 -0.743822 -0.260282  
1014 30.230000 -0.741223 -0.259604  
1015 30.240000 -0.738630 -0.258928  
1016 30.250000 -0.736044 -0.258255  
1017 30.260000 -0.733465 -0.257583  
1018 30.270000 -0.730892 -0.256914  
1019 30.280000 -0.728327 -0.256248  
1020 30.290000 -0.725767 -0.255583  
1021 30.300000 -0.723215 -0.254921  
1022 30.310000 -0.720669 -0.254260  
1023 30.320000 -0.718130 -0.253603  
1024 30.330000 -0.715597 -0.252947  
1025 30.340000 -0.713071 -0.252293  
1026 30.350000 -0.710551 -0.251642  
1027 30.360000 -0.708038 -0.250993  
1028 30.370000 -0.705531 -0.250346  
1029 30.380000 -0.703031 -0.249701  
1030 30.390000 -0.700537 -0.249058  
1031 30.400000 -0.698050 -0.248418  
1032 30.410000 -0.695569 -0.247779  
1033 30.420000 -0.693094 -0.247143  
1034 30.430000 -0.690626 -0.246509  
1035 30.440000 -0.688164 -0.245877  
1036 30.450000 -0.685708 -0.245247  
1037 30.460000 -0.683259 -0.244619  
1038 30.470000 -0.680816 -0.243993  
1039 30.480000 -0.678379 -0.243369  
1040 30.490000 -0.675949 -0.242747  
1041 30.500000 -0.673524 -0.242127  
1042 30.510000 -0.671106 -0.241510  
1043 30.520000 -0.668694 -0.240894  
1044 30.530000 -0.666288 -0.240281  
1045 30.540000 -0.663889 -0.239669  
1046 30.550000 -0.661495 -0.239059  
1047 30.560000 -0.659107 -0.238452  
1048 30.570000 -0.656726 -0.237846  
1049 30.580000 -0.654350 -0.237243  
1050 30.590000 -0.651981 -0.236641  
1051 30.600000 -0.649618 -0.236041  
1052 30.610000 -0.647260 -0.235444  
1053 30.620000 -0.644909 -0.234848  
1054 30.630000 -0.642563 -0.234254  
1055 30.640000 -0.640224 -0.233662  
1056 30.650000 -0.637890 -0.233072  
1057 30.660000 -0.635562 -0.232484  
1058 30.670000 -0.633240 -0.231898  
1059 30.680000 -0.630924 -0.231314  
1060 30.690000 -0.628614 -0.230732  
1061 30.700000 -0.626310 -0.230151  
1062 30.710000 -0.624011 -0.229573  
1063 30.720000 -0.621718 -0.228996  
1064 30.730000 -0.619431 -0.228422  
1065 30.740000 -0.617150 -0.227849  
1066 30.750000 -0.614874 -0.227278  
1067 30.760000 -0.612604 -0.226708  
1068 30.770000 -0.610340 -0.226141  
1069 30.780000 -0.608081 -0.225575  
1070 30.790000 -0.605828 -0.225012  
1071 30.800000 -0.603581 -0.224450  
1072 30.810000 -0.601339 -0.223890  
1073 30.820000 -0.599103 -0.223331  
1074 30.830000 -0.596873 -0.222775  
1075 30.840000 -0.594648 -0.222220  
1076 30.850000 -0.592428 -0.221667  
1077 30.860000 -0.590214 -0.221116  
1078 30.870000 -0.588006 -0.220566  
1079 30.880000 -0.585803 -0.220019  
1080 30.890000 -0.583606 -0.219473  
1081 30.900000 -0.581414 -0.218929  
1082 30.910000 -0.579227 -0.218386  
1083 30.920000 -0.577046 -0.217846  
1084 30.930000 -0.574870 -0.217307  
1085 30.940000 -0.572700 -0.216769  
1086 30.950000 -0.570535 -0.216234  
1087 30.960000 -0.568375 -0.215700  
1088 30.970000 -0.566221 -0.215168  
1089 30.980000 -0.564072 -0.214637  
1090 30.990000 -0.561928 -0.214109  
1091 31.000000 -0.559789 -0.213582  
1092 31.010000 -0.557656 -0.213056  
1093 31.020000 -0.555528 -0.212532  
1094 31.030000 -0.553406 -0.212010  
1095 31.040000 -0.551288 -0.211490  
1096 31.050000 -0.549176 -0.210971  
1097 31.060000 -0.547069 -0.210454  
1098 31.070000 -0.544967 -0.209938  
1099 31.080000 -0.542870 -0.209424  
1100 31.090000 -0.540778 -0.208912  
1101 31.100000 -0.538692 -0.208401  
1102 31.110000 -0.536610 -0.207892  
1103 31.120000 -0.534534 -0.207385  
1104 31.130000 -0.532463 -0.206879  
1105 31.140000 -0.530396 -0.206375  
1106 31.150000 -0.528335 -0.205872  
1107 31.160000 -0.526279 -0.205371  
1108 31.170000 -0.524228 -0.204871  
1109 31.180000 -0.522181 -0.204373  
1110 31.190000 -0.520140 -0.203877  
1111 31.200000 -0.518104 -0.203382  
1112 31.210000 -0.516072 -0.202889  
1113 31.220000 -0.514046 -0.202397  
1114 31.230000 -0.512025 -0.201906  
1115 31.240000 -0.510008 -0.201418  
1116 31.250000 -0.507996 -0.200930  
1117 31.260000 -0.505989 -0.200445  
1118 31.270000 -0.503987 -0.199960  
1119 31.280000 -0.501990 -0.199478  
1120 31.290000 -0.499998 -0.198997  
1121 31.300000 -0.498010 -0.198517  
1122 31.310000 -0.496027 -0.198039  
1123 31.320000 -0.494049 -0.197562  
1124 31.330000 -0.492076 -0.197087  
1125 31.340000 -0.490108 -0.196613  
1126 31.350000 -0.488144 -0.196140  
1127 31.360000 -0.486185 -0.195669  
1128 31.370000 -0.484230 -0.195200  
1129 31.380000 -0.482281 -0.194732  
1130 31.390000 -0.480336 -0.194265  
1131 31.400000 -0.478396 -0.193800  
1132 31.410000 -0.476460 -0.193337  
1133 31.420000 -0.474529 -0.192874  
1134 31.430000 -0.472602 -0.192414  
1135 31.440000 -0.470680 -0.191954  
1136 31.450000 -0.468763 -0.191496  
1137 31.460000 -0.466851 -0.191039  
1138 31.470000 -0.464942 -0.190584  
1139 31.480000 -0.463039 -0.190130  
1140 31.490000 -0.461140 -0.189678  
1141 31.500000 -0.459245 -0.189227  
1142 31.510000 -0.457355 -0.188777  
1143 31.520000 -0.455470 -0.188329  
1144 31.530000 -0.453589 -0.187882  
1145 31.540000 -0.451712 -0.187436  
1146 31.550000 -0.449840 -0.186992  
1147 31.560000 -0.447972 -0.186549  
1148 31.570000 -0.446109 -0.186108  
1149 31.580000 -0.444250 -0.185668  
1150 31.590000 -0.442396 -0.185229  
1151 31.600000 -0.440546 -0.184791  
1152 31.610000 -0.438700 -0.184355  
1153 31.620000 -0.436858 -0.183920  
1154 31.630000 -0.435021 -0.183487  
1155 31.640000 -0.433189 -0.183054  
1156 31.650000 -0.431360 -0.182623  
1157 31.660000 -0.429536 -0.182194  
1158 31.670000 -0.427716 -0.181765  
1159 31.680000 -0.425901 -0.181338  
1160 31.690000 -0.424090 -0.180913  
1161 31.700000 -0.422283 -0.180488  
1162 31.710000 -0.420480 -0.180065  
1163 31.720000 -0.418681 -0.179643  
1164 31.730000 -0.416887 -0.179222  
1165 31.740000 -0.415097 -0.178803  
1166 31.750000 -0.413311 -0.178385  
1167 31.760000 -0.411529 -0.177968  
1168 31.770000 -0.409752 -0.177552  
1169 31.780000 -0.407978 -0.177138  
1170 31.790000 -0.406209 -0.176725  
1171 31.800000 -0.404444 -0.176313  
1172 31.810000 -0.402683 -0.175902  
1173 31.820000 -0.400926 -0.175493  
1174 31.830000 -0.399173 -0.175084  
1175 31.840000 -0.397424 -0.174677  
1176 31.850000 -0.395679 -0.174271  
1177 31.860000 -0.393938 -0.173867  
1178 31.870000 -0.392202 -0.173463  
1179 31.880000 -0.390469 -0.173061  
1180 31.890000 -0.388741 -0.172660  
1181 31.900000 -0.387016 -0.172260  
1182 31.910000 -0.385295 -0.171862  
1183 31.920000 -0.383579 -0.171464  
1184 31.930000 -0.381866 -0.171068  
1185 31.940000 -0.380157 -0.170673  
1186 31.950000 -0.378453 -0.170279  
1187 31.960000 -0.376752 -0.169886  
1188 31.970000 -0.375055 -0.169495  
1189 31.980000 -0.373362 -0.169104  
1190 31.990000 -0.371673 -0.168715  
1191 32.000000 -0.369988 -0.168327  
1192 32.010000 -0.368306 -0.167940  
1193 32.020000 -0.366629 -0.167554  
1194 32.030000 -0.364955 -0.167169  
1195 32.040000 -0.363285 -0.166785  
1196 32.050000 -0.361619 -0.166403  
1197 32.060000 -0.359957 -0.166022  
1198 32.070000 -0.358299 -0.165641  
1199 32.080000 -0.356645 -0.165262  
1200 32.090000 -0.354994 -0.164884  
1201 32.100000 -0.353347 -0.164507  
1202 32.110000 -0.351704 -0.164132  
1203 32.120000 -0.350064 -0.163757  
1204 32.130000 -0.348429 -0.163383  
1205 32.140000 -0.346797 -0.163011  
1206 32.150000 -0.345168 -0.162639  
1207 32.160000 -0.343544 -0.162269  
1208 32.170000 -0.341923 -0.161900  
1209 32.180000 -0.340306 -0.161531  
1210 32.190000 -0.338692 -0.161164  
1211 32.200000 -0.337082 -0.160798  
1212 32.210000 -0.335476 -0.160433  
1213 32.220000 -0.333874 -0.160069  
1214 32.230000 -0.332275 -0.159706  
1215 32.240000 -0.330680 -0.159345  
1216 32.250000 -0.329088 -0.158984  
1217 32.260000 -0.327500 -0.158624  
1218 32.270000 -0.325916 -0.158265  
1219 32.280000 -0.324335 -0.157908  
1220 32.290000 -0.322757 -0.157551  
1221 32.300000 -0.321184 -0.157196  
1222 32.310000 -0.319613 -0.156841  
1223 32.320000 -0.318047 -0.156487  
1224 32.330000 -0.316484 -0.156135  
1225 32.340000 -0.314924 -0.155783  
1226 32.350000 -0.313368 -0.155433  
1227 32.360000 -0.311815 -0.155083  
1228 32.370000 -0.310266 -0.154735  
1229 32.380000 -0.308721 -0.154387  
1230 32.390000 -0.307179 -0.154041  
1231 32.400000 -0.305640 -0.153695  
1232 32.410000 -0.304105 -0.153351  
1233 32.420000 -0.302573 -0.153007  
1234 32.430000 -0.301045 -0.152665  
1235 32.440000 -0.299520 -0.152323  
1236 32.450000 -0.297998 -0.151983  
1237 32.460000 -0.296480 -0.151643  
1238 32.470000 -0.294965 -0.151304  
1239 32.480000 -0.293454 -0.150967  
1240 32.490000 -0.291946 -0.150630  
1241 32.500000 -0.290441 -0.150294  
1242 32.510000 -0.288940 -0.149960  
1243 32.520000 -0.287442 -0.149626  
1244 32.530000 -0.285947 -0.149293  
1245 32.540000 -0.284456 -0.148961  
1246 32.550000 -0.282968 -0.148630  
1247 32.560000 -0.281484 -0.148300  
1248 32.570000 -0.280002 -0.147971  
1249 32.580000 -0.278524 -0.147642  
1250 32.590000 -0.277049 -0.147315  
1251 32.600000 -0.275578 -0.146989  
1252 32.610000 -0.274110 -0.146663  
1253 32.620000 -0.272645 -0.146339  
1254 32.630000 -0.271183 -0.146015  
1255 32.640000 -0.269724 -0.145693  
1256 32.650000 -0.268269 -0.145371  
1257 32.660000 -0.266817 -0.145050  
1258 32.670000 -0.265368 -0.144730  
1259 32.680000 -0.263922 -0.144411  
1260 32.690000 -0.262480 -0.144093  
1261 32.700000 -0.261040 -0.143776  
1262 32.710000 -0.259604 -0.143459  
1263 32.720000 -0.258171 -0.143144  
1264 32.730000 -0.256741 -0.142829  
1265 32.740000 -0.255315 -0.142515  
1266 32.750000 -0.253891 -0.142203  
1267 32.760000 -0.252471 -0.141891  
1268 32.770000 -0.251053 -0.141580  
1269 32.780000 -0.249639 -0.141269  
1270 32.790000 -0.248228 -0.140960  
1271 32.800000 -0.246820 -0.140652  
1272 32.810000 -0.245415 -0.140344  
1273 32.820000 -0.244013 -0.140037  
1274 32.830000 -0.242614 -0.139731  
1275 32.840000 -0.241218 -0.139426  
1276 32.850000 -0.239826 -0.139122  
1277 32.860000 -0.238436 -0.138819  
1278 32.870000 -0.237049 -0.138516  
1279 32.880000 -0.235666 -0.138214  
1280 32.890000 -0.234285 -0.137914  
1281 32.900000 -0.232907 -0.137614  
1282 32.910000 -0.231533 -0.137314  
1283 32.920000 -0.230161 -0.137016  
1284 32.930000 -0.228792 -0.136719  
1285 32.940000 -0.227427 -0.136422  
1286 32.950000 -0.226064 -0.136126  
1287 32.960000 -0.224704 -0.135831  
1288 32.970000 -0.223347 -0.135537  
1289 32.980000 -0.221993 -0.135243  
1290 32.990000 -0.220642 -0.134951  
1291 33.000000 -0.219294 -0.134659  
1292 33.010000 -0.217949 -0.134368  
1293 33.020000 -0.216607 -0.134078  
1294 33.030000 -0.215268 -0.133788  
1295 33.040000 -0.213931 -0.133500  
1296 33.050000 -0.212598 -0.133212  
1297 33.060000 -0.211267 -0.132925  
1298 33.070000 -0.209939 -0.132639  
1299 33.080000 -0.208614 -0.132353  
1300 33.090000 -0.207292 -0.132068  
1301 33.100000 -0.205973 -0.131784  
1302 33.110000 -0.204656 -0.131501  
1303 33.120000 -0.203343 -0.131219  
1304 33.130000 -0.202032 -0.130937  
1305 33.140000 -0.200724 -0.130657  
1306 33.150000 -0.199419 -0.130377  
1307 33.160000 -0.198116 -0.130097  
1308 33.170000 -0.196817 -0.129819  
1309 33.180000 -0.195520 -0.129541  
1310 33.190000 -0.194226 -0.129264  
1311 33.200000 -0.192935 -0.128988  
1312 33.210000 -0.191646 -0.128712  
1313 33.220000 -0.190361 -0.128438  
1314 33.230000 -0.189078 -0.128164  
1315 33.240000 -0.187797 -0.127890  
1316 33.250000 -0.186520 -0.127618  
1317 33.260000 -0.185245 -0.127346  
1318 33.270000 -0.183973 -0.127075  
1319 33.280000 -0.182703 -0.126805  
1320 33.290000 -0.181437 -0.126535  
1321 33.300000 -0.180173 -0.126266  
1322 33.310000 -0.178911 -0.125998  
1323 33.320000 -0.177653 -0.125731  
1324 33.330000 -0.176397 -0.125464  
1325 33.340000 -0.175143 -0.125198  
1326 33.350000 -0.173893 -0.124933  
1327 33.360000 -0.172645 -0.124669  
1328 33.370000 -0.171399 -0.124405  
1329 33.380000 -0.170157 -0.124142  
1330 33.390000 -0.168917 -0.123879  
1331 33.400000 -0.167679 -0.123618  
1332 33.410000 -0.166444 -0.123357  
1333 33.420000 -0.165212 -0.123096  
1334 33.430000 -0.163982 -0.122837  
1335 33.440000 -0.162755 -0.122578  
1336 33.450000 -0.161531 -0.122320  
1337 33.460000 -0.160309 -0.122062  
1338 33.470000 -0.159090 -0.121805  
1339 33.480000 -0.157873 -0.121549  
1340 33.490000 -0.156659 -0.121294  
1341 33.500000 -0.155447 -0.121039  
1342 33.510000 -0.154238 -0.120785  
1343 33.520000 -0.153031 -0.120532  
1344 33.530000 -0.151827 -0.120279  
1345 33.540000 -0.150626 -0.120027  
1346 33.550000 -0.149427 -0.119776  
1347 33.560000 -0.148230 -0.119525  
1348 33.570000 -0.147036 -0.119275  
1349 33.580000 -0.145845 -0.119026  
1350 33.590000 -0.144656 -0.118777  
1351 33.600000 -0.143469 -0.118529  
1352 33.610000 -0.142285 -0.118281  
1353 33.620000 -0.141103 -0.118035  
1354 33.630000 -0.139924 -0.117789  
1355 33.640000 -0.138748 -0.117543  
1356 33.650000 -0.137573 -0.117298  
1357 33.660000 -0.136402 -0.117054  
1358 33.670000 -0.135232 -0.116811  
1359 33.680000 -0.134065 -0.116568  
1360 33.690000 -0.132901 -0.116326  
1361 33.700000 -0.131739 -0.116084  
1362 33.710000 -0.130579 -0.115843  
1363 33.720000 -0.129422 -0.115603  
1364 33.730000 -0.128267 -0.115363  
1365 33.740000 -0.127115 -0.115124  
1366 33.750000 -0.125965 -0.114886  
1367 33.760000 -0.124817 -0.114648  
1368 33.770000 -0.123672 -0.114411  
1369 33.780000 -0.122529 -0.114174  
1370 33.790000 -0.121388 -0.113939  
1371 33.800000 -0.120250 -0.113703  
1372 33.810000 -0.119114 -0.113469  
1373 33.820000 -0.117981 -0.113235  
1374 33.830000 -0.116850 -0.113001  
1375 33.840000 -0.115721 -0.112768  
1376 33.850000 -0.114594 -0.112536  
1377 33.860000 -0.113470 -0.112305  
1378 33.870000 -0.112348 -0.112074  
1379 33.880000 -0.111228 -0.111843  
1380 33.890000 -0.110111 -0.111613  
1381 33.900000 -0.108996 -0.111384  
1382 33.910000 -0.107883 -0.111156  
1383 33.920000 -0.106773 -0.110928  
1384 33.930000 -0.105665 -0.110700  
1385 33.940000 -0.104559 -0.110473  
1386 33.950000 -0.103455 -0.110247  
1387 33.960000 -0.102354 -0.110021  
1388 33.970000 -0.101255 -0.109796  
1389 33.980000 -0.100158 -0.109572  
1390 33.990000 -0.099064 -0.109348  
1391 34.000000 -0.097971 -0.109125  
1392 34.010000 -0.096881 -0.108902  
1393 34.020000 -0.095793 -0.108680  
1394 34.030000 -0.094708 -0.108458  
1395 34.040000 -0.093624 -0.108237  
1396 34.050000 -0.092543 -0.108017  
1397 34.060000 -0.091464 -0.107797  
1398 34.070000 -0.090387 -0.107578  
1399 34.080000 -0.089312 -0.107359  
1400 34.090000 -0.088240 -0.107141  
1401 34.100000 -0.087169 -0.106923  
1402 34.110000 -0.086101 -0.106706  
1403 34.120000 -0.085035 -0.106490  
1404 34.130000 -0.083971 -0.106274  
1405 34.140000 -0.082910 -0.106058  
1406 34.150000 -0.081850 -0.105843  
1407 34.160000 -0.080793 -0.105629  
1408 34.170000 -0.079738 -0.105415  
1409 34.180000 -0.078685 -0.105202  
1410 34.190000 -0.077634 -0.104990  
1411 34.200000 -0.076585 -0.104778  
1412 34.210000 -0.075538 -0.104566  
1413 34.220000 -0.074493 -0.104355  
1414 34.230000 -0.073451 -0.104145  
1415 34.240000 -0.072411 -0.103935  
1416 34.250000 -0.071372 -0.103725  
1417 34.260000 -0.070336 -0.103516  
1418 34.270000 -0.069302 -0.103308  
1419 34.280000 -0.068270 -0.103100  
1420 34.290000 -0.067240 -0.102893  
1421 34.300000 -0.066212 -0.102686  
1422 34.310000 -0.065186 -0.102480  
1423 34.320000 -0.064162 -0.102275  
1424 34.330000 -0.063141 -0.102069  
1425 34.340000 -0.062121 -0.101865  
1426 34.350000 -0.061103 -0.101661  
1427 34.360000 -0.060088 -0.101457  
1428 34.370000 -0.059074 -0.101254  
1429 34.380000 -0.058063 -0.101051  
1430 34.390000 -0.057053 -0.100849  
1431 34.400000 -0.056046 -0.100648  
1432 34.410000 -0.055040 -0.100447  
1433 34.420000 -0.054037 -0.100246  
1434 34.430000 -0.053035 -0.100046  
1435 34.440000 -0.052036 -0.099847  
1436 34.450000 -0.051038 -0.099648  
1437 34.460000 -0.050043 -0.099449  
1438 34.470000 -0.049049 -0.099251  
1439 34.480000 -0.048058 -0.099054  
1440 34.490000 -0.047068 -0.098857  
1441 34.500000 -0.046081 -0.098660  
1442 34.510000 -0.045095 -0.098464  
1443 34.520000 -0.044111 -0.098269  
1444 34.530000 -0.043130 -0.098074  
1445 34.540000 -0.042150 -0.097879  
1446 34.550000 -0.041172 -0.097685  
1447 34.560000 -0.040196 -0.097492  
1448 34.570000 -0.039222 -0.097298  
1449 34.580000 -0.038250 -0.097106  
1450 34.590000 -0.037280 -0.096914  
1451 34.600000 -0.036312 -0.096722  
1452 34.610000 -0.035346 -0.096531  
1453 34.620000 -0.034381 -0.096340  
1454 34.630000 -0.033419 -0.096150  
1455 34.640000 -0.032458 -0.095960  
1456 34.650000 -0.031500 -0.095771  
1457 34.660000 -0.030543 -0.095582  
1458 34.670000 -0.029588 -0.095394  
1459 34.680000 -0.028635 -0.095206  
1460 34.690000 -0.027684 -0.095019  
1461 34.700000 -0.026735 -0.094832  
1462 34.710000 -0.025787 -0.094646  
1463 34.720000 -0.024842 -0.094460  
1464 34.730000 -0.023898 -0.094274  
1465 34.740000 -0.022956 -0.094089  
1466 34.750000 -0.022016 -0.093904  
1467 34.760000 -0.021078 -0.093720  
1468 34.770000 -0.020142 -0.093537  
1469 34.780000 -0.019207 -0.093353  
1470 34.790000 -0.018275 -0.093171  
1471 34.800000 -0.017344 -0.092988  
1472 34.810000 -0.016415 -0.092807  
1473 34.820000 -0.015488 -0.092625  
1474 34.830000 -0.014563 -0.092444  
1475 34.840000 -0.013639 -0.092264  
1476 34.850000 -0.012717 -0.092084  
1477 34.860000 -0.011797 -0.091904  
1478 34.870000 -0.010879 -0.091725  
1479 34.880000 -0.009963 -0.091546  
1480 34.890000 -0.009048 -0.091368  
1481 34.900000 -0.008136 -0.091190  
1482 34.910000 -0.007225 -0.091012  
1483 34.920000 -0.006315 -0.090835  
1484 34.930000 -0.005408 -0.090659  
1485 34.940000 -0.004502 -0.090483  
1486 34.950000 -0.003598 -0.090307  
1487 34.960000 -0.002696 -0.090132  
1488 34.970000 -0.001796 -0.089957  
1489 34.980000 -0.000897 -0.089783  
1490 34.990000 0.000000 -0.089609  
