1 20.100000 60836093543619.398438 5478655553656328.000000  
2 20.110000 25785999990888.320312 2111207156660508.750000  
3 20.120000 11777249115062.941406 883952697062290.250000  
4 20.130000 5727194626944.633789 396818424065819.750000  
5 20.140000 2937899490782.172852 189029219092668.031250  
6 20.150000 1578066030275.955566 94772149932097.140625  
7 20.160000 882315709318.138672 49679544316239.515625  
8 20.170000 511000142570.727356 27081480546821.281250  
9 20.180000 305327787600.842102 15283430056181.291016  
10 20.190000 187583284605.210663 8895988707349.052734  
11 20.200000 118158333326.302628 5323713844666.327148  
12 20.210000 76123463910.052750 3266677196001.513672  
13 20.220000 50054836732.098671 2050486658148.957275  
14 20.230000 33531867277.502346 1313983959773.564209  
15 20.240000 22848898979.589825 858105636022.597778  
16 20.250000 15814835145.813461 570214047651.056152  
17 20.260000 11105113805.038324 385025440548.155212  
18 20.270000 7902559410.337584 263857990968.912567  
19 20.280000 5693482233.948733 183321180774.304871  
20 20.290000 4149320472.539207 129002499802.762939  
21 20.300000 3056514625.658554 91865148853.437729  
22 20.310000 2274162215.006219 66150281459.738396  
23 20.320000 1707992244.938293 48132036255.649490  
24 20.330000 1294104529.974304 35365522780.209755  
25 20.340000 988652755.573038 26225021464.621811  
26 20.350000 761203811.573344 19615988569.648048  
27 20.360000 590405324.494674 14792832333.523233  
28 20.370000 461122988.889969 11242033618.745102  
29 20.380000 362526316.410359 8606211414.745993  
30 20.390000 286794064.845161 6634189016.405807  
31 20.400000 228229360.055129 5147780383.945480  
32 20.410000 182648719.417172 4019457558.896211  
33 20.420000 146956138.225789 3157179534.313996  
34 20.430000 118843474.401992 2493985206.162658  
35 20.440000 96577851.439844 1980787958.038704  
36 20.450000 78849561.382589 1581342759.521939  
37 20.460000 64662395.139994 1268701088.026562  
38 20.470000 53253971.787441 1022693753.128144  
39 20.480000 44037446.264268 828129848.470525  
40 20.490000 36558566.783522 673498630.630914  
41 20.500000 30463832.675165 550027311.208100  
42 20.510000 25476735.027770 450992575.738415  
43 20.520000 21379921.689499 371214256.724955  
44 20.530000 18001732.075538 306680661.656146  
45 20.540000 15205974.733779 254269674.299834  
46 20.550000 12884125.356248 211539961.139804  
47 20.560000 10949341.591457 176573801.632984  
48 20.570000 9331848.924378 147858152.247855  
49 20.580000 7975366.628369 124194184.521074  
50 20.590000 6834326.654681 104628142.136069  
51 20.600000 5871699.968875 88398242.277496  
52 20.610000 5057290.404805 74893711.682937  
53 20.620000 4366389.960325 63623044.574936  
54 20.630000 3778714.741909 54189301.380584  
55 20.640000 3277559.741050 46270807.121457  
56 20.650000 2849124.935295 39606008.850760  
57 20.660000 2481976.048092 33981550.011858  
58 20.670000 2166611.551876 29222843.124304  
59 20.680000 1895113.804458 25186590.365090  
60 20.690000 1660867.048330 21754828.682457  
61 20.700000 1458328.732015 18830172.511969  
62 20.710000 1282843.497965 16332000.652364  
63 20.720000 1130491.422337 14193390.088185  
64 20.730000 997963.838744 12358642.739595  
65 20.740000 882461.444587 10781284.426070  
66 20.750000 781610.461351 9422441.108350  
67 20.760000 693393.465321 8249517.495686  
68 20.770000 616092.173041 7235118.712551  
69 20.780000 548239.995407 6356167.925656  
70 20.790000 488582.595430 5593182.410939  
71 20.800000 436045.020742 4929678.081152  
72 20.810000 389704.250753 4351678.449948  
73 20.820000 348766.214122 3847308.725763  
74 20.830000 312546.505818 3406459.476862  
75 20.840000 280454.173131 3020507.295310  
76 20.850000 251978.053350 2682082.274106  
77 20.860000 226675.237771 2384874.023817  
78 20.870000 204161.311467 2123469.491434  
79 20.880000 184102.079226 1893217.081690  
80 20.890000 166206.537874 1690112.580644  
81 20.900000 150220.896026 1510703.190533  
82 20.910000 135923.475812 1352006.641711  
83 20.920000 123120.358715 1211442.881886  
84 20.930000 111641.660380 1086776.278580  
85 20.940000 101338.338092 976066.626929  
86 20.950000 92079.450139 877627.546695  
87 20.960000 83749.799268 789991.091869  
88 20.970000 76247.903124 711877.593326  
89 20.980000 69484.243565 642169.917423  
90 20.990000 63379.754206 579891.457674  
91 21.000000 57864.511806 524187.287712  
92 21.010000 52876.602347 474307.995911  
93 21.020000 48361.137071 429595.798607  
94 21.030000 44269.397428 389472.592612  
95 21.040000 40558.091012 353429.660878  
96 21.050000 37188.703198 321018.789636  
97 21.060000 34126.931425 291844.592495  
98 21.070000 31342.190921 265557.868192  
99 21.080000 28807.182320 241849.844890  
100 21.090000 26497.512923 220447.185954  
101 21.100000 24391.364551 201107.650712  
102 21.110000 22469.201894 183616.319403  
103 21.120000 20713.516121 167782.304756  
104 21.130000 19108.599222 153435.883876  
105 21.140000 17640.345168 140425.993644  
106 21.150000 16296.074505 128618.040905  
107 21.160000 15064.379452 117891.985602  
108 21.170000 13934.986955 108140.660898  
109 21.180000 12898.637478 99268.299268  
110 21.190000 11946.977630 91189.237878  
111 21.200000 11072.464925 83826.780160  
112 21.210000 10268.283241 77112.193668  
113 21.220000 9528.267685 70983.826939  
114 21.230000 8846.837758 65386.330422  
115 21.240000 8218.937850 60269.968490  
116 21.250000 7639.984201 55590.011275  
117 21.260000 7105.817592 51306.196523  
118 21.270000 6612.661096 47382.252934  
119 21.280000 6157.082327 43785.477567  
120 21.290000 5735.959667 40486.360797  
121 21.300000 5346.452032 37458.253186  
122 21.310000 4985.971779 34677.069295  
123 21.320000 4652.160413 32121.024098  
124 21.330000 4342.866772 29770.398216  
125 21.340000 4056.127446 27607.328617  
126 21.350000 3790.149157 25615.621867  
127 21.360000 3543.292918 23780.587363  
128 21.370000 3314.059761 22088.888273  
129 21.380000 3101.077878 20528.408203  
130 21.390000 2903.091028 19088.131825  
131 21.400000 2718.948066 17758.037932  
132 21.410000 2547.593494 16529.003529  
133 21.420000 2388.058915 15392.717777  
134 21.430000 2239.455304 14341.604699  
135 21.440000 2100.966014 13368.753714  
136 21.450000 1971.840442 12467.857157  
137 21.460000 1851.388281 11633.154041  
138 21.470000 1738.974316 10859.379396  
139 21.480000 1634.013693 10141.718604  
140 21.490000 1535.967624 9475.766214  
141 21.500000 1444.339490 8857.488751  
142 21.510000 1358.671284 8283.191135  
143 21.520000 1278.540389 7749.486317  
144 21.530000 1203.556631 7253.267821  
145 21.540000 1133.359606 6791.684882  
146 21.550000 1067.616231 6362.119940  
147 21.560000 1006.018518 5962.168230  
148 21.570000 948.281543 5589.619282  
149 21.580000 894.141585 5242.440130  
150 21.590000 843.354427 4918.760063  
151 21.600000 795.693809 4616.856774  
152 21.610000 750.950004 4335.143766  
153 21.620000 708.928519 4072.158894  
154 21.630000 669.448905 3826.553941  
155 21.640000 632.343664 3597.085117  
156 21.650000 597.457252 3382.604408  
157 21.660000 564.645158 3182.051685  
158 21.670000 533.773065 2994.447506  
159 21.680000 504.716072 2818.886542  
160 21.690000 477.357987 2654.531580  
161 21.700000 451.590675 2500.608040  
162 21.710000 427.313451 2356.398956  
163 21.720000 404.432533 2221.240394  
164 21.730000 382.860530 2094.517255  
165 21.740000 362.515975 1975.659429  
166 21.750000 343.322890 1864.138273  
167 21.760000 325.210392 1759.463387  
168 21.770000 308.112322 1661.179647  
169 21.780000 291.966907 1568.864496  
170 21.790000 276.716448 1482.125444  
171 21.800000 262.307030 1400.597784  
172 21.810000 248.688254 1323.942479  
173 21.820000 235.812993 1251.844238  
174 21.830000 223.637159 1184.009728  
175 21.840000 212.119498 1120.165940  
176 21.850000 201.221387 1060.058681  
177 21.860000 190.906660 1003.451188  
178 21.870000 181.141435 950.122844  
179 21.880000 171.893960 899.868006  
180 21.890000 163.134470 852.494911  
181 21.900000 154.835053 807.824674  
182 21.910000 146.969525 765.690366  
183 21.920000 139.513313 725.936155  
184 21.930000 132.443354 688.416516  
185 21.940000 125.737989 652.995504  
186 21.950000 119.376873 619.546077  
187 21.960000 113.340892 587.949470  
188 21.970000 107.612079 558.094622  
189 21.980000 102.173541 529.877636  
190 21.990000 97.009391 503.201289  
191 22.000000 92.104684 477.974569  
192 22.010000 87.445352 454.112252  
193 22.020000 83.018157 431.534508  
194 22.030000 78.810630 410.166535  
195 22.040000 74.811028 389.938219  
196 22.050000 71.008286 370.783823  
197 22.060000 67.391978 352.641688  
198 22.070000 63.952272 335.453970  
199 22.080000 60.679898 319.166379  
200 22.090000 57.566114 303.727953  
201 22.100000 54.602669 289.090833  
202 22.110000 51.781776 275.210065  
203 22.120000 49.096087 262.043409  
204 22.130000 46.538660 249.551165  
205 22.140000 44.102941 237.696008  
206 22.150000 41.782734 226.442837  
207 22.160000 39.572187 215.758632  
208 22.170000 37.465768 205.612322  
209 22.180000 35.458246 195.974663  
210 22.190000 33.544672 186.818123  
211 22.200000 31.720366 178.116773  
212 22.210000 29.980900 169.846187  
213 22.220000 28.322083 161.983351  
214 22.230000 26.739947 154.506574  
215 22.240000 25.230733 147.395406  
216 22.250000 23.790884 140.630563  
217 22.260000 22.417028 134.193857  
218 22.270000 21.105971 128.068125  
219 22.280000 19.854683 122.237171  
220 22.290000 18.660296 116.685709  
221 22.300000 17.520086 111.399302  
222 22.310000 16.431472 106.364318  
223 22.320000 15.392004 101.567878  
224 22.330000 14.399360 96.997813  
225 22.340000 13.451332 92.642623  
226 22.350000 12.545827 88.491434  
227 22.360000 11.680858 84.533965  
228 22.370000 10.854535 80.760493  
229 22.380000 10.065065 77.161820  
230 22.390000 9.310745 73.729241  
231 22.400000 8.589954 70.454518  
232 22.410000 7.901154 67.329853  
233 22.420000 7.242882 64.347860  
234 22.430000 6.613745 61.501547  
235 22.440000 6.012420 58.784288  
236 22.450000 5.437650 56.189806  
237 22.460000 4.888235 53.712151  
238 22.470000 4.363036 51.345685  
239 22.480000 3.860968 49.085060  
240 22.490000 3.380999 46.925206  
241 22.500000 2.922144 44.861314  
242 22.510000 2.483468 42.888820  
243 22.520000 2.064078 41.003396  
244 22.530000 1.663124 39.200931  
245 22.540000 1.279796 37.477524  
246 22.550000 0.913322 35.829473  
247 22.560000 0.562967 34.253258  
248 22.570000 0.228029 32.745538  
249 22.580000 -0.092162 31.303139  
250 22.590000 -0.398242 29.923045  
251 22.600000 -0.690821 28.602389  
252 22.610000 -0.970479 27.338444  
253 22.620000 -1.237770 26.128621  
254 22.630000 -1.493223 24.970454  
255 22.640000 -1.737343 23.861599  
256 22.650000 -1.970612 22.799828  
257 22.660000 -2.193490 21.783018  
258 22.670000 -2.406416 20.809150  
259 22.680000 -2.609809 19.876302  
260 22.690000 -2.804072 18.982645  
261 22.700000 -2.989587 18.126436  
262 22.710000 -3.166720 17.306017  
263 22.720000 -3.335822 16.519806  
264 22.730000 -3.497225 15.766298  
265 22.740000 -3.651252 15.044059  
266 22.750000 -3.798206 14.351721  
267 22.760000 -3.938381 13.687981  
268 22.770000 -4.072057 13.051596  
269 22.780000 -4.199501 12.441383  
270 22.790000 -4.320968 11.856210  
271 22.800000 -4.436705 11.295000  
272 22.810000 -4.546945 10.756726  
273 22.820000 -4.651912 10.240407  
274 22.830000 -4.751823 9.745106  
275 22.840000 -4.846882 9.269930  
276 22.850000 -4.937286 8.814027  
277 22.860000 -5.023224 8.376582  
278 22.870000 -5.104876 7.956818  
279 22.880000 -5.182417 7.553993  
280 22.890000 -5.256010 7.167396  
281 22.900000 -5.325816 6.796351  
282 22.910000 -5.391987 6.440211  
283 22.920000 -5.454668 6.098356  
284 22.930000 -5.514000 5.770196  
285 22.940000 -5.570116 5.455165  
286 22.950000 -5.623145 5.152723  
287 22.960000 -5.673210 4.862354  
288 22.970000 -5.720431 4.583563  
289 22.980000 -5.764919 4.315878  
290 22.990000 -5.806784 4.058847  
291 23.000000 -5.846130 3.812037  
292 23.010000 -5.883057 3.575035  
293 23.020000 -5.917662 3.347445  
294 23.030000 -5.950036 3.128888  
295 23.040000 -5.980269 2.919000  
296 23.050000 -6.008444 2.717435  
297 23.060000 -6.034644 2.523860  
298 23.070000 -6.058947 2.337957  
299 23.080000 -6.081428 2.159420  
300 23.090000 -6.102159 1.987958  
301 23.100000 -6.121209 1.823290  
302 23.110000 -6.138646 1.665148  
303 23.120000 -6.154533 1.513276  
304 23.130000 -6.168932 1.367427  
305 23.140000 -6.181901 1.227366  
306 23.150000 -6.193498 1.092865  
307 23.160000 -6.203776 0.963707  
308 23.170000 -6.212789 0.839686  
309 23.180000 -6.220586 0.720601  
310 23.190000 -6.227217 0.606262  
311 23.200000 -6.232727 0.496483  
312 23.210000 -6.237161 0.391091  
313 23.220000 -6.240563 0.289915  
314 23.230000 -6.242973 0.192794  
315 23.240000 -6.244431 0.099572  
316 23.250000 -6.244977 0.010100  
317 23.260000 -6.244645 -0.075766  
318 23.270000 -6.243473 -0.158162  
319 23.280000 -6.241493 -0.237221  
320 23.290000 -6.238739 -0.313070  
321 23.300000 -6.235242 -0.385830  
322 23.310000 -6.231033 -0.455618  
323 23.320000 -6.226139 -0.522547  
324 23.330000 -6.220591 -0.586724  
325 23.340000 -6.214414 -0.648254  
326 23.350000 -6.207634 -0.707235  
327 23.360000 -6.200277 -0.763763  
328 23.370000 -6.192367 -0.817930  
329 23.380000 -6.183926 -0.869825  
330 23.390000 -6.174978 -0.919532  
331 23.400000 -6.165543 -0.967133  
332 23.410000 -6.155642 -1.012707  
333 23.420000 -6.145295 -1.056329  
334 23.430000 -6.134521 -1.098071  
335 23.440000 -6.123340 -1.138004  
336 23.450000 -6.111767 -1.176194  
337 23.460000 -6.099821 -1.212706  
338 23.470000 -6.087518 -1.247602  
339 23.480000 -6.074874 -1.280941  
340 23.490000 -6.061905 -1.312782  
341 23.500000 -6.048624 -1.343180  
342 23.510000 -6.035046 -1.372187  
343 23.520000 -6.021184 -1.399855  
344 23.530000 -6.007053 -1.426233  
345 23.540000 -5.992664 -1.451369  
346 23.550000 -5.978029 -1.475308  
347 23.560000 -5.963162 -1.498094  
348 23.570000 -5.948071 -1.519769  
349 23.580000 -5.932770 -1.540375  
350 23.590000 -5.917267 -1.559950  
351 23.600000 -5.901574 -1.578532  
352 23.610000 -5.885700 -1.596158  
353 23.620000 -5.869654 -1.612863  
354 23.630000 -5.853446 -1.628680  
355 23.640000 -5.837083 -1.643642  
356 23.650000 -5.820575 -1.657780  
357 23.660000 -5.803930 -1.671124  
358 23.670000 -5.787155 -1.683704  
359 23.680000 -5.770259 -1.695547  
360 23.690000 -5.753247 -1.706681  
361 23.700000 -5.736127 -1.717131  
362 23.710000 -5.718906 -1.726923  
363 23.720000 -5.701591 -1.736080  
364 23.730000 -5.684187 -1.744627  
365 23.740000 -5.666700 -1.752584  
366 23.750000 -5.649137 -1.759975  
367 23.760000 -5.631503 -1.766820  
368 23.770000 -5.613802 -1.773139  
369 23.780000 -5.596042 -1.778952  
370 23.790000 -5.578225 -1.784276  
371 23.800000 -5.560358 -1.789131  
372 23.810000 -5.542444 -1.793534  
373 23.820000 -5.524488 -1.797501  
374 23.830000 -5.506495 -1.801048  
375 23.840000 -5.488469 -1.804192  
376 23.850000 -5.470413 -1.806947  
377 23.860000 -5.452331 -1.809328  
378 23.870000 -5.434227 -1.811349  
379 23.880000 -5.416105 -1.813022  
380 23.890000 -5.397968 -1.814363  
381 23.900000 -5.379819 -1.815382  
382 23.910000 -5.361661 -1.816092  
383 23.920000 -5.343498 -1.816505  
384 23.930000 -5.325332 -1.816632  
385 23.940000 -5.307167 -1.816484  
386 23.950000 -5.289004 -1.816072  
387 23.960000 -5.270846 -1.815405  
388 23.970000 -5.252696 -1.814494  
389 23.980000 -5.234557 -1.813348  
390 23.990000 -5.216430 -1.811976  
391 24.000000 -5.198318 -1.810386  
392 24.010000 -5.180223 -1.808589  
393 24.020000 -5.162147 -1.806590  
394 24.030000 -5.144092 -1.804400  
395 24.040000 -5.126060 -1.802024  
396 24.050000 -5.108052 -1.799472  
397 24.060000 -5.090071 -1.796749  
398 24.070000 -5.072118 -1.793862  
399 24.080000 -5.054194 -1.790819  
400 24.090000 -5.036302 -1.787626  
401 24.100000 -5.018442 -1.784288  
402 24.110000 -5.000616 -1.780813  
403 24.120000 -4.982826 -1.777205  
404 24.130000 -4.965073 -1.773470  
405 24.140000 -4.947357 -1.769614  
406 24.150000 -4.929681 -1.765642  
407 24.160000 -4.912045 -1.761558  
408 24.170000 -4.894450 -1.757369  
409 24.180000 -4.876898 -1.753077  
410 24.190000 -4.859389 -1.748689  
411 24.200000 -4.841924 -1.744208  
412 24.210000 -4.824505 -1.739639  
413 24.220000 -4.807132 -1.734985  
414 24.230000 -4.789805 -1.730250  
415 24.240000 -4.772527 -1.725439  
416 24.250000 -4.755297 -1.720555  
417 24.260000 -4.738116 -1.715601  
418 24.270000 -4.720985 -1.710581  
419 24.280000 -4.703905 -1.705498  
420 24.290000 -4.686875 -1.700356  
421 24.300000 -4.669898 -1.695157  
422 24.310000 -4.652972 -1.689905  
423 24.320000 -4.636100 -1.684602  
424 24.330000 -4.619280 -1.679251  
425 24.340000 -4.602515 -1.673855  
426 24.350000 -4.585804 -1.668416  
427 24.360000 -4.569147 -1.662937  
428 24.370000 -4.552545 -1.657420  
429 24.380000 -4.535998 -1.651867  
430 24.390000 -4.519508 -1.646282  
431 24.400000 -4.503073 -1.640665  
432 24.410000 -4.486695 -1.635019  
433 24.420000 -4.470373 -1.629347  
434 24.430000 -4.454108 -1.623649  
435 24.440000 -4.437900 -1.617928  
436 24.450000 -4.421749 -1.612186  
437 24.460000 -4.405656 -1.606424  
438 24.470000 -4.389621 -1.600645  
439 24.480000 -4.373643 -1.594849  
440 24.490000 -4.357724 -1.589038  
441 24.500000 -4.341863 -1.583214  
442 24.510000 -4.326060 -1.577378  
443 24.520000 -4.310315 -1.571532  
444 24.530000 -4.294629 -1.565677  
445 24.540000 -4.279002 -1.559814  
446 24.550000 -4.263433 -1.553945  
447 24.560000 -4.247923 -1.548070  
448 24.570000 -4.232471 -1.542192  
449 24.580000 -4.217079 -1.536310  
450 24.590000 -4.201745 -1.530427  
451 24.600000 -4.186470 -1.524543  
452 24.610000 -4.171254 -1.518659  
453 24.620000 -4.156097 -1.512776  
454 24.630000 -4.140999 -1.506896  
455 24.640000 -4.125959 -1.501018  
456 24.650000 -4.110978 -1.495144  
457 24.660000 -4.096056 -1.489275  
458 24.670000 -4.081193 -1.483412  
459 24.680000 -4.066388 -1.477554  
460 24.690000 -4.051642 -1.471704  
461 24.700000 -4.036954 -1.465862  
462 24.710000 -4.022324 -1.460028  
463 24.720000 -4.007753 -1.454203  
464 24.730000 -3.993240 -1.448387  
465 24.740000 -3.978786 -1.442582  
466 24.750000 -3.964389 -1.436788  
467 24.760000 -3.950050 -1.431006  
468 24.770000 -3.935769 -1.425235  
469 24.780000 -3.921545 -1.419477  
470 24.790000 -3.907379 -1.413732  
471 24.800000 -3.893270 -1.408000  
472 24.810000 -3.879219 -1.402283  
473 24.820000 -3.865225 -1.396580  
474 24.830000 -3.851287 -1.390891  
475 24.840000 -3.837407 -1.385218  
476 24.850000 -3.823583 -1.379560  
477 24.860000 -3.809815 -1.373919  
478 24.870000 -3.796104 -1.368293  
479 24.880000 -3.782450 -1.362685  
480 24.890000 -3.768851 -1.357093  
481 24.900000 -3.755308 -1.351518  
482 24.910000 -3.741820 -1.345962  
483 24.920000 -3.728388 -1.340422  
484 24.930000 -3.715012 -1.334901  
485 24.940000 -3.701690 -1.329399  
486 24.950000 -3.688424 -1.323915  
487 24.960000 -3.675212 -1.318449  
488 24.970000 -3.662055 -1.313003  
489 24.980000 -3.648952 -1.307576  
490 24.990000 -3.635903 -1.302168  
491 25.000000 -3.622908 -1.296780  
492 25.010000 -3.609967 -1.291412  
493 25.020000 -3.597080 -1.286064  
494 25.030000 -3.584246 -1.280735  
495 25.040000 -3.571465 -1.275427  
496 25.050000 -3.558737 -1.270140  
497 25.060000 -3.546062 -1.264873  
498 25.070000 -3.533440 -1.259626  
499 25.080000 -3.520870 -1.254400  
500 25.090000 -3.508352 -1.249195  
501 25.100000 -3.495886 -1.244011  
502 25.110000 -3.483472 -1.238848  
503 25.120000 -3.471109 -1.233706  
504 25.130000 -3.458797 -1.228585  
505 25.140000 -3.446537 -1.223486  
506 25.150000 -3.434328 -1.218407  
507 25.160000 -3.422169 -1.213350  
508 25.170000 -3.410060 -1.208315  
509 25.180000 -3.398002 -1.203301  
510 25.190000 -3.385994 -1.198308  
511 25.200000 -3.374036 -1.193337  
512 25.210000 -3.362128 -1.188387  
513 25.220000 -3.350268 -1.183459  
514 25.230000 -3.338458 -1.178553  
515 25.240000 -3.326697 -1.173668  
516 25.250000 -3.314985 -1.168805  
517 25.260000 -3.303321 -1.163963  
518 25.270000 -3.291706 -1.159143  
519 25.280000 -3.280138 -1.154345  
520 25.290000 -3.268619 -1.149568  
521 25.300000 -3.257147 -1.144812  
522 25.310000 -3.245722 -1.140079  
523 25.320000 -3.234345 -1.135367  
524 25.330000 -3.223015 -1.130676  
525 25.340000 -3.211731 -1.126007  
526 25.350000 -3.200495 -1.121360  
527 25.360000 -3.189304 -1.116734  
528 25.370000 -3.178160 -1.112129  
529 25.380000 -3.167062 -1.107546  
530 25.390000 -3.156009 -1.102984  
531 25.400000 -3.145002 -1.098444  
532 25.410000 -3.134040 -1.093924  
533 25.420000 -3.123123 -1.089426  
534 25.430000 -3.112251 -1.084949  
535 25.440000 -3.101424 -1.080494  
536 25.450000 -3.090641 -1.076059  
537 25.460000 -3.079903 -1.071646  
538 25.470000 -3.069208 -1.067253  
539 25.480000 -3.058558 -1.062881  
540 25.490000 -3.047951 -1.058531  
541 25.500000 -3.037387 -1.054201  
542 25.510000 -3.026867 -1.049891  
543 25.520000 -3.016389 -1.045603  
544 25.530000 -3.005955 -1.041335  
545 25.540000 -2.995562 -1.037088  
546 25.550000 -2.985213 -1.032861  
547 25.560000 -2.974905 -1.028654  
548 25.570000 -2.964640 -1.024468  
549 25.580000 -2.954416 -1.020302  
550 25.590000 -2.944233 -1.016157  
551 25.600000 -2.934093 -1.012031  
552 25.610000 -2.923993 -1.007926  
553 25.620000 -2.913934 -1.003840  
554 25.630000 -2.903916 -0.999775  
555 25.640000 -2.893938 -0.995729  
556 25.650000 -2.884001 -0.991703  
557 25.660000 -2.874104 -0.987697  
558 25.670000 -2.864247 -0.983710  
559 25.680000 -2.854430 -0.979743  
560 25.690000 -2.844652 -0.975795  
561 25.700000 -2.834914 -0.971867  
562 25.710000 -2.825215 -0.967958  
563 25.720000 -2.815555 -0.964068  
564 25.730000 -2.805933 -0.960197  
565 25.740000 -2.796351 -0.956345  
566 25.750000 -2.786807 -0.952513  
567 25.760000 -2.777300 -0.948699  
568 25.770000 -2.767832 -0.944904  
569 25.780000 -2.758402 -0.941127  
570 25.790000 -2.749010 -0.937369  
571 25.800000 -2.739655 -0.933630  
572 25.810000 -2.730337 -0.929909  
573 25.820000 -2.721057 -0.926206  
574 25.830000 -2.711813 -0.922522  
575 25.840000 -2.702606 -0.918856  
576 25.850000 -2.693436 -0.915208  
577 25.860000 -2.684302 -0.911578  
578 25.870000 -2.675204 -0.907966  
579 25.880000 -2.666143 -0.904372  
580 25.890000 -2.657117 -0.900795  
581 25.900000 -2.648127 -0.897237  
582 25.910000 -2.639172 -0.893695  
583 25.920000 -2.630253 -0.890172  
584 25.930000 -2.621368 -0.886665  
585 25.940000 -2.612519 -0.883176  
586 25.950000 -2.603705 -0.879704  
587 25.960000 -2.594925 -0.876250  
588 25.970000 -2.586180 -0.872812  
589 25.980000 -2.577469 -0.869392  
590 25.990000 -2.568792 -0.865988  
591 26.000000 -2.560149 -0.862601  
592 26.010000 -2.551540 -0.859231  
593 26.020000 -2.542964 -0.855877  
594 26.030000 -2.534422 -0.852540  
595 26.040000 -2.525913 -0.849220  
596 26.050000 -2.517438 -0.845915  
597 26.060000 -2.508995 -0.842628  
598 26.070000 -2.500585 -0.839356  
599 26.080000 -2.492208 -0.836100  
600 26.090000 -2.483863 -0.832861  
601 26.100000 -2.475551 -0.829637  
602 26.110000 -2.467270 -0.826429  
603 26.120000 -2.459022 -0.823237  
604 26.130000 -2.450806 -0.820061  
605 26.140000 -2.442621 -0.816900  
606 26.150000 -2.434467 -0.813755  
607 26.160000 -2.426346 -0.810625  
608 26.170000 -2.418255 -0.807511  
609 26.180000 -2.410195 -0.804412  
610 26.190000 -2.402167 -0.801328  
611 26.200000 -2.394169 -0.798259  
612 26.210000 -2.386201 -0.795206  
613 26.220000 -2.378265 -0.792167  
614 26.230000 -2.370358 -0.789143  
615 26.240000 -2.362482 -0.786134  
616 26.250000 -2.354635 -0.783139  
617 26.260000 -2.346819 -0.780160  
618 26.270000 -2.339032 -0.777194  
619 26.280000 -2.331275 -0.774244  
620 26.290000 -2.323547 -0.771307  
621 26.300000 -2.315849 -0.768385  
622 26.310000 -2.308179 -0.765477  
623 26.320000 -2.300539 -0.762584  
624 26.330000 -2.292928 -0.759704  
625 26.340000 -2.285345 -0.756839  
626 26.350000 -2.277791 -0.753987  
627 26.360000 -2.270265 -0.751149  
628 26.370000 -2.262768 -0.748325  
629 26.380000 -2.255299 -0.745515  
630 26.390000 -2.247857 -0.742718  
631 26.400000 -2.240444 -0.739935  
632 26.410000 -2.233059 -0.737165  
633 26.420000 -2.225701 -0.734408  
634 26.430000 -2.218371 -0.731665  
635 26.440000 -2.211068 -0.728936  
636 26.450000 -2.203792 -0.726219  
637 26.460000 -2.196543 -0.723515  
638 26.470000 -2.189321 -0.720825  
639 26.480000 -2.182127 -0.718147  
640 26.490000 -2.174958 -0.715482  
641 26.500000 -2.167817 -0.712831  
642 26.510000 -2.160702 -0.710191  
643 26.520000 -2.153613 -0.707565  
644 26.530000 -2.146550 -0.704951  
645 26.540000 -2.139514 -0.702349  
646 26.550000 -2.132503 -0.699760  
647 26.560000 -2.125519 -0.697184  
648 26.570000 -2.118560 -0.694620  
649 26.580000 -2.111626 -0.692068  
650 26.590000 -2.104718 -0.689528  
651 26.600000 -2.097836 -0.687000  
652 26.610000 -2.090978 -0.684484  
653 26.620000 -2.084146 -0.681980  
654 26.630000 -2.077339 -0.679489  
655 26.640000 -2.070556 -0.677008  
656 26.650000 -2.063798 -0.674540  
657 26.660000 -2.057065 -0.672084  
658 26.670000 -2.050357 -0.669639  
659 26.680000 -2.043672 -0.667205  
660 26.690000 -2.037013 -0.664783  
661 26.700000 -2.030377 -0.662373  
662 26.710000 -2.023765 -0.659974  
663 26.720000 -2.017177 -0.657586  
664 26.730000 -2.010613 -0.655210  
665 26.740000 -2.004073 -0.652845  
666 26.750000 -1.997556 -0.650490  
667 26.760000 -1.991063 -0.648147  
668 26.770000 -1.984593 -0.645815  
669 26.780000 -1.978147 -0.643494  
670 26.790000 -1.971723 -0.641184  
671 26.800000 -1.965323 -0.638884  
672 26.810000 -1.958946 -0.636595  
673 26.820000 -1.952591 -0.634317  
674 26.830000 -1.946259 -0.632050  
675 26.840000 -1.939950 -0.629793  
676 26.850000 -1.933663 -0.627547  
677 26.860000 -1.927399 -0.625311  
678 26.870000 -1.921157 -0.623086  
679 26.880000 -1.914937 -0.620870  
680 26.890000 -1.908740 -0.618666  
681 26.900000 -1.902564 -0.616471  
682 26.910000 -1.896410 -0.614286  
683 26.920000 -1.890278 -0.612112  
684 26.930000 -1.884168 -0.609948  
685 26.940000 -1.878079 -0.607794  
686 26.950000 -1.872012 -0.605649  
687 26.960000 -1.865966 -0.603515  
688 26.970000 -1.859942 -0.601390  
689 26.980000 -1.853938 -0.599275  
690 26.990000 -1.847956 -0.597170  
691 27.000000 -1.841995 -0.595075  
692 27.010000 -1.836055 -0.592989  
693 27.020000 -1.830135 -0.590912  
694 27.030000 -1.824236 -0.588846  
695 27.040000 -1.818358 -0.586788  
696 27.050000 -1.812501 -0.584740  
697 27.060000 -1.806663 -0.582702  
698 27.070000 -1.800847 -0.580672  
699 27.080000 -1.795050 -0.578652  
700 27.090000 -1.789274 -0.576642  
701 27.100000 -1.783517 -0.574640  
702 27.110000 -1.777781 -0.572647  
703 27.120000 -1.772064 -0.570664  
704 27.130000 -1.766367 -0.568689  
705 27.140000 -1.760690 -0.566723  
706 27.150000 -1.755033 -0.564767  
707 27.160000 -1.749395 -0.562819  
708 27.170000 -1.743776 -0.560880  
709 27.180000 -1.738177 -0.558949  
710 27.190000 -1.732597 -0.557027  
711 27.200000 -1.727037 -0.555114  
712 27.210000 -1.721495 -0.553210  
713 27.220000 -1.715973 -0.551314  
714 27.230000 -1.710469 -0.549427  
715 27.240000 -1.704984 -0.547548  
716 27.250000 -1.699518 -0.545677  
717 27.260000 -1.694070 -0.543815  
718 27.270000 -1.688642 -0.541961  
719 27.280000 -1.683231 -0.540116  
720 27.290000 -1.677839 -0.538279  
721 27.300000 -1.672466 -0.536449  
722 27.310000 -1.667110 -0.534629  
723 27.320000 -1.661773 -0.532816  
724 27.330000 -1.656454 -0.531011  
725 27.340000 -1.651153 -0.529214  
726 27.350000 -1.645870 -0.527425  
727 27.360000 -1.640604 -0.525644  
728 27.370000 -1.635357 -0.523871  
729 27.380000 -1.630127 -0.522106  
730 27.390000 -1.624914 -0.520349  
731 27.400000 -1.619720 -0.518599  
732 27.410000 -1.614542 -0.516857  
733 27.420000 -1.609383 -0.515123  
734 27.430000 -1.604240 -0.513396  
735 27.440000 -1.599115 -0.511677  
736 27.450000 -1.594006 -0.509965  
737 27.460000 -1.588915 -0.508261  
738 27.470000 -1.583841 -0.506565  
739 27.480000 -1.578784 -0.504876  
740 27.490000 -1.573744 -0.503194  
741 27.500000 -1.568720 -0.501519  
742 27.510000 -1.563713 -0.499852  
743 27.520000 -1.558723 -0.498192  
744 27.530000 -1.553749 -0.496540  
745 27.540000 -1.548792 -0.494894  
746 27.550000 -1.543851 -0.493256  
747 27.560000 -1.538927 -0.491625  
748 27.570000 -1.534019 -0.490001  
749 27.580000 -1.529127 -0.488383  
750 27.590000 -1.524251 -0.486773  
751 27.600000 -1.519392 -0.485170  
752 27.610000 -1.514548 -0.483574  
753 27.620000 -1.509720 -0.481985  
754 27.630000 -1.504908 -0.480402  
755 27.640000 -1.500112 -0.478826  
756 27.650000 -1.495332 -0.477257  
757 27.660000 -1.490567 -0.475695  
758 27.670000 -1.485818 -0.474140  
759 27.680000 -1.481084 -0.472591  
760 27.690000 -1.476366 -0.471049  
761 27.700000 -1.471663 -0.469513  
762 27.710000 -1.466975 -0.467984  
763 27.720000 -1.462303 -0.466461  
764 27.730000 -1.457646 -0.464945  
765 27.740000 -1.453004 -0.463436  
766 27.750000 -1.448377 -0.461933  
767 27.760000 -1.443766 -0.460436  
768 27.770000 -1.439169 -0.458946  
769 27.780000 -1.434587 -0.457461  
770 27.790000 -1.430020 -0.455984  
771 27.800000 -1.425467 -0.454512  
772 27.810000 -1.420929 -0.453047  
773 27.820000 -1.416406 -0.451588  
774 27.830000 -1.411897 -0.450135  
775 27.840000 -1.407403 -0.448688  
776 27.850000 -1.402924 -0.447247  
777 27.860000 -1.398458 -0.445812  
778 27.870000 -1.394007 -0.444384  
779 27.880000 -1.389571 -0.442961  
780 27.890000 -1.385148 -0.441544  
781 27.900000 -1.380740 -0.440133  
782 27.910000 -1.376345 -0.438729  
783 27.920000 -1.371965 -0.437330  
784 27.930000 -1.367599 -0.435936  
785 27.940000 -1.363246 -0.434549  
786 27.950000 -1.358908 -0.433168  
787 27.960000 -1.354583 -0.431792  
788 27.970000 -1.350272 -0.430422  
789 27.980000 -1.345975 -0.429057  
790 27.990000 -1.341691 -0.427699  
791 28.000000 -1.337421 -0.426345  
792 28.010000 -1.333164 -0.424998  
793 28.020000 -1.328921 -0.423656  
794 28.030000 -1.324691 -0.422320  
795 28.040000 -1.320474 -0.420989  
796 28.050000 -1.316271 -0.419663  
797 28.060000 -1.312081 -0.418344  
798 28.070000 -1.307904 -0.417029  
799 28.080000 -1.303740 -0.415720  
800 28.090000 -1.299590 -0.414416  
801 28.100000 -1.295452 -0.413118  
802 28.110000 -1.291327 -0.411825  
803 28.120000 -1.287216 -0.410537  
804 28.130000 -1.283117 -0.409255  
805 28.140000 -1.279030 -0.407978  
806 28.150000 -1.274957 -0.406706  
807 28.160000 -1.270896 -0.405439  
808 28.170000 -1.266848 -0.404177  
809 28.180000 -1.262813 -0.402921  
810 28.190000 -1.258790 -0.401670  
811 28.200000 -1.254779 -0.400423  
812 28.210000 -1.250781 -0.399182  
813 28.220000 -1.246796 -0.397946  
814 28.230000 -1.242822 -0.396715  
815 28.240000 -1.238861 -0.395489  
816 28.250000 -1.234913 -0.394267  
817 28.260000 -1.230976 -0.393051  
818 28.270000 -1.227051 -0.391840  
819 28.280000 -1.223139 -0.390633  
820 28.290000 -1.219239 -0.389431  
821 28.300000 -1.215350 -0.388235  
822 28.310000 -1.211474 -0.387043  
823 28.320000 -1.207610 -0.385855  
824 28.330000 -1.203757 -0.384673  
825 28.340000 -1.199916 -0.383495  
826 28.350000 -1.196087 -0.382322  
827 28.360000 -1.192270 -0.381154  
828 28.370000 -1.188464 -0.379990  
829 28.380000 -1.184670 -0.378831  
830 28.390000 -1.180887 -0.377677  
831 28.400000 -1.177116 -0.376527  
832 28.410000 -1.173357 -0.375382  
833 28.420000 -1.169609 -0.374241  
834 28.430000 -1.165872 -0.373105  
835 28.440000 -1.162147 -0.371974  
836 28.450000 -1.158432 -0.370846  
837 28.460000 -1.154730 -0.369724  
838 28.470000 -1.151038 -0.368606  
839 28.480000 -1.147357 -0.367492  
840 28.490000 -1.143688 -0.366382  
841 28.500000 -1.140030 -0.365277  
842 28.510000 -1.136383 -0.364177  
843 28.520000 -1.132746 -0.363080  
844 28.530000 -1.129121 -0.361988  
845 28.540000 -1.125506 -0.360901  
846 28.550000 -1.121903 -0.359817  
847 28.560000 -1.118310 -0.358738  
848 28.570000 -1.114728 -0.357663  
849 28.580000 -1.111157 -0.356592  
850 28.590000 -1.107596 -0.355526  
851 28.600000 -1.104046 -0.354463  
852 28.610000 -1.100507 -0.353405  
853 28.620000 -1.096978 -0.352351  
854 28.630000 -1.093460 -0.351301  
855 28.640000 -1.089952 -0.350255  
856 28.650000 -1.086455 -0.349213  
857 28.660000 -1.082968 -0.348175  
858 28.670000 -1.079491 -0.347141  
859 28.680000 -1.076025 -0.346111  
860 28.690000 -1.072569 -0.345086  
861 28.700000 -1.069123 -0.344064  
862 28.710000 -1.065688 -0.343046  
863 28.720000 -1.062262 -0.342032  
864 28.730000 -1.058847 -0.341022  
865 28.740000 -1.055442 -0.340016  
866 28.750000 -1.052047 -0.339013  
867 28.760000 -1.048662 -0.338015  
868 28.770000 -1.045287 -0.337020  
869 28.780000 -1.041921 -0.336030  
870 28.790000 -1.038566 -0.335043  
871 28.800000 -1.035220 -0.334059  
872 28.810000 -1.031885 -0.333080  
873 28.820000 -1.028559 -0.332104  
874 28.830000 -1.025243 -0.331132  
875 28.840000 -1.021936 -0.330164  
876 28.850000 -1.018639 -0.329199  
877 28.860000 -1.015352 -0.328239  
878 28.870000 -1.012075 -0.327281  
879 28.880000 -1.008806 -0.326328  
880 28.890000 -1.005548 -0.325378  
881 28.900000 -1.002299 -0.324431  
882 28.910000 -0.999059 -0.323489  
883 28.920000 -0.995829 -0.322549  
884 28.930000 -0.992608 -0.321614  
885 28.940000 -0.989397 -0.320682  
886 28.950000 -0.986195 -0.319753  
887 28.960000 -0.983002 -0.318828  
888 28.970000 -0.979818 -0.317906  
889 28.980000 -0.976644 -0.316988  
890 28.990000 -0.973478 -0.316074  
891 29.000000 -0.970322 -0.315162  
892 29.010000 -0.967175 -0.314255  
893 29.020000 -0.964037 -0.313350  
894 29.030000 -0.960908 -0.312449  
895 29.040000 -0.957788 -0.311552  
896 29.050000 -0.954677 -0.310657  
897 29.060000 -0.951575 -0.309766  
898 29.070000 -0.948482 -0.308879  
899 29.080000 -0.945397 -0.307995  
900 29.090000 -0.942322 -0.307114  
901 29.100000 -0.939255 -0.306236  
902 29.110000 -0.936197 -0.305361  
903 29.120000 -0.933148 -0.304490  
904 29.130000 -0.930107 -0.303622  
905 29.140000 -0.927075 -0.302758  
906 29.150000 -0.924052 -0.301896  
907 29.160000 -0.921037 -0.301038  
908 29.170000 -0.918031 -0.300183  
909 29.180000 -0.915034 -0.299331  
910 29.190000 -0.912045 -0.298482  
911 29.200000 -0.909064 -0.297636  
912 29.210000 -0.906092 -0.296793  
913 29.220000 -0.903128 -0.295954  
914 29.230000 -0.900173 -0.295117  
915 29.240000 -0.897226 -0.294284  
916 29.250000 -0.894287 -0.293454  
917 29.260000 -0.891357 -0.292627  
918 29.270000 -0.888435 -0.291803  
919 29.280000 -0.885521 -0.290981  
920 29.290000 -0.882615 -0.290163  
921 29.300000 -0.879717 -0.289348  
922 29.310000 -0.876828 -0.288536  
923 29.320000 -0.873947 -0.287727  
924 29.330000 -0.871073 -0.286920  
925 29.340000 -0.868208 -0.286117  
926 29.350000 -0.865351 -0.285317  
927 29.360000 -0.862502 -0.284519  
928 29.370000 -0.859661 -0.283725  
929 29.380000 -0.856827 -0.282933  
930 29.390000 -0.854002 -0.282144  
931 29.400000 -0.851185 -0.281358  
932 29.410000 -0.848375 -0.280575  
933 29.420000 -0.845573 -0.279795  
934 29.430000 -0.842779 -0.279017  
935 29.440000 -0.839993 -0.278243  
936 29.450000 -0.837214 -0.277471  
937 29.460000 -0.834443 -0.276702  
938 29.470000 -0.831680 -0.275935  
939 29.480000 -0.828925 -0.275172  
940 29.490000 -0.826177 -0.274411  
941 29.500000 -0.823436 -0.273653  
942 29.510000 -0.820704 -0.272897  
943 29.520000 -0.817978 -0.272145  
944 29.530000 -0.815261 -0.271395  
945 29.540000 -0.812550 -0.270648  
946 29.550000 -0.809848 -0.269903  
947 29.560000 -0.807152 -0.269161  
948 29.570000 -0.804465 -0.268422  
949 29.580000 -0.801784 -0.267685  
950 29.590000 -0.799111 -0.266951  
951 29.600000 -0.796445 -0.266220  
952 29.610000 -0.793786 -0.265491  
953 29.620000 -0.791135 -0.264765  
954 29.630000 -0.788491 -0.264041  
955 29.640000 -0.785854 -0.263320  
956 29.650000 -0.783225 -0.262601  
957 29.660000 -0.780602 -0.261885  
958 29.670000 -0.777987 -0.261172  
959 29.680000 -0.775379 -0.260461  
960 29.690000 -0.772778 -0.259753  
961 29.700000 -0.770184 -0.259047  
962 29.710000 -0.767597 -0.258343  
963 29.720000 -0.765017 -0.257642  
964 29.730000 -0.762444 -0.256944  
965 29.740000 -0.759878 -0.256248  
966 29.750000 -0.757319 -0.255554  
967 29.760000 -0.754767 -0.254863  
968 29.770000 -0.752222 -0.254174  
969 29.780000 -0.749683 -0.253488  
970 29.790000 -0.747152 -0.252804  
971 29.800000 -0.744627 -0.252123  
972 29.810000 -0.742109 -0.251444  
973 29.820000 -0.739598 -0.250767  
974 29.830000 -0.737094 -0.250092  
975 29.840000 -0.734597 -0.249420  
976 29.850000 -0.732106 -0.248751  
977 29.860000 -0.729622 -0.248083  
978 29.870000 -0.727144 -0.247418  
979 29.880000 -0.724673 -0.246756  
980 29.890000 -0.722209 -0.246095  
981 29.900000 -0.719751 -0.245437  
982 29.910000 -0.717300 -0.244781  
983 29.920000 -0.714856 -0.244128  
984 29.930000 -0.712418 -0.243476  
985 29.940000 -0.709986 -0.242827  
986 29.950000 -0.707561 -0.242180  
987 29.960000 -0.705142 -0.241536  
988 29.970000 -0.702730 -0.240893  
989 29.980000 -0.700325 -0.240253  
990 29.990000 -0.697925 -0.239615  
991 30.000000 -0.695532 -0.238979  
992 30.010000 -0.693146 -0.238346  
993 30.020000 -0.690765 -0.237714  
994 30.030000 -0.688391 -0.237085  
995 30.040000 -0.686024 -0.236458  
996 30.050000 -0.683662 -0.235833  
997 30.060000 -0.681307 -0.235210  
998 30.070000 -0.678958 -0.234590  
999 30.080000 -0.676615 -0.233971  
1000 30.090000 -0.674279 -0.233355  
1001 30.100000 -0.671948 -0.232740  
1002 30.110000 -0.669624 -0.232128  
1003 30.120000 -0.667306 -0.231518  
1004 30.130000 -0.664993 -0.230910  
1005 30.140000 -0.662687 -0.230304  
1006 30.150000 -0.660387 -0.229700  
1007 30.160000 -0.658093 -0.229098  
1008 30.170000 -0.655805 -0.228498  
1009 30.180000 -0.653523 -0.227900  
1010 30.190000 -0.651247 -0.227305  
1011 30.200000 -0.648977 -0.226711  
1012 30.210000 -0.646713 -0.226119  
1013 30.220000 -0.644455 -0.225529  
1014 30.230000 -0.642203 -0.224941  
1015 30.240000 -0.639956 -0.224356  
1016 30.250000 -0.637715 -0.223772  
1017 30.260000 -0.635481 -0.223190  
1018 30.270000 -0.633252 -0.222610  
1019 30.280000 -0.631028 -0.222032  
1020 30.290000 -0.628811 -0.221456  
1021 30.300000 -0.626599 -0.220882  
1022 30.310000 -0.624393 -0.220310  
1023 30.320000 -0.622193 -0.219739  
1024 30.330000 -0.619999 -0.219171  
1025 30.340000 -0.617810 -0.218605  
1026 30.350000 -0.615626 -0.218040  
1027 30.360000 -0.613449 -0.217477  
1028 30.370000 -0.611277 -0.216917  
1029 30.380000 -0.609110 -0.216358  
1030 30.390000 -0.606950 -0.215801  
1031 30.400000 -0.604794 -0.215245  
1032 30.410000 -0.602645 -0.214692  
1033 30.420000 -0.600501 -0.214140  
1034 30.430000 -0.598362 -0.213591  
1035 30.440000 -0.596229 -0.213043  
1036 30.450000 -0.594101 -0.212497  
1037 30.460000 -0.591979 -0.211952  
1038 30.470000 -0.589862 -0.211410  
1039 30.480000 -0.587751 -0.210869  
1040 30.490000 -0.585645 -0.210330  
1041 30.500000 -0.583544 -0.209793  
1042 30.510000 -0.581449 -0.209258  
1043 30.520000 -0.579359 -0.208724  
1044 30.530000 -0.577274 -0.208193  
1045 30.540000 -0.575195 -0.207663  
1046 30.550000 -0.573121 -0.207134  
1047 30.560000 -0.571052 -0.206608  
1048 30.570000 -0.568989 -0.206083  
1049 30.580000 -0.566931 -0.205560  
1050 30.590000 -0.564878 -0.205038  
1051 30.600000 -0.562830 -0.204519  
1052 30.610000 -0.560787 -0.204001  
1053 30.620000 -0.558750 -0.203484  
1054 30.630000 -0.556718 -0.202970  
1055 30.640000 -0.554690 -0.202457  
1056 30.650000 -0.552668 -0.201945  
1057 30.660000 -0.550652 -0.201436  
1058 30.670000 -0.548640 -0.200928  
1059 30.680000 -0.546633 -0.200422  
1060 30.690000 -0.544631 -0.199917  
1061 30.700000 -0.542635 -0.199414  
1062 30.710000 -0.540643 -0.198912  
1063 30.720000 -0.538656 -0.198413  
1064 30.730000 -0.536675 -0.197915  
1065 30.740000 -0.534698 -0.197418  
1066 30.750000 -0.532726 -0.196923  
1067 30.760000 -0.530760 -0.196430  
1068 30.770000 -0.528798 -0.195938  
1069 30.780000 -0.526841 -0.195448  
1070 30.790000 -0.524889 -0.194959  
1071 30.800000 -0.522942 -0.194472  
1072 30.810000 -0.520999 -0.193987  
1073 30.820000 -0.519062 -0.193503  
1074 30.830000 -0.517129 -0.193021  
1075 30.840000 -0.515202 -0.192540  
1076 30.850000 -0.513279 -0.192061  
1077 30.860000 -0.511360 -0.191583  
1078 30.870000 -0.509447 -0.191107  
1079 30.880000 -0.507538 -0.190632  
1080 30.890000 -0.505634 -0.190159  
1081 30.900000 -0.503735 -0.189688  
1082 30.910000 -0.501840 -0.189218  
1083 30.920000 -0.499951 -0.188749  
1084 30.930000 -0.498065 -0.188282  
1085 30.940000 -0.496185 -0.187816  
1086 30.950000 -0.494309 -0.187352  
1087 30.960000 -0.492438 -0.186890  
1088 30.970000 -0.490571 -0.186428  
1089 30.980000 -0.488709 -0.185969  
1090 30.990000 -0.486852 -0.185511  
1091 31.000000 -0.484999 -0.185054  
1092 31.010000 -0.483151 -0.184598  
1093 31.020000 -0.481307 -0.184145  
1094 31.030000 -0.479468 -0.183692  
1095 31.040000 -0.477633 -0.183241  
1096 31.050000 -0.475803 -0.182791  
1097 31.060000 -0.473977 -0.182343  
1098 31.070000 -0.472156 -0.181897  
1099 31.080000 -0.470340 -0.181451  
1100 31.090000 -0.468527 -0.181007  
1101 31.100000 -0.466719 -0.180565  
1102 31.110000 -0.464916 -0.180123  
1103 31.120000 -0.463117 -0.179684  
1104 31.130000 -0.461322 -0.179245  
1105 31.140000 -0.459532 -0.178808  
1106 31.150000 -0.457746 -0.178373  
1107 31.160000 -0.455965 -0.177938  
1108 31.170000 -0.454187 -0.177505  
1109 31.180000 -0.452414 -0.177074  
1110 31.190000 -0.450646 -0.176644  
1111 31.200000 -0.448882 -0.176215  
1112 31.210000 -0.447122 -0.175787  
1113 31.220000 -0.445366 -0.175361  
1114 31.230000 -0.443614 -0.174936  
1115 31.240000 -0.441867 -0.174513  
1116 31.250000 -0.440124 -0.174090  
1117 31.260000 -0.438385 -0.173669  
1118 31.270000 -0.436651 -0.173250  
1119 31.280000 -0.434920 -0.172832  
1120 31.290000 -0.433194 -0.172415  
1121 31.300000 -0.431472 -0.171999  
1122 31.310000 -0.429754 -0.171584  
1123 31.320000 -0.428040 -0.171171  
1124 31.330000 -0.426331 -0.170759  
1125 31.340000 -0.424625 -0.170349  
1126 31.350000 -0.422924 -0.169940  
1127 31.360000 -0.421226 -0.169531  
1128 31.370000 -0.419533 -0.169125  
1129 31.380000 -0.417844 -0.168719  
1130 31.390000 -0.416159 -0.168315  
1131 31.400000 -0.414477 -0.167912  
1132 31.410000 -0.412800 -0.167510  
1133 31.420000 -0.411127 -0.167109  
1134 31.430000 -0.409458 -0.166710  
1135 31.440000 -0.407793 -0.166312  
1136 31.450000 -0.406132 -0.165915  
1137 31.460000 -0.404475 -0.165519  
1138 31.470000 -0.402822 -0.165125  
1139 31.480000 -0.401172 -0.164732  
1140 31.490000 -0.399527 -0.164340  
1141 31.500000 -0.397885 -0.163949  
1142 31.510000 -0.396248 -0.163559  
1143 31.520000 -0.394614 -0.163171  
1144 31.530000 -0.392985 -0.162783  
1145 31.540000 -0.391359 -0.162397  
1146 31.550000 -0.389737 -0.162012  
1147 31.560000 -0.388118 -0.161628  
1148 31.570000 -0.386504 -0.161246  
1149 31.580000 -0.384893 -0.160864  
1150 31.590000 -0.383287 -0.160484  
1151 31.600000 -0.381684 -0.160105  
1152 31.610000 -0.380085 -0.159727  
1153 31.620000 -0.378489 -0.159350  
1154 31.630000 -0.376898 -0.158974  
1155 31.640000 -0.375310 -0.158600  
1156 31.650000 -0.373726 -0.158227  
1157 31.660000 -0.372145 -0.157854  
1158 31.670000 -0.370568 -0.157483  
1159 31.680000 -0.368996 -0.157113  
1160 31.690000 -0.367426 -0.156744  
1161 31.700000 -0.365861 -0.156376  
1162 31.710000 -0.364299 -0.156010  
1163 31.720000 -0.362740 -0.155644  
1164 31.730000 -0.361186 -0.155279  
1165 31.740000 -0.359635 -0.154916  
1166 31.750000 -0.358088 -0.154554  
1167 31.760000 -0.356544 -0.154192  
1168 31.770000 -0.355004 -0.153832  
1169 31.780000 -0.353467 -0.153473  
1170 31.790000 -0.351934 -0.153115  
1171 31.800000 -0.350405 -0.152758  
1172 31.810000 -0.348879 -0.152402  
1173 31.820000 -0.347357 -0.152048  
1174 31.830000 -0.345838 -0.151694  
1175 31.840000 -0.344323 -0.151341  
1176 31.850000 -0.342811 -0.150989  
1177 31.860000 -0.341303 -0.150639  
1178 31.870000 -0.339798 -0.150289  
1179 31.880000 -0.338297 -0.149941  
1180 31.890000 -0.336800 -0.149593  
1181 31.900000 -0.335305 -0.149247  
1182 31.910000 -0.333815 -0.148901  
1183 31.920000 -0.332327 -0.148557  
1184 31.930000 -0.330844 -0.148214  
1185 31.940000 -0.329363 -0.147871  
1186 31.950000 -0.327886 -0.147530  
1187 31.960000 -0.326413 -0.147190  
1188 31.970000 -0.324942 -0.146850  
1189 31.980000 -0.323476 -0.146512  
1190 31.990000 -0.322012 -0.146175  
1191 32.000000 -0.320552 -0.145838  
1192 32.010000 -0.319095 -0.145503  
1193 32.020000 -0.317642 -0.145169  
1194 32.030000 -0.316192 -0.144835  
1195 32.040000 -0.314745 -0.144503  
1196 32.050000 -0.313302 -0.144171  
1197 32.060000 -0.311862 -0.143841  
1198 32.070000 -0.310425 -0.143512  
1199 32.080000 -0.308992 -0.143183  
1200 32.090000 -0.307561 -0.142856  
1201 32.100000 -0.306134 -0.142529  
1202 32.110000 -0.304711 -0.142203  
1203 32.120000 -0.303290 -0.141879  
1204 32.130000 -0.301873 -0.141555  
1205 32.140000 -0.300459 -0.141232  
1206 32.150000 -0.299049 -0.140910  
1207 32.160000 -0.297641 -0.140589  
1208 32.170000 -0.296237 -0.140269  
1209 32.180000 -0.294836 -0.139950  
1210 32.190000 -0.293438 -0.139632  
1211 32.200000 -0.292043 -0.139315  
1212 32.210000 -0.290651 -0.138999  
1213 32.220000 -0.289263 -0.138683  
1214 32.230000 -0.287878 -0.138369  
1215 32.240000 -0.286496 -0.138056  
1216 32.250000 -0.285117 -0.137743  
1217 32.260000 -0.283741 -0.137431  
1218 32.270000 -0.282368 -0.137120  
1219 32.280000 -0.280998 -0.136811  
1220 32.290000 -0.279632 -0.136502  
1221 32.300000 -0.278268 -0.136193  
1222 32.310000 -0.276908 -0.135886  
1223 32.320000 -0.275551 -0.135580  
1224 32.330000 -0.274196 -0.135274  
1225 32.340000 -0.272845 -0.134970  
1226 32.350000 -0.271497 -0.134666  
1227 32.360000 -0.270152 -0.134363  
1228 32.370000 -0.268810 -0.134061  
1229 32.380000 -0.267471 -0.133760  
1230 32.390000 -0.266135 -0.133460  
1231 32.400000 -0.264801 -0.133161  
1232 32.410000 -0.263471 -0.132862  
1233 32.420000 -0.262144 -0.132565  
1234 32.430000 -0.260820 -0.132268  
1235 32.440000 -0.259499 -0.131972  
1236 32.450000 -0.258181 -0.131677  
1237 32.460000 -0.256865 -0.131382  
1238 32.470000 -0.255553 -0.131089  
1239 32.480000 -0.254243 -0.130796  
1240 32.490000 -0.252937 -0.130505  
1241 32.500000 -0.251633 -0.130214  
1242 32.510000 -0.250333 -0.129924  
1243 32.520000 -0.249035 -0.129634  
1244 32.530000 -0.247740 -0.129346  
1245 32.540000 -0.246448 -0.129058  
1246 32.550000 -0.245159 -0.128772  
1247 32.560000 -0.243873 -0.128486  
1248 32.570000 -0.242589 -0.128200  
1249 32.580000 -0.241309 -0.127916  
1250 32.590000 -0.240031 -0.127632  
1251 32.600000 -0.238756 -0.127350  
1252 32.610000 -0.237484 -0.127068  
1253 32.620000 -0.236215 -0.126787  
1254 32.630000 -0.234948 -0.126506  
1255 32.640000 -0.233684 -0.126227  
1256 32.650000 -0.232424 -0.125948  
1257 32.660000 -0.231165 -0.125670  
1258 32.670000 -0.229910 -0.125393  
1259 32.680000 -0.228658 -0.125116  
1260 32.690000 -0.227408 -0.124841  
1261 32.700000 -0.226161 -0.124566  
1262 32.710000 -0.224916 -0.124292  
1263 32.720000 -0.223675 -0.124018  
1264 32.730000 -0.222436 -0.123746  
1265 32.740000 -0.221200 -0.123474  
1266 32.750000 -0.219967 -0.123203  
1267 32.760000 -0.218736 -0.122932  
1268 32.770000 -0.217508 -0.122663  
1269 32.780000 -0.216283 -0.122394  
1270 32.790000 -0.215060 -0.122126  
1271 32.800000 -0.213840 -0.121859  
1272 32.810000 -0.212623 -0.121592  
1273 32.820000 -0.211408 -0.121326  
1274 32.830000 -0.210196 -0.121061  
1275 32.840000 -0.208987 -0.120797  
1276 32.850000 -0.207780 -0.120534  
1277 32.860000 -0.206576 -0.120271  
1278 32.870000 -0.205375 -0.120009  
1279 32.880000 -0.204176 -0.119747  
1280 32.890000 -0.202980 -0.119487  
1281 32.900000 -0.201787 -0.119227  
1282 32.910000 -0.200596 -0.118967  
1283 32.920000 -0.199407 -0.118709  
1284 32.930000 -0.198221 -0.118451  
1285 32.940000 -0.197038 -0.118194  
1286 32.950000 -0.195857 -0.117938  
1287 32.960000 -0.194679 -0.117682  
1288 32.970000 -0.193504 -0.117427  
1289 32.980000 -0.192331 -0.117173  
1290 32.990000 -0.191160 -0.116919  
1291 33.000000 -0.189992 -0.116666  
1292 33.010000 -0.188827 -0.116414  
1293 33.020000 -0.187664 -0.116163  
1294 33.030000 -0.186504 -0.115912  
1295 33.040000 -0.185346 -0.115662  
1296 33.050000 -0.184191 -0.115413  
1297 33.060000 -0.183038 -0.115164  
1298 33.070000 -0.181887 -0.114916  
1299 33.080000 -0.180739 -0.114669  
1300 33.090000 -0.179594 -0.114422  
1301 33.100000 -0.178451 -0.114176  
1302 33.110000 -0.177310 -0.113931  
1303 33.120000 -0.176172 -0.113686  
1304 33.130000 -0.175037 -0.113442  
1305 33.140000 -0.173903 -0.113199  
1306 33.150000 -0.172773 -0.112956  
1307 33.160000 -0.171644 -0.112714  
1308 33.170000 -0.170518 -0.112473  
1309 33.180000 -0.169395 -0.112232  
1310 33.190000 -0.168274 -0.111992  
1311 33.200000 -0.167155 -0.111753  
1312 33.210000 -0.166039 -0.111514  
1313 33.220000 -0.164925 -0.111276  
1314 33.230000 -0.163813 -0.111039  
1315 33.240000 -0.162704 -0.110802  
1316 33.250000 -0.161597 -0.110566  
1317 33.260000 -0.160493 -0.110331  
1318 33.270000 -0.159390 -0.110096  
1319 33.280000 -0.158291 -0.109862  
1320 33.290000 -0.157193 -0.109628  
1321 33.300000 -0.156098 -0.109395  
1322 33.310000 -0.155005 -0.109163  
1323 33.320000 -0.153915 -0.108931  
1324 33.330000 -0.152827 -0.108700  
1325 33.340000 -0.151741 -0.108470  
1326 33.350000 -0.150657 -0.108240  
1327 33.360000 -0.149576 -0.108011  
1328 33.370000 -0.148497 -0.107782  
1329 33.380000 -0.147420 -0.107554  
1330 33.390000 -0.146346 -0.107327  
1331 33.400000 -0.145274 -0.107100  
1332 33.410000 -0.144204 -0.106874  
1333 33.420000 -0.143136 -0.106649  
1334 33.430000 -0.142071 -0.106424  
1335 33.440000 -0.141008 -0.106199  
1336 33.450000 -0.139947 -0.105976  
1337 33.460000 -0.138888 -0.105753  
1338 33.470000 -0.137832 -0.105530  
1339 33.480000 -0.136778 -0.105308  
1340 33.490000 -0.135726 -0.105087  
1341 33.500000 -0.134676 -0.104866  
1342 33.510000 -0.133629 -0.104646  
1343 33.520000 -0.132583 -0.104426  
1344 33.530000 -0.131540 -0.104207  
1345 33.540000 -0.130499 -0.103989  
1346 33.550000 -0.129460 -0.103771  
1347 33.560000 -0.128424 -0.103554  
1348 33.570000 -0.127389 -0.103337  
1349 33.580000 -0.126357 -0.103121  
1350 33.590000 -0.125327 -0.102906  
1351 33.600000 -0.124299 -0.102691  
1352 33.610000 -0.123273 -0.102477  
1353 33.620000 -0.122249 -0.102263  
1354 33.630000 -0.121228 -0.102050  
1355 33.640000 -0.120208 -0.101837  
1356 33.650000 -0.119191 -0.101625  
1357 33.660000 -0.118176 -0.101413  
1358 33.670000 -0.117163 -0.101203  
1359 33.680000 -0.116152 -0.100992  
1360 33.690000 -0.115143 -0.100782  
1361 33.700000 -0.114136 -0.100573  
1362 33.710000 -0.113131 -0.100364  
1363 33.720000 -0.112129 -0.100156  
1364 33.730000 -0.111128 -0.099948  
1365 33.740000 -0.110130 -0.099741  
1366 33.750000 -0.109133 -0.099535  
1367 33.760000 -0.108139 -0.099329  
1368 33.770000 -0.107147 -0.099123  
1369 33.780000 -0.106157 -0.098918  
1370 33.790000 -0.105168 -0.098714  
1371 33.800000 -0.104182 -0.098510  
1372 33.810000 -0.103198 -0.098307  
1373 33.820000 -0.102216 -0.098104  
1374 33.830000 -0.101236 -0.097902  
1375 33.840000 -0.100258 -0.097700  
1376 33.850000 -0.099282 -0.097499  
1377 33.860000 -0.098308 -0.097298  
1378 33.870000 -0.097336 -0.097098  
1379 33.880000 -0.096366 -0.096899  
1380 33.890000 -0.095398 -0.096699  
1381 33.900000 -0.094432 -0.096501  
1382 33.910000 -0.093468 -0.096303  
1383 33.920000 -0.092506 -0.096105  
1384 33.930000 -0.091546 -0.095908  
1385 33.940000 -0.090588 -0.095712  
1386 33.950000 -0.089632 -0.095516  
1387 33.960000 -0.088678 -0.095320  
1388 33.970000 -0.087725 -0.095125  
1389 33.980000 -0.086775 -0.094931  
1390 33.990000 -0.085827 -0.094737  
1391 34.000000 -0.084880 -0.094543  
1392 34.010000 -0.083936 -0.094350  
1393 34.020000 -0.082993 -0.094158  
1394 34.030000 -0.082053 -0.093966  
1395 34.040000 -0.081114 -0.093774  
1396 34.050000 -0.080177 -0.093583  
1397 34.060000 -0.079242 -0.093393  
1398 34.070000 -0.078309 -0.093203  
1399 34.080000 -0.077378 -0.093013  
1400 34.090000 -0.076449 -0.092824  
1401 34.100000 -0.075522 -0.092636  
1402 34.110000 -0.074596 -0.092448  
1403 34.120000 -0.073673 -0.092260  
1404 34.130000 -0.072751 -0.092073  
1405 34.140000 -0.071831 -0.091886  
1406 34.150000 -0.070913 -0.091700  
1407 34.160000 -0.069997 -0.091515  
1408 34.170000 -0.069083 -0.091330  
1409 34.180000 -0.068171 -0.091145  
1410 34.190000 -0.067260 -0.090961  
1411 34.200000 -0.066352 -0.090777  
1412 34.210000 -0.065445 -0.090594  
1413 34.220000 -0.064540 -0.090411  
1414 34.230000 -0.063637 -0.090228  
1415 34.240000 -0.062735 -0.090047  
1416 34.250000 -0.061836 -0.089865  
1417 34.260000 -0.060938 -0.089684  
1418 34.270000 -0.060042 -0.089504  
1419 34.280000 -0.059148 -0.089324  
1420 34.290000 -0.058255 -0.089144  
1421 34.300000 -0.057365 -0.088965  
1422 34.310000 -0.056476 -0.088786  
1423 34.320000 -0.055589 -0.088608  
1424 34.330000 -0.054704 -0.088430  
1425 34.340000 -0.053821 -0.088253  
1426 34.350000 -0.052939 -0.088076  
1427 34.360000 -0.052059 -0.087900  
1428 34.370000 -0.051181 -0.087724  
1429 34.380000 -0.050305 -0.087549  
1430 34.390000 -0.049430 -0.087373  
1431 34.400000 -0.048557 -0.087199  
1432 34.410000 -0.047686 -0.087025  
1433 34.420000 -0.046817 -0.086851  
1434 34.430000 -0.045949 -0.086678  
1435 34.440000 -0.045083 -0.086505  
1436 34.450000 -0.044219 -0.086332  
1437 34.460000 -0.043356 -0.086160  
1438 34.470000 -0.042496 -0.085989  
1439 34.480000 -0.041637 -0.085818  
1440 34.490000 -0.040779 -0.085647  
1441 34.500000 -0.039924 -0.085477  
1442 34.510000 -0.039070 -0.085307  
1443 34.520000 -0.038217 -0.085138  
1444 34.530000 -0.037367 -0.084969  
1445 34.540000 -0.036518 -0.084800  
1446 34.550000 -0.035671 -0.084632  
1447 34.560000 -0.034825 -0.084464  
1448 34.570000 -0.033982 -0.084297  
1449 34.580000 -0.033140 -0.084130  
1450 34.590000 -0.032299 -0.083964  
1451 34.600000 -0.031460 -0.083798  
1452 34.610000 -0.030623 -0.083632  
1453 34.620000 -0.029788 -0.083467  
1454 34.630000 -0.028954 -0.083302  
1455 34.640000 -0.028122 -0.083138  
1456 34.650000 -0.027291 -0.082974  
1457 34.660000 -0.026462 -0.082810  
1458 34.670000 -0.025635 -0.082647  
1459 34.680000 -0.024809 -0.082484  
1460 34.690000 -0.023985 -0.082322  
1461 34.700000 -0.023163 -0.082160  
1462 34.710000 -0.022342 -0.081999  
1463 34.720000 -0.021523 -0.081837  
1464 34.730000 -0.020705 -0.081677  
1465 34.740000 -0.019889 -0.081516  
1466 34.750000 -0.019075 -0.081356  
1467 34.760000 -0.018262 -0.081197  
1468 34.770000 -0.017451 -0.081038  
1469 34.780000 -0.016641 -0.080879  
1470 34.790000 -0.015833 -0.080721  
1471 34.800000 -0.015027 -0.080563  
1472 34.810000 -0.014222 -0.080405  
1473 34.820000 -0.013419 -0.080248  
1474 34.830000 -0.012617 -0.080091  
1475 34.840000 -0.011817 -0.079935  
1476 34.850000 -0.011018 -0.079779  
1477 34.860000 -0.010221 -0.079623  
1478 34.870000 -0.009426 -0.079468  
1479 34.880000 -0.008632 -0.079313  
1480 34.890000 -0.007840 -0.079159  
1481 34.900000 -0.007049 -0.079005  
1482 34.910000 -0.006260 -0.078851  
1483 34.920000 -0.005472 -0.078698  
1484 34.930000 -0.004686 -0.078545  
1485 34.940000 -0.003901 -0.078392  
1486 34.950000 -0.003118 -0.078240  
1487 34.960000 -0.002336 -0.078088  
1488 34.970000 -0.001556 -0.077936  
1489 34.980000 -0.000777 -0.077785  
1490 34.990000 -0.000000 -0.077635  
