1 20.100000 262235114121654.093750 23615846788567676.000000  
2 20.110000 111151033153283.921875 9100397764078238.000000  
3 20.120000 50766051629446.023438 3810294561822707.500000  
4 20.130000 24687179093125.277344 1710493206567177.250000  
5 20.140000 12663870465874.560547 814813969041104.500000  
6 20.150000 6802283011243.726562 408517117151435.562500  
7 20.160000 3803238296319.977051 214144600920975.187500  
8 20.170000 2202675631108.657227 116735226217146.906250  
9 20.180000 1316121114906.927979 65879509871385.609375  
10 20.190000 808581242052.492798 38346324988798.656250  
11 20.200000 509323696691.716675 22947967669353.195312  
12 20.210000 328131609265.791565 14081072888515.519531  
13 20.220000 215762306336.703613 8838660926757.724609  
14 20.230000 144539738787.205963 5663952329928.976562  
15 20.240000 98490604978.978897 3698880325780.826172  
16 20.250000 68170141815.575493 2457918272785.337891  
17 20.260000 47868800253.999283 1659659333118.988281  
18 20.270000 34064129881.472683 1137364785186.588135  
19 20.280000 24541861560.316647 790209364965.343872  
20 20.290000 17885723518.611938 556067679009.724976  
21 20.300000 13175163552.622065 395986436078.130981  
22 20.310000 9802818905.632975 285142021232.840027  
23 20.320000 7362332695.313055 207474039670.962585  
24 20.330000 5578261982.120283 152443745530.469788  
25 20.340000 4261606410.651095 113043444334.879166  
26 20.350000 3281183492.772138 84555084912.782410  
27 20.360000 2544953424.920815 63764780089.999596  
28 20.370000 1987679501.591952 48458996061.007843  
29 20.380000 1562676701.032994 37097235324.129837  
30 20.390000 1236231413.012615 28596796014.127975  
31 20.400000 983787155.435148 22189603888.007004  
32 20.410000 787310948.520921 17325947305.661503  
33 20.420000 633457406.307847 13609081792.410761  
34 20.430000 512277239.359434 10750370262.128847  
35 20.440000 416300851.206576 8538223940.516785  
36 20.450000 339882721.293538 6816407948.816056  
37 20.460000 278728671.768374 5468760178.427919  
38 20.470000 229552445.442858 4408340958.297243  
39 20.480000 189824435.740498 3569669603.565742  
40 20.490000 157586581.861461 2903128840.244440  
41 20.500000 131315112.572623 2370903400.462469  
42 20.510000 109818131.051047 1944012311.932030  
43 20.520000 92158736.788491 1600126366.110858  
44 20.530000 77596983.628001 1321953087.648060  
45 20.540000 65545815.770378 1096034536.317767  
46 20.550000 55537437.157063 911847298.474824  
47 20.560000 47197512.207272 761125003.950996  
48 20.570000 40225276.567659 637345650.377121  
49 20.580000 34378131.111467 535341665.291079  
50 20.590000 29459653.909941 451001864.287070  
51 20.600000 25310230.614931 381042568.314804  
52 20.610000 21799700.084670 322831027.817134  
53 20.620000 18821558.010861 274248597.954734  
54 20.630000 16288370.288107 233584263.276562  
55 20.640000 14128129.661833 199451437.770055  
56 20.650000 12281350.874206 170722692.561699  
57 20.660000 10698746.259397 146478350.217231  
58 20.670000 9339359.302319 125965848.129008  
59 20.680000 8169060.855496 108567498.342073  
60 20.690000 7159333.569808 93774818.906199  
61 20.700000 6286286.170908 81168027.514795  
62 20.710000 5529851.650562 70399604.962156  
63 20.720000 4873133.101376 61181078.328707  
64 20.730000 4301868.452755 53272359.989923  
65 20.740000 3803991.256330 46473122.112004  
66 20.750000 3369269.293352 40615797.412462  
67 20.760000 2989006.419181 35559883.272004  
68 20.770000 2655795.938963 31187293.558740  
69 20.780000 2363316.091128 27398555.142943  
70 20.790000 2106160.030900 24109687.370274  
71 20.800000 1879694.154344 21249635.266821  
72 20.810000 1679939.762368 18758152.919579  
73 20.820000 1503473.994108 16584053.810568  
74 20.830000 1347346.707440 14683761.038678  
75 20.840000 1209010.588278 13020103.236514  
76 20.850000 1086262.258886 11561312.276189  
77 20.860000 977192.551758 10280187.100417  
78 20.870000 880144.437963 9153394.637610  
79 20.880000 793677.361641 8160884.094300  
80 20.890000 716536.947069 7285395.226584  
81 20.900000 647629.220682 6512044.680532  
82 20.910000 585998.634875 5827977.322711  
83 20.920000 530809.299285 5222071.785324  
84 20.930000 481328.923307 4684691.328824  
85 20.940000 436915.054632 4207472.660121  
86 20.950000 397003.265724 3783146.602098  
87 20.960000 361096.995852 3405385.542654  
88 20.970000 328758.802646 3068673.440873  
89 20.980000 299602.815730 2768194.868235  
90 20.990000 273288.217255 2499740.141299  
91 21.000000 249513.601088 2259624.081196  
92 21.010000 228012.085034 2044616.332458  
93 21.020000 208547.069440 1851881.503784  
94 21.030000 190908.551467 1678927.668161  
95 21.040000 174909.917798 1523561.988957  
96 21.050000 160385.149863 1383852.430160  
97 21.060000 147186.385272 1258094.669250  
98 21.070000 135181.787274 1144783.465667  
99 21.080000 124253.680931 1042587.850736  
100 21.090000 114296.920573 950329.599966  
101 21.100000 105217.458058 866964.528679  
102 21.110000 96931.085612 791566.219574  
103 21.120000 89362.330657 723311.847912  
104 21.130000 82443.483099 661469.818473  
105 21.140000 76113.738226 605388.969408  
106 21.150000 70318.440625 554489.133010  
107 21.160000 65008.416465 508252.873055  
108 21.170000 60139.383179 466218.243608  
109 21.180000 55671.427018 427972.435750  
110 21.190000 51568.540186 393146.197059  
111 21.200000 47798.210331 361408.924432  
112 21.210000 44331.056108 332464.344296  
113 21.220000 41140.503319 306046.705842  
114 21.230000 38202.496824 281917.422804  
115 21.240000 35495.244030 259862.107886  
116 21.250000 32998.986275 239687.951244  
117 21.260000 30695.794892 221221.400802  
118 21.270000 28569.389108 204306.107607  
119 21.280000 26604.973301 188801.104204  
120 21.290000 24789.091434 174579.188033  
121 21.300000 23109.496722 161525.485448  
122 21.310000 21555.034852 149536.174986  
123 21.320000 20115.539254 138517.351202  
124 21.330000 18781.737098 128384.012672  
125 21.340000 17545.164847 119059.159822  
126 21.350000 16398.092344 110472.989939  
127 21.360000 15333.454501 102562.178306  
128 21.370000 14344.789798 95269.235688  
129 21.380000 13426.184846 88541.933583  
130 21.390000 12572.224408 82332.789693  
131 21.400000 11777.946278 76598.606894  
132 21.410000 11038.800539 71300.059857  
133 21.420000 10350.612728 66401.324072  
134 21.430000 9709.550528 61869.742687  
135 21.440000 9112.093610 57675.527071  
136 21.450000 8555.006328 53791.487488  
137 21.460000 8035.312955 50192.790674  
138 21.470000 7550.275238 46856.741477  
139 21.480000 7097.372009 43762.586016  
140 21.490000 6674.280684 40891.334128  
141 21.500000 6278.860432 38225.599088  
142 21.510000 5909.136887 35749.452831  
143 21.520000 5563.288215 33448.295084  
144 21.530000 5239.632448 31308.734990  
145 21.540000 4936.615930 29318.483963  
146 21.550000 4652.802785 27466.258649  
147 21.560000 4386.865318 25741.692969  
148 21.570000 4137.575240 24135.258366  
149 21.580000 3903.795669 22638.191420  
150 21.590000 3684.473804 21242.428128  
151 21.600000 3478.634240 19940.544191  
152 21.610000 3285.372845 18725.700732  
153 21.620000 3103.851155 17591.594903  
154 21.630000 2933.291244 16532.414949  
155 21.640000 2772.971021 15542.799262  
156 21.650000 2622.219916 14617.799083  
157 21.660000 2480.414926 13752.844489  
158 21.670000 2346.976983 12943.713361  
159 21.680000 2221.367622 12186.503066  
160 21.690000 2103.085913 11477.604583  
161 21.700000 1991.665648 10813.678871  
162 21.710000 1886.672753 10191.635253  
163 21.720000 1787.702900 9608.611651  
164 21.730000 1694.379314 9061.956488  
165 21.740000 1606.350754 8549.212123  
166 21.750000 1523.289650 8068.099671  
167 21.760000 1444.890385 7616.505082  
168 21.770000 1370.867711 7192.466390  
169 21.780000 1300.955290 6794.161996  
170 21.790000 1234.904343 6419.899922  
171 21.800000 1172.482404 6068.107938  
172 21.810000 1113.472167 5737.324493  
173 21.820000 1057.670427 5426.190372  
174 21.830000 1004.887087 5133.441027  
175 21.840000 954.944256 4857.899520  
176 21.850000 907.675398 4598.470026  
177 21.860000 862.924559 4354.131845  
178 21.870000 820.545634 4123.933894  
179 21.880000 780.401708 3906.989621  
180 21.890000 742.364425 3702.472315  
181 21.900000 706.313415 3509.610787  
182 21.910000 672.135761 3327.685376  
183 21.920000 639.725498 3156.024259  
184 21.930000 608.983157 2994.000052  
185 21.940000 579.815332 2841.026661  
186 21.950000 552.134284 2696.556369  
187 21.960000 525.857572 2560.077150  
188 21.970000 500.907704 2431.110178  
189 21.980000 477.211823 2309.207518  
190 21.990000 454.701406 2193.949998  
191 22.000000 433.311984 2084.945226  
192 22.010000 412.982886 1981.825762  
193 22.020000 393.657001 1884.247415  
194 22.030000 375.280545 1791.887672  
195 22.040000 357.802862 1704.444233  
196 22.050000 341.176219 1621.633654  
197 22.060000 325.355634 1543.190089  
198 22.070000 310.298694 1468.864122  
199 22.080000 295.965408 1398.421673  
200 22.090000 282.318049 1331.642995  
201 22.100000 269.321024 1268.321730  
202 22.110000 256.940738 1208.264037  
203 22.120000 245.145473 1151.287778  
204 22.130000 233.905282 1097.221763  
205 22.140000 223.191875 1045.905041  
206 22.150000 212.978523 997.186249  
207 22.160000 203.239966 950.922998  
208 22.170000 193.952325 906.981304  
209 22.180000 185.093022 865.235053  
210 22.190000 176.640703 825.565512  
211 22.200000 168.575163 787.860861  
212 22.210000 160.877287 752.015765  
213 22.220000 153.528981 717.930970  
214 22.230000 146.513113 685.512926  
215 22.240000 139.813461 654.673437  
216 22.250000 133.414660 625.329334  
217 22.260000 127.302152 597.402167  
218 22.270000 121.462141 570.817915  
219 22.280000 115.881550 545.506723  
220 22.290000 110.547983 521.402650  
221 22.300000 105.449682 498.443431  
222 22.310000 100.575495 476.570261  
223 22.320000 95.914842 455.727586  
224 22.330000 91.457683 435.862913  
225 22.340000 87.194489 416.926629  
226 22.350000 83.116213 398.871828  
227 22.360000 79.214262 381.654159  
228 22.370000 75.480479 365.231672  
229 22.380000 71.907111 349.564682  
230 22.390000 68.486792 334.615634  
231 22.400000 65.212524 320.348986  
232 22.410000 62.077650 306.731087  
233 22.420000 59.075846 293.730074  
234 22.430000 56.201093 281.315771  
235 22.440000 53.447670 269.459589  
236 22.450000 50.810132 258.134437  
237 22.460000 48.283297 247.314643  
238 22.470000 45.862236 236.975870  
239 22.480000 43.542253 227.095041  
240 22.490000 41.318881 217.650272  
241 22.500000 39.187864 208.620806  
242 22.510000 37.145147 199.986946  
243 22.520000 35.186868 191.730004  
244 22.530000 33.309349 183.832240  
245 22.540000 31.509083 176.276814  
246 22.550000 29.782725 169.047734  
247 22.560000 28.127091 162.129814  
248 22.570000 26.539140 155.508626  
249 22.580000 25.015975 149.170465  
250 22.590000 23.554831 143.102304  
251 22.600000 22.153070 137.291762  
252 22.610000 20.808176 131.727071  
253 22.620000 19.517747 126.397038  
254 22.630000 18.279489 121.291021  
255 22.640000 17.091213 116.398895  
256 22.650000 15.950830 111.711029  
257 22.660000 14.856343 107.218258  
258 22.670000 13.805844 102.911858  
259 22.680000 12.797512 98.783526  
260 22.690000 11.829606 94.825356  
261 22.700000 10.900463 91.029821  
262 22.710000 10.008491 87.389749  
263 22.720000 9.152172 83.898312  
264 22.730000 8.330052 80.549000  
265 22.740000 7.540739 77.335613  
266 22.750000 6.782906 74.252241  
267 22.760000 6.055280 71.293249  
268 22.770000 5.356644 68.453266  
269 22.780000 4.685835 65.727168  
270 22.790000 4.041738 63.110071  
271 22.800000 3.423286 60.597314  
272 22.810000 2.829458 58.184450  
273 22.820000 2.259278 55.867238  
274 22.830000 1.711808 53.641627  
275 22.840000 1.186153 51.503753  
276 22.850000 0.681453 49.449926  
277 22.860000 0.196886 47.476623  
278 22.870000 -0.268337 45.580478  
279 22.880000 -0.714970 43.758279  
280 22.890000 -1.143738 42.006954  
281 22.900000 -1.555336 40.323572  
282 22.910000 -1.950427 38.705328  
283 22.920000 -2.329650 37.149544  
284 22.930000 -2.693617 35.653660  
285 22.940000 -3.042915 34.215227  
286 22.950000 -3.378106 32.831904  
287 22.960000 -3.699729 31.501453  
288 22.970000 -4.008304 30.221734  
289 22.980000 -4.304326 28.990697  
290 22.990000 -4.588274 27.806385  
291 23.000000 -4.860603 26.666921  
292 23.010000 -5.121755 25.570512  
293 23.020000 -5.372151 24.515440  
294 23.030000 -5.612197 23.500062  
295 23.040000 -5.842280 22.522803  
296 23.050000 -6.062775 21.582156  
297 23.060000 -6.274040 20.676679  
298 23.070000 -6.476421 19.804989  
299 23.080000 -6.670248 18.965761  
300 23.090000 -6.855840 18.157727  
301 23.100000 -7.033503 17.379671  
302 23.110000 -7.203530 16.630429  
303 23.120000 -7.366203 15.908884  
304 23.130000 -7.521796 15.213965  
305 23.140000 -7.670568 14.544647  
306 23.150000 -7.812771 13.899945  
307 23.160000 -7.948646 13.278917  
308 23.170000 -8.078425 12.680657  
309 23.180000 -8.202332 12.104298  
310 23.190000 -8.320581 11.549007  
311 23.200000 -8.433380 11.013985  
312 23.210000 -8.540926 10.498467  
313 23.220000 -8.643412 10.001715  
314 23.230000 -8.741021 9.523026  
315 23.240000 -8.833930 9.061720  
316 23.250000 -8.922311 8.617147  
317 23.260000 -9.006327 8.188684  
318 23.270000 -9.086136 7.775729  
319 23.280000 -9.161891 7.377708  
320 23.290000 -9.233738 6.994066  
321 23.300000 -9.301819 6.624273  
322 23.310000 -9.366268 6.267818  
323 23.320000 -9.427218 5.924211  
324 23.330000 -9.484794 5.592979  
325 23.340000 -9.539117 5.273672  
326 23.350000 -9.590305 4.965852  
327 23.360000 -9.638471 4.669102  
328 23.370000 -9.683723 4.383019  
329 23.380000 -9.726166 4.107217  
330 23.390000 -9.765900 3.841324  
331 23.400000 -9.803024 3.584981  
332 23.410000 -9.837631 3.337846  
333 23.420000 -9.869810 3.099588  
334 23.430000 -9.899651 2.869887  
335 23.440000 -9.927236 2.648439  
336 23.450000 -9.952646 2.434948  
337 23.460000 -9.975960 2.229132  
338 23.470000 -9.997253 2.030716  
339 23.480000 -10.016598 1.839440  
340 23.490000 -10.034065 1.655050  
341 23.500000 -10.049722 1.477302  
342 23.510000 -10.063633 1.305963  
343 23.520000 -10.075861 1.140808  
344 23.530000 -10.086469 0.981618  
345 23.540000 -10.095513 0.828186  
346 23.550000 -10.103051 0.680309  
347 23.560000 -10.109137 0.537793  
348 23.570000 -10.113824 0.400453  
349 23.580000 -10.117163 0.268107  
350 23.590000 -10.119202 0.140583  
351 23.600000 -10.119990 0.017713  
352 23.610000 -10.119571 -0.100664  
353 23.620000 -10.117991 -0.214703  
354 23.630000 -10.115291 -0.324553  
355 23.640000 -10.111513 -0.430359  
356 23.650000 -10.106697 -0.532260  
357 23.660000 -10.100881 -0.630390  
358 23.670000 -10.094102 -0.724877  
359 23.680000 -10.086395 -0.815848  
360 23.690000 -10.077796 -0.903421  
361 23.700000 -10.068338 -0.987712  
362 23.710000 -10.058052 -1.068834  
363 23.720000 -10.046971 -1.146894  
364 23.730000 -10.035124 -1.221996  
365 23.740000 -10.022541 -1.294240  
366 23.750000 -10.009249 -1.363724  
367 23.760000 -9.995275 -1.430540  
368 23.770000 -9.980646 -1.494779  
369 23.780000 -9.965388 -1.556528  
370 23.790000 -9.949524 -1.615870  
371 23.800000 -9.933078 -1.672888  
372 23.810000 -9.916074 -1.727658  
373 23.820000 -9.898532 -1.780256  
374 23.830000 -9.880475 -1.830756  
375 23.840000 -9.861924 -1.879227  
376 23.850000 -9.842897 -1.925738  
377 23.860000 -9.823415 -1.970354  
378 23.870000 -9.803496 -2.013139  
379 23.880000 -9.783159 -2.054153  
380 23.890000 -9.762419 -2.093456  
381 23.900000 -9.741295 -2.131106  
382 23.910000 -9.719802 -2.167156  
383 23.920000 -9.697957 -2.201661  
384 23.930000 -9.675774 -2.234672  
385 23.940000 -9.653268 -2.266238  
386 23.950000 -9.630454 -2.296408  
387 23.960000 -9.607345 -2.325229  
388 23.970000 -9.583954 -2.352744  
389 23.980000 -9.560294 -2.378998  
390 23.990000 -9.536378 -2.404031  
391 24.000000 -9.512217 -2.427886  
392 24.010000 -9.487824 -2.450601  
393 24.020000 -9.463209 -2.472213  
394 24.030000 -9.438383 -2.492760  
395 24.040000 -9.413357 -2.512277  
396 24.050000 -9.388141 -2.530798  
397 24.060000 -9.362744 -2.548356  
398 24.070000 -9.337177 -2.564983  
399 24.080000 -9.311448 -2.580710  
400 24.090000 -9.285566 -2.595567  
401 24.100000 -9.259539 -2.609583  
402 24.110000 -9.233377 -2.622786  
403 24.120000 -9.207086 -2.635203  
404 24.130000 -9.180675 -2.646860  
405 24.140000 -9.154151 -2.657783  
406 24.150000 -9.127522 -2.667995  
407 24.160000 -9.100794 -2.677521  
408 24.170000 -9.073974 -2.686384  
409 24.180000 -9.047068 -2.694606  
410 24.190000 -9.020084 -2.702208  
411 24.200000 -8.993026 -2.709211  
412 24.210000 -8.965901 -2.715635  
413 24.220000 -8.938715 -2.721500  
414 24.230000 -8.911473 -2.726824  
415 24.240000 -8.884180 -2.731626  
416 24.250000 -8.856842 -2.735924  
417 24.260000 -8.829464 -2.739734  
418 24.270000 -8.802049 -2.743072  
419 24.280000 -8.774604 -2.745956  
420 24.290000 -8.747132 -2.748400  
421 24.300000 -8.719637 -2.750420  
422 24.310000 -8.692125 -2.752030  
423 24.320000 -8.664598 -2.753243  
424 24.330000 -8.637061 -2.754074  
425 24.340000 -8.609518 -2.754536  
426 24.350000 -8.581971 -2.754642  
427 24.360000 -8.554426 -2.754403  
428 24.370000 -8.526884 -2.753832  
429 24.380000 -8.499350 -2.752941  
430 24.390000 -8.471827 -2.751740  
431 24.400000 -8.444317 -2.750241  
432 24.410000 -8.416823 -2.748454  
433 24.420000 -8.389348 -2.746389  
434 24.430000 -8.361896 -2.744056  
435 24.440000 -8.334468 -2.741465  
436 24.450000 -8.307067 -2.738624  
437 24.460000 -8.279696 -2.735544  
438 24.470000 -8.252357 -2.732232  
439 24.480000 -8.225053 -2.728697  
440 24.490000 -8.197784 -2.724947  
441 24.500000 -8.170554 -2.720990  
442 24.510000 -8.143365 -2.716833  
443 24.520000 -8.116218 -2.712485  
444 24.530000 -8.089116 -2.707951  
445 24.540000 -8.062060 -2.703240  
446 24.550000 -8.035052 -2.698358  
447 24.560000 -8.008093 -2.693311  
448 24.570000 -7.981186 -2.688106  
449 24.580000 -7.954332 -2.682748  
450 24.590000 -7.927532 -2.677245  
451 24.600000 -7.900787 -2.671600  
452 24.610000 -7.874100 -2.665821  
453 24.620000 -7.847471 -2.659913  
454 24.630000 -7.820902 -2.653880  
455 24.640000 -7.794394 -2.647727  
456 24.650000 -7.767948 -2.641460  
457 24.660000 -7.741565 -2.635084  
458 24.670000 -7.715247 -2.628603  
459 24.680000 -7.688993 -2.622021  
460 24.690000 -7.662807 -2.615342  
461 24.700000 -7.636687 -2.608572  
462 24.710000 -7.610635 -2.601714  
463 24.720000 -7.584653 -2.594771  
464 24.730000 -7.558740 -2.587748  
465 24.740000 -7.532898 -2.580649  
466 24.750000 -7.507127 -2.573476  
467 24.760000 -7.481429 -2.566234  
468 24.770000 -7.455803 -2.558926  
469 24.780000 -7.430251 -2.551554  
470 24.790000 -7.404772 -2.544123  
471 24.800000 -7.379368 -2.536635  
472 24.810000 -7.354040 -2.529093  
473 24.820000 -7.328787 -2.521500  
474 24.830000 -7.303610 -2.513859  
475 24.840000 -7.278510 -2.506172  
476 24.850000 -7.253486 -2.498442  
477 24.860000 -7.228541 -2.490671  
478 24.870000 -7.203673 -2.482863  
479 24.880000 -7.178884 -2.475019  
480 24.890000 -7.154173 -2.467141  
481 24.900000 -7.129541 -2.459232  
482 24.910000 -7.104988 -2.451294  
483 24.920000 -7.080515 -2.443329  
484 24.930000 -7.056122 -2.435339  
485 24.940000 -7.031809 -2.427326  
486 24.950000 -7.007575 -2.419292  
487 24.960000 -6.983423 -2.411239  
488 24.970000 -6.959351 -2.403167  
489 24.980000 -6.935359 -2.395080  
490 24.990000 -6.911449 -2.386979  
491 25.000000 -6.887620 -2.378865  
492 25.010000 -6.863872 -2.370739  
493 25.020000 -6.840205 -2.362604  
494 25.030000 -6.816620 -2.354461  
495 25.040000 -6.793116 -2.346311  
496 25.050000 -6.769694 -2.338156  
497 25.060000 -6.746353 -2.329996  
498 25.070000 -6.723094 -2.321834  
499 25.080000 -6.699916 -2.313670  
500 25.090000 -6.676820 -2.305505  
501 25.100000 -6.653806 -2.297341  
502 25.110000 -6.630874 -2.289178  
503 25.120000 -6.608023 -2.281019  
504 25.130000 -6.585253 -2.272863  
505 25.140000 -6.562565 -2.264712  
506 25.150000 -6.539959 -2.256567  
507 25.160000 -6.517434 -2.248429  
508 25.170000 -6.494990 -2.240298  
509 25.180000 -6.472628 -2.232176  
510 25.190000 -6.450347 -2.224063  
511 25.200000 -6.428147 -2.215960  
512 25.210000 -6.406027 -2.207868  
513 25.220000 -6.383989 -2.199787  
514 25.230000 -6.362032 -2.191719  
515 25.240000 -6.340155 -2.183664  
516 25.250000 -6.318358 -2.175623  
517 25.260000 -6.296642 -2.167596  
518 25.270000 -6.275006 -2.159584  
519 25.280000 -6.253451 -2.151587  
520 25.290000 -6.231975 -2.143607  
521 25.300000 -6.210578 -2.135643  
522 25.310000 -6.189262 -2.127697  
523 25.320000 -6.168024 -2.119769  
524 25.330000 -6.146866 -2.111859  
525 25.340000 -6.125787 -2.103967  
526 25.350000 -6.104787 -2.096095  
527 25.360000 -6.083865 -2.088242  
528 25.370000 -6.063022 -2.080410  
529 25.380000 -6.042257 -2.072597  
530 25.390000 -6.021570 -2.064806  
531 25.400000 -6.000961 -2.057036  
532 25.410000 -5.980429 -2.049288  
533 25.420000 -5.959975 -2.041561  
534 25.430000 -5.939598 -2.033857  
535 25.440000 -5.919298 -2.026176  
536 25.450000 -5.899074 -2.018517  
537 25.460000 -5.878927 -2.010881  
538 25.470000 -5.858857 -2.003269  
539 25.480000 -5.838862 -1.995681  
540 25.490000 -5.818943 -1.988116  
541 25.500000 -5.799099 -1.980576  
542 25.510000 -5.779331 -1.973060  
543 25.520000 -5.759638 -1.965569  
544 25.530000 -5.740020 -1.958103  
545 25.540000 -5.720476 -1.950661  
546 25.550000 -5.701006 -1.943245  
547 25.560000 -5.681611 -1.935855  
548 25.570000 -5.662289 -1.928489  
549 25.580000 -5.643041 -1.921150  
550 25.590000 -5.623866 -1.913836  
551 25.600000 -5.604764 -1.906549  
552 25.610000 -5.585735 -1.899287  
553 25.620000 -5.566778 -1.892052  
554 25.630000 -5.547894 -1.884843  
555 25.640000 -5.529081 -1.877661  
556 25.650000 -5.510341 -1.870505  
557 25.660000 -5.491671 -1.863376  
558 25.670000 -5.473073 -1.856274  
559 25.680000 -5.454546 -1.849198  
560 25.690000 -5.436089 -1.842150  
561 25.700000 -5.417703 -1.835128  
562 25.710000 -5.399386 -1.828133  
563 25.720000 -5.381140 -1.821166  
564 25.730000 -5.362963 -1.814225  
565 25.740000 -5.344855 -1.807312  
566 25.750000 -5.326817 -1.800426  
567 25.760000 -5.308847 -1.793567  
568 25.770000 -5.290945 -1.786736  
569 25.780000 -5.273112 -1.779931  
570 25.790000 -5.255346 -1.773154  
571 25.800000 -5.237649 -1.766405  
572 25.810000 -5.220018 -1.759682  
573 25.820000 -5.202455 -1.752987  
574 25.830000 -5.184958 -1.746320  
575 25.840000 -5.167528 -1.739679  
576 25.850000 -5.150165 -1.733066  
577 25.860000 -5.132867 -1.726480  
578 25.870000 -5.115635 -1.719922  
579 25.880000 -5.098469 -1.713391  
580 25.890000 -5.081367 -1.706887  
581 25.900000 -5.064331 -1.700410  
582 25.910000 -5.047359 -1.693960  
583 25.920000 -5.030451 -1.687538  
584 25.930000 -5.013608 -1.681142  
585 25.940000 -4.996828 -1.674774  
586 25.950000 -4.980112 -1.668433  
587 25.960000 -4.963460 -1.662118  
588 25.970000 -4.946870 -1.655831  
589 25.980000 -4.930343 -1.649571  
590 25.990000 -4.913879 -1.643337  
591 26.000000 -4.897476 -1.637130  
592 26.010000 -4.881136 -1.630950  
593 26.020000 -4.864857 -1.624797  
594 26.030000 -4.848640 -1.618670  
595 26.040000 -4.832484 -1.612570  
596 26.050000 -4.816388 -1.606496  
597 26.060000 -4.800354 -1.600449  
598 26.070000 -4.784379 -1.594428  
599 26.080000 -4.768465 -1.588433  
600 26.090000 -4.752610 -1.582465  
601 26.100000 -4.736816 -1.576522  
602 26.110000 -4.721080 -1.570606  
603 26.120000 -4.705403 -1.564716  
604 26.130000 -4.689786 -1.558852  
605 26.140000 -4.674226 -1.553013  
606 26.150000 -4.658725 -1.547201  
607 26.160000 -4.643282 -1.541413  
608 26.170000 -4.627897 -1.535652  
609 26.180000 -4.612569 -1.529916  
610 26.190000 -4.597298 -1.524206  
611 26.200000 -4.582085 -1.518521  
612 26.210000 -4.566928 -1.512861  
613 26.220000 -4.551828 -1.507226  
614 26.230000 -4.536783 -1.501616  
615 26.240000 -4.521795 -1.496032  
616 26.250000 -4.506863 -1.490472  
617 26.260000 -4.491986 -1.484937  
618 26.270000 -4.477164 -1.479427  
619 26.280000 -4.462397 -1.473941  
620 26.290000 -4.447685 -1.468480  
621 26.300000 -4.433027 -1.463044  
622 26.310000 -4.418424 -1.457632  
623 26.320000 -4.403875 -1.452244  
624 26.330000 -4.389379 -1.446880  
625 26.340000 -4.374937 -1.441540  
626 26.350000 -4.360548 -1.436225  
627 26.360000 -4.346212 -1.430933  
628 26.370000 -4.331929 -1.425665  
629 26.380000 -4.317699 -1.420421  
630 26.390000 -4.303521 -1.415200  
631 26.400000 -4.289395 -1.410003  
632 26.410000 -4.275321 -1.404829  
633 26.420000 -4.261298 -1.399678  
634 26.430000 -4.247327 -1.394551  
635 26.440000 -4.233407 -1.389447  
636 26.450000 -4.219538 -1.384366  
637 26.460000 -4.205720 -1.379307  
638 26.470000 -4.191952 -1.374272  
639 26.480000 -4.178234 -1.369259  
640 26.490000 -4.164567 -1.364269  
641 26.500000 -4.150949 -1.359301  
642 26.510000 -4.137380 -1.354356  
643 26.520000 -4.123862 -1.349433  
644 26.530000 -4.110392 -1.344532  
645 26.540000 -4.096971 -1.339653  
646 26.550000 -4.083599 -1.334797  
647 26.560000 -4.070275 -1.329962  
648 26.570000 -4.056999 -1.325149  
649 26.580000 -4.043772 -1.320358  
650 26.590000 -4.030592 -1.315588  
651 26.600000 -4.017460 -1.310840  
652 26.610000 -4.004375 -1.306114  
653 26.620000 -3.991338 -1.301408  
654 26.630000 -3.978347 -1.296724  
655 26.640000 -3.965403 -1.292061  
656 26.650000 -3.952506 -1.287419  
657 26.660000 -3.939655 -1.282798  
658 26.670000 -3.926850 -1.278198  
659 26.680000 -3.914091 -1.273618  
660 26.690000 -3.901377 -1.269059  
661 26.700000 -3.888709 -1.264521  
662 26.710000 -3.876087 -1.260003  
663 26.720000 -3.863509 -1.255506  
664 26.730000 -3.850977 -1.251028  
665 26.740000 -3.838489 -1.246571  
666 26.750000 -3.826045 -1.242134  
667 26.760000 -3.813646 -1.237717  
668 26.770000 -3.801291 -1.233319  
669 26.780000 -3.788979 -1.228942  
670 26.790000 -3.776712 -1.224584  
671 26.800000 -3.764488 -1.220245  
672 26.810000 -3.752307 -1.215926  
673 26.820000 -3.740169 -1.211627  
674 26.830000 -3.728074 -1.207347  
675 26.840000 -3.716022 -1.203086  
676 26.850000 -3.704012 -1.198844  
677 26.860000 -3.692045 -1.194620  
678 26.870000 -3.680120 -1.190416  
679 26.880000 -3.668237 -1.186231  
680 26.890000 -3.656395 -1.182064  
681 26.900000 -3.644595 -1.177916  
682 26.910000 -3.632837 -1.173787  
683 26.920000 -3.621120 -1.169676  
684 26.930000 -3.609443 -1.165583  
685 26.940000 -3.597808 -1.161509  
686 26.950000 -3.586213 -1.157453  
687 26.960000 -3.574659 -1.153414  
688 26.970000 -3.563145 -1.149394  
689 26.980000 -3.551671 -1.145392  
690 26.990000 -3.540237 -1.141407  
691 27.000000 -3.528843 -1.137441  
692 27.010000 -3.517488 -1.133491  
693 27.020000 -3.506173 -1.129560  
694 27.030000 -3.494897 -1.125646  
695 27.040000 -3.483660 -1.121749  
696 27.050000 -3.472462 -1.117869  
697 27.060000 -3.461302 -1.114007  
698 27.070000 -3.450181 -1.110161  
699 27.080000 -3.439099 -1.106333  
700 27.090000 -3.428055 -1.102522  
701 27.100000 -3.417048 -1.098727  
702 27.110000 -3.406080 -1.094950  
703 27.120000 -3.395149 -1.091188  
704 27.130000 -3.384256 -1.087444  
705 27.140000 -3.373401 -1.083716  
706 27.150000 -3.362582 -1.080004  
707 27.160000 -3.351800 -1.076309  
708 27.170000 -3.341056 -1.072630  
709 27.180000 -3.330348 -1.068967  
710 27.190000 -3.319676 -1.065320  
711 27.200000 -3.309041 -1.061690  
712 27.210000 -3.298442 -1.058075  
713 27.220000 -3.287880 -1.054476  
714 27.230000 -3.277353 -1.050892  
715 27.240000 -3.266862 -1.047325  
716 27.250000 -3.256406 -1.043773  
717 27.260000 -3.245986 -1.040236  
718 27.270000 -3.235602 -1.036715  
719 27.280000 -3.225252 -1.033210  
720 27.290000 -3.214937 -1.029719  
721 27.300000 -3.204658 -1.026244  
722 27.310000 -3.194412 -1.022784  
723 27.320000 -3.184202 -1.019339  
724 27.330000 -3.174026 -1.015909  
725 27.340000 -3.163884 -1.012494  
726 27.350000 -3.153776 -1.009093  
727 27.360000 -3.143702 -1.005708  
728 27.370000 -3.133661 -1.002337  
729 27.380000 -3.123655 -0.998981  
730 27.390000 -3.113682 -0.995639  
731 27.400000 -3.103742 -0.992311  
732 27.410000 -3.093835 -0.988998  
733 27.420000 -3.083962 -0.985700  
734 27.430000 -3.074121 -0.982415  
735 27.440000 -3.064314 -0.979145  
736 27.450000 -3.054538 -0.975889  
737 27.460000 -3.044796 -0.972646  
738 27.470000 -3.035086 -0.969418  
739 27.480000 -3.025407 -0.966204  
740 27.490000 -3.015761 -0.963003  
741 27.500000 -3.006147 -0.959816  
742 27.510000 -2.996565 -0.956643  
743 27.520000 -2.987014 -0.953483  
744 27.530000 -2.977495 -0.950337  
745 27.540000 -2.968008 -0.947204  
746 27.550000 -2.958551 -0.944085  
747 27.560000 -2.949126 -0.940979  
748 27.570000 -2.939732 -0.937886  
749 27.580000 -2.930368 -0.934806  
750 27.590000 -2.921035 -0.931740  
751 27.600000 -2.911733 -0.928686  
752 27.610000 -2.902462 -0.925646  
753 27.620000 -2.893220 -0.922618  
754 27.630000 -2.884009 -0.919603  
755 27.640000 -2.874828 -0.916601  
756 27.650000 -2.865677 -0.913612  
757 27.660000 -2.856556 -0.910635  
758 27.670000 -2.847464 -0.907671  
759 27.680000 -2.838403 -0.904719  
760 27.690000 -2.829370 -0.901780  
761 27.700000 -2.820367 -0.898853  
762 27.710000 -2.811393 -0.895939  
763 27.720000 -2.802448 -0.893037  
764 27.730000 -2.793532 -0.890147  
765 27.740000 -2.784645 -0.887269  
766 27.750000 -2.775787 -0.884403  
767 27.760000 -2.766957 -0.881550  
768 27.770000 -2.758156 -0.878708  
769 27.780000 -2.749383 -0.875878  
770 27.790000 -2.740638 -0.873060  
771 27.800000 -2.731922 -0.870254  
772 27.810000 -2.723233 -0.867459  
773 27.820000 -2.714572 -0.864676  
774 27.830000 -2.705939 -0.861905  
775 27.840000 -2.697334 -0.859145  
776 27.850000 -2.688756 -0.856397  
777 27.860000 -2.680206 -0.853660  
778 27.870000 -2.671683 -0.850934  
779 27.880000 -2.663187 -0.848220  
780 27.890000 -2.654719 -0.845517  
781 27.900000 -2.646277 -0.842825  
782 27.910000 -2.637862 -0.840145  
783 27.920000 -2.629474 -0.837475  
784 27.930000 -2.621113 -0.834817  
785 27.940000 -2.612778 -0.832169  
786 27.950000 -2.604469 -0.829533  
787 27.960000 -2.596187 -0.826907  
788 27.970000 -2.587931 -0.824292  
789 27.980000 -2.579701 -0.821688  
790 27.990000 -2.571497 -0.819094  
791 28.000000 -2.563319 -0.816511  
792 28.010000 -2.555167 -0.813939  
793 28.020000 -2.547041 -0.811377  
794 28.030000 -2.538940 -0.808826  
795 28.040000 -2.530864 -0.806285  
796 28.050000 -2.522814 -0.803754  
797 28.060000 -2.514789 -0.801234  
798 28.070000 -2.506789 -0.798724  
799 28.080000 -2.498814 -0.796225  
800 28.090000 -2.490865 -0.793735  
801 28.100000 -2.482940 -0.791256  
802 28.110000 -2.475039 -0.788787  
803 28.120000 -2.467164 -0.786327  
804 28.130000 -2.459313 -0.783878  
805 28.140000 -2.451486 -0.781439  
806 28.150000 -2.443684 -0.779009  
807 28.160000 -2.435906 -0.776590  
808 28.170000 -2.428152 -0.774180  
809 28.180000 -2.420422 -0.771780  
810 28.190000 -2.412717 -0.769389  
811 28.200000 -2.405035 -0.767008  
812 28.210000 -2.397376 -0.764637  
813 28.220000 -2.389742 -0.762275  
814 28.230000 -2.382131 -0.759923  
815 28.240000 -2.374543 -0.757580  
816 28.250000 -2.366979 -0.755247  
817 28.260000 -2.359438 -0.752923  
818 28.270000 -2.351921 -0.750608  
819 28.280000 -2.344426 -0.748303  
820 28.290000 -2.336955 -0.746006  
821 28.300000 -2.329506 -0.743719  
822 28.310000 -2.322080 -0.741441  
823 28.320000 -2.314677 -0.739173  
824 28.330000 -2.307297 -0.736913  
825 28.340000 -2.299939 -0.734662  
826 28.350000 -2.292603 -0.732420  
827 28.360000 -2.285290 -0.730187  
828 28.370000 -2.278000 -0.727963  
829 28.380000 -2.270731 -0.725747  
830 28.390000 -2.263485 -0.723541  
831 28.400000 -2.256260 -0.721343  
832 28.410000 -2.249058 -0.719154  
833 28.420000 -2.241877 -0.716973  
834 28.430000 -2.234718 -0.714801  
835 28.440000 -2.227581 -0.712638  
836 28.450000 -2.220465 -0.710483  
837 28.460000 -2.213371 -0.708337  
838 28.470000 -2.206299 -0.706199  
839 28.480000 -2.199247 -0.704069  
840 28.490000 -2.192217 -0.701948  
841 28.500000 -2.185208 -0.699835  
842 28.510000 -2.178221 -0.697731  
843 28.520000 -2.171254 -0.695634  
844 28.530000 -2.164308 -0.693546  
845 28.540000 -2.157383 -0.691466  
846 28.550000 -2.150479 -0.689394  
847 28.560000 -2.143595 -0.687331  
848 28.570000 -2.136732 -0.685275  
849 28.580000 -2.129889 -0.683227  
850 28.590000 -2.123067 -0.681187  
851 28.600000 -2.116266 -0.679155  
852 28.610000 -2.109484 -0.677131  
853 28.620000 -2.102723 -0.675115  
854 28.630000 -2.095982 -0.673107  
855 28.640000 -2.089261 -0.671106  
856 28.650000 -2.082560 -0.669113  
857 28.660000 -2.075879 -0.667128  
858 28.670000 -2.069217 -0.665151  
859 28.680000 -2.062575 -0.663181  
860 28.690000 -2.055953 -0.661219  
861 28.700000 -2.049351 -0.659264  
862 28.710000 -2.042768 -0.657317  
863 28.720000 -2.036205 -0.655377  
864 28.730000 -2.029661 -0.653445  
865 28.740000 -2.023136 -0.651520  
866 28.750000 -2.016630 -0.649602  
867 28.760000 -2.010144 -0.647692  
868 28.770000 -2.003676 -0.645789  
869 28.780000 -1.997228 -0.643894  
870 28.790000 -1.990798 -0.642005  
871 28.800000 -1.984388 -0.640124  
872 28.810000 -1.977996 -0.638250  
873 28.820000 -1.971623 -0.636383  
874 28.830000 -1.965268 -0.634524  
875 28.840000 -1.958932 -0.632671  
876 28.850000 -1.952615 -0.630825  
877 28.860000 -1.946316 -0.628987  
878 28.870000 -1.940035 -0.627155  
879 28.880000 -1.933773 -0.625330  
880 28.890000 -1.927528 -0.623513  
881 28.900000 -1.921302 -0.621702  
882 28.910000 -1.915094 -0.619897  
883 28.920000 -1.908904 -0.618100  
884 28.930000 -1.902732 -0.616310  
885 28.940000 -1.896578 -0.614526  
886 28.950000 -1.890442 -0.612749  
887 28.960000 -1.884323 -0.610978  
888 28.970000 -1.878222 -0.609214  
889 28.980000 -1.872139 -0.607457  
890 28.990000 -1.866073 -0.605707  
891 29.000000 -1.860025 -0.603963  
892 29.010000 -1.853994 -0.602225  
893 29.020000 -1.847980 -0.600494  
894 29.030000 -1.841984 -0.598770  
895 29.040000 -1.836005 -0.597052  
896 29.050000 -1.830043 -0.595340  
897 29.060000 -1.824098 -0.593635  
898 29.070000 -1.818170 -0.591936  
899 29.080000 -1.812259 -0.590243  
900 29.090000 -1.806365 -0.588557  
901 29.100000 -1.800488 -0.586877  
902 29.110000 -1.794628 -0.585203  
903 29.120000 -1.788784 -0.583535  
904 29.130000 -1.782957 -0.581874  
905 29.140000 -1.777146 -0.580218  
906 29.150000 -1.771353 -0.578569  
907 29.160000 -1.765575 -0.576926  
908 29.170000 -1.759814 -0.575289  
909 29.180000 -1.754069 -0.573658  
910 29.190000 -1.748341 -0.572033  
911 29.200000 -1.742629 -0.570414  
912 29.210000 -1.736933 -0.568801  
913 29.220000 -1.731253 -0.567193  
914 29.230000 -1.725589 -0.565592  
915 29.240000 -1.719941 -0.563997  
916 29.250000 -1.714309 -0.562407  
917 29.260000 -1.708693 -0.560823  
918 29.270000 -1.703092 -0.559245  
919 29.280000 -1.697508 -0.557673  
920 29.290000 -1.691939 -0.556107  
921 29.300000 -1.686385 -0.554546  
922 29.310000 -1.680848 -0.552991  
923 29.320000 -1.675326 -0.551441  
924 29.330000 -1.669819 -0.549898  
925 29.340000 -1.664328 -0.548360  
926 29.350000 -1.658852 -0.546827  
927 29.360000 -1.653391 -0.545300  
928 29.370000 -1.647946 -0.543778  
929 29.380000 -1.642515 -0.542262  
930 29.390000 -1.637100 -0.540752  
931 29.400000 -1.631700 -0.539247  
932 29.410000 -1.626315 -0.537747  
933 29.420000 -1.620945 -0.536253  
934 29.430000 -1.615590 -0.534764  
935 29.440000 -1.610250 -0.533281  
936 29.450000 -1.604925 -0.531803  
937 29.460000 -1.599614 -0.530330  
938 29.470000 -1.594318 -0.528863  
939 29.480000 -1.589037 -0.527400  
940 29.490000 -1.583770 -0.525943  
941 29.500000 -1.578518 -0.524492  
942 29.510000 -1.573280 -0.523045  
943 29.520000 -1.568057 -0.521604  
944 29.530000 -1.562848 -0.520167  
945 29.540000 -1.557654 -0.518736  
946 29.550000 -1.552473 -0.517310  
947 29.560000 -1.547307 -0.515889  
948 29.570000 -1.542156 -0.514473  
949 29.580000 -1.537018 -0.513063  
950 29.590000 -1.531894 -0.511657  
951 29.600000 -1.526785 -0.510256  
952 29.610000 -1.521689 -0.508860  
953 29.620000 -1.516608 -0.507469  
954 29.630000 -1.511540 -0.506083  
955 29.640000 -1.506486 -0.504702  
956 29.650000 -1.501446 -0.503326  
957 29.660000 -1.496419 -0.501955  
958 29.670000 -1.491407 -0.500588  
959 29.680000 -1.486408 -0.499227  
960 29.690000 -1.481422 -0.497870  
961 29.700000 -1.476450 -0.496518  
962 29.710000 -1.471492 -0.495170  
963 29.720000 -1.466547 -0.493828  
964 29.730000 -1.461615 -0.492490  
965 29.740000 -1.456697 -0.491157  
966 29.750000 -1.451792 -0.489828  
967 29.760000 -1.446900 -0.488504  
968 29.770000 -1.442022 -0.487185  
969 29.780000 -1.437157 -0.485871  
970 29.790000 -1.432304 -0.484561  
971 29.800000 -1.427465 -0.483255  
972 29.810000 -1.422639 -0.481954  
973 29.820000 -1.417826 -0.480658  
974 29.830000 -1.413026 -0.479366  
975 29.840000 -1.408239 -0.478079  
976 29.850000 -1.403465 -0.476796  
977 29.860000 -1.398703 -0.475517  
978 29.870000 -1.393954 -0.474244  
979 29.880000 -1.389218 -0.472974  
980 29.890000 -1.384495 -0.471709  
981 29.900000 -1.379784 -0.470448  
982 29.910000 -1.375086 -0.469192  
983 29.920000 -1.370400 -0.467940  
984 29.930000 -1.365727 -0.466692  
985 29.940000 -1.361066 -0.465449  
986 29.950000 -1.356418 -0.464209  
987 29.960000 -1.351782 -0.462975  
988 29.970000 -1.347158 -0.461744  
989 29.980000 -1.342547 -0.460518  
990 29.990000 -1.337948 -0.459295  
991 30.000000 -1.333361 -0.458077  
992 30.010000 -1.328787 -0.456864  
993 30.020000 -1.324224 -0.455654  
994 30.030000 -1.319673 -0.454448  
995 30.040000 -1.315135 -0.453247  
996 30.050000 -1.310608 -0.452050  
997 30.060000 -1.306094 -0.450857  
998 30.070000 -1.301591 -0.449668  
999 30.080000 -1.297101 -0.448483  
1000 30.090000 -1.292622 -0.447302  
1001 30.100000 -1.288155 -0.446125  
1002 30.110000 -1.283699 -0.444952  
1003 30.120000 -1.279256 -0.443783  
1004 30.130000 -1.274824 -0.442618  
1005 30.140000 -1.270403 -0.441456  
1006 30.150000 -1.265994 -0.440299  
1007 30.160000 -1.261597 -0.439146  
1008 30.170000 -1.257211 -0.437997  
1009 30.180000 -1.252837 -0.436851  
1010 30.190000 -1.248474 -0.435710  
1011 30.200000 -1.244123 -0.434572  
1012 30.210000 -1.239783 -0.433438  
1013 30.220000 -1.235454 -0.432308  
1014 30.230000 -1.231137 -0.431182  
1015 30.240000 -1.226831 -0.430060  
1016 30.250000 -1.222536 -0.428941  
1017 30.260000 -1.218252 -0.427826  
1018 30.270000 -1.213979 -0.426715  
1019 30.280000 -1.209717 -0.425608  
1020 30.290000 -1.205467 -0.424504  
1021 30.300000 -1.201227 -0.423404  
1022 30.310000 -1.196999 -0.422308  
1023 30.320000 -1.192781 -0.421215  
1024 30.330000 -1.188574 -0.420126  
1025 30.340000 -1.184379 -0.419041  
1026 30.350000 -1.180194 -0.417959  
1027 30.360000 -1.176019 -0.416881  
1028 30.370000 -1.171856 -0.415806  
1029 30.380000 -1.167703 -0.414735  
1030 30.390000 -1.163561 -0.413668  
1031 30.400000 -1.159430 -0.412604  
1032 30.410000 -1.155309 -0.411543  
1033 30.420000 -1.151199 -0.410487  
1034 30.430000 -1.147099 -0.409433  
1035 30.440000 -1.143010 -0.408384  
1036 30.450000 -1.138932 -0.407337  
1037 30.460000 -1.134864 -0.406294  
1038 30.470000 -1.130806 -0.405255  
1039 30.480000 -1.126759 -0.404219  
1040 30.490000 -1.122721 -0.403186  
1041 30.500000 -1.118695 -0.402157  
1042 30.510000 -1.114678 -0.401131  
1043 30.520000 -1.110672 -0.400109  
1044 30.530000 -1.106676 -0.399090  
1045 30.540000 -1.102690 -0.398074  
1046 30.550000 -1.098715 -0.397062  
1047 30.560000 -1.094749 -0.396053  
1048 30.570000 -1.090794 -0.395047  
1049 30.580000 -1.086848 -0.394044  
1050 30.590000 -1.082913 -0.393045  
1051 30.600000 -1.078987 -0.392049  
1052 30.610000 -1.075072 -0.391057  
1053 30.620000 -1.071166 -0.390067  
1054 30.630000 -1.067270 -0.389081  
1055 30.640000 -1.063384 -0.388098  
1056 30.650000 -1.059508 -0.387118  
1057 30.660000 -1.055642 -0.386142  
1058 30.670000 -1.051786 -0.385168  
1059 30.680000 -1.047939 -0.384198  
1060 30.690000 -1.044102 -0.383231  
1061 30.700000 -1.040274 -0.382267  
1062 30.710000 -1.036456 -0.381306  
1063 30.720000 -1.032648 -0.380348  
1064 30.730000 -1.028849 -0.379394  
1065 30.740000 -1.025060 -0.378442  
1066 30.750000 -1.021280 -0.377494  
1067 30.760000 -1.017510 -0.376548  
1068 30.770000 -1.013749 -0.375606  
1069 30.780000 -1.009998 -0.374667  
1070 30.790000 -1.006256 -0.373731  
1071 30.800000 -1.002523 -0.372797  
1072 30.810000 -0.998800 -0.371867  
1073 30.820000 -0.995086 -0.370940  
1074 30.830000 -0.991381 -0.370015  
1075 30.840000 -0.987686 -0.369094  
1076 30.850000 -0.983999 -0.368176  
1077 30.860000 -0.980322 -0.367260  
1078 30.870000 -0.976654 -0.366348  
1079 30.880000 -0.972995 -0.365438  
1080 30.890000 -0.969345 -0.364532  
1081 30.900000 -0.965705 -0.363628  
1082 30.910000 -0.962073 -0.362727  
1083 30.920000 -0.958450 -0.361829  
1084 30.930000 -0.954836 -0.360934  
1085 30.940000 -0.951231 -0.360041  
1086 30.950000 -0.947635 -0.359152  
1087 30.960000 -0.944048 -0.358265  
1088 30.970000 -0.940470 -0.357382  
1089 30.980000 -0.936901 -0.356501  
1090 30.990000 -0.933340 -0.355622  
1091 31.000000 -0.929788 -0.354747  
1092 31.010000 -0.926245 -0.353874  
1093 31.020000 -0.922711 -0.353004  
1094 31.030000 -0.919185 -0.352137  
1095 31.040000 -0.915668 -0.351273  
1096 31.050000 -0.912160 -0.350411  
1097 31.060000 -0.908660 -0.349552  
1098 31.070000 -0.905169 -0.348696  
1099 31.080000 -0.901686 -0.347842  
1100 31.090000 -0.898212 -0.346992  
1101 31.100000 -0.894746 -0.346143  
1102 31.110000 -0.891289 -0.345298  
1103 31.120000 -0.887840 -0.344455  
1104 31.130000 -0.884400 -0.343615  
1105 31.140000 -0.880968 -0.342777  
1106 31.150000 -0.877544 -0.341942  
1107 31.160000 -0.874129 -0.341110  
1108 31.170000 -0.870722 -0.340280  
1109 31.180000 -0.867323 -0.339453  
1110 31.190000 -0.863933 -0.338629  
1111 31.200000 -0.860551 -0.337807  
1112 31.210000 -0.857177 -0.336987  
1113 31.220000 -0.853811 -0.336170  
1114 31.230000 -0.850453 -0.335356  
1115 31.240000 -0.847104 -0.334544  
1116 31.250000 -0.843762 -0.333735  
1117 31.260000 -0.840429 -0.332928  
1118 31.270000 -0.837104 -0.332124  
1119 31.280000 -0.833787 -0.331322  
1120 31.290000 -0.830477 -0.330523  
1121 31.300000 -0.827176 -0.329726  
1122 31.310000 -0.823883 -0.328932  
1123 31.320000 -0.820597 -0.328140  
1124 31.330000 -0.817320 -0.327351  
1125 31.340000 -0.814050 -0.326564  
1126 31.350000 -0.810789 -0.325779  
1127 31.360000 -0.807535 -0.324997  
1128 31.370000 -0.804289 -0.324217  
1129 31.380000 -0.801051 -0.323440  
1130 31.390000 -0.797820 -0.322665  
1131 31.400000 -0.794597 -0.321893  
1132 31.410000 -0.791382 -0.321123  
1133 31.420000 -0.788175 -0.320355  
1134 31.430000 -0.784975 -0.319589  
1135 31.440000 -0.781783 -0.318826  
1136 31.450000 -0.778598 -0.318066  
1137 31.460000 -0.775422 -0.317307  
1138 31.470000 -0.772252 -0.316551  
1139 31.480000 -0.769091 -0.315797  
1140 31.490000 -0.765936 -0.315046  
1141 31.500000 -0.762790 -0.314297  
1142 31.510000 -0.759650 -0.313550  
1143 31.520000 -0.756519 -0.312805  
1144 31.530000 -0.753394 -0.312063  
1145 31.540000 -0.750277 -0.311323  
1146 31.550000 -0.747168 -0.310585  
1147 31.560000 -0.744066 -0.309850  
1148 31.570000 -0.740971 -0.309116  
1149 31.580000 -0.737883 -0.308385  
1150 31.590000 -0.734803 -0.307656  
1151 31.600000 -0.731730 -0.306930  
1152 31.610000 -0.728665 -0.306205  
1153 31.620000 -0.725606 -0.305483  
1154 31.630000 -0.722555 -0.304763  
1155 31.640000 -0.719511 -0.304045  
1156 31.650000 -0.716474 -0.303329  
1157 31.660000 -0.713444 -0.302615  
1158 31.670000 -0.710422 -0.301904  
1159 31.680000 -0.707406 -0.301195  
1160 31.690000 -0.704398 -0.300488  
1161 31.700000 -0.701396 -0.299782  
1162 31.710000 -0.698402 -0.299080  
1163 31.720000 -0.695415 -0.298379  
1164 31.730000 -0.692435 -0.297680  
1165 31.740000 -0.689461 -0.296983  
1166 31.750000 -0.686495 -0.296289  
1167 31.760000 -0.683535 -0.295597  
1168 31.770000 -0.680583 -0.294906  
1169 31.780000 -0.677637 -0.294218  
1170 31.790000 -0.674699 -0.293532  
1171 31.800000 -0.671767 -0.292848  
1172 31.810000 -0.668842 -0.292165  
1173 31.820000 -0.665923 -0.291485  
1174 31.830000 -0.663012 -0.290807  
1175 31.840000 -0.660107 -0.290131  
1176 31.850000 -0.657209 -0.289457  
1177 31.860000 -0.654318 -0.288785  
1178 31.870000 -0.651434 -0.288115  
1179 31.880000 -0.648556 -0.287447  
1180 31.890000 -0.645685 -0.286781  
1181 31.900000 -0.642820 -0.286117  
1182 31.910000 -0.639962 -0.285455  
1183 31.920000 -0.637111 -0.284795  
1184 31.930000 -0.634266 -0.284137  
1185 31.940000 -0.631428 -0.283480  
1186 31.950000 -0.628597 -0.282826  
1187 31.960000 -0.625772 -0.282174  
1188 31.970000 -0.622953 -0.281523  
1189 31.980000 -0.620141 -0.280875  
1190 31.990000 -0.617336 -0.280228  
1191 32.000000 -0.614537 -0.279583  
1192 32.010000 -0.611744 -0.278941  
1193 32.020000 -0.608958 -0.278300  
1194 32.030000 -0.606178 -0.277661  
1195 32.040000 -0.603405 -0.277024  
1196 32.050000 -0.600638 -0.276388  
1197 32.060000 -0.597877 -0.275755  
1198 32.070000 -0.595122 -0.275123  
1199 32.080000 -0.592374 -0.274494  
1200 32.090000 -0.589633 -0.273866  
1201 32.100000 -0.586897 -0.273240  
1202 32.110000 -0.584168 -0.272616  
1203 32.120000 -0.581445 -0.271993  
1204 32.130000 -0.578728 -0.271373  
1205 32.140000 -0.576017 -0.270754  
1206 32.150000 -0.573313 -0.270137  
1207 32.160000 -0.570615 -0.269522  
1208 32.170000 -0.567922 -0.268909  
1209 32.180000 -0.565236 -0.268297  
1210 32.190000 -0.562556 -0.267687  
1211 32.200000 -0.559883 -0.267079  
1212 32.210000 -0.557215 -0.266473  
1213 32.220000 -0.554553 -0.265869  
1214 32.230000 -0.551897 -0.265266  
1215 32.240000 -0.549248 -0.264665  
1216 32.250000 -0.546604 -0.264066  
1217 32.260000 -0.543966 -0.263468  
1218 32.270000 -0.541335 -0.262872  
1219 32.280000 -0.538709 -0.262278  
1220 32.290000 -0.536089 -0.261686  
1221 32.300000 -0.533475 -0.261095  
1222 32.310000 -0.530867 -0.260507  
1223 32.320000 -0.528265 -0.259919  
1224 32.330000 -0.525669 -0.259334  
1225 32.340000 -0.523078 -0.258750  
1226 32.350000 -0.520494 -0.258168  
1227 32.360000 -0.517915 -0.257587  
1228 32.370000 -0.515342 -0.257008  
1229 32.380000 -0.512775 -0.256431  
1230 32.390000 -0.510214 -0.255856  
1231 32.400000 -0.507658 -0.255282  
1232 32.410000 -0.505108 -0.254710  
1233 32.420000 -0.502564 -0.254139  
1234 32.430000 -0.500025 -0.253570  
1235 32.440000 -0.497492 -0.253003  
1236 32.450000 -0.494965 -0.252437  
1237 32.460000 -0.492443 -0.251873  
1238 32.470000 -0.489928 -0.251311  
1239 32.480000 -0.487417 -0.250750  
1240 32.490000 -0.484913 -0.250191  
1241 32.500000 -0.482413 -0.249633  
1242 32.510000 -0.479920 -0.249077  
1243 32.520000 -0.477432 -0.248522  
1244 32.530000 -0.474949 -0.247970  
1245 32.540000 -0.472472 -0.247418  
1246 32.550000 -0.470001 -0.246868  
1247 32.560000 -0.467535 -0.246320  
1248 32.570000 -0.465075 -0.245774  
1249 32.580000 -0.462620 -0.245228  
1250 32.590000 -0.460170 -0.244685  
1251 32.600000 -0.457726 -0.244143  
1252 32.610000 -0.455287 -0.243602  
1253 32.620000 -0.452854 -0.243063  
1254 32.630000 -0.450426 -0.242526  
1255 32.640000 -0.448003 -0.241990  
1256 32.650000 -0.445586 -0.241456  
1257 32.660000 -0.443174 -0.240923  
1258 32.670000 -0.440768 -0.240391  
1259 32.680000 -0.438366 -0.239861  
1260 32.690000 -0.435970 -0.239333  
1261 32.700000 -0.433580 -0.238806  
1262 32.710000 -0.431194 -0.238280  
1263 32.720000 -0.428814 -0.237756  
1264 32.730000 -0.426439 -0.237234  
1265 32.740000 -0.424069 -0.236713  
1266 32.750000 -0.421705 -0.236193  
1267 32.760000 -0.419346 -0.235675  
1268 32.770000 -0.416991 -0.235158  
1269 32.780000 -0.414642 -0.234643  
1270 32.790000 -0.412299 -0.234129  
1271 32.800000 -0.409960 -0.233617  
1272 32.810000 -0.407626 -0.233106  
1273 32.820000 -0.405298 -0.232597  
1274 32.830000 -0.402974 -0.232088  
1275 32.840000 -0.400656 -0.231582  
1276 32.850000 -0.398343 -0.231077  
1277 32.860000 -0.396034 -0.230573  
1278 32.870000 -0.393731 -0.230070  
1279 32.880000 -0.391433 -0.229569  
1280 32.890000 -0.389140 -0.229069  
1281 32.900000 -0.386852 -0.228571  
1282 32.910000 -0.384568 -0.228074  
1283 32.920000 -0.382290 -0.227579  
1284 32.930000 -0.380017 -0.227085  
1285 32.940000 -0.377748 -0.226592  
1286 32.950000 -0.375485 -0.226100  
1287 32.960000 -0.373226 -0.225610  
1288 32.970000 -0.370973 -0.225122  
1289 32.980000 -0.368724 -0.224634  
1290 32.990000 -0.366480 -0.224148  
1291 33.000000 -0.364241 -0.223663  
1292 33.010000 -0.362007 -0.223180  
1293 33.020000 -0.359777 -0.222698  
1294 33.030000 -0.357553 -0.222217  
1295 33.040000 -0.355333 -0.221738  
1296 33.050000 -0.353118 -0.221260  
1297 33.060000 -0.350908 -0.220783  
1298 33.070000 -0.348702 -0.220308  
1299 33.080000 -0.346502 -0.219834  
1300 33.090000 -0.344306 -0.219361  
1301 33.100000 -0.342114 -0.218889  
1302 33.110000 -0.339928 -0.218419  
1303 33.120000 -0.337746 -0.217950  
1304 33.130000 -0.335569 -0.217483  
1305 33.140000 -0.333396 -0.217016  
1306 33.150000 -0.331229 -0.216551  
1307 33.160000 -0.329065 -0.216087  
1308 33.170000 -0.326907 -0.215625  
1309 33.180000 -0.324753 -0.215163  
1310 33.190000 -0.322604 -0.214703  
1311 33.200000 -0.320459 -0.214244  
1312 33.210000 -0.318319 -0.213787  
1313 33.220000 -0.316183 -0.213330  
1314 33.230000 -0.314052 -0.212875  
1315 33.240000 -0.311926 -0.212422  
1316 33.250000 -0.309804 -0.211969  
1317 33.260000 -0.307686 -0.211518  
1318 33.270000 -0.305573 -0.211067  
1319 33.280000 -0.303465 -0.210618  
1320 33.290000 -0.301361 -0.210171  
1321 33.300000 -0.299261 -0.209724  
1322 33.310000 -0.297166 -0.209279  
1323 33.320000 -0.295076 -0.208835  
1324 33.330000 -0.292990 -0.208392  
1325 33.340000 -0.290908 -0.207950  
1326 33.350000 -0.288831 -0.207510  
1327 33.360000 -0.286758 -0.207070  
1328 33.370000 -0.284689 -0.206632  
1329 33.380000 -0.282625 -0.206195  
1330 33.390000 -0.280565 -0.205759  
1331 33.400000 -0.278510 -0.205325  
1332 33.410000 -0.276459 -0.204891  
1333 33.420000 -0.274412 -0.204459  
1334 33.430000 -0.272370 -0.204028  
1335 33.440000 -0.270332 -0.203598  
1336 33.450000 -0.268298 -0.203169  
1337 33.460000 -0.266268 -0.202741  
1338 33.470000 -0.264243 -0.202315  
1339 33.480000 -0.262222 -0.201889  
1340 33.490000 -0.260205 -0.201465  
1341 33.500000 -0.258193 -0.201042  
1342 33.510000 -0.256184 -0.200620  
1343 33.520000 -0.254180 -0.200199  
1344 33.530000 -0.252180 -0.199779  
1345 33.540000 -0.250185 -0.199361  
1346 33.550000 -0.248193 -0.198943  
1347 33.560000 -0.246206 -0.198527  
1348 33.570000 -0.244223 -0.198112  
1349 33.580000 -0.242243 -0.197697  
1350 33.590000 -0.240269 -0.197284  
1351 33.600000 -0.238298 -0.196872  
1352 33.610000 -0.236331 -0.196461  
1353 33.620000 -0.234369 -0.196052  
1354 33.630000 -0.232410 -0.195643  
1355 33.640000 -0.230456 -0.195235  
1356 33.650000 -0.228505 -0.194829  
1357 33.660000 -0.226559 -0.194423  
1358 33.670000 -0.224617 -0.194019  
1359 33.680000 -0.222679 -0.193615  
1360 33.690000 -0.220745 -0.193213  
1361 33.700000 -0.218814 -0.192812  
1362 33.710000 -0.216888 -0.192412  
1363 33.720000 -0.214966 -0.192013  
1364 33.730000 -0.213048 -0.191615  
1365 33.740000 -0.211134 -0.191218  
1366 33.750000 -0.209224 -0.190822  
1367 33.760000 -0.207317 -0.190427  
1368 33.770000 -0.205415 -0.190033  
1369 33.780000 -0.203517 -0.189640  
1370 33.790000 -0.201622 -0.189248  
1371 33.800000 -0.199732 -0.188857  
1372 33.810000 -0.197845 -0.188468  
1373 33.820000 -0.195963 -0.188079  
1374 33.830000 -0.194084 -0.187691  
1375 33.840000 -0.192209 -0.187305  
1376 33.850000 -0.190338 -0.186919  
1377 33.860000 -0.188470 -0.186534  
1378 33.870000 -0.186607 -0.186150  
1379 33.880000 -0.184747 -0.185768  
1380 33.890000 -0.182892 -0.185386  
1381 33.900000 -0.181040 -0.185005  
1382 33.910000 -0.179191 -0.184626  
1383 33.920000 -0.177347 -0.184247  
1384 33.930000 -0.175506 -0.183869  
1385 33.940000 -0.173670 -0.183493  
1386 33.950000 -0.171837 -0.183117  
1387 33.960000 -0.170007 -0.182742  
1388 33.970000 -0.168182 -0.182368  
1389 33.980000 -0.166360 -0.181995  
1390 33.990000 -0.164542 -0.181623  
1391 34.000000 -0.162727 -0.181253  
1392 34.010000 -0.160917 -0.180883  
1393 34.020000 -0.159110 -0.180514  
1394 34.030000 -0.157307 -0.180146  
1395 34.040000 -0.155507 -0.179779  
1396 34.050000 -0.153711 -0.179412  
1397 34.060000 -0.151919 -0.179047  
1398 34.070000 -0.150130 -0.178683  
1399 34.080000 -0.148345 -0.178320  
1400 34.090000 -0.146564 -0.177957  
1401 34.100000 -0.144786 -0.177596  
1402 34.110000 -0.143012 -0.177235  
1403 34.120000 -0.141241 -0.176876  
1404 34.130000 -0.139474 -0.176517  
1405 34.140000 -0.137711 -0.176159  
1406 34.150000 -0.135951 -0.175803  
1407 34.160000 -0.134195 -0.175447  
1408 34.170000 -0.132442 -0.175092  
1409 34.180000 -0.130693 -0.174738  
1410 34.190000 -0.128947 -0.174384  
1411 34.200000 -0.127205 -0.174032  
1412 34.210000 -0.125467 -0.173681  
1413 34.220000 -0.123732 -0.173330  
1414 34.230000 -0.122000 -0.172981  
1415 34.240000 -0.120272 -0.172632  
1416 34.250000 -0.118547 -0.172284  
1417 34.260000 -0.116826 -0.171938  
1418 34.270000 -0.115109 -0.171592  
1419 34.280000 -0.113394 -0.171246  
1420 34.290000 -0.111684 -0.170902  
1421 34.300000 -0.109976 -0.170559  
1422 34.310000 -0.108273 -0.170216  
1423 34.320000 -0.106572 -0.169875  
1424 34.330000 -0.104875 -0.169534  
1425 34.340000 -0.103181 -0.169194  
1426 34.350000 -0.101491 -0.168855  
1427 34.360000 -0.099804 -0.168517  
1428 34.370000 -0.098121 -0.168180  
1429 34.380000 -0.096441 -0.167843  
1430 34.390000 -0.094764 -0.167508  
1431 34.400000 -0.093091 -0.167173  
1432 34.410000 -0.091420 -0.166839  
1433 34.420000 -0.089754 -0.166506  
1434 34.430000 -0.088090 -0.166174  
1435 34.440000 -0.086430 -0.165842  
1436 34.450000 -0.084774 -0.165512  
1437 34.460000 -0.083120 -0.165182  
1438 34.470000 -0.081470 -0.164853  
1439 34.480000 -0.079823 -0.164525  
1440 34.490000 -0.078179 -0.164198  
1441 34.500000 -0.076539 -0.163872  
1442 34.510000 -0.074902 -0.163546  
1443 34.520000 -0.073268 -0.163221  
1444 34.530000 -0.071637 -0.162897  
1445 34.540000 -0.070010 -0.162574  
1446 34.550000 -0.068386 -0.162252  
1447 34.560000 -0.066765 -0.161930  
1448 34.570000 -0.065147 -0.161610  
1449 34.580000 -0.063533 -0.161290  
1450 34.590000 -0.061922 -0.160971  
1451 34.600000 -0.060313 -0.160652  
1452 34.610000 -0.058709 -0.160335  
1453 34.620000 -0.057107 -0.160018  
1454 34.630000 -0.055508 -0.159702  
1455 34.640000 -0.053913 -0.159387  
1456 34.650000 -0.052320 -0.159073  
1457 34.660000 -0.050731 -0.158759  
1458 34.670000 -0.049145 -0.158447  
1459 34.680000 -0.047562 -0.158135  
1460 34.690000 -0.045983 -0.157823  
1461 34.700000 -0.044406 -0.157513  
1462 34.710000 -0.042832 -0.157203  
1463 34.720000 -0.041262 -0.156894  
1464 34.730000 -0.039694 -0.156586  
1465 34.740000 -0.038130 -0.156279  
1466 34.750000 -0.036569 -0.155972  
1467 34.760000 -0.035011 -0.155667  
1468 34.770000 -0.033455 -0.155361  
1469 34.780000 -0.031903 -0.155057  
1470 34.790000 -0.030354 -0.154754  
1471 34.800000 -0.028808 -0.154451  
1472 34.810000 -0.027265 -0.154149  
1473 34.820000 -0.025725 -0.153847  
1474 34.830000 -0.024188 -0.153547  
1475 34.840000 -0.022654 -0.153247  
1476 34.850000 -0.021123 -0.152948  
1477 34.860000 -0.019595 -0.152650  
1478 34.870000 -0.018070 -0.152352  
1479 34.880000 -0.016548 -0.152055  
1480 34.890000 -0.015029 -0.151759  
1481 34.900000 -0.013513 -0.151464  
1482 34.910000 -0.012000 -0.151169  
1483 34.920000 -0.010490 -0.150875  
1484 34.930000 -0.008983 -0.150582  
1485 34.940000 -0.007478 -0.150289  
1486 34.950000 -0.005977 -0.149997  
1487 34.960000 -0.004478 -0.149706  
1488 34.970000 -0.002983 -0.149416  
1489 34.980000 -0.001490 -0.149126  
1490 34.990000 -0.000000 -0.148837  
