1 10.100000 5058113191937719296.000000 2348045450311842816.000000 
2 10.110000 2142734891645523712.000000 904187915958601600.000000 
3 10.120000 978105508731358720.000000 378306552508160832.000000 
4 10.130000 475380437702853632.000000 169701347756107200.000000 
5 10.140000 243721565463179232.000000 80777918480523616.000000 
6 10.150000 130839837623882032.000000 40467495453936408.000000 
7 10.160000 73113365560607456.000000 21196135519373576.000000 
8 10.170000 42320604474033856.000000 11545070342967704.000000 
9 10.180000 25272917855506876.000000 6510010759733532.000000 
10 10.190000 15518207036320434.000000 3786024115379332.000000 
11 10.200000 9769453015035882.000000 2263725248019622.500000 
12 10.210000 6290469428125317.000000 1387799278286217.250000 
13 10.220000 4133989025309355.500000 870322810442359.875000 
14 10.230000 2767833101993762.500000 557196024207973.687500 
15 10.240000 1884978762843277.000000 363533769423370.062500 
16 10.250000 1303962222332842.250000 241334548370708.375000 
17 10.260000 915129682654739.500000 162794639493214.406250 
18 10.270000 650858855044559.625000 111450368157632.187500 
19 10.280000 468658576382940.062500 77352786697960.968750 
20 10.290000 341362066690301.875000 54375713910136.703125 
21 10.300000 251318564116134.031250 38680546974241.664062 
22 10.310000 186887163105522.718750 27822742247236.613281 
23 10.320000 140282661300675.687500 20221822869264.324219 
24 10.330000 106230116481643.250000 14841417467724.718750 
25 10.340000 81111495390285.187500 10992887105977.843750 
26 10.350000 62416589727402.726562 8212929564596.123047 
27 10.360000 48384909209365.296875 6186180165876.998047 
28 10.370000 37769144685218.390625 4695596485579.919922 
29 10.380000 29677051663062.308594 3590243205434.229492 
30 10.390000 23464555983005.652344 2764120411963.333984 
31 10.400000 18662713466467.980469 2142089710227.136230 
32 10.410000 14927295509370.667969 1670416866411.496582 
33 10.420000 12003657121205.218750 1310351162789.238037 
34 10.430000 9702031308488.943359 1033723754130.828979 
35 10.440000 7880004807480.224609 819902091325.191284 
36 10.450000 6429985105127.529297 653663992448.878906 
37 10.460000 5270166623547.413086 523701157123.606567 
38 10.470000 4337970258936.946777 421557291682.436462 
39 10.480000 3585244963495.106934 340868841712.791077 
40 10.490000 2974734072639.639648 276818113395.657227 
41 10.500000 2477455965205.110840 225736607131.900970 
42 10.510000 2070750284612.861816 184815369812.033447 
43 10.520000 1736811833567.766113 151892129331.820801 
44 10.530000 1461584062181.995361 125293889761.947342 
45 10.540000 1233919319297.967041 103719845994.977356 
46 10.550000 1044938156726.732910 86153792846.584015 
47 10.560000 887537996281.671631 71798239047.943268 
48 10.570000 756014479166.536743 60024585794.594887 
49 10.580000 645768267397.545776 50335261168.449570 
50 10.590000 553076972075.736938 42334800127.433319 
51 10.600000 474916957641.765259 35707652183.264305 
52 10.610000 408823520672.884583 30201073913.549835 
53 10.620000 352780726944.215881 25611883066.782063 
54 10.630000 305134269957.764221 21776158882.073467 
55 10.640000 264522274423.921539 18561200302.992443 
56 10.650000 229820144492.613556 15859222073.569298 
57 10.660000 200096447467.066193 13582394075.770790 
58 10.670000 174577501544.846497 11658923097.577442 
59 10.680000 152618854034.951782 10029946766.530769 
60 10.690000 133682233881.905457 8647062658.787220 
61 10.700000 117316868474.797379 7470355999.525642 
62 10.710000 103144291508.010437 6466820143.656219 
63 10.720000 90845952504.684311 5609087557.447098 
64 10.730000 80153081881.899017 4874407086.637826 
65 10.740000 70838377486.171127 4243817217.718903 
66 10.750000 62709166468.519104 3701475806.598541 
67 10.760000 55601765622.342674 3234115107.213505 
68 10.770000 49376818025.803337 2830597443.521851 
69 10.780000 43915427203.251228 2481551957.347092 
70 10.790000 39115944507.579185 2179076855.397837 
71 10.800000 34891292931.055153 1916494718.525752 
72 10.810000 31166732554.656944 1688150914.171504 
73 10.820000 27877990497.101295 1489247114.474150 
74 10.830000 24969692425.031067 1315703479.909929 
75 10.840000 22394044141.199078 1164044308.432164 
76 10.850000 20109721033.293003 1031302940.338888 
77 10.860000 18080930680.325394 914942502.017105 
78 10.870000 16276620022.887222 812789708.335049 
79 10.880000 14669803483.033173 722979455.927617 
80 10.890000 13236992487.945555 643908353.213148 
81 10.900000 11957710183.382797 574195667.605885 
82 10.910000 10814077857.903162 512650441.786515 
83 10.920000 9790461848.971310 458243751.536229 
84 10.930000 8873171557.335728 410085257.437274 
85 10.940000 8050200729.110209 367403349.591362 
86 10.950000 7311005434.434213 329528304.711664 
87 10.960000 6646313224.923075 295877973.553327 
88 10.970000 6047958827.904967 265945597.713877 
89 10.980000 5508742465.044373 239289421.618444 
90 10.990000 5022307491.942152 215523820.634095 
91 11.000000 4583034564.591029 194311711.857897 
92 11.010000 4185949965.252884 175358051.914939 
93 11.020000 3826646078.467779 158404257.483318 
94 11.030000 3501212309.041921 143223410.368932 
95 11.040000 3206174987.511191 129616130.710783 
96 11.050000 2938445022.593034 117407020.064222 
97 11.060000 2695272241.013567 106441591.304456 
98 11.070000 2474205508.216021 96583615.024186 
99 11.080000 2273057853.286247 87712822.784647 
100 11.090000 2089875931.687445 79722916.562513 
101 11.100000 1922913253.176231 72519841.299563 
102 11.110000 1770606682.158052 66020283.842005 
103 11.120000 1631555785.892250 60150366.945756 
104 11.130000 1504504664.184027 54844511.583738 
105 11.140000 1388325944.019636 50044444.654834 
106 11.150000 1282006665.285536 45698332.472747 
107 11.160000 1184635820.335223 41760023.199264 
108 11.170000 1095393341.632542 38188383.757702 
109 11.180000 1013540358.769135 34946718.783147 
110 11.190000 938410569.472360 32002260.890856 
111 11.200000 869402589.332670 29325723.018016 
112 11.210000 805973162.350173 26890904.855382 
113 11.220000 747631129.420165 24674346.465981 
114 11.230000 693932064.881827 22655023.115327 
115 11.240000 644473502.526460 20814076.134105 
116 11.250000 598890682.244062 19134575.319375 
117 11.260000 556852756.986811 17601308.970393 
118 11.270000 518059407.121140 16200598.163823 
119 11.280000 482237815.678511 14920132.312279 
120 11.290000 449139963.627863 13748823.429665 
121 11.300000 418540209.191305 12676676.855153 
122 11.310000 390233119.504475 11694676.472139 
123 11.320000 364031526.666131 10794682.705130 
124 11.330000 339764783.498794 9969341.791745 
125 11.340000 317277197.214352 9212005.013052 
126 11.350000 296426621.698422 8516656.727446 
127 11.360000 277083191.339923 7877850.194249 
128 11.370000 259128181.277439 7290650.296163 
129 11.380000 242452980.645449 6750582.377012 
130 11.390000 226958166.910631 6253586.504905 
131 11.400000 212552670.717328 5795976.552928 
132 11.410000 199153021.833513 5374403.561191 
133 11.420000 186682667.824074 4985822.906909 
134 11.430000 175071357.993374 4627464.864303 
135 11.440000 164254585.948841 4296808.184469 
136 11.450000 154173084.854231 3991556.367890 
137 11.460000 144772370.076735 3709616.339596 
138 11.470000 136002324.495615 3449079.269910 
139 11.480000 127816822.240481 3208203.312648 
140 11.490000 120173387.071815 2985398.058225 
141 11.500000 113032882.011621 2779210.521619 
142 11.510000 106359227.183855 2588312.505098 
143 11.520000 100119143.137526 2411489.193159 
144 11.530000 94281917.204589 2247628.852734 
145 11.540000 88819190.693819 2095713.525464 
146 11.550000 83704764.944098 1954810.611092 
147 11.560000 78914424.459248 1824065.251789 
148 11.570000 74425775.523968 1702693.436913 
149 11.580000 70218098.859363 1589975.756151 
150 11.590000 66272215.018668 1485251.736644 
151 11.600000 62570361.351220 1387914.706395 
152 11.610000 59096079.476915 1297407.132278 
153 11.620000 55834112.315844 1213216.386319 
154 11.630000 52770309.809824 1134870.898675 
155 11.640000 49891542.555126 1061936.659982 
156 11.650000 47185622.640060 994014.039557 
157 11.660000 44641231.047827 930734.889319 
158 11.670000 42247851.045269 871759.906302 
159 11.680000 39995707.032283 816776.229382 
160 11.690000 37875708.375525 765495.248236 
161 11.700000 35879397.794047 717650.604728 
162 11.710000 33998903.904278 672996.368865 
163 11.720000 32226897.567612 631305.373228 
164 11.730000 30556551.716325 592367.691305 
165 11.740000 28981504.362815 555989.246621 
166 11.750000 27495824.523701 521990.540761 
167 11.760000 26093980.814313 490205.489563 
168 11.770000 24770812.490810 460480.357767 
169 11.780000 23521502.736891 432672.783302 
170 11.790000 22341554.009895 406650.883267 
171 11.800000 21226765.277291 382292.434361 
172 11.810000 20173210.989261 359484.121226 
173 11.820000 19177221.646424 338120.846751 
174 11.830000 18235365.833874 318105.098947 
175 11.840000 17344433.603760 299346.369484 
176 11.850000 16501421.098626 281760.619449 
177 11.860000 15703516.316898 265269.788265 
178 11.870000 14948085.930179 249801.342090 
179 11.880000 14232663.069625 235287.858347 
180 11.890000 13554936.005538 221666.643332 
181 11.900000 12912737.650635 208879.380112 
182 11.910000 12304035.823179 196871.804189 
183 11.920000 11726924.211400 185593.404611 
184 11.930000 11179613.985428 174997.148422 
185 11.940000 10660426.007327 165039.226531 
186 11.950000 10167783.593815 155678.819238 
187 11.960000 9700205.789923 146877.879814 
188 11.970000 9256301.115173 138600.934660 
189 11.980000 8834761.746931 130814.898721 
190 11.990000 8434358.108389 123488.904903 
191 12.000000 8053933.831204 116594.146394 
192 12.010000 7692401.065173 110103.730836 
193 12.020000 7348736.109471 103992.545432 
194 12.030000 7021975.341992 98237.132099 
195 12.040000 6711211.425117 92815.571894 
196 12.050000 6415589.767920 87707.377981 
197 12.060000 6134305.226352 82893.396467 
198 12.070000 5866599.024355 78355.714505 
199 12.080000 5611755.880153 74077.575100 
200 12.090000 5369101.323151 70043.298093 
201 12.100000 5137999.187987 66238.206870 
202 12.110000 4917849.273259 62648.560331 
203 12.120000 4708085.153428 59261.489748 
204 12.130000 4508172.133194 56064.940124 
205 12.140000 4317605.334489 53047.615718 
206 12.150000 4135907.906908 50198.929427 
207 12.160000 3962629.353103 47508.955736 
208 12.170000 3797343.961283 44968.386968 
209 12.180000 3639649.337496 42568.492592 
210 12.190000 3489165.030957 40301.081364 
211 12.200000 3345531.246115 38158.466092 
212 12.210000 3208407.635644 36133.430831 
213 12.220000 3077472.168926 34219.200338 
214 12.230000 2952420.071020 32409.411615 
215 12.240000 2832962.827404 30698.087392 
216 12.250000 2718827.250187 29079.611418 
217 12.260000 2609754.601708 27548.705413 
218 12.270000 2505499.771797 26100.407585 
219 12.280000 2405830.505169 24730.052578 
220 12.290000 2310526.675724 23433.252774 
221 12.300000 2219379.604693 22205.880824 
222 12.310000 2132191.419824 21044.053354 
223 12.320000 2048774.452978 19944.115737 
224 12.330000 1968950.673663 18902.627877 
225 12.340000 1892551.156245 17916.350912 
226 12.350000 1819415.578689 16982.234803 
227 12.360000 1749391.750842 16097.406717 
228 12.370000 1682335.170408 15259.160171 
229 12.380000 1618108.604884 14464.944875 
230 12.390000 1556581.697828 13712.357230 
231 12.400000 1497630.597970 12999.131433 
232 12.410000 1441137.609727 12323.131155 
233 12.420000 1386990.863837 11682.341745 
234 12.430000 1335084.006849 11074.862932 
235 12.440000 1285315.908339 10498.901981 
236 12.450000 1237590.384762 9952.767293 
237 12.460000 1191815.938939 9434.862396 
238 12.470000 1147905.514234 8943.680313 
239 12.480000 1105776.262533 8477.798289 
240 12.490000 1065349.325212 8035.872833 
241 12.500000 1026549.626301 7616.635082 
242 12.510000 989305.677142 7218.886434 
243 12.520000 953549.391838 6841.494466 
244 12.530000 919215.912875 6483.389090 
245 12.540000 886243.446310 6143.558949 
246 12.550000 854573.105970 5821.048031 
247 12.560000 824148.766133 5514.952491 
248 12.570000 794916.922205 5224.417660 
249 12.580000 766826.558922 4948.635238 
250 12.590000 739829.025656 4686.840656 
251 12.600000 713877.918402 4438.310591 
252 12.610000 688928.968074 4202.360637 
253 12.620000 664939.934752 3978.343107 
254 12.630000 641870.507535 3765.644969 
255 12.640000 619682.209691 3563.685905 
256 12.650000 598338.308795 3371.916479 
257 12.660000 577803.731585 3189.816422 
258 12.670000 558044.983275 3016.893006 
259 12.680000 539030.071057 2852.679520 
260 12.690000 520728.431585 2696.733835 
261 12.700000 503110.862203 2548.637048 
262 12.710000 486149.455718 2407.992206 
263 12.720000 469817.538517 2274.423107 
264 12.730000 454089.611857 2147.573165 
265 12.740000 438941.296146 2027.104341 
266 12.750000 424349.278045 1912.696138 
267 12.760000 410291.260263 1804.044650 
268 12.770000 396745.913867 1700.861666 
269 12.780000 383692.833007 1602.873825 
270 12.790000 371112.491888 1509.821818 
271 12.800000 358986.203912 1421.459639 
272 12.810000 347296.082832 1337.553867 
273 12.820000 336025.005842 1257.883002 
274 12.830000 325156.578491 1182.236830 
275 12.840000 314675.101318 1110.415823 
276 12.850000 304565.538130 1042.230577 
277 12.860000 294813.485825 977.501273 
278 12.870000 285405.145689 916.057181 
279 12.880000 276327.296089 857.736175 
280 12.890000 267567.266479 802.384288 
281 12.900000 259112.912673 749.855285 
282 12.910000 250952.593290 700.010260 
283 12.920000 243075.147346 652.717252 
284 12.930000 235469.872898 607.850893 
285 12.940000 228126.506719 565.292060 
286 12.950000 221035.204931 524.927556 
287 12.960000 214186.524551 486.649803 
288 12.970000 207571.405910 450.356557 
289 12.980000 201181.155901 415.950632 
290 12.990000 195007.432004 383.339644 
291 13.000000 189042.227061 352.435762 
292 13.010000 183277.854761 323.155481 
293 13.020000 177706.935793 295.419401 
294 13.030000 172322.384642 269.152016 
295 13.040000 167117.396993 244.281522 
296 13.050000 162085.437713 220.739629 
297 13.060000 157220.229386 198.461380 
298 13.070000 152515.741363 177.384990 
299 13.080000 147966.179321 157.451683 
300 13.090000 143565.975287 138.605542 
301 13.100000 139309.778119 120.793369 
302 13.110000 135192.444409 103.964544 
303 13.120000 131209.029800 88.070904 
304 13.130000 127354.780692 73.066615 
305 13.140000 123625.126317 58.908061 
306 13.150000 120015.671162 45.553730 
307 13.160000 116522.187737 32.964116 
308 13.170000 113140.609657 21.101614 
309 13.180000 109867.025028 9.930432 
310 13.190000 106697.670132 -0.583503 
311 13.200000 103628.923374 -10.472622 
312 13.210000 100657.299512 -19.767804 
313 13.220000 97779.444123 -28.498443 
314 13.230000 94992.128314 -36.692526 
315 13.240000 92292.243668 -44.376697 
316 13.250000 89676.797399 -51.576325 
317 13.260000 87142.907722 -58.315568 
318 13.270000 84687.799419 -64.617425 
319 13.280000 82308.799594 -70.503798 
320 13.290000 80003.333612 -75.995543 
321 13.300000 77768.921207 -81.112518 
322 13.310000 75603.172759 -85.873635 
323 13.320000 73503.785726 -90.296904 
324 13.330000 71468.541225 -94.399475 
325 13.340000 69495.300762 -98.197679 
326 13.350000 67582.003090 -101.707070 
327 13.360000 65726.661212 -104.942460 
328 13.370000 63927.359493 -107.917953 
329 13.380000 62182.250905 -110.646982 
330 13.390000 60489.554378 -113.142340 
331 13.400000 58847.552266 -115.416208 
332 13.410000 57254.587913 -117.480187 
333 13.420000 55709.063321 -119.345323 
334 13.430000 54209.436914 -121.022137 
335 13.440000 52754.221390 -122.520645 
336 13.450000 51341.981670 -123.850386 
337 13.460000 49971.332914 -125.020441 
338 13.470000 48640.938635 -126.039459 
339 13.480000 47349.508877 -126.915672 
340 13.490000 46095.798469 -127.656920 
341 13.500000 44878.605356 -128.270664 
342 13.510000 43696.768984 -128.764009 
343 13.520000 42549.168765 -129.143718 
344 13.530000 41434.722586 -129.416228 
345 13.540000 40352.385395 -129.587665 
346 13.550000 39301.147828 -129.663861 
347 13.560000 38280.034900 -129.650364 
348 13.570000 37288.104741 -129.552456 
349 13.580000 36324.447388 -129.375160 
350 13.590000 35388.183619 -129.123256 
351 13.600000 34478.463834 -128.801292 
352 13.610000 33594.466982 -128.413594 
353 13.620000 32735.399529 -127.964275 
354 13.630000 31900.494461 -127.457248 
355 13.640000 31089.010331 -126.896233 
356 13.650000 30300.230345 -126.284766 
357 13.660000 29533.461473 -125.626210 
358 13.670000 28788.033606 -124.923761 
359 13.680000 28063.298735 -124.180456 
360 13.690000 27358.630171 -123.399179 
361 13.700000 26673.421785 -122.582672 
362 13.710000 26007.087286 -121.733539 
363 13.720000 25359.059517 -120.854252 
364 13.730000 24728.789787 -119.947158 
365 13.740000 24115.747221 -119.014485 
366 13.750000 23519.418136 -118.058348 
367 13.760000 22939.305446 -117.080753 
368 13.770000 22374.928080 -116.083603 
369 13.780000 21825.820427 -115.068702 
370 13.790000 21291.531805 -114.037760 
371 13.800000 20771.625940 -112.992400 
372 13.810000 20265.680473 -111.934157 
373 13.820000 19773.286481 -110.864486 
374 13.830000 19294.048019 -109.784763 
375 13.840000 18827.581673 -108.696292 
376 13.850000 18373.516136 -107.600307 
377 13.860000 17931.491794 -106.497973 
378 13.870000 17501.160331 -105.390393 
379 13.880000 17082.184346 -104.278608 
380 13.890000 16674.236984 -103.163602 
381 13.900000 16277.001584 -102.046302 
382 13.910000 15890.171332 -100.927584 
383 13.920000 15513.448937 -99.808274 
384 13.930000 15146.546306 -98.689150 
385 13.940000 14789.184244 -97.570944 
386 13.950000 14441.092153 -96.454344 
387 13.960000 14102.007751 -95.339999 
388 13.970000 13771.676794 -94.228518 
389 13.980000 13449.852810 -93.120471 
390 13.990000 13136.296849 -92.016395 
391 14.000000 12830.777226 -90.916791 
392 14.010000 12533.069294 -89.822129 
393 14.020000 12242.955204 -88.732848 
394 14.030000 11960.223693 -87.649359 
395 14.040000 11684.669859 -86.572043 
396 14.050000 11416.094965 -85.501256 
397 14.060000 11154.306232 -84.437330 
398 14.070000 10899.116650 -83.380571 
399 14.080000 10650.344792 -82.331264 
400 14.090000 10407.814633 -81.289672 
401 14.100000 10171.355377 -80.256037 
402 14.110000 9940.801293 -79.230582 
403 14.120000 9715.991549 -78.213513 
404 14.130000 9496.770058 -77.205016 
405 14.140000 9282.985326 -76.205262 
406 14.150000 9074.490310 -75.214406 
407 14.160000 8871.142272 -74.232588 
408 14.170000 8672.802648 -73.259934 
409 14.180000 8479.336914 -72.296555 
410 14.190000 8290.614458 -71.342552 
411 14.200000 8106.508462 -70.398012 
412 14.210000 7926.895779 -69.463012 
413 14.220000 7751.656819 -68.537616 
414 14.230000 7580.675443 -67.621880 
415 14.240000 7413.838849 -66.715850 
416 14.250000 7251.037473 -65.819561 
417 14.260000 7092.164889 -64.933042 
418 14.270000 6937.117709 -64.056312 
419 14.280000 6785.795493 -63.189382 
420 14.290000 6638.100659 -62.332258 
421 14.300000 6493.938390 -61.484938 
422 14.310000 6353.216557 -60.647412 
423 14.320000 6215.845632 -59.819666 
424 14.330000 6081.738608 -59.001680 
425 14.340000 5950.810929 -58.193427 
426 14.350000 5822.980407 -57.394878 
427 14.360000 5698.167160 -56.605996 
428 14.370000 5576.293533 -55.826742 
429 14.380000 5457.284037 -55.057071 
430 14.390000 5341.065284 -54.296936 
431 14.400000 5227.565921 -53.546285 
432 14.410000 5116.716571 -52.805064 
433 14.420000 5008.449774 -52.073213 
434 14.430000 4902.699930 -51.350673 
435 14.440000 4799.403243 -50.637379 
436 14.450000 4698.497670 -49.933265 
437 14.460000 4599.922864 -49.238262 
438 14.470000 4503.620131 -48.552301 
439 14.480000 4409.532376 -47.875309 
440 14.490000 4317.604058 -47.207210 
441 14.500000 4227.781143 -46.547929 
442 14.510000 4140.011063 -45.897388 
443 14.520000 4054.242671 -45.255509 
444 14.530000 3970.426200 -44.622211 
445 14.540000 3888.513223 -43.997412 
446 14.550000 3808.456612 -43.381031 
447 14.560000 3730.210507 -42.772984 
448 14.570000 3653.730270 -42.173188 
449 14.580000 3578.972459 -41.581557 
450 14.590000 3505.894786 -40.998006 
451 14.600000 3434.456089 -40.422451 
452 14.610000 3364.616298 -39.854804 
453 14.620000 3296.336403 -39.294980 
454 14.630000 3229.578426 -38.742891 
455 14.640000 3164.305389 -38.198451 
456 14.650000 3100.481287 -37.661572 
457 14.660000 3038.071061 -37.132169 
458 14.670000 2977.040570 -36.610154 
459 14.680000 2917.356566 -36.095440 
460 14.690000 2858.986669 -35.587940 
461 14.700000 2801.899340 -35.087569 
462 14.710000 2746.063863 -34.594239 
463 14.720000 2691.450316 -34.107864 
464 14.730000 2638.029553 -33.628360 
465 14.740000 2585.773178 -33.155640 
466 14.750000 2534.653531 -32.689620 
467 14.760000 2484.643660 -32.230215 
468 14.770000 2435.717308 -31.777341 
469 14.780000 2387.848887 -31.330915 
470 14.790000 2341.013466 -30.890853 
471 14.800000 2295.186749 -30.457074 
472 14.810000 2250.345060 -30.029494 
473 14.820000 2206.465324 -29.608034 
474 14.830000 2163.525049 -29.192611 
475 14.840000 2121.502317 -28.783147 
476 14.850000 2080.375759 -28.379561 
477 14.860000 2040.124548 -27.981775 
478 14.870000 2000.728380 -27.589711 
479 14.880000 1962.167461 -27.203292 
480 14.890000 1924.422492 -26.822440 
481 14.900000 1887.474659 -26.447081 
482 14.910000 1851.305616 -26.077138 
483 14.920000 1815.897474 -25.712537 
484 14.930000 1781.232790 -25.353205 
485 14.940000 1747.294553 -24.999068 
486 14.950000 1714.066174 -24.650055 
487 14.960000 1681.531474 -24.306093 
488 14.970000 1649.674673 -23.967113 
489 14.980000 1618.480379 -23.633044 
490 14.990000 1587.933581 -23.303817 
491 15.000000 1558.019632 -22.979364 
492 15.010000 1528.724247 -22.659617 
493 15.020000 1500.033489 -22.344509 
494 15.030000 1471.933761 -22.033975 
495 15.040000 1444.411797 -21.727949 
496 15.050000 1417.454653 -21.426367 
497 15.060000 1391.049700 -21.129164 
498 15.070000 1365.184613 -20.836279 
499 15.080000 1339.847367 -20.547648 
500 15.090000 1315.026225 -20.263211 
501 15.100000 1290.709733 -19.982907 
502 15.110000 1266.886712 -19.706676 
503 15.120000 1243.546253 -19.434459 
504 15.130000 1220.677705 -19.166198 
505 15.140000 1198.270674 -18.901835 
506 15.150000 1176.315012 -18.641313 
507 15.160000 1154.800814 -18.384576 
508 15.170000 1133.718409 -18.131569 
509 15.180000 1113.058357 -17.882238 
510 15.190000 1092.811440 -17.636528 
511 15.200000 1072.968657 -17.394386 
512 15.210000 1053.521221 -17.155759 
513 15.220000 1034.460552 -16.920597 
514 15.230000 1015.778271 -16.688848 
515 15.240000 997.466193 -16.460461 
516 15.250000 979.516329 -16.235388 
517 15.260000 961.920874 -16.013579 
518 15.270000 944.672204 -15.794985 
519 15.280000 927.762876 -15.579560 
520 15.290000 911.185618 -15.367256 
521 15.300000 894.933325 -15.158026 
522 15.310000 878.999059 -14.951827 
523 15.320000 863.376041 -14.748612 
524 15.330000 848.057650 -14.548336 
525 15.340000 833.037415 -14.350958 
526 15.350000 818.309016 -14.156432 
527 15.360000 803.866277 -13.964717 
528 15.370000 789.703163 -13.775771 
529 15.380000 775.813777 -13.589553 
530 15.390000 762.192358 -13.406022 
531 15.400000 748.833275 -13.225138 
532 15.410000 735.731026 -13.046862 
533 15.420000 722.880233 -12.871154 
534 15.430000 710.275639 -12.697976 
535 15.440000 697.912108 -12.527291 
536 15.450000 685.784619 -12.359061 
537 15.460000 673.888265 -12.193250 
538 15.470000 662.218247 -12.029821 
539 15.480000 650.769876 -11.868739 
540 15.490000 639.538569 -11.709969 
541 15.500000 628.519842 -11.553476 
542 15.510000 617.709314 -11.399226 
543 15.520000 607.102702 -11.247186 
544 15.530000 596.695816 -11.097322 
545 15.540000 586.484561 -10.949602 
546 15.550000 576.464934 -10.803995 
547 15.560000 566.633017 -10.660468 
548 15.570000 556.984981 -10.518990 
549 15.580000 547.517082 -10.379531 
550 15.590000 538.225658 -10.242060 
551 15.600000 529.107126 -10.106548 
552 15.610000 520.157985 -9.972966 
553 15.620000 511.374806 -9.841284 
554 15.630000 502.754241 -9.711475 
555 15.640000 494.293009 -9.583510 
556 15.650000 485.987906 -9.457362 
557 15.660000 477.835793 -9.333003 
558 15.670000 469.833604 -9.210407 
559 15.680000 461.978335 -9.089548 
560 15.690000 454.267050 -8.970400 
561 15.700000 446.696875 -8.852936 
562 15.710000 439.265000 -8.737133 
563 15.720000 431.968674 -8.622965 
564 15.730000 424.805204 -8.510408 
565 15.740000 417.771958 -8.399438 
566 15.750000 410.866358 -8.290031 
567 15.760000 404.085883 -8.182165 
568 15.770000 397.428063 -8.075815 
569 15.780000 390.890484 -7.970960 
570 15.790000 384.470782 -7.867577 
571 15.800000 378.166642 -7.765644 
572 15.810000 371.975801 -7.665141 
573 15.820000 365.896042 -7.566045 
574 15.830000 359.925196 -7.468335 
575 15.840000 354.061137 -7.371992 
576 15.850000 348.301788 -7.276995 
577 15.860000 342.645114 -7.183324 
578 15.870000 337.089121 -7.090959 
579 15.880000 331.631860 -6.999881 
580 15.890000 326.271420 -6.910071 
581 15.900000 321.005932 -6.821510 
582 15.910000 315.833566 -6.734179 
583 15.920000 310.752528 -6.648062 
584 15.930000 305.761064 -6.563138 
585 15.940000 300.857455 -6.479392 
586 15.950000 296.040017 -6.396805 
587 15.960000 291.307104 -6.315361 
588 15.970000 286.657100 -6.235043 
589 15.980000 282.088425 -6.155833 
590 15.990000 277.599531 -6.077716 
591 16.000000 273.188902 -6.000676 
592 16.010000 268.855053 -5.924697 
593 16.020000 264.596528 -5.849763 
594 16.030000 260.411905 -5.775859 
595 16.040000 256.299786 -5.702970 
596 16.050000 252.258804 -5.631081 
597 16.060000 248.287622 -5.560177 
598 16.070000 244.384925 -5.490244 
599 16.080000 240.549430 -5.421267 
600 16.090000 236.779877 -5.353233 
601 16.100000 233.075033 -5.286128 
602 16.110000 229.433688 -5.219939 
603 16.120000 225.854658 -5.154651 
604 16.130000 222.336784 -5.090252 
605 16.140000 218.878927 -5.026729 
606 16.150000 215.479975 -4.964069 
607 16.160000 212.138834 -4.902260 
608 16.170000 208.854436 -4.841289 
609 16.180000 205.625731 -4.781144 
610 16.190000 202.451692 -4.721813 
611 16.200000 199.331313 -4.663284 
612 16.210000 196.263605 -4.605546 
613 16.220000 193.247603 -4.548587 
614 16.230000 190.282357 -4.492395 
615 16.240000 187.366938 -4.436961 
616 16.250000 184.500436 -4.382272 
617 16.260000 181.681957 -4.328319 
618 16.270000 178.910627 -4.275090 
619 16.280000 176.185587 -4.222574 
620 16.290000 173.505996 -4.170763 
621 16.300000 170.871029 -4.119645 
622 16.310000 168.279878 -4.069211 
623 16.320000 165.731751 -4.019451 
624 16.330000 163.225870 -3.970354 
625 16.340000 160.761474 -3.921913 
626 16.350000 158.337815 -3.874116 
627 16.360000 155.954160 -3.826956 
628 16.370000 153.609793 -3.780422 
629 16.380000 151.304007 -3.734506 
630 16.390000 149.036113 -3.689200 
631 16.400000 146.805433 -3.644493 
632 16.410000 144.611304 -3.600379 
633 16.420000 142.453073 -3.556848 
634 16.430000 140.330102 -3.513892 
635 16.440000 138.241764 -3.471503 
636 16.450000 136.187445 -3.429673 
637 16.460000 134.166542 -3.388394 
638 16.470000 132.178464 -3.347657 
639 16.480000 130.222631 -3.307457 
640 16.490000 128.298475 -3.267784 
641 16.500000 126.405436 -3.228631 
642 16.510000 124.542969 -3.189991 
643 16.520000 122.710536 -3.151858 
644 16.530000 120.907610 -3.114222 
645 16.540000 119.133675 -3.077079 
646 16.550000 117.388223 -3.040420 
647 16.560000 115.670758 -3.004238 
648 16.570000 113.980791 -2.968528 
649 16.580000 112.317844 -2.933283 
650 16.590000 110.681447 -2.898495 
651 16.600000 109.071138 -2.864159 
652 16.610000 107.486467 -2.830268 
653 16.620000 105.926988 -2.796816 
654 16.630000 104.392266 -2.763797 
655 16.640000 102.881874 -2.731205 
656 16.650000 101.395393 -2.699033 
657 16.660000 99.932411 -2.667277 
658 16.670000 98.492525 -2.635930 
659 16.680000 97.075336 -2.604986 
660 16.690000 95.680458 -2.574440 
661 16.700000 94.307507 -2.544286 
662 16.710000 92.956110 -2.514520 
663 16.720000 91.625897 -2.485135 
664 16.730000 90.316509 -2.456126 
665 16.740000 89.027590 -2.427488 
666 16.750000 87.758794 -2.399216 
667 16.760000 86.509777 -2.371305 
668 16.770000 85.280206 -2.343750 
669 16.780000 84.069750 -2.316546 
670 16.790000 82.878088 -2.289688 
671 16.800000 81.704901 -2.263171 
672 16.810000 80.549878 -2.236991 
673 16.820000 79.412714 -2.211143 
674 16.830000 78.293109 -2.185622 
675 16.840000 77.190767 -2.160425 
676 16.850000 76.105400 -2.135546 
677 16.860000 75.036723 -2.110981 
678 16.870000 73.984457 -2.086726 
679 16.880000 72.948329 -2.062777 
680 16.890000 71.928069 -2.039129 
681 16.900000 70.923413 -2.015779 
682 16.910000 69.934102 -1.992722 
683 16.920000 68.959882 -1.969954 
684 16.930000 68.000501 -1.947472 
685 16.940000 67.055714 -1.925272 
686 16.950000 66.125280 -1.903349 
687 16.960000 65.208963 -1.881700 
688 16.970000 64.306528 -1.860321 
689 16.980000 63.417748 -1.839209 
690 16.990000 62.542399 -1.818360 
691 17.000000 61.680259 -1.797770 
692 17.010000 60.831111 -1.777436 
693 17.020000 59.994744 -1.757355 
694 17.030000 59.170948 -1.737522 
695 17.040000 58.359518 -1.717936 
696 17.050000 57.560252 -1.698592 
697 17.060000 56.772952 -1.679487 
698 17.070000 55.997423 -1.660618 
699 17.080000 55.233474 -1.641982 
700 17.090000 54.480917 -1.623575 
701 17.100000 53.739568 -1.605396 
702 17.110000 53.009245 -1.587439 
703 17.120000 52.289770 -1.569704 
704 17.130000 51.580968 -1.552186 
705 17.140000 50.882667 -1.534883 
706 17.150000 50.194697 -1.517791 
707 17.160000 49.516894 -1.500909 
708 17.170000 48.849093 -1.484233 
709 17.180000 48.191134 -1.467761 
710 17.190000 47.542860 -1.451489 
711 17.200000 46.904116 -1.435416 
712 17.210000 46.274749 -1.419539 
713 17.220000 45.654610 -1.403854 
714 17.230000 45.043552 -1.388360 
715 17.240000 44.441431 -1.373054 
716 17.250000 43.848105 -1.357933 
717 17.260000 43.263433 -1.342995 
718 17.270000 42.687279 -1.328238 
719 17.280000 42.119509 -1.313659 
720 17.290000 41.559988 -1.299256 
721 17.300000 41.008589 -1.285027 
722 17.310000 40.465181 -1.270969 
723 17.320000 39.929641 -1.257080 
724 17.330000 39.401843 -1.243358 
725 17.340000 38.881666 -1.229801 
726 17.350000 38.368991 -1.216406 
727 17.360000 37.863700 -1.203172 
728 17.370000 37.365677 -1.190096 
729 17.380000 36.874810 -1.177176 
730 17.390000 36.390987 -1.164411 
731 17.400000 35.914097 -1.151798 
732 17.410000 35.444033 -1.139335 
733 17.420000 34.980688 -1.127020 
734 17.430000 34.523959 -1.114852 
735 17.440000 34.073743 -1.102829 
736 17.450000 33.629938 -1.090948 
737 17.460000 33.192447 -1.079208 
738 17.470000 32.761170 -1.067606 
739 17.480000 32.336013 -1.056143 
740 17.490000 31.916881 -1.044814 
741 17.500000 31.503682 -1.033619 
742 17.510000 31.096324 -1.022556 
743 17.520000 30.694717 -1.011624 
744 17.530000 30.298773 -1.000820 
745 17.540000 29.908407 -0.990143 
746 17.550000 29.523531 -0.979591 
747 17.560000 29.144063 -0.969164 
748 17.570000 28.769920 -0.958858 
749 17.580000 28.401021 -0.948673 
750 17.590000 28.037286 -0.938607 
751 17.600000 27.678637 -0.928658 
752 17.610000 27.324996 -0.918826 
753 17.620000 26.976287 -0.909108 
754 17.630000 26.632436 -0.899504 
755 17.640000 26.293369 -0.890011 
756 17.650000 25.959015 -0.880628 
757 17.660000 25.629301 -0.871354 
758 17.670000 25.304159 -0.862188 
759 17.680000 24.983518 -0.853128 
760 17.690000 24.667313 -0.844173 
761 17.700000 24.355475 -0.835321 
762 17.710000 24.047939 -0.826572 
763 17.720000 23.744642 -0.817923 
764 17.730000 23.445519 -0.809374 
765 17.740000 23.150509 -0.800923 
766 17.750000 22.859549 -0.792570 
767 17.760000 22.572580 -0.784312 
768 17.770000 22.289543 -0.776150 
769 17.780000 22.010377 -0.768081 
770 17.790000 21.735027 -0.760104 
771 17.800000 21.463436 -0.752218 
772 17.810000 21.195547 -0.744423 
773 17.820000 20.931307 -0.736716 
774 17.830000 20.670661 -0.729098 
775 17.840000 20.413556 -0.721566 
776 17.850000 20.159939 -0.714120 
777 17.860000 19.909761 -0.706759 
778 17.870000 19.662969 -0.699481 
779 17.880000 19.419515 -0.692285 
780 17.890000 19.179348 -0.685172 
781 17.900000 18.942422 -0.678138 
782 17.910000 18.708689 -0.671185 
783 17.920000 18.478101 -0.664310 
784 17.930000 18.250614 -0.657512 
785 17.940000 18.026181 -0.650791 
786 17.950000 17.804758 -0.644146 
787 17.960000 17.586302 -0.637576 
788 17.970000 17.370769 -0.631079 
789 17.980000 17.158117 -0.624655 
790 17.990000 16.948305 -0.618304 
791 18.000000 16.741290 -0.612023 
792 18.010000 16.537033 -0.605813 
793 18.020000 16.335493 -0.599673 
794 18.030000 16.136632 -0.593601 
795 18.040000 15.940410 -0.587596 
796 18.050000 15.746791 -0.581659 
797 18.060000 15.555736 -0.575788 
798 18.070000 15.367208 -0.569982 
799 18.080000 15.181171 -0.564240 
800 18.090000 14.997590 -0.558563 
801 18.100000 14.816430 -0.552948 
802 18.110000 14.637655 -0.547395 
803 18.120000 14.461232 -0.541904 
804 18.130000 14.287127 -0.536474 
805 18.140000 14.115307 -0.531104 
806 18.150000 13.945740 -0.525793 
807 18.160000 13.778393 -0.520540 
808 18.170000 13.613235 -0.515345 
809 18.180000 13.450235 -0.510208 
810 18.190000 13.289363 -0.505127 
811 18.200000 13.130587 -0.500101 
812 18.210000 12.973880 -0.495131 
813 18.220000 12.819210 -0.490216 
814 18.230000 12.666551 -0.485354 
815 18.240000 12.515872 -0.480545 
816 18.250000 12.367147 -0.475789 
817 18.260000 12.220348 -0.471085 
818 18.270000 12.075448 -0.466432 
819 18.280000 11.932420 -0.461829 
820 18.290000 11.791239 -0.457277 
821 18.300000 11.651877 -0.452774 
822 18.310000 11.514310 -0.448320 
823 18.320000 11.378513 -0.443915 
824 18.330000 11.244461 -0.439557 
825 18.340000 11.112130 -0.435246 
826 18.350000 10.981495 -0.430982 
827 18.360000 10.852534 -0.426764 
828 18.370000 10.725222 -0.422592 
829 18.380000 10.599538 -0.418464 
830 18.390000 10.475458 -0.414381 
831 18.400000 10.352960 -0.410342 
832 18.410000 10.232023 -0.406347 
833 18.420000 10.112624 -0.402394 
834 18.430000 9.994744 -0.398484 
835 18.440000 9.878360 -0.394615 
836 18.450000 9.763452 -0.390788 
837 18.460000 9.650000 -0.387002 
838 18.470000 9.537983 -0.383257 
839 18.480000 9.427383 -0.379551 
840 18.490000 9.318180 -0.375885 
841 18.500000 9.210354 -0.372258 
842 18.510000 9.103887 -0.368669 
843 18.520000 8.998760 -0.365119 
844 18.530000 8.894956 -0.361607 
845 18.540000 8.792455 -0.358131 
846 18.550000 8.691240 -0.354693 
847 18.560000 8.591294 -0.351291 
848 18.570000 8.492599 -0.347925 
849 18.580000 8.395139 -0.344595 
850 18.590000 8.298896 -0.341299 
851 18.600000 8.203855 -0.338039 
852 18.610000 8.109999 -0.334813 
853 18.620000 8.017311 -0.331621 
854 18.630000 7.925777 -0.328462 
855 18.640000 7.835380 -0.325337 
856 18.650000 7.746106 -0.322244 
857 18.660000 7.657939 -0.319184 
858 18.670000 7.570865 -0.316156 
859 18.680000 7.484868 -0.313159 
860 18.690000 7.399934 -0.310194 
861 18.700000 7.316049 -0.307260 
862 18.710000 7.233199 -0.304357 
863 18.720000 7.151370 -0.301484 
864 18.730000 7.070549 -0.298640 
865 18.740000 6.990722 -0.295827 
866 18.750000 6.911876 -0.293042 
867 18.760000 6.833997 -0.290287 
868 18.770000 6.757073 -0.287560 
869 18.780000 6.681091 -0.284861 
870 18.790000 6.606039 -0.282191 
871 18.800000 6.531905 -0.279548 
872 18.810000 6.458675 -0.276932 
873 18.820000 6.386339 -0.274343 
874 18.830000 6.314884 -0.271781 
875 18.840000 6.244299 -0.269246 
876 18.850000 6.174572 -0.266736 
877 18.860000 6.105693 -0.264252 
878 18.870000 6.037649 -0.261794 
879 18.880000 5.970430 -0.259361 
880 18.890000 5.904025 -0.256953 
881 18.900000 5.838424 -0.254570 
882 18.910000 5.773615 -0.252211 
883 18.920000 5.709589 -0.249876 
884 18.930000 5.646335 -0.247566 
885 18.940000 5.583843 -0.245278 
886 18.950000 5.522104 -0.243014 
887 18.960000 5.461107 -0.240773 
888 18.970000 5.400842 -0.238555 
889 18.980000 5.341301 -0.236360 
890 18.990000 5.282474 -0.234186 
891 19.000000 5.224351 -0.232035 
892 19.010000 5.166923 -0.229906 
893 19.020000 5.110182 -0.227798 
894 19.030000 5.054119 -0.225711 
895 19.040000 4.998724 -0.223646 
896 19.050000 4.943989 -0.221601 
897 19.060000 4.889906 -0.219578 
898 19.070000 4.836466 -0.217574 
899 19.080000 4.783661 -0.215591 
900 19.090000 4.731483 -0.213627 
901 19.100000 4.679923 -0.211684 
902 19.110000 4.628975 -0.209760 
903 19.120000 4.578629 -0.207855 
904 19.130000 4.528878 -0.205969 
905 19.140000 4.479715 -0.204102 
906 19.150000 4.431132 -0.202254 
907 19.160000 4.383121 -0.200424 
908 19.170000 4.335676 -0.198613 
909 19.180000 4.288789 -0.196820 
910 19.190000 4.242453 -0.195044 
911 19.200000 4.196661 -0.193287 
912 19.210000 4.151407 -0.191546 
913 19.220000 4.106682 -0.189823 
914 19.230000 4.062481 -0.188117 
915 19.240000 4.018797 -0.186429 
916 19.250000 3.975623 -0.184756 
917 19.260000 3.932954 -0.183101 
918 19.270000 3.890782 -0.181461 
919 19.280000 3.849101 -0.179838 
920 19.290000 3.807905 -0.178231 
921 19.300000 3.767188 -0.176640 
922 19.310000 3.726945 -0.175065 
923 19.320000 3.687168 -0.173505 
924 19.330000 3.647852 -0.171960 
925 19.340000 3.608992 -0.170431 
926 19.350000 3.570581 -0.168916 
927 19.360000 3.532614 -0.167417 
928 19.370000 3.495086 -0.165932 
929 19.380000 3.457991 -0.164462 
930 19.390000 3.421324 -0.163006 
931 19.400000 3.385078 -0.161564 
932 19.410000 3.349250 -0.160136 
933 19.420000 3.313833 -0.158723 
934 19.430000 3.278824 -0.157323 
935 19.440000 3.244215 -0.155936 
936 19.450000 3.210004 -0.154564 
937 19.460000 3.176184 -0.153204 
938 19.470000 3.142751 -0.151858 
939 19.480000 3.109700 -0.150525 
940 19.490000 3.077026 -0.149205 
941 19.500000 3.044726 -0.147897 
942 19.510000 3.012793 -0.146602 
943 19.520000 2.981224 -0.145320 
944 19.530000 2.950013 -0.144050 
945 19.540000 2.919158 -0.142792 
946 19.550000 2.888653 -0.141547 
947 19.560000 2.858494 -0.140313 
948 19.570000 2.828676 -0.139092 
949 19.580000 2.799197 -0.137882 
950 19.590000 2.770050 -0.136684 
951 19.600000 2.741233 -0.135497 
952 19.610000 2.712742 -0.134321 
953 19.620000 2.684571 -0.133157 
954 19.630000 2.656718 -0.132004 
955 19.640000 2.629179 -0.130862 
956 19.650000 2.601950 -0.129731 
957 19.660000 2.575026 -0.128611 
958 19.670000 2.548405 -0.127501 
959 19.680000 2.522082 -0.126402 
960 19.690000 2.496055 -0.125314 
961 19.700000 2.470318 -0.124236 
962 19.710000 2.444870 -0.123168 
963 19.720000 2.419706 -0.122110 
964 19.730000 2.394823 -0.121062 
965 19.740000 2.370217 -0.120024 
966 19.750000 2.345886 -0.118996 
967 19.760000 2.321826 -0.117978 
968 19.770000 2.298033 -0.116969 
969 19.780000 2.274505 -0.115970 
970 19.790000 2.251238 -0.114980 
971 19.800000 2.228229 -0.114000 
972 19.810000 2.205475 -0.113029 
973 19.820000 2.182973 -0.112067 
974 19.830000 2.160720 -0.111114 
975 19.840000 2.138713 -0.110170 
976 19.850000 2.116949 -0.109234 
977 19.860000 2.095426 -0.108308 
978 19.870000 2.074139 -0.107390 
979 19.880000 2.053087 -0.106481 
980 19.890000 2.032267 -0.105581 
981 19.900000 2.011675 -0.104688 
982 19.910000 1.991310 -0.103804 
983 19.920000 1.971168 -0.102929 
984 19.930000 1.951247 -0.102061 
985 19.940000 1.931544 -0.101202 
986 19.950000 1.912057 -0.100350 
987 19.960000 1.892783 -0.099507 
988 19.970000 1.873720 -0.098671 
989 19.980000 1.854865 -0.097843 
990 19.990000 1.836215 -0.097023 
991 20.000000 1.817768 -0.096210 
992 20.010000 1.799523 -0.095405 
993 20.020000 1.781476 -0.094608 
994 20.030000 1.763624 -0.093817 
995 20.040000 1.745967 -0.093034 
996 20.050000 1.728502 -0.092258 
997 20.060000 1.711225 -0.091490 
998 20.070000 1.694136 -0.090728 
999 20.080000 1.677231 -0.089974 
1000 20.090000 1.660510 -0.089226 
1001 20.100000 1.643969 -0.088485 
1002 20.110000 1.627606 -0.087751 
1003 20.120000 1.611420 -0.087024 
1004 20.130000 1.595408 -0.086303 
1005 20.140000 1.579568 -0.085589 
1006 20.150000 1.563899 -0.084882 
1007 20.160000 1.548399 -0.084181 
1008 20.170000 1.533064 -0.083486 
1009 20.180000 1.517894 -0.082798 
1010 20.190000 1.502887 -0.082116 
1011 20.200000 1.488040 -0.081440 
1012 20.210000 1.473352 -0.080770 
1013 20.220000 1.458821 -0.080106 
1014 20.230000 1.444446 -0.079449 
1015 20.240000 1.430223 -0.078797 
1016 20.250000 1.416153 -0.078152 
1017 20.260000 1.402232 -0.077512 
1018 20.270000 1.388459 -0.076878 
1019 20.280000 1.374833 -0.076249 
1020 20.290000 1.361351 -0.075627 
1021 20.300000 1.348013 -0.075009 
1022 20.310000 1.334816 -0.074398 
1023 20.320000 1.321759 -0.073792 
1024 20.330000 1.308840 -0.073191 
1025 20.340000 1.296058 -0.072596 
1026 20.350000 1.283411 -0.072006 
1027 20.360000 1.270897 -0.071422 
1028 20.370000 1.258516 -0.070843 
1029 20.380000 1.246265 -0.070269 
1030 20.390000 1.234143 -0.069700 
1031 20.400000 1.222149 -0.069136 
1032 20.410000 1.210281 -0.068577 
1033 20.420000 1.198537 -0.068023 
1034 20.430000 1.186917 -0.067474 
1035 20.440000 1.175419 -0.066930 
1036 20.450000 1.164041 -0.066391 
1037 20.460000 1.152782 -0.065857 
1038 20.470000 1.141641 -0.065327 
1039 20.480000 1.130617 -0.064802 
1040 20.490000 1.119708 -0.064282 
1041 20.500000 1.108912 -0.063767 
1042 20.510000 1.098230 -0.063256 
1043 20.520000 1.087658 -0.062749 
1044 20.530000 1.077197 -0.062247 
1045 20.540000 1.066844 -0.061749 
1046 20.550000 1.056599 -0.061256 
1047 20.560000 1.046461 -0.060767 
1048 20.570000 1.036427 -0.060283 
1049 20.580000 1.026498 -0.059802 
1050 20.590000 1.016671 -0.059326 
1051 20.600000 1.006946 -0.058855 
1052 20.610000 0.997322 -0.058387 
1053 20.620000 0.987797 -0.057923 
1054 20.630000 0.978371 -0.057464 
1055 20.640000 0.969042 -0.057008 
1056 20.650000 0.959808 -0.056557 
1057 20.660000 0.950671 -0.056109 
1058 20.670000 0.941627 -0.055665 
1059 20.680000 0.932676 -0.055226 
1060 20.690000 0.923817 -0.054790 
1061 20.700000 0.915049 -0.054358 
1062 20.710000 0.906371 -0.053929 
1063 20.720000 0.897781 -0.053505 
1064 20.730000 0.889280 -0.053084 
1065 20.740000 0.880866 -0.052666 
1066 20.750000 0.872538 -0.052253 
1067 20.760000 0.864295 -0.051843 
1068 20.770000 0.856136 -0.051436 
1069 20.780000 0.848060 -0.051033 
1070 20.790000 0.840066 -0.050633 
1071 20.800000 0.832154 -0.050237 
1072 20.810000 0.824323 -0.049845 
1073 20.820000 0.816571 -0.049456 
1074 20.830000 0.808898 -0.049070 
1075 20.840000 0.801302 -0.048687 
1076 20.850000 0.793784 -0.048308 
1077 20.860000 0.786342 -0.047932 
1078 20.870000 0.778975 -0.047559 
1079 20.880000 0.771683 -0.047189 
1080 20.890000 0.764464 -0.046823 
1081 20.900000 0.757319 -0.046460 
1082 20.910000 0.750245 -0.046100 
1083 20.920000 0.743243 -0.045743 
1084 20.930000 0.736312 -0.045389 
1085 20.940000 0.729450 -0.045038 
1086 20.950000 0.722657 -0.044690 
1087 20.960000 0.715933 -0.044345 
1088 20.970000 0.709276 -0.044003 
1089 20.980000 0.702686 -0.043663 
1090 20.990000 0.696162 -0.043327 
1091 21.000000 0.689703 -0.042994 
1092 21.010000 0.683309 -0.042663 
1093 21.020000 0.676979 -0.042335 
1094 21.030000 0.670713 -0.042011 
1095 21.040000 0.664509 -0.041688 
1096 21.050000 0.658366 -0.041369 
1097 21.060000 0.652286 -0.041052 
1098 21.070000 0.646265 -0.040738 
1099 21.080000 0.640305 -0.040426 
1100 21.090000 0.634404 -0.040118 
1101 21.100000 0.628562 -0.039811 
1102 21.110000 0.622777 -0.039508 
1103 21.120000 0.617051 -0.039207 
1104 21.130000 0.611380 -0.038908 
1105 21.140000 0.605767 -0.038612 
1106 21.150000 0.600208 -0.038319 
1107 21.160000 0.594705 -0.038028 
1108 21.170000 0.589256 -0.037739 
1109 21.180000 0.583861 -0.037453 
1110 21.190000 0.578520 -0.037169 
1111 21.200000 0.573231 -0.036888 
1112 21.210000 0.567994 -0.036608 
1113 21.220000 0.562809 -0.036332 
1114 21.230000 0.557674 -0.036057 
1115 21.240000 0.552591 -0.035785 
1116 21.250000 0.547557 -0.035515 
1117 21.260000 0.542573 -0.035248 
1118 21.270000 0.537637 -0.034982 
1119 21.280000 0.532750 -0.034719 
1120 21.290000 0.527911 -0.034458 
1121 21.300000 0.523119 -0.034199 
1122 21.310000 0.518374 -0.033943 
1123 21.320000 0.513676 -0.033688 
1124 21.330000 0.509023 -0.033436 
1125 21.340000 0.504416 -0.033185 
1126 21.350000 0.499854 -0.032937 
1127 21.360000 0.495336 -0.032691 
1128 21.370000 0.490863 -0.032446 
1129 21.380000 0.486432 -0.032204 
1130 21.390000 0.482045 -0.031964 
1131 21.400000 0.477701 -0.031726 
1132 21.410000 0.473398 -0.031490 
1133 21.420000 0.469138 -0.031255 
1134 21.430000 0.464919 -0.031023 
1135 21.440000 0.460740 -0.030793 
1136 21.450000 0.456602 -0.030564 
1137 21.460000 0.452504 -0.030337 
1138 21.470000 0.448446 -0.030112 
1139 21.480000 0.444427 -0.029889 
1140 21.490000 0.440447 -0.029668 
1141 21.500000 0.436505 -0.029449 
1142 21.510000 0.432601 -0.029231 
1143 21.520000 0.428735 -0.029015 
1144 21.530000 0.424905 -0.028801 
1145 21.540000 0.421113 -0.028589 
1146 21.550000 0.417357 -0.028379 
1147 21.560000 0.413638 -0.028170 
1148 21.570000 0.409953 -0.027963 
1149 21.580000 0.406305 -0.027757 
1150 21.590000 0.402691 -0.027553 
1151 21.600000 0.399112 -0.027351 
1152 21.610000 0.395567 -0.027151 
1153 21.620000 0.392056 -0.026952 
1154 21.630000 0.388578 -0.026754 
1155 21.640000 0.385134 -0.026559 
1156 21.650000 0.381722 -0.026365 
1157 21.660000 0.378343 -0.026172 
1158 21.670000 0.374996 -0.025981 
1159 21.680000 0.371681 -0.025792 
1160 21.690000 0.368398 -0.025604 
1161 21.700000 0.365146 -0.025417 
1162 21.710000 0.361925 -0.025232 
1163 21.720000 0.358734 -0.025049 
1164 21.730000 0.355573 -0.024867 
1165 21.740000 0.352443 -0.024687 
1166 21.750000 0.349342 -0.024508 
1167 21.760000 0.346270 -0.024330 
1168 21.770000 0.343228 -0.024154 
1169 21.780000 0.340214 -0.023979 
1170 21.790000 0.337229 -0.023806 
1171 21.800000 0.334272 -0.023634 
1172 21.810000 0.331343 -0.023463 
1173 21.820000 0.328441 -0.023294 
1174 21.830000 0.325567 -0.023126 
1175 21.840000 0.322719 -0.022959 
1176 21.850000 0.319899 -0.022794 
1177 21.860000 0.317105 -0.022630 
1178 21.870000 0.314337 -0.022468 
1179 21.880000 0.311595 -0.022306 
1180 21.890000 0.308879 -0.022146 
1181 21.900000 0.306188 -0.021987 
1182 21.910000 0.303523 -0.021830 
1183 21.920000 0.300882 -0.021674 
1184 21.930000 0.298267 -0.021518 
1185 21.940000 0.295675 -0.021365 
1186 21.950000 0.293108 -0.021212 
1187 21.960000 0.290565 -0.021061 
1188 21.970000 0.288045 -0.020910 
1189 21.980000 0.285549 -0.020761 
1190 21.990000 0.283076 -0.020614 
1191 22.000000 0.280626 -0.020467 
1192 22.010000 0.278199 -0.020321 
1193 22.020000 0.275795 -0.020177 
1194 22.030000 0.273413 -0.020034 
1195 22.040000 0.271053 -0.019892 
1196 22.050000 0.268714 -0.019751 
1197 22.060000 0.266398 -0.019611 
1198 22.070000 0.264103 -0.019472 
1199 22.080000 0.261829 -0.019334 
1200 22.090000 0.259576 -0.019197 
1201 22.100000 0.257344 -0.019062 
1202 22.110000 0.255132 -0.018927 
1203 22.120000 0.252941 -0.018794 
1204 22.130000 0.250770 -0.018661 
1205 22.140000 0.248620 -0.018530 
1206 22.150000 0.246489 -0.018400 
1207 22.160000 0.244377 -0.018270 
1208 22.170000 0.242285 -0.018142 
1209 22.180000 0.240212 -0.018014 
1210 22.190000 0.238159 -0.017888 
1211 22.200000 0.236124 -0.017763 
1212 22.210000 0.234107 -0.017638 
1213 22.220000 0.232110 -0.017515 
1214 22.230000 0.230130 -0.017392 
1215 22.240000 0.228169 -0.017271 
1216 22.250000 0.226225 -0.017150 
1217 22.260000 0.224299 -0.017030 
1218 22.270000 0.222391 -0.016912 
1219 22.280000 0.220501 -0.016794 
1220 22.290000 0.218627 -0.016677 
1221 22.300000 0.216771 -0.016561 
1222 22.310000 0.214931 -0.016445 
1223 22.320000 0.213108 -0.016331 
1224 22.330000 0.211302 -0.016218 
1225 22.340000 0.209512 -0.016105 
1226 22.350000 0.207739 -0.015994 
1227 22.360000 0.205982 -0.015883 
1228 22.370000 0.204240 -0.015773 
1229 22.380000 0.202514 -0.015664 
1230 22.390000 0.200804 -0.015555 
1231 22.400000 0.199110 -0.015448 
1232 22.410000 0.197430 -0.015341 
1233 22.420000 0.195766 -0.015235 
1234 22.430000 0.194117 -0.015130 
1235 22.440000 0.192483 -0.015026 
1236 22.450000 0.190864 -0.014923 
1237 22.460000 0.189259 -0.014820 
1238 22.470000 0.187668 -0.014718 
1239 22.480000 0.186092 -0.014617 
1240 22.490000 0.184531 -0.014517 
1241 22.500000 0.182983 -0.014417 
1242 22.510000 0.181449 -0.014318 
1243 22.520000 0.179929 -0.014220 
1244 22.530000 0.178422 -0.014123 
1245 22.540000 0.176929 -0.014027 
1246 22.550000 0.175450 -0.013931 
1247 22.560000 0.173983 -0.013836 
1248 22.570000 0.172530 -0.013741 
1249 22.580000 0.171090 -0.013647 
1250 22.590000 0.169662 -0.013554 
1251 22.600000 0.168248 -0.013462 
1252 22.610000 0.166846 -0.013371 
1253 22.620000 0.165456 -0.013280 
1254 22.630000 0.164079 -0.013189 
1255 22.640000 0.162714 -0.013100 
1256 22.650000 0.161362 -0.013011 
1257 22.660000 0.160021 -0.012923 
1258 22.670000 0.158692 -0.012835 
1259 22.680000 0.157375 -0.012748 
1260 22.690000 0.156070 -0.012662 
1261 22.700000 0.154776 -0.012576 
1262 22.710000 0.153494 -0.012491 
1263 22.720000 0.152223 -0.012407 
1264 22.730000 0.150964 -0.012323 
1265 22.740000 0.149715 -0.012240 
1266 22.750000 0.148478 -0.012158 
1267 22.760000 0.147252 -0.012076 
1268 22.770000 0.146036 -0.011995 
1269 22.780000 0.144831 -0.011914 
1270 22.790000 0.143637 -0.011834 
1271 22.800000 0.142453 -0.011755 
1272 22.810000 0.141280 -0.011676 
1273 22.820000 0.140117 -0.011598 
1274 22.830000 0.138964 -0.011520 
1275 22.840000 0.137822 -0.011443 
1276 22.850000 0.136689 -0.011366 
1277 22.860000 0.135567 -0.011290 
1278 22.870000 0.134454 -0.011215 
1279 22.880000 0.133351 -0.011140 
1280 22.890000 0.132258 -0.011066 
1281 22.900000 0.131174 -0.010992 
1282 22.910000 0.130100 -0.010919 
1283 22.920000 0.129035 -0.010846 
1284 22.930000 0.127979 -0.010774 
1285 22.940000 0.126933 -0.010702 
1286 22.950000 0.125896 -0.010631 
1287 22.960000 0.124868 -0.010561 
1288 22.970000 0.123849 -0.010491 
1289 22.980000 0.122839 -0.010421 
1290 22.990000 0.121837 -0.010352 
1291 23.000000 0.120844 -0.010284 
1292 23.010000 0.119860 -0.010215 
1293 23.020000 0.118885 -0.010148 
1294 23.030000 0.117918 -0.010081 
1295 23.040000 0.116959 -0.010014 
1296 23.050000 0.116009 -0.009948 
1297 23.060000 0.115067 -0.009883 
1298 23.070000 0.114133 -0.009818 
1299 23.080000 0.113207 -0.009753 
1300 23.090000 0.112289 -0.009689 
1301 23.100000 0.111379 -0.009625 
1302 23.110000 0.110477 -0.009562 
1303 23.120000 0.109583 -0.009499 
1304 23.130000 0.108697 -0.009437 
1305 23.140000 0.107818 -0.009375 
1306 23.150000 0.106947 -0.009314 
1307 23.160000 0.106083 -0.009253 
1308 23.170000 0.105227 -0.009192 
1309 23.180000 0.104378 -0.009132 
1310 23.190000 0.103536 -0.009072 
1311 23.200000 0.102702 -0.009013 
1312 23.210000 0.101874 -0.008954 
1313 23.220000 0.101054 -0.008896 
1314 23.230000 0.100241 -0.008838 
1315 23.240000 0.099435 -0.008781 
1316 23.250000 0.098636 -0.008723 
1317 23.260000 0.097844 -0.008667 
1318 23.270000 0.097058 -0.008610 
1319 23.280000 0.096279 -0.008554 
1320 23.290000 0.095507 -0.008499 
1321 23.300000 0.094742 -0.008444 
1322 23.310000 0.093983 -0.008389 
1323 23.320000 0.093230 -0.008335 
1324 23.330000 0.092484 -0.008281 
1325 23.340000 0.091744 -0.008227 
1326 23.350000 0.091011 -0.008174 
1327 23.360000 0.090283 -0.008121 
1328 23.370000 0.089562 -0.008069 
1329 23.380000 0.088848 -0.008017 
1330 23.390000 0.088139 -0.007965 
1331 23.400000 0.087436 -0.007914 
1332 23.410000 0.086739 -0.007863 
1333 23.420000 0.086048 -0.007813 
1334 23.430000 0.085363 -0.007762 
1335 23.440000 0.084684 -0.007712 
1336 23.450000 0.084011 -0.007663 
1337 23.460000 0.083343 -0.007614 
1338 23.470000 0.082681 -0.007565 
1339 23.480000 0.082024 -0.007517 
1340 23.490000 0.081373 -0.007468 
1341 23.500000 0.080728 -0.007421 
1342 23.510000 0.080088 -0.007373 
1343 23.520000 0.079453 -0.007326 
1344 23.530000 0.078824 -0.007279 
1345 23.540000 0.078200 -0.007233 
1346 23.550000 0.077581 -0.007187 
1347 23.560000 0.076968 -0.007141 
1348 23.570000 0.076359 -0.007096 
1349 23.580000 0.075756 -0.007050 
1350 23.590000 0.075158 -0.007006 
1351 23.600000 0.074565 -0.006961 
1352 23.610000 0.073977 -0.006917 
1353 23.620000 0.073393 -0.006873 
1354 23.630000 0.072815 -0.006829 
1355 23.640000 0.072241 -0.006786 
1356 23.650000 0.071673 -0.006743 
1357 23.660000 0.071109 -0.006701 
1358 23.670000 0.070550 -0.006658 
1359 23.680000 0.069995 -0.006616 
1360 23.690000 0.069445 -0.006574 
1361 23.700000 0.068900 -0.006533 
1362 23.710000 0.068359 -0.006492 
1363 23.720000 0.067823 -0.006451 
1364 23.730000 0.067291 -0.006410 
1365 23.740000 0.066764 -0.006370 
1366 23.750000 0.066241 -0.006330 
1367 23.760000 0.065722 -0.006290 
1368 23.770000 0.065208 -0.006250 
1369 23.780000 0.064698 -0.006211 
1370 23.790000 0.064192 -0.006172 
1371 23.800000 0.063690 -0.006133 
1372 23.810000 0.063193 -0.006095 
1373 23.820000 0.062700 -0.006057 
1374 23.830000 0.062211 -0.006019 
1375 23.840000 0.061725 -0.005981 
1376 23.850000 0.061244 -0.005944 
1377 23.860000 0.060767 -0.005907 
1378 23.870000 0.060294 -0.005870 
1379 23.880000 0.059825 -0.005833 
1380 23.890000 0.059359 -0.005797 
1381 23.900000 0.058898 -0.005761 
1382 23.910000 0.058440 -0.005725 
1383 23.920000 0.057986 -0.005689 
1384 23.930000 0.057536 -0.005654 
1385 23.940000 0.057089 -0.005619 
1386 23.950000 0.056646 -0.005584 
1387 23.960000 0.056207 -0.005549 
1388 23.970000 0.055771 -0.005515 
1389 23.980000 0.055339 -0.005481 
1390 23.990000 0.054911 -0.005447 
1391 24.000000 0.054486 -0.005413 
1392 24.010000 0.054064 -0.005380 
1393 24.020000 0.053646 -0.005346 
1394 24.030000 0.053232 -0.005313 
1395 24.040000 0.052820 -0.005281 
1396 24.050000 0.052413 -0.005248 
1397 24.060000 0.052008 -0.005216 
1398 24.070000 0.051607 -0.005184 
1399 24.080000 0.051209 -0.005152 
1400 24.090000 0.050814 -0.005120 
1401 24.100000 0.050423 -0.005088 
1402 24.110000 0.050035 -0.005057 
1403 24.120000 0.049650 -0.005026 
1404 24.130000 0.049268 -0.004995 
1405 24.140000 0.048889 -0.004965 
1406 24.150000 0.048513 -0.004934 
1407 24.160000 0.048140 -0.004904 
1408 24.170000 0.047771 -0.004874 
1409 24.180000 0.047404 -0.004844 
1410 24.190000 0.047040 -0.004815 
1411 24.200000 0.046680 -0.004785 
1412 24.210000 0.046322 -0.004756 
1413 24.220000 0.045967 -0.004727 
1414 24.230000 0.045615 -0.004698 
1415 24.240000 0.045266 -0.004670 
1416 24.250000 0.044919 -0.004641 
1417 24.260000 0.044576 -0.004613 
1418 24.270000 0.044235 -0.004585 
1419 24.280000 0.043897 -0.004557 
1420 24.290000 0.043562 -0.004529 
1421 24.300000 0.043229 -0.004502 
1422 24.310000 0.042900 -0.004474 
1423 24.320000 0.042572 -0.004447 
1424 24.330000 0.042248 -0.004420 
1425 24.340000 0.041926 -0.004394 
1426 24.350000 0.041606 -0.004367 
1427 24.360000 0.041290 -0.004341 
1428 24.370000 0.040975 -0.004314 
1429 24.380000 0.040664 -0.004288 
1430 24.390000 0.040355 -0.004262 
1431 24.400000 0.040048 -0.004237 
1432 24.410000 0.039744 -0.004211 
1433 24.420000 0.039442 -0.004186 
1434 24.430000 0.039142 -0.004161 
1435 24.440000 0.038845 -0.004136 
1436 24.450000 0.038551 -0.004111 
1437 24.460000 0.038259 -0.004086 
1438 24.470000 0.037969 -0.004062 
1439 24.480000 0.037681 -0.004037 
1440 24.490000 0.037396 -0.004013 
1441 24.500000 0.037113 -0.003989 
1442 24.510000 0.036832 -0.003965 
1443 24.520000 0.036553 -0.003941 
1444 24.530000 0.036277 -0.003918 
1445 24.540000 0.036003 -0.003894 
1446 24.550000 0.035731 -0.003871 
1447 24.560000 0.035462 -0.003848 
1448 24.570000 0.035194 -0.003825 
1449 24.580000 0.034928 -0.003802 
1450 24.590000 0.034665 -0.003779 
1451 24.600000 0.034404 -0.003757 
1452 24.610000 0.034145 -0.003735 
1453 24.620000 0.033888 -0.003712 
1454 24.630000 0.033633 -0.003690 
1455 24.640000 0.033380 -0.003668 
1456 24.650000 0.033129 -0.003647 
1457 24.660000 0.032879 -0.003625 
1458 24.670000 0.032632 -0.003603 
1459 24.680000 0.032387 -0.003582 
1460 24.690000 0.032144 -0.003561 
1461 24.700000 0.031903 -0.003540 
1462 24.710000 0.031664 -0.003519 
1463 24.720000 0.031426 -0.003498 
1464 24.730000 0.031191 -0.003477 
1465 24.740000 0.030957 -0.003457 
1466 24.750000 0.030725 -0.003436 
1467 24.760000 0.030495 -0.003416 
1468 24.770000 0.030267 -0.003396 
1469 24.780000 0.030040 -0.003376 
1470 24.790000 0.029816 -0.003356 
1471 24.800000 0.029593 -0.003336 
1472 24.810000 0.029372 -0.003317 
1473 24.820000 0.029152 -0.003297 
1474 24.830000 0.028935 -0.003278 
1475 24.840000 0.028719 -0.003259 
1476 24.850000 0.028504 -0.003240 
1477 24.860000 0.028292 -0.003221 
1478 24.870000 0.028081 -0.003202 
1479 24.880000 0.027872 -0.003183 
1480 24.890000 0.027664 -0.003164 
1481 24.900000 0.027458 -0.003146 
1482 24.910000 0.027254 -0.003128 
1483 24.920000 0.027051 -0.003109 
1484 24.930000 0.026850 -0.003091 
1485 24.940000 0.026650 -0.003073 
1486 24.950000 0.026452 -0.003055 
1487 24.960000 0.026256 -0.003037 
1488 24.970000 0.026061 -0.003020 
1489 24.980000 0.025867 -0.003002 
1490 24.990000 0.025675 -0.002985 
