1 10.100000 122573442225176192.000000 2350339822052658176.000000 
2 10.110000 52070838566786040.000000 905257194928561664.000000 
3 10.120000 23835399233699972.000000 378839091663197504.000000 
4 10.130000 11616652308154380.000000 169981777442119744.000000 
5 10.140000 5972126867054661.000000 80932770221922992.000000 
6 10.150000 3214866356635477.500000 40556575445040448.000000 
7 10.160000 1801358287921648.750000 21249238698001596.000000 
8 10.170000 1045509976353009.250000 11577733595759662.000000 
9 10.180000 626033174219534.000000 6530666533517194.000000 
10 10.190000 385426748545852.937500 3799413594739357.500000 
11 10.200000 243288547491091.843750 2272599337470288.500000 
12 10.210000 157064629354275.125000 1393799688756028.000000 
13 10.220000 103490728610722.718750 874454481164452.875000 
14 10.230000 69470708929185.734375 560088412350520.312500 
15 10.240000 47434133442643.296875 365589478805577.562500 
16 10.250000 32897675991805.910156 242816057229487.500000 
17 10.260000 23146835475572.761719 163876099560001.312500 
18 10.270000 16504322328750.949219 112249209229826.531250 
19 10.280000 11914135000557.697266 77949381897180.000000 
20 10.290000 8699804584249.135742 54825839605549.343750 
21 10.300000 6420965974348.374023 39023410914247.578125 
22 10.310000 4786633196621.862305 28086237403507.070312 
23 10.320000 3601827553247.672852 20426015927761.109375 
24 10.330000 2734187111848.798828 15000896713012.005859 
25 10.340000 2092753584286.899170 11118362775011.820312 
26 10.350000 1614300338203.182861 8312337703312.209961 
27 10.360000 1254401011149.947266 6265452565815.095703 
28 10.370000 981520492161.153198 4759203382651.483398 
29 10.380000 773058513157.559692 3641579615266.249512 
30 10.390000 612670582879.703369 2805783738978.653809 
31 10.400000 488434433324.724487 2176081003109.148438 
32 10.410000 391582412651.910217 1698287949351.627686 
33 10.420000 315616718162.526672 1333313057956.924316 
34 10.430000 255686212612.345215 1052727185899.871948 
35 10.440000 208143681493.930603 835697692791.182861 
36 10.450000 170228690567.688812 666847641678.656738 
37 10.460000 139838627130.073944 534748339837.995483 
38 10.470000 115362165729.981339 430849309591.776672 
39 10.480000 95557271469.616730 348712921160.821167 
40 10.490000 79461218249.237427 283462922259.295654 
41 10.500000 66323785831.295044 231384294113.590607 
42 10.510000 55557353911.388588 189630954585.799805 
43 10.520000 46699395109.998055 156010863371.387329 
44 10.530000 39384123779.099968 128827054325.078201 
45 10.540000 33320946854.161655 106759340315.874451 
46 10.550000 28277997568.018055 88775781199.333740 
47 10.560000 24069488661.792381 74066062196.789108 
48 10.570000 20545951231.314247 61991094833.889580 
49 10.580000 17586665003.646820 52044695815.957726 
50 10.590000 15093761177.876276 43824306210.979034 
51 10.600000 12987607979.176748 37008512184.836929 
52 10.610000 11203184526.090836 31339708409.554161 
53 10.620000 9687219604.196827 26610668544.727425 
54 10.630000 8395925012.016257 22654097841.309601 
55 10.640000 7293193016.903368 19334472100.450901 
56 10.650000 6349157556.324585 16541637158.701731 
57 10.660000 5539041644.430267 14185769697.057095 
58 10.670000 4842230830.102855 12193394971.489399 
59 10.680000 4241525853.789900 10504228361.670595 
60 10.690000 3722537868.928314 9068661496.907673 
61 10.700000 3273197475.952482 7845754583.514300 
62 10.710000 2883354920.876209 6801627691.702488 
63 10.720000 2544453555.460107 5908167576.071573 
64 10.730000 2249262358.264338 5141984893.592317 
65 10.740000 1991656214.987074 4483570782.540855 
66 10.750000 1766434934.588524 3916612675.454160 
67 10.760000 1569173773.906869 3427437690.993753 
68 10.770000 1396099664.400532 3004558551.406154 
69 10.780000 1243988462.320529 2638302134.367640 
70 10.790000 1110079441.349630 2320504817.747938 
71 10.800000 992003963.601187 2044261963.169892 
72 10.810000 887725838.989577 1803721400.715026 
73 10.820000 795491344.113877 1593912770.012372 
74 10.830000 713787243.215255 1410606155.895885 
75 10.840000 641305453.748805 1250194717.802626 
76 10.850000 576913242.040575 1109597019.442293 
77 10.860000 519628031.742070 986175572.234500 
78 10.870000 468596068.347851 877668754.191396 
79 10.880000 423074314.055264 782133787.932827 
80 10.890000 382415054.412698 697898882.999048 
81 10.900000 346052786.071628 623522988.786417 
82 10.910000 313493027.169585 557761881.256318 
83 10.920000 284302751.350114 499539531.727209 
84 10.930000 258102195.524507 447923889.624057 
85 10.940000 234557832.097921 402106361.055860 
86 10.950000 213376330.054886 361384387.932228 
87 10.960000 194299357.271438 325146633.150854 
88 10.970000 177099099.704913 292860360.313080 
89 10.980000 161574392.531962 264060664.773916 
90 10.990000 147547374.533009 238341269.283033 
91 11.000000 134860590.607707 215346644.189889 
92 11.010000 123374478.701593 194765250.922967 
93 11.020000 112965186.999947 176323739.635368 
94 11.030000 103522675.305571 159781958.695867 
95 11.040000 94949061.314301 144928656.041811 
96 11.050000 87157178.243633 131577771.070791 
97 11.060000 80069315.127592 119565231.364492 
98 11.070000 73616115.207924 108746181.630045 
99 11.080000 67735611.346332 98992583.238239 
100 11.090000 62372380.353512 90191131.985696 
101 11.100000 57476800.660588 82241449.499870 
102 11.110000 53004399.915958 75054510.281082 
103 11.120000 48915280.933112 68551271.933556 
104 11.130000 45173615.990872 62661480.842276 
105 11.140000 41747200.837383 57322629.541442 
106 11.150000 38607060.906920 52479045.407242 
107 11.160000 35727103.253037 48081093.187761 
108 11.170000 33083808.556883 44084476.335459 
109 11.180000 30655958.306115 40449624.199109 
110 11.190000 28424392.875064 37141153.918178 
111 11.200000 26371796.785301 34127397.389894 
112 11.210000 24482507.899933 31379984.987036 
113 11.220000 22742347.715484 28873478.825787 
114 11.230000 21138470.270932 26585049.345598 
115 11.240000 19659227.502221 24494189.790559 
116 11.250000 18294049.138740 22582463.893948 
117 11.260000 17033335.471513 20833282.681404 
118 11.270000 15868361.526000 19231706.837705 
119 11.280000 14791191.349419 17764271.539564 
120 11.290000 13794601.277085 16418831.052464 
121 11.300000 12872011.177208 15184420.732078 
122 11.310000 12017422.791703 14051134.367732 
123 11.320000 11225364.393913 13010015.063037 
124 11.330000 10490841.074752 12052958.072647 
125 11.340000 9809290.048265 11172624.208766 
126 11.350000 9176540.437378 10362362.600550 
127 11.360000 8588777.062003 9616141.737203 
128 11.370000 8042507.805630 8928487.854498 
129 11.380000 7534534.184101 8294429.836959 
130 11.390000 7061924.782188 7709449.906348 
131 11.400000 6621991.260584 7169439.453203 
132 11.410000 6212266.668600 6670659.443572 
133 11.420000 5830485.826735 6209704.899217 
134 11.430000 5474567.568860 5783473.007610 
135 11.440000 5142598.656379 5389134.468983 
136 11.450000 4832819.196791 5024107.732541 
137 11.460000 4543609.416894 4686035.813366 
138 11.470000 4273477.656657 4372765.416300 
139 11.480000 4021049.463825 4082328.123703 
140 11.490000 3785057.681829 3812923.431024 
141 11.500000 3564333.434679 3562903.437965 
142 11.510000 3357797.922402 3330759.024134 
143 11.520000 3164454.949450 3115107.356738 
144 11.530000 2983384.116344 2914680.594364 
145 11.540000 2813734.611865 2728315.665565 
146 11.550000 2654719.549389 2554945.013935 
147 11.560000 2505610.796571 2393588.212860 
148 11.570000 2365734.252610 2243344.363394 
149 11.580000 2234465.531838 2103385.197776 
150 11.590000 2111226.016405 1972948.819201 
151 11.600000 1995479.244430 1851334.015667 
152 11.610000 1886727.603279 1737895.092122 
153 11.620000 1784509.300487 1632037.170863 
154 11.630000 1688395.587519 1533211.915229 
155 11.640000 1597988.213870 1440913.636197 
156 11.650000 1512917.091164 1354675.745563 
157 11.660000 1432838.148784 1274067.522996 
158 11.670000 1357431.364318 1198691.167560 
159 11.680000 1286398.953635 1128179.107155 
160 11.690000 1219463.706797 1062191.541991 
161 11.700000 1156367.457311 1000414.200507 
162 11.710000 1096869.673311 942556.288278 
163 11.720000 1040746.160350 888348.612308 
164 11.730000 987787.866355 837541.864825 
165 11.740000 937799.780199 789905.052206 
166 11.750000 890599.916050 745224.056008 
167 11.760000 846018.376402 703300.314353 
168 11.770000 803896.487274 663949.612984 
169 11.780000 764085.999671 627000.976327 
170 11.790000 726448.351881 592295.649789 
171 11.800000 690853.987685 559686.165344 
172 11.810000 657181.725951 529035.483165 
173 11.820000 625318.177488 500216.202765 
174 11.830000 595157.205392 473109.837649 
175 11.840000 566599.425420 447606.148093 
176 11.850000 539551.743226 423602.527080 
177 11.860000 513926.925568 401003.434921 
178 11.870000 489643.202824 379719.878467 
179 11.880000 466623.900374 359668.931175 
180 11.890000 444797.096633 340773.290641 
181 11.900000 424095.305656 322960.870492 
182 11.910000 404455.182454 306164.423812 
183 11.920000 385817.249275 290321.195510 
184 11.930000 368125.641274 275372.601290 
185 11.940000 351327.870089 261263.931038 
186 11.950000 335374.603998 247944.074687 
187 11.960000 320219.463409 235365.268723 
188 11.970000 305818.830540 223482.861712 
189 11.980000 292131.672245 212255.097313 
190 11.990000 279119.375016 201642.913408 
191 12.000000 266745.591271 191609.756070 
192 12.010000 254976.096098 182121.407214 
193 12.020000 243778.653706 173145.824864 
194 12.030000 233122.892880 164652.995042 
195 12.040000 222980.190782 156614.794407 
196 12.050000 213323.564518 149004.862795 
197 12.060000 204127.569906 141798.484914 
198 12.070000 195368.206943 134972.480491 
199 12.080000 187022.831488 128505.102236 
200 12.090000 179070.072735 122375.941030 
201 12.100000 171489.756073 116565.837795 
202 12.110000 164262.830940 111056.801545 
203 12.120000 157371.303357 105831.933160 
204 12.130000 150798.172781 100875.354459 
205 12.140000 144527.373017 96172.142182 
206 12.150000 138543.716892 91708.266517 
207 12.160000 132832.844432 87470.533845 
208 12.170000 127381.174320 83446.533391 
209 12.180000 122175.858407 79624.587504 
210 12.190000 117204.739064 75993.705297 
211 12.200000 112456.309199 72543.539418 
212 12.210000 107919.674748 69264.345706 
213 12.220000 103584.519490 66146.945557 
214 12.230000 99441.072024 63182.690782 
215 12.240000 95480.074762 60363.430792 
216 12.250000 91692.754824 57681.481950 
217 12.260000 88070.796690 55129.598932 
218 12.270000 84606.316512 52700.947958 
219 12.280000 81291.837966 50389.081765 
220 12.290000 78120.269557 48187.916207 
221 12.300000 75084.883277 46091.708355 
222 12.310000 72179.294527 44095.036012 
223 12.320000 69397.443237 42192.778536 
224 12.330000 66733.576084 40380.098882 
225 12.340000 64182.229771 38652.426791 
226 12.350000 61738.215267 37005.443029 
227 12.360000 59396.602977 35435.064629 
228 12.370000 57152.708764 33937.431055 
229 12.380000 55002.080778 32508.891224 
230 12.390000 52940.487049 31145.991339 
231 12.400000 50963.903783 29845.463479 
232 12.410000 49068.504329 28604.214883 
233 12.420000 47250.648772 27419.317901 
234 12.430000 45506.874115 26288.000552 
235 12.440000 43833.885013 25207.637667 
236 12.450000 42228.545027 24175.742556 
237 12.460000 40687.868374 23189.959190 
238 12.470000 39209.012120 22248.054852 
239 12.480000 37789.268825 21347.913220 
240 12.490000 36426.059582 20487.527875 
241 12.500000 35116.927441 19664.996185 
242 12.510000 33859.531199 18878.513559 
243 12.520000 32651.639521 18126.368037 
244 12.530000 31491.125388 17406.935198 
245 12.540000 30375.960840 16718.673365 
246 12.550000 29304.212009 16060.119093 
247 12.560000 28274.034411 15429.882918 
248 12.570000 27283.668499 14826.645351 
249 12.580000 26331.435446 14249.153107 
250 12.590000 25415.733159 13696.215542 
251 12.600000 24535.032496 13166.701307 
252 12.610000 23687.873690 12659.535179 
253 12.620000 22872.862957 12173.695085 
254 12.630000 22088.669282 11708.209284 
255 12.640000 21334.021378 11262.153715 
256 12.650000 20607.704791 10834.649490 
257 12.660000 19908.559170 10424.860532 
258 12.670000 19235.475665 10031.991336 
259 12.680000 18587.394468 9655.284866 
260 12.690000 17963.302474 9294.020560 
261 12.700000 17362.231066 8947.512449 
262 12.710000 16783.254008 8615.107378 
263 12.720000 16225.485449 8296.183323 
264 12.730000 15688.078025 7990.147804 
265 12.740000 15170.221059 7696.436383 
266 12.750000 14671.138849 7414.511241 
267 12.760000 14190.089043 7143.859831 
268 12.770000 13726.361092 6883.993611 
269 12.780000 13279.274788 6634.446838 
270 12.790000 12848.178860 6394.775426 
271 12.800000 12432.449658 6164.555871 
272 12.810000 12031.489881 5943.384226 
273 12.820000 11644.727386 5730.875137 
274 12.830000 11271.614041 5526.660924 
275 12.840000 10911.624643 5330.390713 
276 12.850000 10564.255882 5141.729615 
277 12.860000 10229.025362 4960.357943 
278 12.870000 9905.470661 4785.970476 
279 12.880000 9593.148441 4618.275756 
280 12.890000 9291.633601 4456.995423 
281 12.900000 9000.518469 4301.863586 
282 12.910000 8719.412030 4152.626223 
283 12.920000 8447.939197 4009.040615 
284 12.930000 8185.740107 3870.874807 
285 12.940000 7932.469459 3737.907095 
286 12.950000 7687.795879 3609.925544 
287 12.960000 7451.401315 3486.727524 
288 12.970000 7222.980458 3368.119273 
289 12.980000 7002.240196 3253.915482 
290 12.990000 6788.899086 3143.938899 
291 13.000000 6582.686853 3038.019957 
292 13.010000 6383.343918 2935.996412 
293 13.020000 6190.620935 2837.713007 
294 13.030000 6004.278362 2743.021149 
295 13.040000 5824.086044 2651.778606 
296 13.050000 5649.822817 2563.849209 
297 13.060000 5481.276129 2479.102580 
298 13.070000 5318.241679 2397.413866 
299 13.080000 5160.523073 2318.663489 
300 13.090000 5007.931496 2242.736909 
301 13.100000 4860.285391 2169.524391 
302 13.110000 4717.410166 2098.920796 
303 13.120000 4579.137902 2030.825371 
304 13.130000 4445.307078 1965.141552 
305 13.140000 4315.762311 1901.776781 
306 13.150000 4190.354104 1840.642326 
307 13.160000 4068.938605 1781.653109 
308 13.170000 3951.377377 1724.727550 
309 13.180000 3837.537180 1669.787410 
310 13.190000 3727.289763 1616.757643 
311 13.200000 3620.511656 1565.566261 
312 13.210000 3517.083986 1516.144196 
313 13.220000 3416.892287 1468.425174 
314 13.230000 3319.826327 1422.345596 
315 13.240000 3225.779940 1377.844420 
316 13.250000 3134.650860 1334.863054 
317 13.260000 3046.340574 1293.345246 
318 13.270000 2960.754165 1253.236988 
319 13.280000 2877.800180 1214.486418 
320 13.290000 2797.390485 1177.043729 
321 13.300000 2719.440144 1140.861083 
322 13.310000 2643.867285 1105.892526 
323 13.320000 2570.592989 1072.093908 
324 13.330000 2499.541171 1039.422810 
325 13.340000 2430.638471 1007.838468 
326 13.350000 2363.814151 977.301706 
327 13.360000 2298.999990 947.774870 
328 13.370000 2236.130191 919.221762 
329 13.380000 2175.141290 891.607583 
330 13.390000 2115.972060 864.898872 
331 13.400000 2058.563434 839.063453 
332 13.410000 2002.858418 814.070382 
333 13.420000 1948.802014 789.889895 
334 13.430000 1896.341146 766.493362 
335 13.440000 1845.424586 743.853239 
336 13.450000 1796.002885 721.943023 
337 13.460000 1748.028307 700.737212 
338 13.470000 1701.454766 680.211265 
339 13.480000 1656.237762 660.341561 
340 13.490000 1612.334327 641.105362 
341 13.500000 1569.702961 622.480779 
342 13.510000 1528.303585 604.446739 
343 13.520000 1488.097486 586.982949 
344 13.530000 1449.047265 570.069868 
345 13.540000 1411.116792 553.688677 
346 13.550000 1374.271158 537.821248 
347 13.560000 1338.476631 522.450120 
348 13.570000 1303.700613 507.558470 
349 13.580000 1269.911601 493.130091 
350 13.590000 1237.079142 479.149363 
351 13.600000 1205.173804 465.601236 
352 13.610000 1174.167130 452.471204 
353 13.620000 1144.031610 439.745285 
354 13.630000 1114.740643 427.409999 
355 13.640000 1086.268508 415.452354 
356 13.650000 1058.590328 403.859821 
357 13.660000 1031.682047 392.620317 
358 13.670000 1005.520395 381.722193 
359 13.680000 980.082861 371.154213 
360 13.690000 955.347670 360.905539 
361 13.700000 931.293754 350.965715 
362 13.710000 907.900727 341.324656 
363 13.720000 885.148866 331.972630 
364 13.730000 863.019079 322.900248 
365 13.740000 841.492894 314.098447 
366 13.750000 820.552427 305.558484 
367 13.760000 800.180369 297.271917 
368 13.770000 780.359964 289.230598 
369 13.780000 761.074991 281.426663 
370 13.790000 742.309740 273.852517 
371 13.800000 724.049005 266.500828 
372 13.810000 706.278055 259.364517 
373 13.820000 688.982629 252.436745 
374 13.830000 672.148912 245.710909 
375 13.840000 655.763521 239.180631 
376 13.850000 639.813497 232.839749 
377 13.860000 624.286280 226.682311 
378 13.870000 609.169706 220.702566 
379 13.880000 594.451988 214.894958 
380 13.890000 580.121702 209.254116 
381 13.900000 566.167781 203.774852 
382 13.910000 552.579497 198.452151 
383 13.920000 539.346453 193.281165 
384 13.930000 526.458573 188.257207 
385 13.940000 513.906087 183.375749 
386 13.950000 501.679525 178.632411 
387 13.960000 489.769706 174.022957 
388 13.970000 478.167729 169.543292 
389 13.980000 466.864961 165.189458 
390 13.990000 455.853032 160.957624 
391 14.000000 445.123825 156.844086 
392 14.010000 434.669466 152.845260 
393 14.020000 424.482321 148.957680 
394 14.030000 414.554981 145.177994 
395 14.040000 404.880261 141.502955 
396 14.050000 395.451191 137.929426 
397 14.060000 386.261008 134.454367 
398 14.070000 377.303149 131.074839 
399 14.080000 368.571248 127.787996 
400 14.090000 360.059124 124.591084 
401 14.100000 351.760782 121.481436 
402 14.110000 343.670402 118.456472 
403 14.120000 335.782334 115.513693 
404 14.130000 328.091095 112.650680 
405 14.140000 320.591362 109.865090 
406 14.150000 313.277967 107.154653 
407 14.160000 306.145895 104.517175 
408 14.170000 299.190272 101.950525 
409 14.180000 292.406369 99.452645 
410 14.190000 285.789593 97.021536 
411 14.200000 279.335484 94.655266 
412 14.210000 273.039708 92.351960 
413 14.220000 266.898059 90.109804 
414 14.230000 260.906448 87.927038 
415 14.240000 255.060907 85.801958 
416 14.250000 249.357579 83.732912 
417 14.260000 243.792716 81.718299 
418 14.270000 238.362677 79.756569 
419 14.280000 233.063927 77.846215 
420 14.290000 227.893027 75.985782 
421 14.300000 222.846638 74.173856 
422 14.310000 217.921514 72.409065 
423 14.320000 213.114500 70.690083 
424 14.330000 208.422531 69.015620 
425 14.340000 203.842625 67.384427 
426 14.350000 199.371886 65.795293 
427 14.360000 195.007497 64.247043 
428 14.370000 190.746721 62.738538 
429 14.380000 186.586896 61.268672 
430 14.390000 182.525434 59.836372 
431 14.400000 178.559817 58.440599 
432 14.410000 174.687599 57.080343 
433 14.420000 170.906401 55.754626 
434 14.430000 167.213906 54.462497 
435 14.440000 163.607865 53.203033 
436 14.450000 160.086088 51.975342 
437 14.460000 156.646446 50.778553 
438 14.470000 153.286866 49.611825 
439 14.480000 150.005333 48.474340 
440 14.490000 146.799888 47.365302 
441 14.500000 143.668621 46.283943 
442 14.510000 140.609677 45.229513 
443 14.520000 137.621251 44.201285 
444 14.530000 134.701584 43.198555 
445 14.540000 131.848967 42.220637 
446 14.550000 129.061735 41.266867 
447 14.560000 126.338268 40.336598 
448 14.570000 123.676990 39.429202 
449 14.580000 121.076366 38.544072 
450 14.590000 118.534902 37.680614 
451 14.600000 116.051145 36.838255 
452 14.610000 113.623677 36.016435 
453 14.620000 111.251122 35.214611 
454 14.630000 108.932137 34.432258 
455 14.640000 106.665416 33.668863 
456 14.650000 104.449686 32.923927 
457 14.660000 102.283709 32.196968 
458 14.670000 100.166277 31.487516 
459 14.680000 98.096216 30.795113 
460 14.690000 96.072382 30.119317 
461 14.700000 94.093660 29.459695 
462 14.710000 92.158964 28.815828 
463 14.720000 90.267237 28.187309 
464 14.730000 88.417448 27.573742 
465 14.740000 86.608594 26.974740 
466 14.750000 84.839697 26.389930 
467 14.760000 83.109805 25.818947 
468 14.770000 81.417989 25.261437 
469 14.780000 79.763346 24.717056 
470 14.790000 78.144993 24.185468 
471 14.800000 76.562072 23.666349 
472 14.810000 75.013746 23.159382 
473 14.820000 73.499199 22.664257 
474 14.830000 72.017637 22.180676 
475 14.840000 70.568285 21.708347 
476 14.850000 69.150387 21.246987 
477 14.860000 67.763208 20.796319 
478 14.870000 66.406029 20.356076 
479 14.880000 65.078150 19.925995 
480 14.890000 63.778891 19.505824 
481 14.900000 62.507586 19.095314 
482 14.910000 61.263587 18.694224 
483 14.920000 60.046261 18.302322 
484 14.930000 58.854992 17.919379 
485 14.940000 57.689178 17.545172 
486 14.950000 56.548235 17.179487 
487 14.960000 55.431589 16.822112 
488 14.970000 54.338684 16.472845 
489 14.980000 53.268976 16.131484 
490 14.990000 52.221934 15.797836 
491 15.000000 51.197040 15.471713 
492 15.010000 50.193791 15.152931 
493 15.020000 49.211694 14.841311 
494 15.030000 48.250268 14.536678 
495 15.040000 47.309045 14.238863 
496 15.050000 46.387569 13.947701 
497 15.060000 45.485392 13.663030 
498 15.070000 44.602080 13.384695 
499 15.080000 43.737208 13.112541 
500 15.090000 42.890362 12.846421 
501 15.100000 42.061137 12.586189 
502 15.110000 41.249139 12.331705 
503 15.120000 40.453982 12.082831 
504 15.130000 39.675291 11.839433 
505 15.140000 38.912700 11.601381 
506 15.150000 38.165848 11.368547 
507 15.160000 37.434389 11.140807 
508 15.170000 36.717979 10.918042 
509 15.180000 36.016286 10.700132 
510 15.190000 35.328986 10.486964 
511 15.200000 34.655759 10.278426 
512 15.210000 33.996297 10.074409 
513 15.220000 33.350298 9.874806 
514 15.230000 32.717464 9.679515 
515 15.240000 32.097509 9.488434 
516 15.250000 31.490150 9.301466 
517 15.260000 30.895113 9.118514 
518 15.270000 30.312128 8.939484 
519 15.280000 29.740933 8.764287 
520 15.290000 29.181272 8.592832 
521 15.300000 28.632896 8.425034 
522 15.310000 28.095558 8.260808 
523 15.320000 27.569022 8.100071 
524 15.330000 27.053053 7.942744 
525 15.340000 26.547424 7.788747 
526 15.350000 26.051912 7.638006 
527 15.360000 25.566299 7.490444 
528 15.370000 25.090375 7.345990 
529 15.380000 24.623930 7.204572 
530 15.390000 24.166763 7.066122 
531 15.400000 23.718675 6.930573 
532 15.410000 23.279472 6.797857 
533 15.420000 22.848967 6.667912 
534 15.430000 22.426973 6.540674 
535 15.440000 22.013310 6.416082 
536 15.450000 21.607802 6.294077 
537 15.460000 21.210277 6.174601 
538 15.470000 20.820565 6.057597 
539 15.480000 20.438503 5.943010 
540 15.490000 20.063928 5.830785 
541 15.500000 19.696684 5.720869 
542 15.510000 19.336617 5.613212 
543 15.520000 18.983576 5.507763 
544 15.530000 18.637415 5.404473 
545 15.540000 18.297990 5.303295 
546 15.550000 17.965160 5.204180 
547 15.560000 17.638788 5.107085 
548 15.570000 17.318740 5.011964 
549 15.580000 17.004884 4.918773 
550 15.590000 16.697092 4.827471 
551 15.600000 16.395239 4.738016 
552 15.610000 16.099202 4.650367 
553 15.620000 15.808860 4.564486 
554 15.630000 15.524097 4.480333 
555 15.640000 15.244798 4.397870 
556 15.650000 14.970850 4.317062 
557 15.660000 14.702143 4.237872 
558 15.670000 14.438571 4.160265 
559 15.680000 14.180028 4.084206 
560 15.690000 13.926412 4.009663 
561 15.700000 13.677622 3.936602 
562 15.710000 13.433560 3.864992 
563 15.720000 13.194130 3.794802 
564 15.730000 12.959238 3.726000 
565 15.740000 12.728791 3.658558 
566 15.750000 12.502700 3.592446 
567 15.760000 12.280876 3.527636 
568 15.770000 12.063235 3.464100 
569 15.780000 11.849690 3.401811 
570 15.790000 11.640160 3.340742 
571 15.800000 11.434565 3.280868 
572 15.810000 11.232825 3.222163 
573 15.820000 11.034862 3.164602 
574 15.830000 10.840602 3.108162 
575 15.840000 10.649971 3.052819 
576 15.850000 10.462895 2.998549 
577 15.860000 10.279304 2.945331 
578 15.870000 10.099130 2.893141 
579 15.880000 9.922303 2.841960 
580 15.890000 9.748757 2.791764 
581 15.900000 9.578428 2.742535 
582 15.910000 9.411252 2.694251 
583 15.920000 9.247166 2.646894 
584 15.930000 9.086110 2.600443 
585 15.940000 8.928024 2.554881 
586 15.950000 8.772849 2.510188 
587 15.960000 8.620529 2.466347 
588 15.970000 8.471006 2.423340 
589 15.980000 8.324227 2.381150 
590 15.990000 8.180138 2.339761 
591 16.000000 8.038686 2.299155 
592 16.010000 7.899819 2.259317 
593 16.020000 7.763488 2.220231 
594 16.030000 7.629643 2.181881 
595 16.040000 7.498235 2.144253 
596 16.050000 7.369218 2.107332 
597 16.060000 7.242544 2.071104 
598 16.070000 7.118169 2.035554 
599 16.080000 6.996049 2.000668 
600 16.090000 6.876139 1.966434 
601 16.100000 6.758397 1.932838 
602 16.110000 6.642781 1.899868 
603 16.120000 6.529251 1.867510 
604 16.130000 6.417766 1.835752 
605 16.140000 6.308287 1.804582 
606 16.150000 6.200776 1.773989 
607 16.160000 6.095195 1.743961 
608 16.170000 5.991507 1.714487 
609 16.180000 5.889677 1.685555 
610 16.190000 5.789667 1.657155 
611 16.200000 5.691446 1.629276 
612 16.210000 5.594977 1.601908 
613 16.220000 5.500228 1.575040 
614 16.230000 5.407166 1.548664 
615 16.240000 5.315759 1.522768 
616 16.250000 5.225976 1.497345 
617 16.260000 5.137787 1.472383 
618 16.270000 5.051161 1.447875 
619 16.280000 4.966069 1.423811 
620 16.290000 4.882481 1.400182 
621 16.300000 4.800371 1.376981 
622 16.310000 4.719709 1.354198 
623 16.320000 4.640469 1.331826 
624 16.330000 4.562625 1.309856 
625 16.340000 4.486149 1.288281 
626 16.350000 4.411018 1.267093 
627 16.360000 4.337204 1.246285 
628 16.370000 4.264685 1.225849 
629 16.380000 4.193436 1.205777 
630 16.390000 4.123433 1.186064 
631 16.400000 4.054653 1.166701 
632 16.410000 3.987073 1.147683 
633 16.420000 3.920672 1.129002 
634 16.430000 3.855428 1.110653 
635 16.440000 3.791319 1.092628 
636 16.450000 3.728323 1.074921 
637 16.460000 3.666422 1.057528 
638 16.470000 3.605594 1.040440 
639 16.480000 3.545821 1.023654 
640 16.490000 3.487081 1.007162 
641 16.500000 3.429357 0.990959 
642 16.510000 3.372631 0.975041 
643 16.520000 3.316883 0.959400 
644 16.530000 3.262096 0.944033 
645 16.540000 3.208252 0.928934 
646 16.550000 3.155334 0.914098 
647 16.560000 3.103326 0.899520 
648 16.570000 3.052210 0.885195 
649 16.580000 3.001971 0.871118 
650 16.590000 2.952593 0.857285 
651 16.600000 2.904060 0.843691 
652 16.610000 2.856356 0.830332 
653 16.620000 2.809467 0.817204 
654 16.630000 2.763379 0.804301 
655 16.640000 2.718076 0.791620 
656 16.650000 2.673544 0.779157 
657 16.660000 2.629770 0.766907 
658 16.670000 2.586741 0.754867 
659 16.680000 2.544441 0.743033 
660 16.690000 2.502860 0.731400 
661 16.700000 2.461983 0.719966 
662 16.710000 2.421798 0.708727 
663 16.720000 2.382293 0.697679 
664 16.730000 2.343456 0.686818 
665 16.740000 2.305274 0.676141 
666 16.750000 2.267736 0.665645 
667 16.760000 2.230831 0.655326 
668 16.770000 2.194547 0.645181 
669 16.780000 2.158873 0.635207 
670 16.790000 2.123799 0.625402 
671 16.800000 2.089314 0.615760 
672 16.810000 2.055407 0.606281 
673 16.820000 2.022069 0.596961 
674 16.830000 1.989289 0.587796 
675 16.840000 1.957057 0.578785 
676 16.850000 1.925364 0.569924 
677 16.860000 1.894199 0.561210 
678 16.870000 1.863555 0.552642 
679 16.880000 1.833422 0.544216 
680 16.890000 1.803791 0.535930 
681 16.900000 1.774652 0.527781 
682 16.910000 1.745998 0.519767 
683 16.920000 1.717820 0.511886 
684 16.930000 1.690110 0.504134 
685 16.940000 1.662859 0.496510 
686 16.950000 1.636059 0.489012 
687 16.960000 1.609704 0.481637 
688 16.970000 1.583784 0.474383 
689 16.980000 1.558292 0.467248 
690 16.990000 1.533221 0.460230 
691 17.000000 1.508564 0.453327 
692 17.010000 1.484314 0.446536 
693 17.020000 1.460462 0.439856 
694 17.030000 1.437004 0.433284 
695 17.040000 1.413931 0.426820 
696 17.050000 1.391237 0.420460 
697 17.060000 1.368915 0.414204 
698 17.070000 1.346960 0.408049 
699 17.080000 1.325365 0.401993 
700 17.090000 1.304123 0.396035 
701 17.100000 1.283229 0.390174 
702 17.110000 1.262677 0.384406 
703 17.120000 1.242460 0.378732 
704 17.130000 1.222573 0.373148 
705 17.140000 1.203011 0.367655 
706 17.150000 1.183768 0.362249 
707 17.160000 1.164838 0.356929 
708 17.170000 1.146216 0.351695 
709 17.180000 1.127897 0.346544 
710 17.190000 1.109875 0.341475 
711 17.200000 1.092147 0.336487 
712 17.210000 1.074706 0.331579 
713 17.220000 1.057547 0.326748 
714 17.230000 1.040667 0.321993 
715 17.240000 1.024060 0.317314 
716 17.250000 1.007722 0.312709 
717 17.260000 0.991648 0.308177 
718 17.270000 0.975833 0.303716 
719 17.280000 0.960274 0.299326 
720 17.290000 0.944966 0.295004 
721 17.300000 0.929904 0.290750 
722 17.310000 0.915086 0.286563 
723 17.320000 0.900505 0.282442 
724 17.330000 0.886160 0.278385 
725 17.340000 0.872045 0.274392 
726 17.350000 0.858156 0.270460 
727 17.360000 0.844491 0.266591 
728 17.370000 0.831045 0.262781 
729 17.380000 0.817814 0.259030 
730 17.390000 0.804796 0.255338 
731 17.400000 0.791986 0.251703 
732 17.410000 0.779380 0.248125 
733 17.420000 0.766977 0.244601 
734 17.430000 0.754771 0.241132 
735 17.440000 0.742761 0.237717 
736 17.450000 0.730942 0.234354 
737 17.460000 0.719312 0.231043 
738 17.470000 0.707867 0.227783 
739 17.480000 0.696604 0.224573 
740 17.490000 0.685521 0.221412 
741 17.500000 0.674614 0.218300 
742 17.510000 0.663880 0.215235 
743 17.520000 0.653317 0.212217 
744 17.530000 0.642922 0.209245 
745 17.540000 0.632692 0.206318 
746 17.550000 0.622624 0.203435 
747 17.560000 0.612715 0.200597 
748 17.570000 0.602964 0.197802 
749 17.580000 0.593367 0.195049 
750 17.590000 0.583922 0.192337 
751 17.600000 0.574626 0.189667 
752 17.610000 0.565477 0.187037 
753 17.620000 0.556473 0.184446 
754 17.630000 0.547611 0.181895 
755 17.640000 0.538889 0.179382 
756 17.650000 0.530304 0.176907 
757 17.660000 0.521855 0.174469 
758 17.670000 0.513539 0.172067 
759 17.680000 0.505353 0.169701 
760 17.690000 0.497297 0.167371 
761 17.700000 0.489367 0.165076 
762 17.710000 0.481562 0.162815 
763 17.720000 0.473880 0.160587 
764 17.730000 0.466319 0.158393 
765 17.740000 0.458876 0.156231 
766 17.750000 0.451549 0.154101 
767 17.760000 0.444338 0.152003 
768 17.770000 0.437240 0.149936 
769 17.780000 0.430253 0.147899 
770 17.790000 0.423376 0.145893 
771 17.800000 0.416606 0.143916 
772 17.810000 0.409942 0.141969 
773 17.820000 0.403382 0.140049 
774 17.830000 0.396925 0.138159 
775 17.840000 0.390569 0.136296 
776 17.850000 0.384312 0.134460 
777 17.860000 0.378153 0.132651 
778 17.870000 0.372090 0.130868 
779 17.880000 0.366121 0.129112 
780 17.890000 0.360246 0.127381 
781 17.900000 0.354462 0.125676 
782 17.910000 0.348768 0.123995 
783 17.920000 0.343163 0.122339 
784 17.930000 0.337646 0.120707 
785 17.940000 0.332214 0.119098 
786 17.950000 0.326866 0.117513 
787 17.960000 0.321602 0.115950 
788 17.970000 0.316420 0.114411 
789 17.980000 0.311318 0.112893 
790 17.990000 0.306295 0.111398 
791 18.000000 0.301351 0.109924 
792 18.010000 0.296483 0.108471 
793 18.020000 0.291690 0.107039 
794 18.030000 0.286973 0.105627 
795 18.040000 0.282328 0.104236 
796 18.050000 0.277755 0.102865 
797 18.060000 0.273253 0.101513 
798 18.070000 0.268821 0.100181 
799 18.080000 0.264457 0.098867 
800 18.090000 0.260162 0.097573 
801 18.100000 0.255932 0.096296 
802 18.110000 0.251768 0.095038 
803 18.120000 0.247669 0.093798 
804 18.130000 0.243632 0.092575 
805 18.140000 0.239659 0.091370 
806 18.150000 0.235746 0.090182 
807 18.160000 0.231895 0.089010 
808 18.170000 0.228102 0.087855 
809 18.180000 0.224369 0.086717 
810 18.190000 0.220693 0.085594 
811 18.200000 0.217073 0.084487 
812 18.210000 0.213510 0.083396 
813 18.220000 0.210002 0.082320 
814 18.230000 0.206547 0.081259 
815 18.240000 0.203146 0.080213 
816 18.250000 0.199798 0.079182 
817 18.260000 0.196501 0.078165 
818 18.270000 0.193255 0.077162 
819 18.280000 0.190059 0.076173 
820 18.290000 0.186912 0.075198 
821 18.300000 0.183814 0.074237 
822 18.310000 0.180763 0.073289 
823 18.320000 0.177760 0.072354 
824 18.330000 0.174803 0.071432 
825 18.340000 0.171891 0.070523 
826 18.350000 0.169024 0.069626 
827 18.360000 0.166202 0.068742 
828 18.370000 0.163422 0.067870 
829 18.380000 0.160686 0.067010 
830 18.390000 0.157992 0.066162 
831 18.400000 0.155339 0.065325 
832 18.410000 0.152727 0.064500 
833 18.420000 0.150155 0.063686 
834 18.430000 0.147623 0.062884 
835 18.440000 0.145130 0.062092 
836 18.450000 0.142675 0.061312 
837 18.460000 0.140258 0.060542 
838 18.470000 0.137878 0.059782 
839 18.480000 0.135535 0.059033 
840 18.490000 0.133228 0.058294 
841 18.500000 0.130956 0.057565 
842 18.510000 0.128719 0.056846 
843 18.520000 0.126517 0.056136 
844 18.530000 0.124349 0.055437 
845 18.540000 0.122214 0.054747 
846 18.550000 0.120111 0.054066 
847 18.560000 0.118042 0.053394 
848 18.570000 0.116004 0.052731 
849 18.580000 0.113997 0.052078 
850 18.590000 0.112021 0.051433 
851 18.600000 0.110076 0.050797 
852 18.610000 0.108161 0.050169 
853 18.620000 0.106275 0.049550 
854 18.630000 0.104418 0.048939 
855 18.640000 0.102590 0.048336 
856 18.650000 0.100790 0.047741 
857 18.660000 0.099017 0.047155 
858 18.670000 0.097272 0.046576 
859 18.680000 0.095554 0.046005 
860 18.690000 0.093863 0.045441 
861 18.700000 0.092197 0.044885 
862 18.710000 0.090557 0.044336 
863 18.720000 0.088942 0.043795 
864 18.730000 0.087353 0.043261 
865 18.740000 0.085788 0.042733 
866 18.750000 0.084246 0.042213 
867 18.760000 0.082729 0.041700 
868 18.770000 0.081235 0.041193 
869 18.780000 0.079765 0.040694 
870 18.790000 0.078317 0.040200 
871 18.800000 0.076891 0.039714 
872 18.810000 0.075487 0.039233 
873 18.820000 0.074105 0.038759 
874 18.830000 0.072745 0.038291 
875 18.840000 0.071405 0.037830 
876 18.850000 0.070086 0.037374 
877 18.860000 0.068788 0.036924 
878 18.870000 0.067510 0.036481 
879 18.880000 0.066251 0.036043 
880 18.890000 0.065012 0.035610 
881 18.900000 0.063792 0.035184 
882 18.910000 0.062591 0.034762 
883 18.920000 0.061409 0.034347 
884 18.930000 0.060245 0.033937 
885 18.940000 0.059099 0.033532 
886 18.950000 0.057971 0.033132 
887 18.960000 0.056861 0.032737 
888 18.970000 0.055767 0.032348 
889 18.980000 0.054691 0.031964 
890 18.990000 0.053632 0.031584 
891 19.000000 0.052589 0.031210 
892 19.010000 0.051562 0.030840 
893 19.020000 0.050551 0.030475 
894 19.030000 0.049556 0.030115 
895 19.040000 0.048577 0.029759 
896 19.050000 0.047612 0.029408 
897 19.060000 0.046663 0.029061 
898 19.070000 0.045729 0.028719 
899 19.080000 0.044809 0.028381 
900 19.090000 0.043904 0.028048 
901 19.100000 0.043013 0.027719 
902 19.110000 0.042135 0.027394 
903 19.120000 0.041272 0.027073 
904 19.130000 0.040422 0.026756 
905 19.140000 0.039586 0.026443 
906 19.150000 0.038762 0.026134 
907 19.160000 0.037952 0.025829 
908 19.170000 0.037154 0.025528 
909 19.180000 0.036369 0.025231 
910 19.190000 0.035596 0.024938 
911 19.200000 0.034835 0.024648 
912 19.210000 0.034087 0.024362 
913 19.220000 0.033350 0.024079 
914 19.230000 0.032625 0.023800 
915 19.240000 0.031911 0.023525 
916 19.250000 0.031209 0.023253 
917 19.260000 0.030517 0.022984 
918 19.270000 0.029837 0.022719 
919 19.280000 0.029168 0.022457 
920 19.290000 0.028509 0.022199 
921 19.300000 0.027860 0.021943 
922 19.310000 0.027222 0.021691 
923 19.320000 0.026594 0.021442 
924 19.330000 0.025976 0.021196 
925 19.340000 0.025368 0.020953 
926 19.350000 0.024770 0.020713 
927 19.360000 0.024181 0.020477 
928 19.370000 0.023602 0.020243 
929 19.380000 0.023032 0.020012 
930 19.390000 0.022471 0.019783 
931 19.400000 0.021919 0.019558 
932 19.410000 0.021376 0.019335 
933 19.420000 0.020842 0.019116 
934 19.430000 0.020316 0.018899 
935 19.440000 0.019799 0.018684 
936 19.450000 0.019290 0.018472 
937 19.460000 0.018790 0.018263 
938 19.470000 0.018297 0.018056 
939 19.480000 0.017813 0.017852 
940 19.490000 0.017336 0.017651 
941 19.500000 0.016867 0.017452 
942 19.510000 0.016406 0.017255 
943 19.520000 0.015952 0.017061 
944 19.530000 0.015506 0.016869 
945 19.540000 0.015067 0.016679 
946 19.550000 0.014635 0.016492 
947 19.560000 0.014210 0.016307 
948 19.570000 0.013792 0.016124 
949 19.580000 0.013381 0.015944 
950 19.590000 0.012977 0.015766 
951 19.600000 0.012580 0.015589 
952 19.610000 0.012189 0.015415 
953 19.620000 0.011804 0.015244 
954 19.630000 0.011426 0.015074 
955 19.640000 0.011055 0.014906 
956 19.650000 0.010689 0.014740 
957 19.660000 0.010329 0.014576 
958 19.670000 0.009976 0.014415 
959 19.680000 0.009628 0.014255 
960 19.690000 0.009286 0.014097 
961 19.700000 0.008950 0.013941 
962 19.710000 0.008620 0.013787 
963 19.720000 0.008295 0.013635 
964 19.730000 0.007976 0.013484 
965 19.740000 0.007662 0.013335 
966 19.750000 0.007353 0.013189 
967 19.760000 0.007050 0.013043 
968 19.770000 0.006751 0.012900 
969 19.780000 0.006458 0.012758 
970 19.790000 0.006170 0.012618 
971 19.800000 0.005887 0.012480 
972 19.810000 0.005608 0.012343 
973 19.820000 0.005335 0.012208 
974 19.830000 0.005066 0.012075 
975 19.840000 0.004802 0.011943 
976 19.850000 0.004542 0.011813 
977 19.860000 0.004287 0.011684 
978 19.870000 0.004036 0.011557 
979 19.880000 0.003790 0.011431 
980 19.890000 0.003548 0.011307 
981 19.900000 0.003310 0.011184 
982 19.910000 0.003076 0.011063 
983 19.920000 0.002846 0.010943 
984 19.930000 0.002621 0.010824 
985 19.940000 0.002399 0.010707 
986 19.950000 0.002182 0.010591 
987 19.960000 0.001968 0.010477 
988 19.970000 0.001758 0.010364 
989 19.980000 0.001552 0.010252 
990 19.990000 0.001350 0.010142 
991 20.000000 0.001151 0.010032 
992 20.010000 0.000956 0.009925 
993 20.020000 0.000764 0.009818 
994 20.030000 0.000576 0.009713 
995 20.040000 0.000391 0.009609 
996 20.050000 0.000209 0.009506 
997 20.060000 0.000031 0.009404 
998 20.070000 -0.000144 0.009303 
999 20.080000 -0.000315 0.009204 
1000 20.090000 -0.000484 0.009106 
1001 20.100000 -0.000649 0.009009 
1002 20.110000 -0.000811 0.008913 
1003 20.120000 -0.000970 0.008818 
1004 20.130000 -0.001126 0.008724 
1005 20.140000 -0.001280 0.008631 
1006 20.150000 -0.001430 0.008540 
1007 20.160000 -0.001578 0.008449 
1008 20.170000 -0.001722 0.008360 
1009 20.180000 -0.001864 0.008271 
1010 20.190000 -0.002003 0.008184 
1011 20.200000 -0.002140 0.008097 
1012 20.210000 -0.002274 0.008012 
1013 20.220000 -0.002405 0.007927 
1014 20.230000 -0.002534 0.007844 
1015 20.240000 -0.002660 0.007761 
1016 20.250000 -0.002784 0.007679 
1017 20.260000 -0.002905 0.007599 
1018 20.270000 -0.003024 0.007519 
1019 20.280000 -0.003140 0.007440 
1020 20.290000 -0.003255 0.007362 
1021 20.300000 -0.003366 0.007285 
1022 20.310000 -0.003476 0.007209 
1023 20.320000 -0.003583 0.007133 
1024 20.330000 -0.003688 0.007059 
1025 20.340000 -0.003791 0.006985 
1026 20.350000 -0.003892 0.006912 
1027 20.360000 -0.003991 0.006840 
1028 20.370000 -0.004088 0.006769 
1029 20.380000 -0.004183 0.006699 
1030 20.390000 -0.004275 0.006629 
1031 20.400000 -0.004366 0.006560 
1032 20.410000 -0.004455 0.006492 
1033 20.420000 -0.004542 0.006425 
1034 20.430000 -0.004627 0.006358 
1035 20.440000 -0.004710 0.006292 
1036 20.450000 -0.004791 0.006227 
1037 20.460000 -0.004871 0.006163 
1038 20.470000 -0.004948 0.006100 
1039 20.480000 -0.005024 0.006037 
1040 20.490000 -0.005099 0.005974 
1041 20.500000 -0.005171 0.005913 
1042 20.510000 -0.005242 0.005852 
1043 20.520000 -0.005312 0.005792 
1044 20.530000 -0.005379 0.005733 
1045 20.540000 -0.005445 0.005674 
1046 20.550000 -0.005510 0.005616 
1047 20.560000 -0.005573 0.005558 
1048 20.570000 -0.005635 0.005501 
1049 20.580000 -0.005695 0.005445 
1050 20.590000 -0.005753 0.005389 
1051 20.600000 -0.005811 0.005334 
1052 20.610000 -0.005866 0.005280 
1053 20.620000 -0.005921 0.005226 
1054 20.630000 -0.005974 0.005173 
1055 20.640000 -0.006025 0.005121 
1056 20.650000 -0.006076 0.005069 
1057 20.660000 -0.006125 0.005017 
1058 20.670000 -0.006172 0.004966 
1059 20.680000 -0.006219 0.004916 
1060 20.690000 -0.006264 0.004866 
1061 20.700000 -0.006308 0.004817 
1062 20.710000 -0.006351 0.004768 
1063 20.720000 -0.006393 0.004720 
1064 20.730000 -0.006433 0.004672 
1065 20.740000 -0.006472 0.004625 
1066 20.750000 -0.006510 0.004579 
1067 20.760000 -0.006547 0.004533 
1068 20.770000 -0.006583 0.004487 
1069 20.780000 -0.006618 0.004442 
1070 20.790000 -0.006652 0.004397 
1071 20.800000 -0.006685 0.004353 
1072 20.810000 -0.006717 0.004310 
1073 20.820000 -0.006748 0.004266 
1074 20.830000 -0.006777 0.004224 
1075 20.840000 -0.006806 0.004181 
1076 20.850000 -0.006834 0.004140 
1077 20.860000 -0.006861 0.004098 
1078 20.870000 -0.006887 0.004058 
1079 20.880000 -0.006912 0.004017 
1080 20.890000 -0.006936 0.003977 
1081 20.900000 -0.006959 0.003938 
1082 20.910000 -0.006982 0.003898 
1083 20.920000 -0.007003 0.003860 
1084 20.930000 -0.007024 0.003821 
1085 20.940000 -0.007044 0.003783 
1086 20.950000 -0.007063 0.003746 
1087 20.960000 -0.007081 0.003709 
1088 20.970000 -0.007099 0.003672 
1089 20.980000 -0.007116 0.003636 
1090 20.990000 -0.007132 0.003600 
1091 21.000000 -0.007147 0.003565 
1092 21.010000 -0.007161 0.003529 
1093 21.020000 -0.007175 0.003495 
1094 21.030000 -0.007188 0.003460 
1095 21.040000 -0.007201 0.003426 
1096 21.050000 -0.007212 0.003393 
1097 21.060000 -0.007223 0.003359 
1098 21.070000 -0.007234 0.003326 
1099 21.080000 -0.007243 0.003294 
1100 21.090000 -0.007252 0.003261 
1101 21.100000 -0.007261 0.003230 
1102 21.110000 -0.007269 0.003198 
1103 21.120000 -0.007276 0.003167 
1104 21.130000 -0.007283 0.003136 
1105 21.140000 -0.007289 0.003105 
1106 21.150000 -0.007294 0.003075 
1107 21.160000 -0.007299 0.003045 
1108 21.170000 -0.007303 0.003015 
1109 21.180000 -0.007307 0.002986 
1110 21.190000 -0.007310 0.002957 
1111 21.200000 -0.007313 0.002928 
1112 21.210000 -0.007315 0.002900 
1113 21.220000 -0.007317 0.002872 
1114 21.230000 -0.007318 0.002844 
1115 21.240000 -0.007319 0.002817 
1116 21.250000 -0.007319 0.002789 
1117 21.260000 -0.007319 0.002762 
1118 21.270000 -0.007319 0.002736 
1119 21.280000 -0.007317 0.002709 
1120 21.290000 -0.007316 0.002683 
1121 21.300000 -0.007314 0.002657 
1122 21.310000 -0.007311 0.002632 
1123 21.320000 -0.007309 0.002606 
1124 21.330000 -0.007305 0.002581 
1125 21.340000 -0.007302 0.002557 
1126 21.350000 -0.007298 0.002532 
1127 21.360000 -0.007293 0.002508 
1128 21.370000 -0.007288 0.002484 
1129 21.380000 -0.007283 0.002460 
1130 21.390000 -0.007277 0.002437 
1131 21.400000 -0.007272 0.002413 
1132 21.410000 -0.007265 0.002390 
1133 21.420000 -0.007259 0.002367 
1134 21.430000 -0.007252 0.002345 
1135 21.440000 -0.007244 0.002323 
1136 21.450000 -0.007237 0.002300 
1137 21.460000 -0.007229 0.002279 
1138 21.470000 -0.007220 0.002257 
1139 21.480000 -0.007212 0.002236 
1140 21.490000 -0.007203 0.002214 
1141 21.500000 -0.007194 0.002193 
1142 21.510000 -0.007184 0.002173 
1143 21.520000 -0.007174 0.002152 
1144 21.530000 -0.007164 0.002132 
1145 21.540000 -0.007154 0.002112 
1146 21.550000 -0.007143 0.002092 
1147 21.560000 -0.007132 0.002072 
1148 21.570000 -0.007121 0.002052 
1149 21.580000 -0.007110 0.002033 
1150 21.590000 -0.007098 0.002014 
1151 21.600000 -0.007086 0.001995 
1152 21.610000 -0.007074 0.001976 
1153 21.620000 -0.007062 0.001958 
1154 21.630000 -0.007049 0.001939 
1155 21.640000 -0.007037 0.001921 
1156 21.650000 -0.007024 0.001903 
1157 21.660000 -0.007010 0.001885 
1158 21.670000 -0.006997 0.001868 
1159 21.680000 -0.006983 0.001850 
1160 21.690000 -0.006970 0.001833 
1161 21.700000 -0.006956 0.001816 
1162 21.710000 -0.006941 0.001799 
1163 21.720000 -0.006927 0.001782 
1164 21.730000 -0.006912 0.001765 
1165 21.740000 -0.006898 0.001749 
1166 21.750000 -0.006883 0.001733 
1167 21.760000 -0.006868 0.001717 
1168 21.770000 -0.006853 0.001701 
1169 21.780000 -0.006837 0.001685 
1170 21.790000 -0.006822 0.001669 
1171 21.800000 -0.006806 0.001654 
1172 21.810000 -0.006790 0.001639 
1173 21.820000 -0.006774 0.001623 
1174 21.830000 -0.006758 0.001608 
1175 21.840000 -0.006742 0.001594 
1176 21.850000 -0.006725 0.001579 
1177 21.860000 -0.006709 0.001564 
1178 21.870000 -0.006692 0.001550 
1179 21.880000 -0.006675 0.001536 
1180 21.890000 -0.006658 0.001522 
1181 21.900000 -0.006641 0.001508 
1182 21.910000 -0.006624 0.001494 
1183 21.920000 -0.006607 0.001480 
1184 21.930000 -0.006589 0.001466 
1185 21.940000 -0.006572 0.001453 
1186 21.950000 -0.006554 0.001440 
1187 21.960000 -0.006537 0.001426 
1188 21.970000 -0.006519 0.001413 
1189 21.980000 -0.006501 0.001401 
1190 21.990000 -0.006483 0.001388 
1191 22.000000 -0.006465 0.001375 
1192 22.010000 -0.006447 0.001363 
1193 22.020000 -0.006429 0.001350 
1194 22.030000 -0.006410 0.001338 
1195 22.040000 -0.006392 0.001326 
1196 22.050000 -0.006374 0.001314 
1197 22.060000 -0.006355 0.001302 
1198 22.070000 -0.006336 0.001290 
1199 22.080000 -0.006318 0.001278 
1200 22.090000 -0.006299 0.001267 
1201 22.100000 -0.006280 0.001255 
1202 22.110000 -0.006261 0.001244 
1203 22.120000 -0.006243 0.001233 
1204 22.130000 -0.006224 0.001221 
1205 22.140000 -0.006205 0.001210 
1206 22.150000 -0.006186 0.001199 
1207 22.160000 -0.006166 0.001189 
1208 22.170000 -0.006147 0.001178 
1209 22.180000 -0.006128 0.001167 
1210 22.190000 -0.006109 0.001157 
1211 22.200000 -0.006090 0.001146 
1212 22.210000 -0.006070 0.001136 
1213 22.220000 -0.006051 0.001126 
1214 22.230000 -0.006032 0.001116 
1215 22.240000 -0.006012 0.001106 
1216 22.250000 -0.005993 0.001096 
1217 22.260000 -0.005973 0.001086 
1218 22.270000 -0.005954 0.001076 
1219 22.280000 -0.005934 0.001067 
1220 22.290000 -0.005915 0.001057 
1221 22.300000 -0.005895 0.001048 
1222 22.310000 -0.005875 0.001038 
1223 22.320000 -0.005856 0.001029 
1224 22.330000 -0.005836 0.001020 
1225 22.340000 -0.005816 0.001011 
1226 22.350000 -0.005797 0.001002 
1227 22.360000 -0.005777 0.000993 
1228 22.370000 -0.005757 0.000984 
1229 22.380000 -0.005738 0.000975 
1230 22.390000 -0.005718 0.000967 
1231 22.400000 -0.005698 0.000958 
1232 22.410000 -0.005679 0.000950 
1233 22.420000 -0.005659 0.000941 
1234 22.430000 -0.005639 0.000933 
1235 22.440000 -0.005619 0.000925 
1236 22.450000 -0.005600 0.000917 
1237 22.460000 -0.005580 0.000909 
1238 22.470000 -0.005560 0.000901 
1239 22.480000 -0.005540 0.000893 
1240 22.490000 -0.005521 0.000885 
1241 22.500000 -0.005501 0.000877 
1242 22.510000 -0.005481 0.000869 
1243 22.520000 -0.005461 0.000862 
1244 22.530000 -0.005442 0.000854 
1245 22.540000 -0.005422 0.000847 
1246 22.550000 -0.005402 0.000839 
1247 22.560000 -0.005383 0.000832 
1248 22.570000 -0.005363 0.000824 
1249 22.580000 -0.005343 0.000817 
1250 22.590000 -0.005324 0.000810 
1251 22.600000 -0.005304 0.000803 
1252 22.610000 -0.005285 0.000796 
1253 22.620000 -0.005265 0.000789 
1254 22.630000 -0.005245 0.000782 
1255 22.640000 -0.005226 0.000775 
1256 22.650000 -0.005206 0.000769 
1257 22.660000 -0.005187 0.000762 
1258 22.670000 -0.005167 0.000755 
1259 22.680000 -0.005148 0.000749 
1260 22.690000 -0.005129 0.000742 
1261 22.700000 -0.005109 0.000736 
1262 22.710000 -0.005090 0.000729 
1263 22.720000 -0.005070 0.000723 
1264 22.730000 -0.005051 0.000717 
1265 22.740000 -0.005032 0.000711 
1266 22.750000 -0.005013 0.000705 
1267 22.760000 -0.004993 0.000698 
1268 22.770000 -0.004974 0.000692 
1269 22.780000 -0.004955 0.000686 
1270 22.790000 -0.004936 0.000681 
1271 22.800000 -0.004917 0.000675 
1272 22.810000 -0.004898 0.000669 
1273 22.820000 -0.004879 0.000663 
1274 22.830000 -0.004860 0.000657 
1275 22.840000 -0.004841 0.000652 
1276 22.850000 -0.004822 0.000646 
1277 22.860000 -0.004803 0.000641 
1278 22.870000 -0.004784 0.000635 
1279 22.880000 -0.004765 0.000630 
1280 22.890000 -0.004746 0.000624 
1281 22.900000 -0.004728 0.000619 
1282 22.910000 -0.004709 0.000614 
1283 22.920000 -0.004690 0.000608 
1284 22.930000 -0.004672 0.000603 
1285 22.940000 -0.004653 0.000598 
1286 22.950000 -0.004634 0.000593 
1287 22.960000 -0.004616 0.000588 
1288 22.970000 -0.004597 0.000583 
1289 22.980000 -0.004579 0.000578 
1290 22.990000 -0.004561 0.000573 
1291 23.000000 -0.004542 0.000568 
1292 23.010000 -0.004524 0.000563 
1293 23.020000 -0.004506 0.000559 
1294 23.030000 -0.004487 0.000554 
1295 23.040000 -0.004469 0.000549 
1296 23.050000 -0.004451 0.000544 
1297 23.060000 -0.004433 0.000540 
1298 23.070000 -0.004415 0.000535 
1299 23.080000 -0.004397 0.000531 
1300 23.090000 -0.004379 0.000526 
1301 23.100000 -0.004361 0.000522 
1302 23.110000 -0.004343 0.000517 
1303 23.120000 -0.004325 0.000513 
1304 23.130000 -0.004308 0.000509 
1305 23.140000 -0.004290 0.000504 
1306 23.150000 -0.004272 0.000500 
1307 23.160000 -0.004255 0.000496 
1308 23.170000 -0.004237 0.000492 
1309 23.180000 -0.004220 0.000488 
1310 23.190000 -0.004202 0.000484 
1311 23.200000 -0.004185 0.000480 
1312 23.210000 -0.004167 0.000476 
1313 23.220000 -0.004150 0.000472 
1314 23.230000 -0.004133 0.000468 
1315 23.240000 -0.004115 0.000464 
1316 23.250000 -0.004098 0.000460 
1317 23.260000 -0.004081 0.000456 
1318 23.270000 -0.004064 0.000452 
1319 23.280000 -0.004047 0.000448 
1320 23.290000 -0.004030 0.000445 
1321 23.300000 -0.004013 0.000441 
1322 23.310000 -0.003996 0.000437 
1323 23.320000 -0.003979 0.000434 
1324 23.330000 -0.003963 0.000430 
1325 23.340000 -0.003946 0.000426 
1326 23.350000 -0.003929 0.000423 
1327 23.360000 -0.003913 0.000419 
1328 23.370000 -0.003896 0.000416 
1329 23.380000 -0.003880 0.000412 
1330 23.390000 -0.003863 0.000409 
1331 23.400000 -0.003847 0.000406 
1332 23.410000 -0.003830 0.000402 
1333 23.420000 -0.003814 0.000399 
1334 23.430000 -0.003798 0.000396 
1335 23.440000 -0.003782 0.000392 
1336 23.450000 -0.003765 0.000389 
1337 23.460000 -0.003749 0.000386 
1338 23.470000 -0.003733 0.000383 
1339 23.480000 -0.003717 0.000380 
1340 23.490000 -0.003701 0.000377 
1341 23.500000 -0.003685 0.000373 
1342 23.510000 -0.003670 0.000370 
1343 23.520000 -0.003654 0.000367 
1344 23.530000 -0.003638 0.000364 
1345 23.540000 -0.003622 0.000361 
1346 23.550000 -0.003607 0.000358 
1347 23.560000 -0.003591 0.000355 
1348 23.570000 -0.003576 0.000353 
1349 23.580000 -0.003560 0.000350 
1350 23.590000 -0.003545 0.000347 
1351 23.600000 -0.003530 0.000344 
1352 23.610000 -0.003514 0.000341 
1353 23.620000 -0.003499 0.000338 
1354 23.630000 -0.003484 0.000336 
1355 23.640000 -0.003469 0.000333 
1356 23.650000 -0.003454 0.000330 
1357 23.660000 -0.003439 0.000327 
1358 23.670000 -0.003424 0.000325 
1359 23.680000 -0.003409 0.000322 
1360 23.690000 -0.003394 0.000320 
1361 23.700000 -0.003379 0.000317 
1362 23.710000 -0.003364 0.000314 
1363 23.720000 -0.003350 0.000312 
1364 23.730000 -0.003335 0.000309 
1365 23.740000 -0.003320 0.000307 
1366 23.750000 -0.003306 0.000304 
1367 23.760000 -0.003291 0.000302 
1368 23.770000 -0.003277 0.000299 
1369 23.780000 -0.003262 0.000297 
1370 23.790000 -0.003248 0.000295 
1371 23.800000 -0.003234 0.000292 
1372 23.810000 -0.003220 0.000290 
1373 23.820000 -0.003205 0.000288 
1374 23.830000 -0.003191 0.000285 
1375 23.840000 -0.003177 0.000283 
1376 23.850000 -0.003163 0.000281 
1377 23.860000 -0.003149 0.000278 
1378 23.870000 -0.003135 0.000276 
1379 23.880000 -0.003121 0.000274 
1380 23.890000 -0.003108 0.000272 
1381 23.900000 -0.003094 0.000270 
1382 23.910000 -0.003080 0.000267 
1383 23.920000 -0.003066 0.000265 
1384 23.930000 -0.003053 0.000263 
1385 23.940000 -0.003039 0.000261 
1386 23.950000 -0.003026 0.000259 
1387 23.960000 -0.003012 0.000257 
1388 23.970000 -0.002999 0.000255 
1389 23.980000 -0.002986 0.000253 
1390 23.990000 -0.002972 0.000251 
1391 24.000000 -0.002959 0.000249 
1392 24.010000 -0.002946 0.000247 
1393 24.020000 -0.002933 0.000245 
1394 24.030000 -0.002920 0.000243 
1395 24.040000 -0.002907 0.000241 
1396 24.050000 -0.002894 0.000239 
1397 24.060000 -0.002881 0.000237 
1398 24.070000 -0.002868 0.000235 
1399 24.080000 -0.002855 0.000233 
1400 24.090000 -0.002842 0.000232 
1401 24.100000 -0.002830 0.000230 
1402 24.110000 -0.002817 0.000228 
1403 24.120000 -0.002804 0.000226 
1404 24.130000 -0.002792 0.000224 
1405 24.140000 -0.002779 0.000222 
1406 24.150000 -0.002767 0.000221 
1407 24.160000 -0.002754 0.000219 
1408 24.170000 -0.002742 0.000217 
1409 24.180000 -0.002730 0.000216 
1410 24.190000 -0.002718 0.000214 
1411 24.200000 -0.002705 0.000212 
1412 24.210000 -0.002693 0.000211 
1413 24.220000 -0.002681 0.000209 
1414 24.230000 -0.002669 0.000207 
1415 24.240000 -0.002657 0.000206 
1416 24.250000 -0.002645 0.000204 
1417 24.260000 -0.002633 0.000202 
1418 24.270000 -0.002621 0.000201 
1419 24.280000 -0.002609 0.000199 
1420 24.290000 -0.002598 0.000198 
1421 24.300000 -0.002586 0.000196 
1422 24.310000 -0.002574 0.000195 
1423 24.320000 -0.002563 0.000193 
1424 24.330000 -0.002551 0.000192 
1425 24.340000 -0.002539 0.000190 
1426 24.350000 -0.002528 0.000189 
1427 24.360000 -0.002516 0.000187 
1428 24.370000 -0.002505 0.000186 
1429 24.380000 -0.002494 0.000184 
1430 24.390000 -0.002482 0.000183 
1431 24.400000 -0.002471 0.000181 
1432 24.410000 -0.002460 0.000180 
1433 24.420000 -0.002449 0.000179 
1434 24.430000 -0.002438 0.000177 
1435 24.440000 -0.002427 0.000176 
1436 24.450000 -0.002416 0.000174 
1437 24.460000 -0.002405 0.000173 
1438 24.470000 -0.002394 0.000172 
1439 24.480000 -0.002383 0.000170 
1440 24.490000 -0.002372 0.000169 
1441 24.500000 -0.002361 0.000168 
1442 24.510000 -0.002351 0.000166 
1443 24.520000 -0.002340 0.000165 
1444 24.530000 -0.002329 0.000164 
1445 24.540000 -0.002319 0.000163 
1446 24.550000 -0.002308 0.000161 
1447 24.560000 -0.002298 0.000160 
1448 24.570000 -0.002287 0.000159 
1449 24.580000 -0.002277 0.000158 
1450 24.590000 -0.002266 0.000156 
1451 24.600000 -0.002256 0.000155 
1452 24.610000 -0.002246 0.000154 
1453 24.620000 -0.002235 0.000153 
1454 24.630000 -0.002225 0.000152 
1455 24.640000 -0.002215 0.000151 
1456 24.650000 -0.002205 0.000149 
1457 24.660000 -0.002195 0.000148 
1458 24.670000 -0.002185 0.000147 
1459 24.680000 -0.002175 0.000146 
1460 24.690000 -0.002165 0.000145 
1461 24.700000 -0.002155 0.000144 
1462 24.710000 -0.002145 0.000143 
1463 24.720000 -0.002135 0.000142 
1464 24.730000 -0.002126 0.000140 
1465 24.740000 -0.002116 0.000139 
1466 24.750000 -0.002106 0.000138 
1467 24.760000 -0.002097 0.000137 
1468 24.770000 -0.002087 0.000136 
1469 24.780000 -0.002078 0.000135 
1470 24.790000 -0.002068 0.000134 
1471 24.800000 -0.002059 0.000133 
1472 24.810000 -0.002049 0.000132 
1473 24.820000 -0.002040 0.000131 
1474 24.830000 -0.002030 0.000130 
1475 24.840000 -0.002021 0.000129 
1476 24.850000 -0.002012 0.000128 
1477 24.860000 -0.002003 0.000127 
1478 24.870000 -0.001993 0.000126 
1479 24.880000 -0.001984 0.000125 
1480 24.890000 -0.001975 0.000124 
1481 24.900000 -0.001966 0.000123 
1482 24.910000 -0.001957 0.000122 
1483 24.920000 -0.001948 0.000122 
1484 24.930000 -0.001939 0.000121 
1485 24.940000 -0.001930 0.000120 
1486 24.950000 -0.001921 0.000119 
1487 24.960000 -0.001913 0.000118 
1488 24.970000 -0.001904 0.000117 
1489 24.980000 -0.001895 0.000116 
1490 24.990000 -0.001886 0.000115 
