2.625000, 612.008760 
2.700000, 429.155306 
2.775000, 303.498411 
2.850000, 216.348026 
2.925000, 155.377749 
3.000000, 112.373094 
3.075000, 81.805686 
3.150000, 59.920106 
3.225000, 44.142681 
3.300000, 32.694791 
3.375000, 24.337453 
3.450000, 18.201050 
3.525000, 13.670817 
3.600000, 10.309174 
3.675000, 7.802625 
3.750000, 5.925175 
3.825000, 4.512946 
3.900000, 3.446430 
3.975000, 2.638008 
4.050000, 2.023112 
4.125000, 1.553930 
4.200000, 1.194890 
4.275000, 0.919411 
4.350000, 0.707546 
4.425000, 0.544267 
4.500000, 0.418208 
4.575000, 0.320743 
4.650000, 0.245300 
4.725000, 0.186859 
4.800000, 0.141573 
4.875000, 0.106483 
4.950000, 0.079309 
5.025000, 0.058291 
5.100000, 0.042064 
5.175000, 0.029570 
5.250000, 0.019985 
5.325000, 0.012669 
5.400000, 0.007120 
5.475000, 0.002947 
5.550000, -0.000154 
5.625000, -0.002424 
5.700000, -0.004050 
5.775000, -0.005179 
5.850000, -0.005926 
5.925000, -0.006381 
6.000000, -0.006615 
6.075000, -0.006683 
6.150000, -0.006628 
6.225000, -0.006483 
6.300000, -0.006275 
6.375000, -0.006023 
6.450000, -0.005744 
6.525000, -0.005448 
6.600000, -0.005146 
6.675000, -0.004843 
6.750000, -0.004544 
6.825000, -0.004253 
6.900000, -0.003973 
6.975000, -0.003705 
7.050000, -0.003450 
7.125000, -0.003209 
7.200000, -0.002982 
7.275000, -0.002769 
7.350000, -0.002570 
7.425000, -0.002383 
7.500000, -0.002210 
7.575000, -0.002048 
7.650000, -0.001897 
7.725000, -0.001758 
7.800000, -0.001629 
7.875000, -0.001509 
7.950000, -0.001398 
8.025000, -0.001295 
8.100000, -0.001200 
8.175000, -0.001112 
8.250000, -0.001030 
8.325000, -0.000955 
8.400000, -0.000885 
8.475000, -0.000821 
8.550000, -0.000762 
8.625000, -0.000707 
8.700000, -0.000656 
8.775000, -0.000609 
8.850000, -0.000566 
8.925000, -0.000526 
9.000000, -0.000488 
9.075000, -0.000454 
9.150000, -0.000422 
9.225000, -0.000393 
9.300000, -0.000366 
9.375000, -0.000340 
9.450000, -0.000317 
9.525000, -0.000295 
9.600000, -0.000275 
9.675000, -0.000256 
9.750000, -0.000239 
9.825000, -0.000223 
9.900000, -0.000208 
9.975000, -0.000194 
10.050000, -0.000182 
10.125000, -0.000170 
10.200000, -0.000159 
10.275000, -0.000148 
10.350000, -0.000139 
10.425000, -0.000130 
10.500000, -0.000122 
10.575000, -0.000114 
10.650000, -0.000107 
10.725000, -0.000100 
10.800000, -0.000094 
10.875000, -0.000088 
10.950000, -0.000082 
11.025000, -0.000077 
11.100000, -0.000073 
11.175000, -0.000068 
11.250000, -0.000064 
11.325000, -0.000060 
11.400000, -0.000057 
11.475000, -0.000053 
11.550000, -0.000050 
11.625000, -0.000047 
11.700000, -0.000044 
11.775000, -0.000042 
11.850000, -0.000039 
11.925000, -0.000037 
12.000000, -0.000035 
12.075000, -0.000033 
12.150000, -0.000031 
12.225000, -0.000029 
12.300000, -0.000028 
12.375000, -0.000026 
12.450000, -0.000025 
12.525000, -0.000023 
12.600000, -0.000022 
12.675000, -0.000021 
12.750000, -0.000020 
12.825000, -0.000019 
12.900000, -0.000018 
12.975000, -0.000017 
13.050000, -0.000016 
13.125000, -0.000015 
13.200000, -0.000014 
13.275000, -0.000013 
13.350000, -0.000013 
13.425000, -0.000012 
13.500000, -0.000011 
13.575000, -0.000011 
13.650000, -0.000010 
13.725000, -0.000010 
13.800000, -0.000009 
13.875000, -0.000009 
13.950000, -0.000008 
14.025000, -0.000008 
14.100000, -0.000007 
14.175000, -0.000007 
14.250000, -0.000007 
14.325000, -0.000006 
14.400000, -0.000006 
14.475000, -0.000006 
14.550000, -0.000006 
14.625000, -0.000005 
14.700000, -0.000005 
14.775000, -0.000005 
14.850000, -0.000005 
14.925000, -0.000004 
