1 20.100000 2364602961.094459 142020471870.526184  
2 20.110000 1333940893.268033 72842134183.503922  
3 20.120000 790930983.750188 39595214742.214256  
4 20.130000 488987896.028907 22598901650.067013  
5 20.140000 313271472.002428 13445385937.627632  
6 20.150000 206952614.932272 8291034636.008357  
7 20.160000 140419185.727690 5274544073.702666  
8 20.170000 97539167.692209 3448726880.418777  
9 20.180000 69177046.401972 2310304875.791390  
10 20.190000 49980206.759250 1581525790.751422  
11 20.200000 36716418.822439 1103863038.146595  
12 20.210000 27380607.129469 784084268.318220  
13 20.220000 20698511.710726 565862079.369078  
14 20.230000 15842446.548985 414328601.706474  
15 20.240000 12264037.502907 307418702.404967  
16 20.250000 9593343.696284 230885613.626312  
17 20.260000 7576636.947708 175359842.059991  
18 20.270000 6037230.454258 134574419.734893  
19 20.280000 4850350.022121 104271713.385763  
20 20.290000 3926731.955469 81517177.488024  
21 20.300000 3201744.181635 64260958.124117  
22 20.310000 2628062.781668 51053250.507273  
23 20.320000 2170673.426966 40856677.135092  
24 20.330000 1803415.471493 32920866.089664  
25 20.340000 1506563.702132 26697500.420310  
26 20.350000 1265117.020785 21782067.272951  
27 20.360000 1067574.532742 17873451.371158  
28 20.370000 905051.478953 14745600.598019  
29 20.380000 770634.640571 12227452.738823  
30 20.390000 658908.177210 10188576.880504  
31 20.400000 565601.909850 8528808.449751  
32 20.410000 487328.357574 7170702.224947  
33 20.420000 421384.651752 6053992.008242  
34 20.430000 365602.255123 5131491.667956  
35 20.440000 318232.174388 4366040.068677  
36 20.450000 277856.716592 3728207.964321  
37 20.460000 243321.233304 3194565.233986  
38 20.470000 213681.014908 2746363.131872  
39 20.480000 188159.740345 2368526.008676  
40 20.490000 166116.793429 2048875.304613  
41 20.500000 147021.421639 1777528.957545  
42 20.510000 130432.204330 1546434.076859  
43 20.520000 115980.662543 1349001.439759  
44 20.530000 103358.115727 1179818.211673  
45 20.540000 92305.096355 1034421.077605  
46 20.550000 82602.788970 909116.263360  
47 20.560000 74066.078681 800836.128617  
48 20.570000 66537.884662 707024.417609  
49 20.580000 59884.523923 625544.066900  
50 20.590000 53991.904371 554602.845407  
51 20.600000 48762.387998 492693.150441  
52 20.610000 44112.197586 438543.086773  
53 20.620000 39969.265813 391076.573845  
54 20.630000 36271.445723 349380.704073  
55 20.640000 32965.017343 312678.946162  
56 20.650000 30003.437806 280309.076595  
57 20.660000 27346.292301 251704.948891  
58 20.670000 24958.411180 226381.388162  
59 20.680000 22809.124917 203921.638926  
60 20.690000 20871.633799 183966.905268  
61 20.700000 19122.473321 166207.610821  
62 20.710000 17541.059675 150376.076450  
63 20.720000 16109.302418 136240.369935  
64 20.730000 14811.273632 123599.127166  
65 20.740000 13632.924713 112277.180817  
66 20.750000 12561.843403 102121.861904  
67 20.760000 11587.044923 92999.863472  
68 20.770000 10698.792032 84794.575057  
69 20.780000 9888.439720 77403.812320  
70 20.790000 9148.300887 70737.879198  
71 20.800000 8471.529964 64717.910475  
72 20.810000 7852.021887 59274.451327  
73 20.820000 7284.324245 54346.237610  
74 20.830000 6763.560751 49879.146510  
75 20.840000 6285.364464 45825.292089  
76 20.850000 5845.819417 42142.244303  
77 20.860000 5441.409520 38792.353453  
78 20.870000 5068.973749 35742.164816  
79 20.880000 4725.666802 32961.910568  
80 20.890000 4408.924483 30425.068077  
81 20.900000 4116.433221 28107.975258  
82 20.910000 3846.103183 25989.495115  
83 20.920000 3596.044512 24050.722713  
84 20.930000 3364.546328 22274.728841  
85 20.940000 3150.058106 20646.335437  
86 20.950000 2951.173184 19151.918561  
87 20.960000 2766.614093 17779.235283  
88 20.970000 2595.219535 16517.271392  
89 20.980000 2435.932774 15356.107226  
90 20.990000 2287.791299 14286.799319  
91 21.000000 2149.917593 13301.275862  
92 21.010000 2021.510887 12392.244252  
93 21.020000 1901.839788 11553.109226  
94 21.030000 1790.235677 10777.900287  
95 21.040000 1686.086785 10061.207280  
96 21.050000 1588.832886 9398.123151  
97 21.060000 1497.960521 8784.193008  
98 21.070000 1412.998713 8215.368772  
99 21.080000 1333.515101 7687.968722  
100 21.090000 1259.112463 7198.641396  
101 21.100000 1189.425573 6744.333335  
102 21.110000 1124.118373 6322.260228  
103 21.120000 1062.881413 5929.881076  
104 21.130000 1005.429530 5564.875034  
105 21.140000 951.499760 5225.120642  
106 21.150000 900.849432 4908.677163  
107 21.160000 853.254453 4613.767821  
108 21.170000 808.507737 4338.764704  
109 21.180000 766.417793 4082.175184  
110 21.190000 726.807432 3842.629670  
111 21.200000 689.512590 3618.870556  
112 21.210000 654.381262 3409.742248  
113 21.220000 621.272527 3214.182148  
114 21.230000 590.055660 3031.212500  
115 21.240000 560.609318 2859.933010  
116 21.250000 532.820804 2699.514161  
117 21.260000 506.585388 2549.191145  
118 21.270000 481.805687 2408.258367  
119 21.280000 458.391097 2276.064451  
120 21.290000 436.257279 2152.007693  
121 21.300000 415.325678 2035.531940  
122 21.310000 395.523089 1926.122830  
123 21.320000 376.781256 1823.304368  
124 21.330000 359.036505 1726.635808  
125 21.340000 342.229405 1635.708810  
126 21.350000 326.304456 1550.144842  
127 21.360000 311.209804 1469.592806  
128 21.370000 296.896982 1393.726876  
129 21.380000 283.320657 1322.244511  
130 21.390000 270.438419 1254.864644  
131 21.400000 258.210562 1191.326018  
132 21.410000 246.599906 1131.385668  
133 21.420000 235.571610 1074.817520  
134 21.430000 225.093018 1021.411118  
135 21.440000 215.133503 970.970439  
136 21.450000 205.664334 923.312823  
137 21.460000 196.658539 878.267974  
138 21.470000 188.090796 835.677049  
139 21.480000 179.937314 795.391822  
140 21.490000 172.175736 757.273906  
141 21.500000 164.785043 721.194041  
142 21.510000 157.745465 687.031442  
143 21.520000 151.038400 654.673191  
144 21.530000 144.646339 624.013677  
145 21.540000 138.552794 594.954083  
146 21.550000 132.742234 567.401908  
147 21.560000 127.200021 541.270528  
148 21.570000 121.912358 516.478787  
149 21.580000 116.866234 492.950626  
150 21.590000 112.049372 470.614726  
151 21.600000 107.450188 449.404192  
152 21.610000 103.057747 429.256255  
153 21.620000 98.861718 410.111988  
154 21.630000 94.852346 391.916056  
155 21.640000 91.020410 374.616473  
156 21.650000 87.357192 358.164386  
157 21.660000 83.854450 342.513864  
158 21.670000 80.504387 327.621709  
159 21.680000 77.299624 313.447282  
160 21.690000 74.233177 299.952334  
161 21.700000 71.298433 287.100854  
162 21.710000 68.489128 274.858927  
163 21.720000 65.799329 263.194599  
164 21.730000 63.223411 252.077758  
165 21.740000 60.756044 241.480013  
166 21.750000 58.392170 231.374588  
167 21.760000 56.126995 221.736226  
168 21.770000 53.955968 212.541088  
169 21.780000 51.874771 203.766675  
170 21.790000 49.879303 195.391738  
171 21.800000 47.965672 187.396205  
172 21.810000 46.130178 179.761113  
173 21.820000 44.369308 172.468538  
174 21.830000 42.679722 165.501532  
175 21.840000 41.058246 158.844070  
176 21.850000 39.501859 152.480988  
177 21.860000 38.007692 146.397940  
178 21.870000 36.573013 140.581346  
179 21.880000 35.195220 135.018347  
180 21.890000 33.871841 129.696764  
181 21.900000 32.600519 124.605062  
182 21.910000 31.379010 119.732307  
183 21.920000 30.205177 115.068137  
184 21.930000 29.076985 110.602726  
185 21.940000 27.992491 106.326756  
186 21.950000 26.949848 102.231388  
187 21.960000 25.947290 98.308235  
188 21.970000 24.983136 94.549334  
189 21.980000 24.055781 90.947129  
190 21.990000 23.163695 87.494443  
191 22.000000 22.305416 84.184458  
192 22.010000 21.479551 81.010699  
193 22.020000 20.684769 77.967009  
194 22.030000 19.919797 75.047540  
195 22.040000 19.183422 72.246727  
196 22.050000 18.474485 69.559282  
197 22.060000 17.791876 66.980173  
198 22.070000 17.134536 64.504613  
199 22.080000 16.501454 62.128045  
200 22.090000 15.891660 59.846132  
201 22.100000 15.304229 57.654747  
202 22.110000 14.738276 55.549956  
203 22.120000 14.192954 53.528015  
204 22.130000 13.667452 51.585356  
205 22.140000 13.160994 49.718578  
206 22.150000 12.672838 47.924440  
207 22.160000 12.202273 46.199854  
208 22.170000 11.748619 44.541873  
209 22.180000 11.311223 42.947687  
210 22.190000 10.889461 41.414616  
211 22.200000 10.482736 39.940103  
212 22.210000 10.090472 38.521708  
213 22.220000 9.712122 37.157101  
214 22.230000 9.347158 35.844059  
215 22.240000 8.995076 34.580457  
216 22.250000 8.655391 33.364268  
217 22.260000 8.327639 32.193555  
218 22.270000 8.011375 31.066467  
219 22.280000 7.706170 29.981234  
220 22.290000 7.411616 28.936167  
221 22.300000 7.127319 27.929649  
222 22.310000 6.852900 26.960134  
223 22.320000 6.587997 26.026146  
224 22.330000 6.332263 25.126271  
225 22.340000 6.085363 24.259156  
226 22.350000 5.846975 23.423508  
227 22.360000 5.616792 22.618089  
228 22.370000 5.394517 21.841713  
229 22.380000 5.179865 21.093246  
230 22.390000 4.972562 20.371602  
231 22.400000 4.772347 19.675740  
232 22.410000 4.578965 19.004664  
233 22.420000 4.392174 18.357419  
234 22.430000 4.211740 17.733092  
235 22.440000 4.037439 17.130805  
236 22.450000 3.869053 16.549719  
237 22.460000 3.706376 15.989028  
238 22.470000 3.549207 15.447961  
239 22.480000 3.397354 14.925777  
240 22.490000 3.250631 14.421766  
241 22.500000 3.108861 13.935248  
242 22.510000 2.971870 13.465569  
243 22.520000 2.839495 13.012103  
244 22.530000 2.711576 12.574248  
245 22.540000 2.587960 12.151427  
246 22.550000 2.468499 11.743085  
247 22.560000 2.353052 11.348692  
248 22.570000 2.241481 10.967735  
249 22.580000 2.133654 10.599725  
250 22.590000 2.029445 10.244191  
251 22.600000 1.928730 9.900679  
252 22.610000 1.831392 9.568756  
253 22.620000 1.737318 9.248003  
254 22.630000 1.646396 8.938018  
255 22.640000 1.558523 8.638417  
256 22.650000 1.473595 8.348829  
257 22.660000 1.391514 8.068895  
258 22.670000 1.312186 7.798275  
259 22.680000 1.235519 7.536638  
260 22.690000 1.161424 7.283666  
261 22.700000 1.089817 7.039056  
262 22.710000 1.020616 6.802514  
263 22.720000 0.953741 6.573757  
264 22.730000 0.889116 6.352513  
265 22.740000 0.826667 6.138522  
266 22.750000 0.766322 5.931531  
267 22.760000 0.708014 5.731299  
268 22.770000 0.651674 5.537592  
269 22.780000 0.597241 5.350187  
270 22.790000 0.544650 5.168865  
271 22.800000 0.493844 4.993420  
272 22.810000 0.444763 4.823651  
273 22.820000 0.397352 4.659365  
274 22.830000 0.351558 4.500375  
275 22.840000 0.307328 4.346503  
276 22.850000 0.264612 4.197575  
277 22.860000 0.223361 4.053425  
278 22.870000 0.183528 3.913893  
279 22.880000 0.145068 3.778823  
280 22.890000 0.107937 3.648067  
281 22.900000 0.072093 3.521481  
282 22.910000 0.037494 3.398926  
283 22.920000 0.004101 3.280268  
284 22.930000 -0.028124 3.165378  
285 22.940000 -0.059219 3.054133  
286 22.950000 -0.089219 2.946412  
287 22.960000 -0.118158 2.842099  
288 22.970000 -0.146071 2.741082  
289 22.980000 -0.172991 2.643254  
290 22.990000 -0.198947 2.548511  
291 23.000000 -0.223971 2.456752  
292 23.010000 -0.248092 2.367881  
293 23.020000 -0.271338 2.281803  
294 23.030000 -0.293737 2.198429  
295 23.040000 -0.315315 2.117671  
296 23.050000 -0.336098 2.039445  
297 23.060000 -0.356112 1.963670  
298 23.070000 -0.375380 1.890267  
299 23.080000 -0.393925 1.819160  
300 23.090000 -0.411770 1.750276  
301 23.100000 -0.428938 1.683545  
302 23.110000 -0.445448 1.618897  
303 23.120000 -0.461322 1.556267  
304 23.130000 -0.476580 1.495591  
305 23.140000 -0.491240 1.436807  
306 23.150000 -0.505322 1.379856  
307 23.160000 -0.518844 1.324679  
308 23.170000 -0.531822 1.271222  
309 23.180000 -0.544274 1.219429  
310 23.190000 -0.556216 1.169250  
311 23.200000 -0.567664 1.120633  
312 23.210000 -0.578633 1.073530  
313 23.220000 -0.589139 1.027894  
314 23.230000 -0.599196 0.983680  
315 23.240000 -0.608817 0.940842  
316 23.250000 -0.618017 0.899340  
317 23.260000 -0.626809 0.859130  
318 23.270000 -0.635204 0.820174  
319 23.280000 -0.643216 0.782433  
320 23.290000 -0.650857 0.745869  
321 23.300000 -0.658137 0.710446  
322 23.310000 -0.665069 0.676130  
323 23.320000 -0.671663 0.642887  
324 23.330000 -0.677930 0.610683  
325 23.340000 -0.683880 0.579487  
326 23.350000 -0.689523 0.549268  
327 23.360000 -0.694869 0.519997  
328 23.370000 -0.699926 0.491645  
329 23.380000 -0.704705 0.464183  
330 23.390000 -0.709213 0.437585  
331 23.400000 -0.713459 0.411826  
332 23.410000 -0.717452 0.386878  
333 23.420000 -0.721199 0.362719  
334 23.430000 -0.724709 0.339324  
335 23.440000 -0.727988 0.316670  
336 23.450000 -0.731045 0.294735  
337 23.460000 -0.733885 0.273497  
338 23.470000 -0.736517 0.252935  
339 23.480000 -0.738946 0.233030  
340 23.490000 -0.741180 0.213762  
341 23.500000 -0.743224 0.195110  
342 23.510000 -0.745084 0.177058  
343 23.520000 -0.746767 0.159587  
344 23.530000 -0.748278 0.142680  
345 23.540000 -0.749622 0.126320  
346 23.550000 -0.750806 0.110491  
347 23.560000 -0.751834 0.095177  
348 23.570000 -0.752711 0.080363  
349 23.580000 -0.753443 0.066033  
350 23.590000 -0.754033 0.052174  
351 23.600000 -0.754488 0.038772  
352 23.610000 -0.754810 0.025813  
353 23.620000 -0.755005 0.013284  
354 23.630000 -0.755077 0.001172  
355 23.640000 -0.755030 -0.010535  
356 23.650000 -0.754868 -0.021849  
357 23.660000 -0.754594 -0.032782  
358 23.670000 -0.754213 -0.043344  
359 23.680000 -0.753729 -0.053548  
360 23.690000 -0.753144 -0.063402  
361 23.700000 -0.752462 -0.072919  
362 23.710000 -0.751686 -0.082106  
363 23.720000 -0.750821 -0.090975  
364 23.730000 -0.749868 -0.099535  
365 23.740000 -0.748831 -0.107794  
366 23.750000 -0.747713 -0.115762  
367 23.760000 -0.746517 -0.123447  
368 23.770000 -0.745245 -0.130858  
369 23.780000 -0.743900 -0.138002  
370 23.790000 -0.742486 -0.144887  
371 23.800000 -0.741003 -0.151521  
372 23.810000 -0.739456 -0.157912  
373 23.820000 -0.737846 -0.164066  
374 23.830000 -0.736176 -0.169990  
375 23.840000 -0.734447 -0.175692  
376 23.850000 -0.732662 -0.181178  
377 23.860000 -0.730824 -0.186453  
378 23.870000 -0.728934 -0.191525  
379 23.880000 -0.726994 -0.196399  
380 23.890000 -0.725007 -0.201081  
381 23.900000 -0.722973 -0.205577  
382 23.910000 -0.720896 -0.209892  
383 23.920000 -0.718776 -0.214032  
384 23.930000 -0.716616 -0.218001  
385 23.940000 -0.714417 -0.221806  
386 23.950000 -0.712180 -0.225449  
387 23.960000 -0.709908 -0.228938  
388 23.970000 -0.707602 -0.232275  
389 23.980000 -0.705263 -0.235466  
390 23.990000 -0.702893 -0.238514  
391 24.000000 -0.700493 -0.241425  
392 24.010000 -0.698065 -0.244202  
393 24.020000 -0.695610 -0.246848  
394 24.030000 -0.693128 -0.249369  
395 24.040000 -0.690623 -0.251768  
396 24.050000 -0.688093 -0.254048  
397 24.060000 -0.685542 -0.256213  
398 24.070000 -0.682970 -0.258266  
399 24.080000 -0.680377 -0.260211  
400 24.090000 -0.677766 -0.262051  
401 24.100000 -0.675136 -0.263789  
402 24.110000 -0.672490 -0.265429  
403 24.120000 -0.669828 -0.266972  
404 24.130000 -0.667151 -0.268423  
405 24.140000 -0.664460 -0.269783  
406 24.150000 -0.661756 -0.271057  
407 24.160000 -0.659039 -0.272245  
408 24.170000 -0.656311 -0.273352  
409 24.180000 -0.653572 -0.274378  
410 24.190000 -0.650824 -0.275328  
411 24.200000 -0.648066 -0.276203  
412 24.210000 -0.645300 -0.277005  
413 24.220000 -0.642526 -0.277737  
414 24.230000 -0.639745 -0.278401  
415 24.240000 -0.636958 -0.278999  
416 24.250000 -0.634166 -0.279534  
417 24.260000 -0.631368 -0.280006  
418 24.270000 -0.628566 -0.280418  
419 24.280000 -0.625760 -0.280772  
420 24.290000 -0.622951 -0.281070  
421 24.300000 -0.620139 -0.281314  
422 24.310000 -0.617324 -0.281505  
423 24.320000 -0.614509 -0.281644  
424 24.330000 -0.611692 -0.281735  
425 24.340000 -0.608874 -0.281777  
426 24.350000 -0.606056 -0.281774  
427 24.360000 -0.603239 -0.281725  
428 24.370000 -0.600422 -0.281633  
429 24.380000 -0.597606 -0.281500  
430 24.390000 -0.594792 -0.281325  
431 24.400000 -0.591980 -0.281112  
432 24.410000 -0.589170 -0.280861  
433 24.420000 -0.586363 -0.280573  
434 24.430000 -0.583559 -0.280250  
435 24.440000 -0.580758 -0.279893  
436 24.450000 -0.577961 -0.279502  
437 24.460000 -0.575168 -0.279080  
438 24.470000 -0.572379 -0.278627  
439 24.480000 -0.569596 -0.278144  
440 24.490000 -0.566817 -0.277633  
441 24.500000 -0.564043 -0.277094  
442 24.510000 -0.561275 -0.276528  
443 24.520000 -0.558512 -0.275937  
444 24.530000 -0.555756 -0.275320  
445 24.540000 -0.553006 -0.274680  
446 24.550000 -0.550263 -0.274017  
447 24.560000 -0.547526 -0.273332  
448 24.570000 -0.544796 -0.272625  
449 24.580000 -0.542073 -0.271898  
450 24.590000 -0.539358 -0.271151  
451 24.600000 -0.536650 -0.270385  
452 24.610000 -0.533951 -0.269601  
453 24.620000 -0.531259 -0.268799  
454 24.630000 -0.528575 -0.267980  
455 24.640000 -0.525899 -0.267145  
456 24.650000 -0.523232 -0.266295  
457 24.660000 -0.520573 -0.265429  
458 24.670000 -0.517923 -0.264550  
459 24.680000 -0.515282 -0.263657  
460 24.690000 -0.512650 -0.262750  
461 24.700000 -0.510027 -0.261831  
462 24.710000 -0.507414 -0.260900  
463 24.720000 -0.504809 -0.259958  
464 24.730000 -0.502214 -0.259005  
465 24.740000 -0.499629 -0.258041  
466 24.750000 -0.497054 -0.257068  
467 24.760000 -0.494488 -0.256085  
468 24.770000 -0.491932 -0.255093  
469 24.780000 -0.489386 -0.254093  
470 24.790000 -0.486850 -0.253084  
471 24.800000 -0.484324 -0.252068  
472 24.810000 -0.481809 -0.251045  
473 24.820000 -0.479304 -0.250015  
474 24.830000 -0.476809 -0.248978  
475 24.840000 -0.474324 -0.247935  
476 24.850000 -0.471850 -0.246886  
477 24.860000 -0.469386 -0.245833  
478 24.870000 -0.466933 -0.244774  
479 24.880000 -0.464491 -0.243710  
480 24.890000 -0.462059 -0.242642  
481 24.900000 -0.459638 -0.241570  
482 24.910000 -0.457228 -0.240494  
483 24.920000 -0.454828 -0.239415  
484 24.930000 -0.452439 -0.238333  
485 24.940000 -0.450061 -0.237248  
486 24.950000 -0.447694 -0.236160  
487 24.960000 -0.445338 -0.235070  
488 24.970000 -0.442993 -0.233977  
489 24.980000 -0.440659 -0.232883  
490 24.990000 -0.438335 -0.231788  
491 25.000000 -0.436023 -0.230690  
492 25.010000 -0.433722 -0.229592  
493 25.020000 -0.431431 -0.228493  
494 25.030000 -0.429152 -0.227393  
495 25.040000 -0.426883 -0.226293  
496 25.050000 -0.424626 -0.225192  
497 25.060000 -0.422379 -0.224091  
498 25.070000 -0.420144 -0.222990  
499 25.080000 -0.417920 -0.221890  
500 25.090000 -0.415706 -0.220789  
501 25.100000 -0.413504 -0.219690  
502 25.110000 -0.411312 -0.218591  
503 25.120000 -0.409132 -0.217493  
504 25.130000 -0.406963 -0.216396  
505 25.140000 -0.404804 -0.215300  
506 25.150000 -0.402657 -0.214206  
507 25.160000 -0.400520 -0.213113  
508 25.170000 -0.398394 -0.212021  
509 25.180000 -0.396280 -0.210932  
510 25.190000 -0.394176 -0.209844  
511 25.200000 -0.392083 -0.208758  
512 25.210000 -0.390000 -0.207675  
513 25.220000 -0.387929 -0.206593  
514 25.230000 -0.385869 -0.205514  
515 25.240000 -0.383819 -0.204437  
516 25.250000 -0.381780 -0.203363  
517 25.260000 -0.379752 -0.202292  
518 25.270000 -0.377734 -0.201223  
519 25.280000 -0.375727 -0.200157  
520 25.290000 -0.373731 -0.199093  
521 25.300000 -0.371745 -0.198033  
522 25.310000 -0.369770 -0.196976  
523 25.320000 -0.367806 -0.195922  
524 25.330000 -0.365852 -0.194871  
525 25.340000 -0.363908 -0.193824  
526 25.350000 -0.361975 -0.192779  
527 25.360000 -0.360053 -0.191739  
528 25.370000 -0.358140 -0.190701  
529 25.380000 -0.356239 -0.189667  
530 25.390000 -0.354347 -0.188637  
531 25.400000 -0.352466 -0.187611  
532 25.410000 -0.350595 -0.186588  
533 25.420000 -0.348734 -0.185569  
534 25.430000 -0.346884 -0.184553  
535 25.440000 -0.345043 -0.183542  
536 25.450000 -0.343213 -0.182534  
537 25.460000 -0.341392 -0.181530  
538 25.470000 -0.339582 -0.180531  
539 25.480000 -0.337782 -0.179535  
540 25.490000 -0.335991 -0.178543  
541 25.500000 -0.334211 -0.177556  
542 25.510000 -0.332440 -0.176572  
543 25.520000 -0.330679 -0.175593  
544 25.530000 -0.328928 -0.174618  
545 25.540000 -0.327187 -0.173647  
546 25.550000 -0.325455 -0.172680  
547 25.560000 -0.323733 -0.171718  
548 25.570000 -0.322021 -0.170760  
549 25.580000 -0.320318 -0.169806  
550 25.590000 -0.318625 -0.168856  
551 25.600000 -0.316941 -0.167911  
552 25.610000 -0.315267 -0.166970  
553 25.620000 -0.313602 -0.166034  
554 25.630000 -0.311946 -0.165102  
555 25.640000 -0.310300 -0.164174  
556 25.650000 -0.308662 -0.163251  
557 25.660000 -0.307035 -0.162332  
558 25.670000 -0.305416 -0.161418  
559 25.680000 -0.303806 -0.160508  
560 25.690000 -0.302206 -0.159602  
561 25.700000 -0.300614 -0.158701  
562 25.710000 -0.299032 -0.157805  
563 25.720000 -0.297458 -0.156913  
564 25.730000 -0.295893 -0.156025  
565 25.740000 -0.294337 -0.155142  
566 25.750000 -0.292790 -0.154263  
567 25.760000 -0.291252 -0.153389  
568 25.770000 -0.289723 -0.152520  
569 25.780000 -0.288202 -0.151654  
570 25.790000 -0.286690 -0.150794  
571 25.800000 -0.285186 -0.149938  
572 25.810000 -0.283691 -0.149086  
573 25.820000 -0.282204 -0.148239  
574 25.830000 -0.280726 -0.147396  
575 25.840000 -0.279256 -0.146558  
576 25.850000 -0.277795 -0.145724  
577 25.860000 -0.276342 -0.144895  
578 25.870000 -0.274897 -0.144070  
579 25.880000 -0.273460 -0.143250  
580 25.890000 -0.272032 -0.142434  
581 25.900000 -0.270612 -0.141622  
582 25.910000 -0.269199 -0.140815  
583 25.920000 -0.267795 -0.140012  
584 25.930000 -0.266399 -0.139214  
585 25.940000 -0.265011 -0.138420  
586 25.950000 -0.263631 -0.137631  
587 25.960000 -0.262258 -0.136846  
588 25.970000 -0.260894 -0.136065  
589 25.980000 -0.259537 -0.135289  
590 25.990000 -0.258188 -0.134517  
591 26.000000 -0.256847 -0.133750  
592 26.010000 -0.255513 -0.132986  
593 26.020000 -0.254187 -0.132227  
594 26.030000 -0.252868 -0.131473  
595 26.040000 -0.251557 -0.130722  
596 26.050000 -0.250254 -0.129976  
597 26.060000 -0.248958 -0.129235  
598 26.070000 -0.247669 -0.128497  
599 26.080000 -0.246388 -0.127764  
600 26.090000 -0.245114 -0.127035  
601 26.100000 -0.243847 -0.126310  
602 26.110000 -0.242588 -0.125589  
603 26.120000 -0.241335 -0.124873  
604 26.130000 -0.240090 -0.124160  
605 26.140000 -0.238852 -0.123452  
606 26.150000 -0.237621 -0.122748  
607 26.160000 -0.236397 -0.122048  
608 26.170000 -0.235180 -0.121352  
609 26.180000 -0.233970 -0.120660  
610 26.190000 -0.232767 -0.119973  
611 26.200000 -0.231571 -0.119289  
612 26.210000 -0.230381 -0.118609  
613 26.220000 -0.229199 -0.117933  
614 26.230000 -0.228023 -0.117262  
615 26.240000 -0.226853 -0.116594  
616 26.250000 -0.225691 -0.115930  
617 26.260000 -0.224535 -0.115271  
618 26.270000 -0.223385 -0.114615  
619 26.280000 -0.222242 -0.113963  
620 26.290000 -0.221106 -0.113315  
621 26.300000 -0.219976 -0.112671  
622 26.310000 -0.218853 -0.112030  
623 26.320000 -0.217735 -0.111394  
624 26.330000 -0.216625 -0.110761  
625 26.340000 -0.215520 -0.110132  
626 26.350000 -0.214422 -0.109507  
627 26.360000 -0.213330 -0.108886  
628 26.370000 -0.212244 -0.108268  
629 26.380000 -0.211165 -0.107654  
630 26.390000 -0.210091 -0.107044  
631 26.400000 -0.209024 -0.106437  
632 26.410000 -0.207962 -0.105834  
633 26.420000 -0.206907 -0.105235  
634 26.430000 -0.205858 -0.104640  
635 26.440000 -0.204814 -0.104048  
636 26.450000 -0.203777 -0.103459  
637 26.460000 -0.202745 -0.102874  
638 26.470000 -0.201719 -0.102293  
639 26.480000 -0.200699 -0.101715  
640 26.490000 -0.199685 -0.101141  
641 26.500000 -0.198676 -0.100570  
642 26.510000 -0.197674 -0.100003  
643 26.520000 -0.196676 -0.099439  
644 26.530000 -0.195685 -0.098879  
645 26.540000 -0.194699 -0.098322  
646 26.550000 -0.193718 -0.097769  
647 26.560000 -0.192743 -0.097218  
648 26.570000 -0.191774 -0.096672  
649 26.580000 -0.190810 -0.096128  
650 26.590000 -0.189851 -0.095588  
651 26.600000 -0.188898 -0.095051  
652 26.610000 -0.187950 -0.094518  
653 26.620000 -0.187008 -0.093987  
654 26.630000 -0.186071 -0.093460  
655 26.640000 -0.185139 -0.092937  
656 26.650000 -0.184212 -0.092416  
657 26.660000 -0.183290 -0.091899  
658 26.670000 -0.182374 -0.091384  
659 26.680000 -0.181463 -0.090873  
660 26.690000 -0.180556 -0.090366  
661 26.700000 -0.179655 -0.089861  
662 26.710000 -0.178759 -0.089359  
663 26.720000 -0.177868 -0.088860  
664 26.730000 -0.176982 -0.088365  
665 26.740000 -0.176101 -0.087872  
666 26.750000 -0.175224 -0.087383  
667 26.760000 -0.174353 -0.086897  
668 26.770000 -0.173487 -0.086413  
669 26.780000 -0.172625 -0.085933  
670 26.790000 -0.171768 -0.085455  
671 26.800000 -0.170916 -0.084981  
672 26.810000 -0.170068 -0.084509  
673 26.820000 -0.169225 -0.084040  
674 26.830000 -0.168387 -0.083574  
675 26.840000 -0.167554 -0.083111  
676 26.850000 -0.166725 -0.082651  
677 26.860000 -0.165901 -0.082194  
678 26.870000 -0.165081 -0.081740  
679 26.880000 -0.164266 -0.081288  
680 26.890000 -0.163456 -0.080839  
681 26.900000 -0.162649 -0.080393  
682 26.910000 -0.161848 -0.079949  
683 26.920000 -0.161050 -0.079509  
684 26.930000 -0.160257 -0.079071  
685 26.940000 -0.159469 -0.078636  
686 26.950000 -0.158685 -0.078203  
687 26.960000 -0.157905 -0.077773  
688 26.970000 -0.157129 -0.077346  
689 26.980000 -0.156358 -0.076921  
690 26.990000 -0.155591 -0.076499  
691 27.000000 -0.154828 -0.076080  
692 27.010000 -0.154069 -0.075663  
693 27.020000 -0.153315 -0.075249  
694 27.030000 -0.152564 -0.074837  
695 27.040000 -0.151818 -0.074428  
696 27.050000 -0.151076 -0.074021  
697 27.060000 -0.150337 -0.073617  
698 27.070000 -0.149603 -0.073216  
699 27.080000 -0.148873 -0.072816  
700 27.090000 -0.148147 -0.072420  
701 27.100000 -0.147425 -0.072025  
702 27.110000 -0.146706 -0.071633  
703 27.120000 -0.145992 -0.071244  
704 27.130000 -0.145282 -0.070857  
705 27.140000 -0.144575 -0.070472  
706 27.150000 -0.143872 -0.070090  
707 27.160000 -0.143173 -0.069710  
708 27.170000 -0.142478 -0.069332  
709 27.180000 -0.141786 -0.068957  
710 27.190000 -0.141099 -0.068584  
711 27.200000 -0.140415 -0.068213  
712 27.210000 -0.139735 -0.067845  
713 27.220000 -0.139058 -0.067479  
714 27.230000 -0.138385 -0.067115  
715 27.240000 -0.137716 -0.066753  
716 27.250000 -0.137050 -0.066393  
717 27.260000 -0.136388 -0.066036  
718 27.270000 -0.135729 -0.065681  
719 27.280000 -0.135074 -0.065328  
720 27.290000 -0.134423 -0.064977  
721 27.300000 -0.133775 -0.064629  
722 27.310000 -0.133130 -0.064282  
723 27.320000 -0.132489 -0.063938  
724 27.330000 -0.131851 -0.063595  
725 27.340000 -0.131217 -0.063255  
726 27.350000 -0.130586 -0.062917  
727 27.360000 -0.129959 -0.062581  
728 27.370000 -0.129335 -0.062247  
729 27.380000 -0.128714 -0.061915  
730 27.390000 -0.128096 -0.061585  
731 27.400000 -0.127482 -0.061257  
732 27.410000 -0.126871 -0.060931  
733 27.420000 -0.126263 -0.060607  
734 27.430000 -0.125659 -0.060285  
735 27.440000 -0.125058 -0.059965  
736 27.450000 -0.124460 -0.059647  
737 27.460000 -0.123865 -0.059331  
738 27.470000 -0.123273 -0.059017  
739 27.480000 -0.122684 -0.058704  
740 27.490000 -0.122099 -0.058394  
741 27.500000 -0.121516 -0.058085  
742 27.510000 -0.120937 -0.057779  
743 27.520000 -0.120361 -0.057474  
744 27.530000 -0.119788 -0.057171  
745 27.540000 -0.119217 -0.056870  
746 27.550000 -0.118650 -0.056570  
747 27.560000 -0.118086 -0.056273  
748 27.570000 -0.117525 -0.055977  
749 27.580000 -0.116967 -0.055683  
750 27.590000 -0.116411 -0.055391  
751 27.600000 -0.115859 -0.055101  
752 27.610000 -0.115309 -0.054812  
753 27.620000 -0.114762 -0.054525  
754 27.630000 -0.114219 -0.054240  
755 27.640000 -0.113678 -0.053956  
756 27.650000 -0.113140 -0.053675  
757 27.660000 -0.112604 -0.053395  
758 27.670000 -0.112072 -0.053116  
759 27.680000 -0.111542 -0.052840  
760 27.690000 -0.111015 -0.052565  
761 27.700000 -0.110491 -0.052291  
762 27.710000 -0.109969 -0.052019  
763 27.720000 -0.109450 -0.051749  
764 27.730000 -0.108934 -0.051481  
765 27.740000 -0.108421 -0.051214  
766 27.750000 -0.107910 -0.050949  
767 27.760000 -0.107402 -0.050685  
768 27.770000 -0.106896 -0.050423  
769 27.780000 -0.106393 -0.050162  
770 27.790000 -0.105893 -0.049903  
771 27.800000 -0.105395 -0.049646  
772 27.810000 -0.104900 -0.049390  
773 27.820000 -0.104407 -0.049136  
774 27.830000 -0.103917 -0.048883  
775 27.840000 -0.103430 -0.048631  
776 27.850000 -0.102944 -0.048381  
777 27.860000 -0.102462 -0.048133  
778 27.870000 -0.101982 -0.047886  
779 27.880000 -0.101504 -0.047641  
780 27.890000 -0.101029 -0.047397  
781 27.900000 -0.100556 -0.047154  
782 27.910000 -0.100086 -0.046913  
783 27.920000 -0.099618 -0.046673  
784 27.930000 -0.099152 -0.046435  
785 27.940000 -0.098689 -0.046198  
786 27.950000 -0.098228 -0.045963  
787 27.960000 -0.097770 -0.045729  
788 27.970000 -0.097314 -0.045496  
789 27.980000 -0.096860 -0.045265  
790 27.990000 -0.096409 -0.045035  
791 28.000000 -0.095959 -0.044807  
792 28.010000 -0.095512 -0.044579  
793 28.020000 -0.095068 -0.044353  
794 28.030000 -0.094625 -0.044129  
795 28.040000 -0.094185 -0.043906  
796 28.050000 -0.093747 -0.043684  
797 28.060000 -0.093312 -0.043463  
798 28.070000 -0.092878 -0.043244  
799 28.080000 -0.092447 -0.043026  
800 28.090000 -0.092017 -0.042809  
801 28.100000 -0.091590 -0.042594  
802 28.110000 -0.091166 -0.042379  
803 28.120000 -0.090743 -0.042166  
804 28.130000 -0.090322 -0.041955  
805 28.140000 -0.089904 -0.041744  
806 28.150000 -0.089487 -0.041535  
807 28.160000 -0.089073 -0.041327  
808 28.170000 -0.088661 -0.041120  
809 28.180000 -0.088251 -0.040915  
810 28.190000 -0.087843 -0.040710  
811 28.200000 -0.087436 -0.040507  
812 28.210000 -0.087032 -0.040305  
813 28.220000 -0.086630 -0.040104  
814 28.230000 -0.086230 -0.039904  
815 28.240000 -0.085832 -0.039706  
816 28.250000 -0.085436 -0.039509  
817 28.260000 -0.085042 -0.039312  
818 28.270000 -0.084650 -0.039117  
819 28.280000 -0.084260 -0.038923  
820 28.290000 -0.083871 -0.038730  
821 28.300000 -0.083485 -0.038539  
822 28.310000 -0.083101 -0.038348  
823 28.320000 -0.082718 -0.038159  
824 28.330000 -0.082338 -0.037970  
825 28.340000 -0.081959 -0.037783  
826 28.350000 -0.081582 -0.037596  
827 28.360000 -0.081207 -0.037411  
828 28.370000 -0.080834 -0.037227  
829 28.380000 -0.080462 -0.037044  
830 28.390000 -0.080093 -0.036862  
831 28.400000 -0.079725 -0.036681  
832 28.410000 -0.079359 -0.036501  
833 28.420000 -0.078995 -0.036322  
834 28.430000 -0.078633 -0.036144  
835 28.440000 -0.078272 -0.035968  
836 28.450000 -0.077913 -0.035792  
837 28.460000 -0.077556 -0.035617  
838 28.470000 -0.077201 -0.035443  
839 28.480000 -0.076847 -0.035270  
840 28.490000 -0.076496 -0.035098  
841 28.500000 -0.076145 -0.034928  
842 28.510000 -0.075797 -0.034758  
843 28.520000 -0.075450 -0.034589  
844 28.530000 -0.075105 -0.034421  
845 28.540000 -0.074762 -0.034254  
846 28.550000 -0.074420 -0.034088  
847 28.560000 -0.074080 -0.033923  
848 28.570000 -0.073742 -0.033758  
849 28.580000 -0.073405 -0.033595  
850 28.590000 -0.073070 -0.033433  
851 28.600000 -0.072736 -0.033271  
852 28.610000 -0.072404 -0.033111  
853 28.620000 -0.072074 -0.032951  
854 28.630000 -0.071745 -0.032793  
855 28.640000 -0.071418 -0.032635  
856 28.650000 -0.071093 -0.032478  
857 28.660000 -0.070769 -0.032322  
858 28.670000 -0.070446 -0.032167  
859 28.680000 -0.070125 -0.032013  
860 28.690000 -0.069806 -0.031859  
861 28.700000 -0.069488 -0.031707  
862 28.710000 -0.069172 -0.031555  
863 28.720000 -0.068857 -0.031404  
864 28.730000 -0.068544 -0.031254  
865 28.740000 -0.068232 -0.031105  
866 28.750000 -0.067922 -0.030957  
867 28.760000 -0.067613 -0.030809  
868 28.770000 -0.067305 -0.030663  
869 28.780000 -0.067000 -0.030517  
870 28.790000 -0.066695 -0.030372  
871 28.800000 -0.066392 -0.030227  
872 28.810000 -0.066091 -0.030084  
873 28.820000 -0.065790 -0.029941  
874 28.830000 -0.065492 -0.029800  
875 28.840000 -0.065194 -0.029659  
876 28.850000 -0.064899 -0.029518  
877 28.860000 -0.064604 -0.029379  
878 28.870000 -0.064311 -0.029240  
879 28.880000 -0.064019 -0.029102  
880 28.890000 -0.063729 -0.028965  
881 28.900000 -0.063440 -0.028829  
882 28.910000 -0.063152 -0.028693  
883 28.920000 -0.062866 -0.028558  
884 28.930000 -0.062581 -0.028424  
885 28.940000 -0.062298 -0.028291  
886 28.950000 -0.062015 -0.028158  
887 28.960000 -0.061734 -0.028026  
888 28.970000 -0.061455 -0.027895  
889 28.980000 -0.061176 -0.027765  
890 28.990000 -0.060900 -0.027635  
891 29.000000 -0.060624 -0.027506  
892 29.010000 -0.060349 -0.027377  
893 29.020000 -0.060076 -0.027250  
894 29.030000 -0.059804 -0.027123  
895 29.040000 -0.059534 -0.026997  
896 29.050000 -0.059264 -0.026871  
897 29.060000 -0.058996 -0.026746  
898 29.070000 -0.058730 -0.026622  
899 29.080000 -0.058464 -0.026498  
900 29.090000 -0.058200 -0.026376  
901 29.100000 -0.057936 -0.026253  
902 29.110000 -0.057674 -0.026132  
903 29.120000 -0.057414 -0.026011  
904 29.130000 -0.057154 -0.025891  
905 29.140000 -0.056896 -0.025771  
906 29.150000 -0.056639 -0.025653  
907 29.160000 -0.056383 -0.025534  
908 29.170000 -0.056128 -0.025417  
909 29.180000 -0.055875 -0.025300  
910 29.190000 -0.055622 -0.025184  
911 29.200000 -0.055371 -0.025068  
912 29.210000 -0.055121 -0.024953  
913 29.220000 -0.054872 -0.024838  
914 29.230000 -0.054624 -0.024725  
915 29.240000 -0.054377 -0.024611  
916 29.250000 -0.054132 -0.024499  
917 29.260000 -0.053887 -0.024387  
918 29.270000 -0.053644 -0.024275  
919 29.280000 -0.053402 -0.024165  
920 29.290000 -0.053161 -0.024055  
921 29.300000 -0.052921 -0.023945  
922 29.310000 -0.052682 -0.023836  
923 29.320000 -0.052444 -0.023728  
924 29.330000 -0.052207 -0.023620  
925 29.340000 -0.051972 -0.023512  
926 29.350000 -0.051737 -0.023406  
927 29.360000 -0.051504 -0.023300  
928 29.370000 -0.051271 -0.023194  
929 29.380000 -0.051040 -0.023089  
930 29.390000 -0.050809 -0.022985  
931 29.400000 -0.050580 -0.022881  
932 29.410000 -0.050352 -0.022778  
933 29.420000 -0.050124 -0.022675  
934 29.430000 -0.049898 -0.022573  
935 29.440000 -0.049673 -0.022471  
936 29.450000 -0.049449 -0.022370  
937 29.460000 -0.049226 -0.022269  
938 29.470000 -0.049003 -0.022169  
939 29.480000 -0.048782 -0.022070  
940 29.490000 -0.048562 -0.021971  
941 29.500000 -0.048343 -0.021872  
942 29.510000 -0.048124 -0.021774  
943 29.520000 -0.047907 -0.021677  
944 29.530000 -0.047691 -0.021580  
945 29.540000 -0.047476 -0.021483  
946 29.550000 -0.047261 -0.021388  
947 29.560000 -0.047048 -0.021292  
948 29.570000 -0.046835 -0.021197  
949 29.580000 -0.046624 -0.021103  
950 29.590000 -0.046413 -0.021009  
951 29.600000 -0.046204 -0.020916  
952 29.610000 -0.045995 -0.020823  
953 29.620000 -0.045787 -0.020730  
954 29.630000 -0.045580 -0.020638  
955 29.640000 -0.045375 -0.020547  
956 29.650000 -0.045170 -0.020456  
957 29.660000 -0.044965 -0.020365  
958 29.670000 -0.044762 -0.020275  
959 29.680000 -0.044560 -0.020186  
960 29.690000 -0.044358 -0.020097  
961 29.700000 -0.044158 -0.020008  
962 29.710000 -0.043958 -0.019920  
963 29.720000 -0.043760 -0.019832  
964 29.730000 -0.043562 -0.019745  
965 29.740000 -0.043365 -0.019658  
966 29.750000 -0.043169 -0.019572  
967 29.760000 -0.042973 -0.019486  
968 29.770000 -0.042779 -0.019400  
969 29.780000 -0.042585 -0.019315  
970 29.790000 -0.042392 -0.019231  
971 29.800000 -0.042201 -0.019147  
972 29.810000 -0.042010 -0.019063  
973 29.820000 -0.041819 -0.018980  
974 29.830000 -0.041630 -0.018897  
975 29.840000 -0.041441 -0.018815  
976 29.850000 -0.041254 -0.018733  
977 29.860000 -0.041067 -0.018651  
978 29.870000 -0.040881 -0.018570  
979 29.880000 -0.040695 -0.018489  
980 29.890000 -0.040511 -0.018409  
981 29.900000 -0.040327 -0.018329  
982 29.910000 -0.040144 -0.018249  
983 29.920000 -0.039962 -0.018170  
984 29.930000 -0.039781 -0.018092  
985 29.940000 -0.039600 -0.018013  
986 29.950000 -0.039421 -0.017936  
987 29.960000 -0.039242 -0.017858  
988 29.970000 -0.039063 -0.017781  
989 29.980000 -0.038886 -0.017704  
990 29.990000 -0.038709 -0.017628  
991 30.000000 -0.038533 -0.017552  
992 30.010000 -0.038358 -0.017477  
993 30.020000 -0.038184 -0.017401  
994 30.030000 -0.038010 -0.017327  
995 30.040000 -0.037837 -0.017252  
996 30.050000 -0.037665 -0.017178  
997 30.060000 -0.037494 -0.017105  
998 30.070000 -0.037323 -0.017031  
999 30.080000 -0.037153 -0.016959  
1000 30.090000 -0.036984 -0.016886  
1001 30.100000 -0.036815 -0.016814  
1002 30.110000 -0.036648 -0.016742  
1003 30.120000 -0.036481 -0.016671  
1004 30.130000 -0.036314 -0.016600  
1005 30.140000 -0.036149 -0.016529  
1006 30.150000 -0.035984 -0.016459  
1007 30.160000 -0.035819 -0.016389  
1008 30.170000 -0.035656 -0.016319  
1009 30.180000 -0.035493 -0.016250  
1010 30.190000 -0.035331 -0.016181  
1011 30.200000 -0.035169 -0.016112  
1012 30.210000 -0.035009 -0.016044  
1013 30.220000 -0.034849 -0.015976  
1014 30.230000 -0.034689 -0.015909  
1015 30.240000 -0.034530 -0.015841  
1016 30.250000 -0.034372 -0.015774  
1017 30.260000 -0.034215 -0.015708  
1018 30.270000 -0.034058 -0.015642  
1019 30.280000 -0.033902 -0.015576  
1020 30.290000 -0.033747 -0.015510  
1021 30.300000 -0.033592 -0.015445  
1022 30.310000 -0.033438 -0.015380  
1023 30.320000 -0.033284 -0.015316  
1024 30.330000 -0.033131 -0.015251  
1025 30.340000 -0.032979 -0.015187  
1026 30.350000 -0.032828 -0.015124  
1027 30.360000 -0.032677 -0.015060  
1028 30.370000 -0.032526 -0.014997  
1029 30.380000 -0.032377 -0.014935  
1030 30.390000 -0.032228 -0.014872  
1031 30.400000 -0.032079 -0.014810  
1032 30.410000 -0.031932 -0.014749  
1033 30.420000 -0.031784 -0.014687  
1034 30.430000 -0.031638 -0.014626  
1035 30.440000 -0.031492 -0.014565  
1036 30.450000 -0.031347 -0.014505  
1037 30.460000 -0.031202 -0.014444  
1038 30.470000 -0.031058 -0.014384  
1039 30.480000 -0.030914 -0.014325  
1040 30.490000 -0.030771 -0.014265  
1041 30.500000 -0.030629 -0.014206  
1042 30.510000 -0.030487 -0.014147  
1043 30.520000 -0.030346 -0.014089  
1044 30.530000 -0.030205 -0.014031  
1045 30.540000 -0.030065 -0.013973  
1046 30.550000 -0.029926 -0.013915  
1047 30.560000 -0.029787 -0.013858  
1048 30.570000 -0.029649 -0.013801  
1049 30.580000 -0.029511 -0.013744  
1050 30.590000 -0.029374 -0.013687  
1051 30.600000 -0.029237 -0.013631  
1052 30.610000 -0.029101 -0.013575  
1053 30.620000 -0.028966 -0.013519  
1054 30.630000 -0.028831 -0.013464  
1055 30.640000 -0.028696 -0.013409  
1056 30.650000 -0.028563 -0.013354  
1057 30.660000 -0.028429 -0.013299  
1058 30.670000 -0.028297 -0.013245  
1059 30.680000 -0.028164 -0.013191  
1060 30.690000 -0.028033 -0.013137  
1061 30.700000 -0.027902 -0.013083  
1062 30.710000 -0.027771 -0.013030  
1063 30.720000 -0.027641 -0.012977  
1064 30.730000 -0.027512 -0.012924  
1065 30.740000 -0.027383 -0.012872  
1066 30.750000 -0.027254 -0.012819  
1067 30.760000 -0.027126 -0.012767  
1068 30.770000 -0.026999 -0.012716  
1069 30.780000 -0.026872 -0.012664  
1070 30.790000 -0.026745 -0.012613  
1071 30.800000 -0.026620 -0.012562  
1072 30.810000 -0.026494 -0.012511  
1073 30.820000 -0.026369 -0.012460  
1074 30.830000 -0.026245 -0.012410  
1075 30.840000 -0.026121 -0.012360  
1076 30.850000 -0.025998 -0.012310  
1077 30.860000 -0.025875 -0.012260  
1078 30.870000 -0.025753 -0.012211  
1079 30.880000 -0.025631 -0.012162  
1080 30.890000 -0.025509 -0.012113  
1081 30.900000 -0.025389 -0.012064  
1082 30.910000 -0.025268 -0.012016  
1083 30.920000 -0.025148 -0.011968  
1084 30.930000 -0.025029 -0.011920  
1085 30.940000 -0.024910 -0.011872  
1086 30.950000 -0.024791 -0.011824  
1087 30.960000 -0.024673 -0.011777  
1088 30.970000 -0.024556 -0.011730  
1089 30.980000 -0.024439 -0.011683  
1090 30.990000 -0.024322 -0.011637  
1091 31.000000 -0.024206 -0.011590  
1092 31.010000 -0.024090 -0.011544  
1093 31.020000 -0.023975 -0.011498  
1094 31.030000 -0.023860 -0.011452  
1095 31.040000 -0.023746 -0.011407  
1096 31.050000 -0.023632 -0.011361  
1097 31.060000 -0.023519 -0.011316  
1098 31.070000 -0.023406 -0.011271  
1099 31.080000 -0.023293 -0.011227  
1100 31.090000 -0.023181 -0.011182  
1101 31.100000 -0.023070 -0.011138  
1102 31.110000 -0.022959 -0.011094  
1103 31.120000 -0.022848 -0.011050  
1104 31.130000 -0.022738 -0.011006  
1105 31.140000 -0.022628 -0.010963  
1106 31.150000 -0.022518 -0.010920  
1107 31.160000 -0.022409 -0.010877  
1108 31.170000 -0.022301 -0.010834  
1109 31.180000 -0.022193 -0.010791  
1110 31.190000 -0.022085 -0.010749  
1111 31.200000 -0.021978 -0.010707  
1112 31.210000 -0.021871 -0.010665  
1113 31.220000 -0.021764 -0.010623  
1114 31.230000 -0.021658 -0.010581  
1115 31.240000 -0.021553 -0.010540  
1116 31.250000 -0.021448 -0.010498  
1117 31.260000 -0.021343 -0.010457  
1118 31.270000 -0.021238 -0.010416  
1119 31.280000 -0.021134 -0.010376  
1120 31.290000 -0.021031 -0.010335  
1121 31.300000 -0.020928 -0.010295  
1122 31.310000 -0.020825 -0.010255  
1123 31.320000 -0.020723 -0.010215  
1124 31.330000 -0.020621 -0.010175  
1125 31.340000 -0.020519 -0.010135  
1126 31.350000 -0.020418 -0.010096  
1127 31.360000 -0.020317 -0.010057  
1128 31.370000 -0.020217 -0.010018  
1129 31.380000 -0.020117 -0.009979  
1130 31.390000 -0.020017 -0.009940  
1131 31.400000 -0.019918 -0.009902  
1132 31.410000 -0.019819 -0.009864  
1133 31.420000 -0.019721 -0.009825  
1134 31.430000 -0.019623 -0.009787  
1135 31.440000 -0.019525 -0.009750  
1136 31.450000 -0.019428 -0.009712  
1137 31.460000 -0.019331 -0.009675  
1138 31.470000 -0.019234 -0.009637  
1139 31.480000 -0.019138 -0.009600  
1140 31.490000 -0.019042 -0.009563  
1141 31.500000 -0.018947 -0.009526  
1142 31.510000 -0.018852 -0.009490  
1143 31.520000 -0.018757 -0.009453  
1144 31.530000 -0.018663 -0.009417  
1145 31.540000 -0.018569 -0.009381  
1146 31.550000 -0.018475 -0.009345  
1147 31.560000 -0.018382 -0.009309  
1148 31.570000 -0.018289 -0.009274  
1149 31.580000 -0.018196 -0.009238  
1150 31.590000 -0.018104 -0.009203  
1151 31.600000 -0.018012 -0.009168  
1152 31.610000 -0.017921 -0.009133  
1153 31.620000 -0.017830 -0.009098  
1154 31.630000 -0.017739 -0.009063  
1155 31.640000 -0.017648 -0.009029  
1156 31.650000 -0.017558 -0.008995  
1157 31.660000 -0.017468 -0.008960  
1158 31.670000 -0.017379 -0.008926  
1159 31.680000 -0.017290 -0.008892  
1160 31.690000 -0.017201 -0.008859  
1161 31.700000 -0.017113 -0.008825  
1162 31.710000 -0.017025 -0.008792  
1163 31.720000 -0.016937 -0.008758  
1164 31.730000 -0.016849 -0.008725  
1165 31.740000 -0.016762 -0.008692  
1166 31.750000 -0.016676 -0.008659  
1167 31.760000 -0.016589 -0.008627  
1168 31.770000 -0.016503 -0.008594  
1169 31.780000 -0.016417 -0.008562  
1170 31.790000 -0.016332 -0.008530  
1171 31.800000 -0.016247 -0.008498  
1172 31.810000 -0.016162 -0.008466  
1173 31.820000 -0.016077 -0.008434  
1174 31.830000 -0.015993 -0.008402  
1175 31.840000 -0.015909 -0.008371  
1176 31.850000 -0.015826 -0.008339  
1177 31.860000 -0.015743 -0.008308  
1178 31.870000 -0.015660 -0.008277  
1179 31.880000 -0.015577 -0.008246  
1180 31.890000 -0.015495 -0.008215  
1181 31.900000 -0.015413 -0.008184  
1182 31.910000 -0.015331 -0.008154  
1183 31.920000 -0.015250 -0.008123  
1184 31.930000 -0.015169 -0.008093  
1185 31.940000 -0.015088 -0.008063  
1186 31.950000 -0.015007 -0.008033  
1187 31.960000 -0.014927 -0.008003  
1188 31.970000 -0.014847 -0.007973  
1189 31.980000 -0.014768 -0.007943  
1190 31.990000 -0.014688 -0.007914  
1191 32.000000 -0.014609 -0.007885  
1192 32.010000 -0.014531 -0.007855  
1193 32.020000 -0.014452 -0.007826  
1194 32.030000 -0.014374 -0.007797  
1195 32.040000 -0.014296 -0.007768  
1196 32.050000 -0.014219 -0.007740  
1197 32.060000 -0.014142 -0.007711  
1198 32.070000 -0.014065 -0.007683  
1199 32.080000 -0.013988 -0.007654  
1200 32.090000 -0.013912 -0.007626  
1201 32.100000 -0.013835 -0.007598  
1202 32.110000 -0.013760 -0.007570  
1203 32.120000 -0.013684 -0.007542  
1204 32.130000 -0.013609 -0.007514  
1205 32.140000 -0.013534 -0.007487  
1206 32.150000 -0.013459 -0.007459  
1207 32.160000 -0.013385 -0.007432  
1208 32.170000 -0.013310 -0.007405  
1209 32.180000 -0.013236 -0.007377  
1210 32.190000 -0.013163 -0.007350  
1211 32.200000 -0.013089 -0.007323  
1212 32.210000 -0.013016 -0.007297  
1213 32.220000 -0.012944 -0.007270  
1214 32.230000 -0.012871 -0.007243  
1215 32.240000 -0.012799 -0.007217  
1216 32.250000 -0.012727 -0.007191  
1217 32.260000 -0.012655 -0.007164  
1218 32.270000 -0.012583 -0.007138  
1219 32.280000 -0.012512 -0.007112  
1220 32.290000 -0.012441 -0.007086  
1221 32.300000 -0.012370 -0.007061  
1222 32.310000 -0.012300 -0.007035  
1223 32.320000 -0.012230 -0.007010  
1224 32.330000 -0.012160 -0.006984  
1225 32.340000 -0.012090 -0.006959  
1226 32.350000 -0.012020 -0.006934  
1227 32.360000 -0.011951 -0.006908  
1228 32.370000 -0.011882 -0.006883  
1229 32.380000 -0.011814 -0.006859  
1230 32.390000 -0.011745 -0.006834  
1231 32.400000 -0.011677 -0.006809  
1232 32.410000 -0.011609 -0.006784  
1233 32.420000 -0.011541 -0.006760  
1234 32.430000 -0.011474 -0.006736  
1235 32.440000 -0.011407 -0.006711  
1236 32.450000 -0.011340 -0.006687  
1237 32.460000 -0.011273 -0.006663  
1238 32.470000 -0.011206 -0.006639  
1239 32.480000 -0.011140 -0.006615  
1240 32.490000 -0.011074 -0.006592  
1241 32.500000 -0.011008 -0.006568  
1242 32.510000 -0.010943 -0.006544  
1243 32.520000 -0.010877 -0.006521  
1244 32.530000 -0.010812 -0.006498  
1245 32.540000 -0.010747 -0.006474  
1246 32.550000 -0.010683 -0.006451  
1247 32.560000 -0.010618 -0.006428  
1248 32.570000 -0.010554 -0.006405  
1249 32.580000 -0.010490 -0.006382  
1250 32.590000 -0.010426 -0.006360  
1251 32.600000 -0.010363 -0.006337  
1252 32.610000 -0.010300 -0.006314  
1253 32.620000 -0.010237 -0.006292  
1254 32.630000 -0.010174 -0.006270  
1255 32.640000 -0.010111 -0.006247  
1256 32.650000 -0.010049 -0.006225  
1257 32.660000 -0.009987 -0.006203  
1258 32.670000 -0.009925 -0.006181  
1259 32.680000 -0.009863 -0.006159  
1260 32.690000 -0.009802 -0.006137  
1261 32.700000 -0.009740 -0.006116  
1262 32.710000 -0.009679 -0.006094  
1263 32.720000 -0.009619 -0.006072  
1264 32.730000 -0.009558 -0.006051  
1265 32.740000 -0.009498 -0.006030  
1266 32.750000 -0.009437 -0.006008  
1267 32.760000 -0.009377 -0.005987  
1268 32.770000 -0.009318 -0.005966  
1269 32.780000 -0.009258 -0.005945  
1270 32.790000 -0.009199 -0.005924  
1271 32.800000 -0.009140 -0.005903  
1272 32.810000 -0.009081 -0.005883  
1273 32.820000 -0.009022 -0.005862  
1274 32.830000 -0.008963 -0.005841  
1275 32.840000 -0.008905 -0.005821  
1276 32.850000 -0.008847 -0.005800  
1277 32.860000 -0.008789 -0.005780  
1278 32.870000 -0.008731 -0.005760  
1279 32.880000 -0.008674 -0.005740  
1280 32.890000 -0.008617 -0.005720  
1281 32.900000 -0.008559 -0.005700  
1282 32.910000 -0.008503 -0.005680  
1283 32.920000 -0.008446 -0.005660  
1284 32.930000 -0.008389 -0.005640  
1285 32.940000 -0.008333 -0.005621  
1286 32.950000 -0.008277 -0.005601  
1287 32.960000 -0.008221 -0.005582  
1288 32.970000 -0.008165 -0.005562  
1289 32.980000 -0.008110 -0.005543  
1290 32.990000 -0.008054 -0.005524  
1291 33.000000 -0.007999 -0.005504  
1292 33.010000 -0.007944 -0.005485  
1293 33.020000 -0.007890 -0.005466  
1294 33.030000 -0.007835 -0.005447  
1295 33.040000 -0.007781 -0.005428  
1296 33.050000 -0.007727 -0.005410  
1297 33.060000 -0.007673 -0.005391  
1298 33.070000 -0.007619 -0.005372  
1299 33.080000 -0.007565 -0.005354  
1300 33.090000 -0.007512 -0.005335  
1301 33.100000 -0.007458 -0.005317  
1302 33.110000 -0.007405 -0.005299  
1303 33.120000 -0.007352 -0.005280  
1304 33.130000 -0.007300 -0.005262  
1305 33.140000 -0.007247 -0.005244  
1306 33.150000 -0.007195 -0.005226  
1307 33.160000 -0.007143 -0.005208  
1308 33.170000 -0.007091 -0.005190  
1309 33.180000 -0.007039 -0.005172  
1310 33.190000 -0.006987 -0.005155  
1311 33.200000 -0.006936 -0.005137  
1312 33.210000 -0.006884 -0.005119  
1313 33.220000 -0.006833 -0.005102  
1314 33.230000 -0.006782 -0.005084  
1315 33.240000 -0.006732 -0.005067  
1316 33.250000 -0.006681 -0.005050  
1317 33.260000 -0.006631 -0.005033  
1318 33.270000 -0.006580 -0.005015  
1319 33.280000 -0.006530 -0.004998  
1320 33.290000 -0.006480 -0.004981  
1321 33.300000 -0.006431 -0.004964  
1322 33.310000 -0.006381 -0.004947  
1323 33.320000 -0.006332 -0.004931  
1324 33.330000 -0.006283 -0.004914  
1325 33.340000 -0.006233 -0.004897  
1326 33.350000 -0.006185 -0.004881  
1327 33.360000 -0.006136 -0.004864  
1328 33.370000 -0.006087 -0.004847  
1329 33.380000 -0.006039 -0.004831  
1330 33.390000 -0.005991 -0.004815  
1331 33.400000 -0.005943 -0.004798  
1332 33.410000 -0.005895 -0.004782  
1333 33.420000 -0.005847 -0.004766  
1334 33.430000 -0.005799 -0.004750  
1335 33.440000 -0.005752 -0.004734  
1336 33.450000 -0.005705 -0.004718  
1337 33.460000 -0.005658 -0.004702  
1338 33.470000 -0.005611 -0.004686  
1339 33.480000 -0.005564 -0.004670  
1340 33.490000 -0.005517 -0.004655  
1341 33.500000 -0.005471 -0.004639  
1342 33.510000 -0.005424 -0.004623  
1343 33.520000 -0.005378 -0.004608  
1344 33.530000 -0.005332 -0.004592  
1345 33.540000 -0.005286 -0.004577  
1346 33.550000 -0.005241 -0.004562  
1347 33.560000 -0.005195 -0.004546  
1348 33.570000 -0.005150 -0.004531  
1349 33.580000 -0.005105 -0.004516  
1350 33.590000 -0.005060 -0.004501  
1351 33.600000 -0.005015 -0.004486  
1352 33.610000 -0.004970 -0.004471  
1353 33.620000 -0.004925 -0.004456  
1354 33.630000 -0.004881 -0.004441  
1355 33.640000 -0.004836 -0.004426  
1356 33.650000 -0.004792 -0.004412  
1357 33.660000 -0.004748 -0.004397  
1358 33.670000 -0.004704 -0.004382  
1359 33.680000 -0.004660 -0.004368  
1360 33.690000 -0.004617 -0.004353  
1361 33.700000 -0.004573 -0.004339  
1362 33.710000 -0.004530 -0.004324  
1363 33.720000 -0.004487 -0.004310  
1364 33.730000 -0.004444 -0.004296  
1365 33.740000 -0.004401 -0.004282  
1366 33.750000 -0.004358 -0.004267  
1367 33.760000 -0.004316 -0.004253  
1368 33.770000 -0.004273 -0.004239  
1369 33.780000 -0.004231 -0.004225  
1370 33.790000 -0.004189 -0.004211  
1371 33.800000 -0.004147 -0.004197  
1372 33.810000 -0.004105 -0.004184  
1373 33.820000 -0.004063 -0.004170  
1374 33.830000 -0.004021 -0.004156  
1375 33.840000 -0.003980 -0.004142  
1376 33.850000 -0.003939 -0.004129  
1377 33.860000 -0.003897 -0.004115  
1378 33.870000 -0.003856 -0.004102  
1379 33.880000 -0.003815 -0.004088  
1380 33.890000 -0.003774 -0.004075  
1381 33.900000 -0.003734 -0.004061  
1382 33.910000 -0.003693 -0.004048  
1383 33.920000 -0.003653 -0.004035  
1384 33.930000 -0.003613 -0.004022  
1385 33.940000 -0.003572 -0.004008  
1386 33.950000 -0.003532 -0.003995  
1387 33.960000 -0.003492 -0.003982  
1388 33.970000 -0.003453 -0.003969  
1389 33.980000 -0.003413 -0.003956  
1390 33.990000 -0.003374 -0.003943  
1391 34.000000 -0.003334 -0.003930  
1392 34.010000 -0.003295 -0.003918  
1393 34.020000 -0.003256 -0.003905  
1394 34.030000 -0.003217 -0.003892  
1395 34.040000 -0.003178 -0.003880  
1396 34.050000 -0.003139 -0.003867  
1397 34.060000 -0.003101 -0.003854  
1398 34.070000 -0.003062 -0.003842  
1399 34.080000 -0.003024 -0.003829  
1400 34.090000 -0.002986 -0.003817  
1401 34.100000 -0.002947 -0.003805  
1402 34.110000 -0.002910 -0.003792  
1403 34.120000 -0.002872 -0.003780  
1404 34.130000 -0.002834 -0.003768  
1405 34.140000 -0.002796 -0.003756  
1406 34.150000 -0.002759 -0.003743  
1407 34.160000 -0.002721 -0.003731  
1408 34.170000 -0.002684 -0.003719  
1409 34.180000 -0.002647 -0.003707  
1410 34.190000 -0.002610 -0.003695  
1411 34.200000 -0.002573 -0.003684  
1412 34.210000 -0.002536 -0.003672  
1413 34.220000 -0.002500 -0.003660  
1414 34.230000 -0.002463 -0.003648  
1415 34.240000 -0.002427 -0.003636  
1416 34.250000 -0.002390 -0.003625  
1417 34.260000 -0.002354 -0.003613  
1418 34.270000 -0.002318 -0.003601  
1419 34.280000 -0.002282 -0.003590  
1420 34.290000 -0.002246 -0.003578  
1421 34.300000 -0.002211 -0.003567  
1422 34.310000 -0.002175 -0.003556  
1423 34.320000 -0.002140 -0.003544  
1424 34.330000 -0.002104 -0.003533  
1425 34.340000 -0.002069 -0.003522  
1426 34.350000 -0.002034 -0.003510  
1427 34.360000 -0.001999 -0.003499  
1428 34.370000 -0.001964 -0.003488  
1429 34.380000 -0.001929 -0.003477  
1430 34.390000 -0.001894 -0.003466  
1431 34.400000 -0.001860 -0.003455  
1432 34.410000 -0.001825 -0.003444  
1433 34.420000 -0.001791 -0.003433  
1434 34.430000 -0.001756 -0.003422  
1435 34.440000 -0.001722 -0.003411  
1436 34.450000 -0.001688 -0.003400  
1437 34.460000 -0.001654 -0.003389  
1438 34.470000 -0.001620 -0.003379  
1439 34.480000 -0.001587 -0.003368  
1440 34.490000 -0.001553 -0.003357  
1441 34.500000 -0.001520 -0.003347  
1442 34.510000 -0.001486 -0.003336  
1443 34.520000 -0.001453 -0.003326  
1444 34.530000 -0.001420 -0.003315  
1445 34.540000 -0.001387 -0.003305  
1446 34.550000 -0.001354 -0.003294  
1447 34.560000 -0.001321 -0.003284  
1448 34.570000 -0.001288 -0.003273  
1449 34.580000 -0.001255 -0.003263  
1450 34.590000 -0.001223 -0.003253  
1451 34.600000 -0.001190 -0.003243  
1452 34.610000 -0.001158 -0.003232  
1453 34.620000 -0.001125 -0.003222  
1454 34.630000 -0.001093 -0.003212  
1455 34.640000 -0.001061 -0.003202  
1456 34.650000 -0.001029 -0.003192  
1457 34.660000 -0.000997 -0.003182  
1458 34.670000 -0.000966 -0.003172  
1459 34.680000 -0.000934 -0.003162  
1460 34.690000 -0.000902 -0.003152  
1461 34.700000 -0.000871 -0.003142  
1462 34.710000 -0.000840 -0.003133  
1463 34.720000 -0.000808 -0.003123  
1464 34.730000 -0.000777 -0.003113  
1465 34.740000 -0.000746 -0.003103  
1466 34.750000 -0.000715 -0.003094  
1467 34.760000 -0.000684 -0.003084  
1468 34.770000 -0.000653 -0.003074  
1469 34.780000 -0.000623 -0.003065  
1470 34.790000 -0.000592 -0.003055  
1471 34.800000 -0.000562 -0.003046  
1472 34.810000 -0.000531 -0.003036  
1473 34.820000 -0.000501 -0.003027  
1474 34.830000 -0.000471 -0.003017  
1475 34.840000 -0.000440 -0.003008  
1476 34.850000 -0.000410 -0.002999  
1477 34.860000 -0.000380 -0.002989  
1478 34.870000 -0.000351 -0.002980  
1479 34.880000 -0.000321 -0.002971  
1480 34.890000 -0.000291 -0.002962  
1481 34.900000 -0.000262 -0.002953  
1482 34.910000 -0.000232 -0.002943  
1483 34.920000 -0.000203 -0.002934  
1484 34.930000 -0.000173 -0.002925  
1485 34.940000 -0.000144 -0.002916  
1486 34.950000 -0.000115 -0.002907  
1487 34.960000 -0.000086 -0.002898  
1488 34.970000 -0.000057 -0.002889  
1489 34.980000 -0.000028 -0.002881  
1490 34.990000 0.000000 -0.002872  
