1 20.100000 1511561026.858099 90786100685.204391  
2 20.110000 852714033.048804 46564051025.620499  
3 20.120000 505597192.192418 25311064885.966976  
4 20.130000 312581504.470728 14446232401.103500  
5 20.140000 200255738.580879 8594883882.851723  
6 20.150000 132292076.930710 5299987749.335093  
7 20.160000 89761063.396960 3371711219.312901  
8 20.170000 62350368.294818 2204567824.330114  
9 20.180000 44220152.645558 1476838741.334947  
10 20.190000 31948782.199818 1010971880.595657  
11 20.200000 23470070.610752 705629771.069150  
12 20.210000 17502284.803735 501214049.163221  
13 20.220000 13230862.115357 361717697.126122  
14 20.230000 10126710.020176 264851614.327451  
15 20.240000 7839284.565642 196510792.357245  
16 20.250000 6132104.187033 147588074.980083  
17 20.260000 4842975.518915 112094078.286418  
18 20.270000 3858953.342847 86022690.212575  
19 20.280000 3100277.168370 66652253.667061  
20 20.290000 2509886.287098 52106886.683740  
21 20.300000 2046465.526294 41076240.109079  
22 20.310000 1679763.775094 32633541.581842  
23 20.320000 1387398.692731 26115659.457609  
24 20.330000 1152647.549239 21042927.840330  
25 20.340000 962901.381815 17064842.519939  
26 20.350000 808571.051989 13922824.558810  
27 20.360000 682304.873288 11424390.763038  
28 20.370000 578423.481200 9425041.159837  
29 20.380000 492507.783551 7815427.360486  
30 20.390000 421095.858952 6512173.972310  
31 20.400000 361458.126691 5451252.910468  
32 20.410000 311429.251504 4583159.074197  
33 20.420000 269281.520470 3869368.761393  
34 20.430000 233628.778580 3279719.464524  
35 20.440000 203353.053031 2790456.960511  
36 20.450000 177548.145267 2382769.476707  
37 20.460000 155475.999891 2041680.049190  
38 20.470000 136532.758054 1755204.173473  
39 20.480000 120222.197446 1513705.280626  
40 20.490000 106134.840096 1309398.689685  
41 20.500000 93931.434075 1135967.691484  
42 20.510000 83329.829145 988264.820475  
43 20.520000 74094.499828 862078.214788  
44 20.530000 66028.143993 753947.979646  
45 20.540000 58964.916508 661021.167336  
46 20.550000 52764.956958 580936.730583  
47 20.560000 47309.946161 511733.853724  
48 20.570000 42499.484087 451778.602604  
49 20.580000 38248.126341 399704.993583  
50 20.590000 34482.950747 354367.461365  
51 20.600000 31141.552290 314802.375693  
52 20.610000 28170.385478 280196.770421  
53 20.620000 25523.389493 249862.843566  
54 20.630000 23160.844334 223217.092406  
55 20.640000 21048.416253 199763.184822  
56 20.650000 19156.358849 179077.852971  
57 20.660000 17458.842526 160799.240117  
58 20.670000 15933.390161 144617.245205  
59 20.680000 14560.400893 130265.499504  
60 20.690000 13322.747232 117514.680706  
61 20.700000 12205.433363 106166.926344  
62 20.710000 11195.304631 96051.153420  
63 20.720000 10280.799970 87019.127186  
64 20.730000 9451.740442 78942.150911  
65 20.740000 8699.148221 71708.271794  
66 20.750000 8015.091296 65219.916984  
67 20.760000 7392.549974 59391.888918  
68 20.770000 6825.301870 54149.661559  
69 20.780000 6307.822644 49427.929248  
70 20.790000 5835.200149 45169.368083  
71 20.800000 5403.060050 41323.576541  
72 20.810000 5007.501256 37846.167577  
73 20.820000 4645.039770 34697.989027  
74 20.830000 4312.559776 31844.452912  
75 20.840000 4007.270963 29254.957348  
76 20.850000 3726.671216 26902.387381  
77 20.860000 3468.513960 24762.683212  
78 20.870000 3230.779523 22814.466063  
79 20.880000 3011.649987 21038.713442  
80 20.890000 2809.487070 19418.476833  
81 20.900000 2622.812644 17938.635856  
82 20.910000 2450.291548 16585.683869  
83 20.920000 2290.716410 15347.540684  
84 20.930000 2142.994221 14213.388736  
85 20.940000 2006.134437 13173.529558  
86 20.950000 1879.238436 12219.257852  
87 20.960000 1761.490151 11342.750857  
88 20.970000 1652.147739 10536.971021  
89 20.980000 1550.536169 9795.580247  
90 20.990000 1456.040613 9112.864257  
91 21.000000 1368.100548 8483.665787  
92 21.010000 1286.204486 7903.325497  
93 21.020000 1209.885267 7367.629654  
94 21.030000 1138.715833 6872.763752  
95 21.040000 1072.305450 6415.271344  
96 21.050000 1010.296310 5992.017456  
97 21.060000 952.360488 5600.156038  
98 21.070000 898.197194 5237.100981  
99 21.080000 847.530310 4900.500266  
100 21.090000 800.106165 4588.212898  
101 21.100000 755.691529 4298.288287  
102 21.110000 714.071803 4028.947813  
103 21.120000 675.049385 3778.568317  
104 21.130000 638.442189 3545.667301  
105 21.140000 604.082307 3328.889655  
106 21.150000 571.814795 3126.995736  
107 21.160000 541.496574 2938.850652  
108 21.170000 512.995428 2763.414621  
109 21.180000 486.189104 2599.734290  
110 21.190000 460.964481 2446.934909  
111 21.200000 437.216821 2304.213271  
112 21.210000 414.849090 2170.831338  
113 21.220000 393.771330 2046.110482  
114 21.230000 373.900097 1929.426276  
115 21.240000 355.157937 1820.203773  
116 21.250000 337.472919 1717.913241  
117 21.260000 320.778198 1622.066285  
118 21.270000 305.011621 1532.212330  
119 21.280000 290.115365 1447.935438  
120 21.290000 276.035606 1368.851398  
121 21.300000 262.722214 1294.605095  
122 21.310000 250.128475 1224.868107  
123 21.320000 238.210836 1159.336518  
124 21.330000 226.928667 1097.728926  
125 21.340000 216.244049 1039.784626  
126 21.350000 206.121571 985.261951  
127 21.360000 196.528153 933.936758  
128 21.370000 187.432873 885.601040  
129 21.380000 178.806813 840.061662  
130 21.390000 170.622918 797.139206  
131 21.400000 162.855863 756.666901  
132 21.410000 155.481931 718.489659  
133 21.420000 148.478902 682.463181  
134 21.430000 141.825947 648.453135  
135 21.440000 135.503535 616.334412  
136 21.450000 129.493344 585.990431  
137 21.460000 123.778174 557.312509  
138 21.470000 118.341879 530.199275  
139 21.480000 113.169289 504.556136  
140 21.490000 108.246151 480.294781  
141 21.500000 103.559063 457.332729  
142 21.510000 99.095423 435.592906  
143 21.520000 94.843371 415.003262  
144 21.530000 90.791748 395.496415  
145 21.540000 86.930044 377.009315  
146 21.550000 83.248360 359.482948  
147 21.560000 79.737368 342.862050  
148 21.570000 76.388274 327.094848  
149 21.580000 73.192787 312.132823  
150 21.590000 70.143085 297.930480  
151 21.600000 67.231788 284.445150  
152 21.610000 64.451926 271.636796  
153 21.620000 61.796921 259.467833  
154 21.630000 59.260556 247.902970  
155 21.640000 56.836958 236.909053  
156 21.650000 54.520576 226.454926  
157 21.660000 52.306158 216.511299  
158 21.670000 50.188740 207.050626  
159 21.680000 48.163623 198.046994  
160 21.690000 46.226358 189.476016  
161 21.700000 44.372737 181.314730  
162 21.710000 42.598770 173.541515  
163 21.720000 40.900681 166.136001  
164 21.730000 39.274889 159.078989  
165 21.740000 37.718000 152.352382  
166 21.750000 36.226797 145.939114  
167 21.760000 34.798227 139.823084  
168 21.770000 33.429395 133.989100  
169 21.780000 32.117553 128.422823  
170 21.790000 30.860091 123.110709  
171 21.800000 29.654534 118.039969  
172 21.810000 28.498528 113.198520  
173 21.820000 27.389837 108.574938  
174 21.830000 26.326339 104.158428  
175 21.840000 25.306013 99.938778  
176 21.850000 24.326939 95.906329  
177 21.860000 23.387293 92.051942  
178 21.870000 22.485336 88.366964  
179 21.880000 21.619416 84.843207  
180 21.890000 20.787960 81.472913  
181 21.900000 19.989471 78.248736  
182 21.910000 19.222522 75.163712  
183 21.920000 18.485755 72.211242  
184 21.930000 17.777876 69.385070  
185 21.940000 17.097652 66.679263  
186 21.950000 16.443908 64.088193  
187 21.960000 15.815524 61.606520  
188 21.970000 15.211430 59.229177  
189 21.980000 14.630608 56.951351  
190 21.990000 14.072087 54.768475  
191 22.000000 13.534937 52.676211  
192 22.010000 13.018274 50.670436  
193 22.020000 12.521253 48.747233  
194 22.030000 12.043067 46.902880  
195 22.040000 11.582944 45.133837  
196 22.050000 11.140150 43.436739  
197 22.060000 10.713980 41.808384  
198 22.070000 10.303763 40.245728  
199 22.080000 9.908857 38.745871  
200 22.090000 9.528646 37.306056  
201 22.100000 9.162544 35.923656  
202 22.110000 8.809990 34.596171  
203 22.120000 8.470446 33.321220  
204 22.130000 8.143398 32.096533  
205 22.140000 7.828355 30.919949  
206 22.150000 7.524845 29.789407  
207 22.160000 7.232420 28.702944  
208 22.170000 6.950646 27.658686  
209 22.180000 6.679111 26.654848  
210 22.190000 6.417420 25.689727  
211 22.200000 6.165193 24.761697  
212 22.210000 5.922067 23.869208  
213 22.220000 5.687695 23.010780  
214 22.230000 5.461743 22.184999  
215 22.240000 5.243891 21.390518  
216 22.250000 5.033833 20.626047  
217 22.260000 4.831274 19.890356  
218 22.270000 4.635933 19.182270  
219 22.280000 4.447540 18.500666  
220 22.290000 4.265835 17.844469  
221 22.300000 4.090570 17.212655  
222 22.310000 3.921504 16.604241  
223 22.320000 3.758410 16.018290  
224 22.330000 3.601067 15.453905  
225 22.340000 3.449263 14.910228  
226 22.350000 3.302796 14.386437  
227 22.360000 3.161470 13.881747  
228 22.370000 3.025100 13.395406  
229 22.380000 2.893504 12.926694  
230 22.390000 2.766509 12.474923  
231 22.400000 2.643951 12.039432  
232 22.410000 2.525669 11.619589  
233 22.420000 2.411509 11.214789  
234 22.430000 2.301325 10.824453  
235 22.440000 2.194974 10.448024  
236 22.450000 2.092319 10.084971  
237 22.460000 1.993231 9.734782  
238 22.470000 1.897583 9.396969  
239 22.480000 1.805252 9.071062  
240 22.490000 1.716123 8.756613  
241 22.500000 1.630083 8.453188  
242 22.510000 1.547024 8.160375  
243 22.520000 1.466842 7.877777  
244 22.530000 1.389436 7.605013  
245 22.540000 1.314710 7.341716  
246 22.550000 1.242571 7.087537  
247 22.560000 1.172930 6.842138  
248 22.570000 1.105700 6.605197  
249 22.580000 1.040799 6.376402  
250 22.590000 0.978146 6.155456  
251 22.600000 0.917664 5.942073  
252 22.610000 0.859280 5.735976  
253 22.620000 0.802921 5.536902  
254 22.630000 0.748519 5.344598  
255 22.640000 0.696008 5.158818  
256 22.650000 0.645322 4.979329  
257 22.660000 0.596401 4.805905  
258 22.670000 0.549185 4.638329  
259 22.680000 0.503616 4.476394  
260 22.690000 0.459639 4.319897  
261 22.700000 0.417200 4.168648  
262 22.710000 0.376249 4.022460  
263 22.720000 0.336735 3.881155  
264 22.730000 0.298610 3.744561  
265 22.740000 0.261828 3.612514  
266 22.750000 0.226345 3.484855  
267 22.760000 0.192117 3.361430  
268 22.770000 0.159103 3.242093  
269 22.780000 0.127262 3.126701  
270 22.790000 0.096556 3.015119  
271 22.800000 0.066947 2.907215  
272 22.810000 0.038400 2.802863  
273 22.820000 0.010879 2.701940  
274 22.830000 -0.015650 2.604330  
275 22.840000 -0.041219 2.509918  
276 22.850000 -0.065859 2.418597  
277 22.860000 -0.089600 2.330262  
278 22.870000 -0.112473 2.244811  
279 22.880000 -0.134506 2.162146  
280 22.890000 -0.155725 2.082174  
281 22.900000 -0.176158 2.004805  
282 22.910000 -0.195830 1.929950  
283 22.920000 -0.214765 1.857526  
284 22.930000 -0.232988 1.787452  
285 22.940000 -0.250522 1.719648  
286 22.950000 -0.267388 1.654041  
287 22.960000 -0.283610 1.590556  
288 22.970000 -0.299206 1.529124  
289 22.980000 -0.314199 1.469676  
290 22.990000 -0.328606 1.412148  
291 23.000000 -0.342448 1.356476  
292 23.010000 -0.355742 1.302599  
293 23.020000 -0.368506 1.250459  
294 23.030000 -0.380757 1.199999  
295 23.040000 -0.392511 1.151163  
296 23.050000 -0.403785 1.103900  
297 23.060000 -0.414594 1.058158  
298 23.070000 -0.424953 1.013887  
299 23.080000 -0.434877 0.971040  
300 23.090000 -0.444379 0.929572  
301 23.100000 -0.453473 0.889437  
302 23.110000 -0.462172 0.850593  
303 23.120000 -0.470489 0.812998  
304 23.130000 -0.478436 0.776613  
305 23.140000 -0.486025 0.741398  
306 23.150000 -0.493267 0.707316  
307 23.160000 -0.500175 0.674332  
308 23.170000 -0.506758 0.642409  
309 23.180000 -0.513026 0.611515  
310 23.190000 -0.518991 0.581617  
311 23.200000 -0.524662 0.552683  
312 23.210000 -0.530048 0.524683  
313 23.220000 -0.535159 0.497587  
314 23.230000 -0.540003 0.471367  
315 23.240000 -0.544589 0.445995  
316 23.250000 -0.548925 0.421444  
317 23.260000 -0.553020 0.397690  
318 23.270000 -0.556882 0.374706  
319 23.280000 -0.560517 0.352469  
320 23.290000 -0.563933 0.330955  
321 23.300000 -0.567138 0.310143  
322 23.310000 -0.570138 0.290009  
323 23.320000 -0.572941 0.270533  
324 23.330000 -0.575551 0.251694  
325 23.340000 -0.577977 0.233474  
326 23.350000 -0.580223 0.215851  
327 23.360000 -0.582296 0.198809  
328 23.370000 -0.584201 0.182329  
329 23.380000 -0.585944 0.166393  
330 23.390000 -0.587530 0.150986  
331 23.400000 -0.588965 0.136089  
332 23.410000 -0.590254 0.121689  
333 23.420000 -0.591401 0.107770  
334 23.430000 -0.592411 0.094316  
335 23.440000 -0.593289 0.081313  
336 23.450000 -0.594039 0.068749  
337 23.460000 -0.594665 0.056608  
338 23.470000 -0.595172 0.044879  
339 23.480000 -0.595564 0.033549  
340 23.490000 -0.595844 0.022605  
341 23.500000 -0.596017 0.012035  
342 23.510000 -0.596086 0.001829  
343 23.520000 -0.596055 -0.008024  
344 23.530000 -0.595927 -0.017537  
345 23.540000 -0.595705 -0.026718  
346 23.550000 -0.595394 -0.035579  
347 23.560000 -0.594995 -0.044128  
348 23.570000 -0.594512 -0.052376  
349 23.580000 -0.593948 -0.060331  
350 23.590000 -0.593306 -0.068002  
351 23.600000 -0.592589 -0.075399  
352 23.610000 -0.591799 -0.082528  
353 23.620000 -0.590939 -0.089400  
354 23.630000 -0.590012 -0.096020  
355 23.640000 -0.589020 -0.102398  
356 23.650000 -0.587965 -0.108539  
357 23.660000 -0.586850 -0.114453  
358 23.670000 -0.585677 -0.120144  
359 23.680000 -0.584448 -0.125621  
360 23.690000 -0.583165 -0.130889  
361 23.700000 -0.581831 -0.135955  
362 23.710000 -0.580446 -0.140825  
363 23.720000 -0.579015 -0.145506  
364 23.730000 -0.577537 -0.150002  
365 23.740000 -0.576015 -0.154320  
366 23.750000 -0.574451 -0.158464  
367 23.760000 -0.572847 -0.162440  
368 23.770000 -0.571203 -0.166254  
369 23.780000 -0.569522 -0.169910  
370 23.790000 -0.567805 -0.173413  
371 23.800000 -0.566054 -0.176767  
372 23.810000 -0.564270 -0.179978  
373 23.820000 -0.562455 -0.183049  
374 23.830000 -0.560610 -0.185985  
375 23.840000 -0.558736 -0.188789  
376 23.850000 -0.556834 -0.191467  
377 23.860000 -0.554907 -0.194022  
378 23.870000 -0.552954 -0.196457  
379 23.880000 -0.550978 -0.198776  
380 23.890000 -0.548979 -0.200984  
381 23.900000 -0.546959 -0.203082  
382 23.910000 -0.544918 -0.205075  
383 23.920000 -0.542858 -0.206966  
384 23.930000 -0.540779 -0.208758  
385 23.940000 -0.538683 -0.210454  
386 23.950000 -0.536570 -0.212058  
387 23.960000 -0.534442 -0.213571  
388 23.970000 -0.532299 -0.214997  
389 23.980000 -0.530142 -0.216338  
390 23.990000 -0.527973 -0.217597  
391 24.000000 -0.525791 -0.218777  
392 24.010000 -0.523597 -0.219880  
393 24.020000 -0.521393 -0.220909  
394 24.030000 -0.519179 -0.221866  
395 24.040000 -0.516956 -0.222752  
396 24.050000 -0.514725 -0.223572  
397 24.060000 -0.512485 -0.224325  
398 24.070000 -0.510238 -0.225015  
399 24.080000 -0.507985 -0.225644  
400 24.090000 -0.505726 -0.226214  
401 24.100000 -0.503461 -0.226726  
402 24.110000 -0.501191 -0.227182  
403 24.120000 -0.498917 -0.227584  
404 24.130000 -0.496640 -0.227935  
405 24.140000 -0.494359 -0.228235  
406 24.150000 -0.492075 -0.228486  
407 24.160000 -0.489789 -0.228689  
408 24.170000 -0.487502 -0.228848  
409 24.180000 -0.485212 -0.228962  
410 24.190000 -0.482922 -0.229033  
411 24.200000 -0.480632 -0.229063  
412 24.210000 -0.478341 -0.229054  
413 24.220000 -0.476051 -0.229005  
414 24.230000 -0.473761 -0.228920  
415 24.240000 -0.471473 -0.228798  
416 24.250000 -0.469185 -0.228642  
417 24.260000 -0.466900 -0.228452  
418 24.270000 -0.464617 -0.228230  
419 24.280000 -0.462335 -0.227977  
420 24.290000 -0.460057 -0.227693  
421 24.300000 -0.457782 -0.227380  
422 24.310000 -0.455510 -0.227039  
423 24.320000 -0.453241 -0.226671  
424 24.330000 -0.450976 -0.226277  
425 24.340000 -0.448716 -0.225858  
426 24.350000 -0.446459 -0.225414  
427 24.360000 -0.444207 -0.224947  
428 24.370000 -0.441960 -0.224457  
429 24.380000 -0.439718 -0.223946  
430 24.390000 -0.437482 -0.223413  
431 24.400000 -0.435250 -0.222861  
432 24.410000 -0.433024 -0.222289  
433 24.420000 -0.430804 -0.221699  
434 24.430000 -0.428590 -0.221091  
435 24.440000 -0.426383 -0.220465  
436 24.450000 -0.424181 -0.219823  
437 24.460000 -0.421986 -0.219166  
438 24.470000 -0.419798 -0.218493  
439 24.480000 -0.417616 -0.217805  
440 24.490000 -0.415442 -0.217104  
441 24.500000 -0.413274 -0.216389  
442 24.510000 -0.411114 -0.215661  
443 24.520000 -0.408961 -0.214921  
444 24.530000 -0.406816 -0.214169  
445 24.540000 -0.404678 -0.213406  
446 24.550000 -0.402548 -0.212633  
447 24.560000 -0.400425 -0.211849  
448 24.570000 -0.398311 -0.211055  
449 24.580000 -0.396204 -0.210252  
450 24.590000 -0.394106 -0.209440  
451 24.600000 -0.392015 -0.208620  
452 24.610000 -0.389933 -0.207792  
453 24.620000 -0.387860 -0.206956  
454 24.630000 -0.385794 -0.206113  
455 24.640000 -0.383737 -0.205264  
456 24.650000 -0.381689 -0.204407  
457 24.660000 -0.379649 -0.203545  
458 24.670000 -0.377618 -0.202677  
459 24.680000 -0.375596 -0.201804  
460 24.690000 -0.373582 -0.200926  
461 24.700000 -0.371577 -0.200043  
462 24.710000 -0.369581 -0.199155  
463 24.720000 -0.367594 -0.198264  
464 24.730000 -0.365616 -0.197368  
465 24.740000 -0.363647 -0.196469  
466 24.750000 -0.361687 -0.195567  
467 24.760000 -0.359735 -0.194662  
468 24.770000 -0.357793 -0.193754  
469 24.780000 -0.355860 -0.192844  
470 24.790000 -0.353936 -0.191931  
471 24.800000 -0.352022 -0.191016  
472 24.810000 -0.350116 -0.190100  
473 24.820000 -0.348220 -0.189182  
474 24.830000 -0.346333 -0.188263  
475 24.840000 -0.344454 -0.187342  
476 24.850000 -0.342586 -0.186421  
477 24.860000 -0.340726 -0.185498  
478 24.870000 -0.338876 -0.184576  
479 24.880000 -0.337035 -0.183652  
480 24.890000 -0.335203 -0.182729  
481 24.900000 -0.333380 -0.181806  
482 24.910000 -0.331567 -0.180882  
483 24.920000 -0.329762 -0.179959  
484 24.930000 -0.327967 -0.179037  
485 24.940000 -0.326182 -0.178114  
486 24.950000 -0.324405 -0.177193  
487 24.960000 -0.322638 -0.176273  
488 24.970000 -0.320880 -0.175353  
489 24.980000 -0.319131 -0.174435  
490 24.990000 -0.317391 -0.173518  
491 25.000000 -0.315660 -0.172602  
492 25.010000 -0.313939 -0.171687  
493 25.020000 -0.312227 -0.170775  
494 25.030000 -0.310523 -0.169864  
495 25.040000 -0.308829 -0.168954  
496 25.050000 -0.307144 -0.168047  
497 25.060000 -0.305468 -0.167142  
498 25.070000 -0.303801 -0.166239  
499 25.080000 -0.302144 -0.165338  
500 25.090000 -0.300495 -0.164439  
501 25.100000 -0.298855 -0.163542  
502 25.110000 -0.297224 -0.162648  
503 25.120000 -0.295602 -0.161757  
504 25.130000 -0.293989 -0.160868  
505 25.140000 -0.292384 -0.159982  
506 25.150000 -0.290789 -0.159098  
507 25.160000 -0.289202 -0.158217  
508 25.170000 -0.287625 -0.157340  
509 25.180000 -0.286056 -0.156465  
510 25.190000 -0.284495 -0.155593  
511 25.200000 -0.282944 -0.154724  
512 25.210000 -0.281401 -0.153858  
513 25.220000 -0.279867 -0.152995  
514 25.230000 -0.278341 -0.152135  
515 25.240000 -0.276824 -0.151279  
516 25.250000 -0.275315 -0.150426  
517 25.260000 -0.273815 -0.149576  
518 25.270000 -0.272324 -0.148730  
519 25.280000 -0.270841 -0.147887  
520 25.290000 -0.269366 -0.147047  
521 25.300000 -0.267900 -0.146211  
522 25.310000 -0.266442 -0.145378  
523 25.320000 -0.264992 -0.144549  
524 25.330000 -0.263551 -0.143723  
525 25.340000 -0.262118 -0.142901  
526 25.350000 -0.260693 -0.142083  
527 25.360000 -0.259276 -0.141268  
528 25.370000 -0.257867 -0.140457  
529 25.380000 -0.256467 -0.139650  
530 25.390000 -0.255074 -0.138846  
531 25.400000 -0.253690 -0.138046  
532 25.410000 -0.252314 -0.137250  
533 25.420000 -0.250945 -0.136458  
534 25.430000 -0.249584 -0.135669  
535 25.440000 -0.248232 -0.134884  
536 25.450000 -0.246887 -0.134103  
537 25.460000 -0.245550 -0.133326  
538 25.470000 -0.244220 -0.132552  
539 25.480000 -0.242898 -0.131783  
540 25.490000 -0.241584 -0.131017  
541 25.500000 -0.240278 -0.130255  
542 25.510000 -0.238979 -0.129497  
543 25.520000 -0.237688 -0.128743  
544 25.530000 -0.236405 -0.127992  
545 25.540000 -0.235128 -0.127246  
546 25.550000 -0.233860 -0.126503  
547 25.560000 -0.232598 -0.125765  
548 25.570000 -0.231344 -0.125030  
549 25.580000 -0.230098 -0.124299  
550 25.590000 -0.228858 -0.123572  
551 25.600000 -0.227626 -0.122849  
552 25.610000 -0.226401 -0.122130  
553 25.620000 -0.225184 -0.121414  
554 25.630000 -0.223973 -0.120703  
555 25.640000 -0.222769 -0.119995  
556 25.650000 -0.221573 -0.119292  
557 25.660000 -0.220384 -0.118592  
558 25.670000 -0.219201 -0.117896  
559 25.680000 -0.218026 -0.117204  
560 25.690000 -0.216857 -0.116516  
561 25.700000 -0.215695 -0.115831  
562 25.710000 -0.214540 -0.115151  
563 25.720000 -0.213392 -0.114474  
564 25.730000 -0.212251 -0.113801  
565 25.740000 -0.211116 -0.113132  
566 25.750000 -0.209988 -0.112467  
567 25.760000 -0.208867 -0.111805  
568 25.770000 -0.207752 -0.111148  
569 25.780000 -0.206644 -0.110494  
570 25.790000 -0.205542 -0.109844  
571 25.800000 -0.204447 -0.109197  
572 25.810000 -0.203358 -0.108555  
573 25.820000 -0.202276 -0.107916  
574 25.830000 -0.201200 -0.107281  
575 25.840000 -0.200130 -0.106650  
576 25.850000 -0.199067 -0.106022  
577 25.860000 -0.198010 -0.105398  
578 25.870000 -0.196959 -0.104778  
579 25.880000 -0.195914 -0.104161  
580 25.890000 -0.194876 -0.103548  
581 25.900000 -0.193843 -0.102939  
582 25.910000 -0.192817 -0.102333  
583 25.920000 -0.191797 -0.101731  
584 25.930000 -0.190782 -0.101133  
585 25.940000 -0.189774 -0.100538  
586 25.950000 -0.188772 -0.099947  
587 25.960000 -0.187775 -0.099359  
588 25.970000 -0.186784 -0.098775  
589 25.980000 -0.185800 -0.098194  
590 25.990000 -0.184821 -0.097617  
591 26.000000 -0.183847 -0.097044  
592 26.010000 -0.182880 -0.096474  
593 26.020000 -0.181918 -0.095907  
594 26.030000 -0.180961 -0.095344  
595 26.040000 -0.180011 -0.094784  
596 26.050000 -0.179066 -0.094228  
597 26.060000 -0.178126 -0.093675  
598 26.070000 -0.177192 -0.093125  
599 26.080000 -0.176264 -0.092579  
600 26.090000 -0.175341 -0.092036  
601 26.100000 -0.174423 -0.091497  
602 26.110000 -0.173511 -0.090961  
603 26.120000 -0.172604 -0.090428  
604 26.130000 -0.171702 -0.089899  
605 26.140000 -0.170806 -0.089372  
606 26.150000 -0.169915 -0.088849  
607 26.160000 -0.169029 -0.088330  
608 26.170000 -0.168148 -0.087813  
609 26.180000 -0.167273 -0.087300  
610 26.190000 -0.166402 -0.086790  
611 26.200000 -0.165537 -0.086283  
612 26.210000 -0.164676 -0.085779  
613 26.220000 -0.163821 -0.085279  
614 26.230000 -0.162971 -0.084781  
615 26.240000 -0.162125 -0.084287  
616 26.250000 -0.161285 -0.083796  
617 26.260000 -0.160450 -0.083307  
618 26.270000 -0.159619 -0.082822  
619 26.280000 -0.158793 -0.082340  
620 26.290000 -0.157972 -0.081861  
621 26.300000 -0.157156 -0.081385  
622 26.310000 -0.156344 -0.080912  
623 26.320000 -0.155538 -0.080442  
624 26.330000 -0.154736 -0.079975  
625 26.340000 -0.153938 -0.079511  
626 26.350000 -0.153145 -0.079050  
627 26.360000 -0.152357 -0.078591  
628 26.370000 -0.151573 -0.078136  
629 26.380000 -0.150794 -0.077683  
630 26.390000 -0.150020 -0.077234  
631 26.400000 -0.149250 -0.076787  
632 26.410000 -0.148484 -0.076343  
633 26.420000 -0.147723 -0.075901  
634 26.430000 -0.146966 -0.075463  
635 26.440000 -0.146214 -0.075027  
636 26.450000 -0.145465 -0.074594  
637 26.460000 -0.144722 -0.074164  
638 26.470000 -0.143982 -0.073737  
639 26.480000 -0.143247 -0.073312  
640 26.490000 -0.142516 -0.072890  
641 26.500000 -0.141789 -0.072471  
642 26.510000 -0.141067 -0.072054  
643 26.520000 -0.140348 -0.071640  
644 26.530000 -0.139634 -0.071229  
645 26.540000 -0.138923 -0.070820  
646 26.550000 -0.138217 -0.070414  
647 26.560000 -0.137515 -0.070010  
648 26.570000 -0.136817 -0.069609  
649 26.580000 -0.136123 -0.069210  
650 26.590000 -0.135433 -0.068814  
651 26.600000 -0.134747 -0.068421  
652 26.610000 -0.134064 -0.068030  
653 26.620000 -0.133386 -0.067641  
654 26.630000 -0.132712 -0.067255  
655 26.640000 -0.132041 -0.066872  
656 26.650000 -0.131374 -0.066491  
657 26.660000 -0.130711 -0.066112  
658 26.670000 -0.130052 -0.065736  
659 26.680000 -0.129396 -0.065362  
660 26.690000 -0.128745 -0.064990  
661 26.700000 -0.128097 -0.064621  
662 26.710000 -0.127452 -0.064254  
663 26.720000 -0.126812 -0.063890  
664 26.730000 -0.126174 -0.063528  
665 26.740000 -0.125541 -0.063168  
666 26.750000 -0.124911 -0.062810  
667 26.760000 -0.124285 -0.062455  
668 26.770000 -0.123662 -0.062102  
669 26.780000 -0.123043 -0.061751  
670 26.790000 -0.122427 -0.061402  
671 26.800000 -0.121815 -0.061056  
672 26.810000 -0.121206 -0.060712  
673 26.820000 -0.120600 -0.060370  
674 26.830000 -0.119998 -0.060030  
675 26.840000 -0.119400 -0.059692  
676 26.850000 -0.118805 -0.059357  
677 26.860000 -0.118213 -0.059023  
678 26.870000 -0.117624 -0.058692  
679 26.880000 -0.117039 -0.058363  
680 26.890000 -0.116457 -0.058036  
681 26.900000 -0.115878 -0.057711  
682 26.910000 -0.115303 -0.057388  
683 26.920000 -0.114730 -0.057067  
684 26.930000 -0.114161 -0.056748  
685 26.940000 -0.113595 -0.056431  
686 26.950000 -0.113033 -0.056116  
687 26.960000 -0.112473 -0.055803  
688 26.970000 -0.111917 -0.055493  
689 26.980000 -0.111363 -0.055184  
690 26.990000 -0.110813 -0.054877  
691 27.000000 -0.110266 -0.054572  
692 27.010000 -0.109721 -0.054269  
693 27.020000 -0.109180 -0.053967  
694 27.030000 -0.108642 -0.053668  
695 27.040000 -0.108107 -0.053371  
696 27.050000 -0.107575 -0.053075  
697 27.060000 -0.107045 -0.052782  
698 27.070000 -0.106519 -0.052490  
699 27.080000 -0.105996 -0.052200  
700 27.090000 -0.105475 -0.051912  
701 27.100000 -0.104957 -0.051625  
702 27.110000 -0.104443 -0.051341  
703 27.120000 -0.103931 -0.051058  
704 27.130000 -0.103421 -0.050777  
705 27.140000 -0.102915 -0.050498  
706 27.150000 -0.102411 -0.050221  
707 27.160000 -0.101911 -0.049945  
708 27.170000 -0.101412 -0.049671  
709 27.180000 -0.100917 -0.049399  
710 27.190000 -0.100425 -0.049128  
711 27.200000 -0.099935 -0.048859  
712 27.210000 -0.099447 -0.048592  
713 27.220000 -0.098963 -0.048327  
714 27.230000 -0.098481 -0.048063  
715 27.240000 -0.098001 -0.047801  
716 27.250000 -0.097525 -0.047540  
717 27.260000 -0.097051 -0.047282  
718 27.270000 -0.096579 -0.047024  
719 27.280000 -0.096110 -0.046769  
720 27.290000 -0.095644 -0.046515  
721 27.300000 -0.095180 -0.046262  
722 27.310000 -0.094718 -0.046011  
723 27.320000 -0.094260 -0.045762  
724 27.330000 -0.093803 -0.045514  
725 27.340000 -0.093349 -0.045268  
726 27.350000 -0.092898 -0.045023  
727 27.360000 -0.092449 -0.044780  
728 27.370000 -0.092002 -0.044538  
729 27.380000 -0.091558 -0.044298  
730 27.390000 -0.091116 -0.044060  
731 27.400000 -0.090677 -0.043822  
732 27.410000 -0.090240 -0.043587  
733 27.420000 -0.089805 -0.043352  
734 27.430000 -0.089373 -0.043120  
735 27.440000 -0.088943 -0.042888  
736 27.450000 -0.088515 -0.042658  
737 27.460000 -0.088090 -0.042430  
738 27.470000 -0.087666 -0.042203  
739 27.480000 -0.087246 -0.041977  
740 27.490000 -0.086827 -0.041753  
741 27.500000 -0.086410 -0.041530  
742 27.510000 -0.085996 -0.041308  
743 27.520000 -0.085584 -0.041088  
744 27.530000 -0.085175 -0.040869  
745 27.540000 -0.084767 -0.040652  
746 27.550000 -0.084361 -0.040436  
747 27.560000 -0.083958 -0.040221  
748 27.570000 -0.083557 -0.040008  
749 27.580000 -0.083158 -0.039795  
750 27.590000 -0.082761 -0.039585  
751 27.600000 -0.082366 -0.039375  
752 27.610000 -0.081974 -0.039167  
753 27.620000 -0.081583 -0.038960  
754 27.630000 -0.081194 -0.038754  
755 27.640000 -0.080808 -0.038550  
756 27.650000 -0.080423 -0.038346  
757 27.660000 -0.080041 -0.038144  
758 27.670000 -0.079661 -0.037944  
759 27.680000 -0.079282 -0.037744  
760 27.690000 -0.078906 -0.037546  
761 27.700000 -0.078531 -0.037349  
762 27.710000 -0.078159 -0.037153  
763 27.720000 -0.077788 -0.036958  
764 27.730000 -0.077420 -0.036765  
765 27.740000 -0.077053 -0.036572  
766 27.750000 -0.076688 -0.036381  
767 27.760000 -0.076325 -0.036191  
768 27.770000 -0.075964 -0.036002  
769 27.780000 -0.075605 -0.035815  
770 27.790000 -0.075248 -0.035628  
771 27.800000 -0.074893 -0.035443  
772 27.810000 -0.074539 -0.035258  
773 27.820000 -0.074187 -0.035075  
774 27.830000 -0.073838 -0.034893  
775 27.840000 -0.073490 -0.034712  
776 27.850000 -0.073143 -0.034532  
777 27.860000 -0.072799 -0.034354  
778 27.870000 -0.072456 -0.034176  
779 27.880000 -0.072115 -0.033999  
780 27.890000 -0.071776 -0.033824  
781 27.900000 -0.071439 -0.033649  
782 27.910000 -0.071103 -0.033476  
783 27.920000 -0.070769 -0.033303  
784 27.930000 -0.070437 -0.033132  
785 27.940000 -0.070107 -0.032961  
786 27.950000 -0.069778 -0.032792  
787 27.960000 -0.069451 -0.032624  
788 27.970000 -0.069125 -0.032456  
789 27.980000 -0.068802 -0.032290  
790 27.990000 -0.068480 -0.032125  
791 28.000000 -0.068159 -0.031960  
792 28.010000 -0.067840 -0.031797  
793 28.020000 -0.067523 -0.031635  
794 28.030000 -0.067208 -0.031473  
795 28.040000 -0.066894 -0.031313  
796 28.050000 -0.066582 -0.031153  
797 28.060000 -0.066271 -0.030995  
798 28.070000 -0.065962 -0.030837  
799 28.080000 -0.065654 -0.030681  
800 28.090000 -0.065348 -0.030525  
801 28.100000 -0.065044 -0.030370  
802 28.110000 -0.064741 -0.030216  
803 28.120000 -0.064439 -0.030063  
804 28.130000 -0.064139 -0.029911  
805 28.140000 -0.063841 -0.029760  
806 28.150000 -0.063544 -0.029610  
807 28.160000 -0.063249 -0.029460  
808 28.170000 -0.062955 -0.029312  
809 28.180000 -0.062663 -0.029164  
810 28.190000 -0.062372 -0.029017  
811 28.200000 -0.062082 -0.028871  
812 28.210000 -0.061794 -0.028726  
813 28.220000 -0.061508 -0.028582  
814 28.230000 -0.061223 -0.028439  
815 28.240000 -0.060939 -0.028296  
816 28.250000 -0.060657 -0.028155  
817 28.260000 -0.060376 -0.028014  
818 28.270000 -0.060096 -0.027874  
819 28.280000 -0.059818 -0.027735  
820 28.290000 -0.059542 -0.027596  
821 28.300000 -0.059266 -0.027459  
822 28.310000 -0.058992 -0.027322  
823 28.320000 -0.058720 -0.027186  
824 28.330000 -0.058449 -0.027051  
825 28.340000 -0.058179 -0.026917  
826 28.350000 -0.057910 -0.026783  
827 28.360000 -0.057643 -0.026650  
828 28.370000 -0.057377 -0.026518  
829 28.380000 -0.057113 -0.026387  
830 28.390000 -0.056850 -0.026256  
831 28.400000 -0.056588 -0.026127  
832 28.410000 -0.056327 -0.025998  
833 28.420000 -0.056068 -0.025869  
834 28.430000 -0.055810 -0.025742  
835 28.440000 -0.055553 -0.025615  
836 28.450000 -0.055297 -0.025489  
837 28.460000 -0.055043 -0.025364  
838 28.470000 -0.054790 -0.025239  
839 28.480000 -0.054538 -0.025115  
840 28.490000 -0.054288 -0.024992  
841 28.500000 -0.054039 -0.024870  
842 28.510000 -0.053790 -0.024748  
843 28.520000 -0.053544 -0.024627  
844 28.530000 -0.053298 -0.024507  
845 28.540000 -0.053053 -0.024387  
846 28.550000 -0.052810 -0.024268  
847 28.560000 -0.052568 -0.024150  
848 28.570000 -0.052327 -0.024032  
849 28.580000 -0.052087 -0.023915  
850 28.590000 -0.051849 -0.023799  
851 28.600000 -0.051611 -0.023683  
852 28.610000 -0.051375 -0.023568  
853 28.620000 -0.051140 -0.023454  
854 28.630000 -0.050906 -0.023341  
855 28.640000 -0.050673 -0.023228  
856 28.650000 -0.050442 -0.023115  
857 28.660000 -0.050211 -0.023004  
858 28.670000 -0.049981 -0.022892  
859 28.680000 -0.049753 -0.022782  
860 28.690000 -0.049526 -0.022672  
861 28.700000 -0.049300 -0.022563  
862 28.710000 -0.049075 -0.022455  
863 28.720000 -0.048851 -0.022347  
864 28.730000 -0.048628 -0.022239  
865 28.740000 -0.048406 -0.022133  
866 28.750000 -0.048185 -0.022026  
867 28.760000 -0.047965 -0.021921  
868 28.770000 -0.047747 -0.021816  
869 28.780000 -0.047529 -0.021712  
870 28.790000 -0.047312 -0.021608  
871 28.800000 -0.047097 -0.021505  
872 28.810000 -0.046882 -0.021402  
873 28.820000 -0.046669 -0.021300  
874 28.830000 -0.046456 -0.021199  
875 28.840000 -0.046245 -0.021098  
876 28.850000 -0.046034 -0.020998  
877 28.860000 -0.045825 -0.020898  
878 28.870000 -0.045616 -0.020799  
879 28.880000 -0.045409 -0.020700  
880 28.890000 -0.045202 -0.020602  
881 28.900000 -0.044997 -0.020504  
882 28.910000 -0.044792 -0.020407  
883 28.920000 -0.044589 -0.020311  
884 28.930000 -0.044386 -0.020215  
885 28.940000 -0.044184 -0.020120  
886 28.950000 -0.043984 -0.020025  
887 28.960000 -0.043784 -0.019931  
888 28.970000 -0.043585 -0.019837  
889 28.980000 -0.043387 -0.019743  
890 28.990000 -0.043190 -0.019651  
891 29.000000 -0.042994 -0.019558  
892 29.010000 -0.042799 -0.019467  
893 29.020000 -0.042605 -0.019376  
894 29.030000 -0.042411 -0.019285  
895 29.040000 -0.042219 -0.019195  
896 29.050000 -0.042028 -0.019105  
897 29.060000 -0.041837 -0.019016  
898 29.070000 -0.041647 -0.018927  
899 29.080000 -0.041458 -0.018839  
900 29.090000 -0.041270 -0.018751  
901 29.100000 -0.041083 -0.018664  
902 29.110000 -0.040897 -0.018577  
903 29.120000 -0.040712 -0.018491  
904 29.130000 -0.040527 -0.018405  
905 29.140000 -0.040344 -0.018319  
906 29.150000 -0.040161 -0.018235  
907 29.160000 -0.039979 -0.018150  
908 29.170000 -0.039798 -0.018066  
909 29.180000 -0.039618 -0.017983  
910 29.190000 -0.039438 -0.017900  
911 29.200000 -0.039260 -0.017817  
912 29.210000 -0.039082 -0.017735  
913 29.220000 -0.038905 -0.017653  
914 29.230000 -0.038729 -0.017572  
915 29.240000 -0.038554 -0.017491  
916 29.250000 -0.038379 -0.017411  
917 29.260000 -0.038205 -0.017331  
918 29.270000 -0.038032 -0.017251  
919 29.280000 -0.037860 -0.017172  
920 29.290000 -0.037689 -0.017093  
921 29.300000 -0.037518 -0.017015  
922 29.310000 -0.037349 -0.016937  
923 29.320000 -0.037180 -0.016860  
924 29.330000 -0.037012 -0.016783  
925 29.340000 -0.036844 -0.016706  
926 29.350000 -0.036677 -0.016630  
927 29.360000 -0.036511 -0.016555  
928 29.370000 -0.036346 -0.016479  
929 29.380000 -0.036182 -0.016404  
930 29.390000 -0.036018 -0.016330  
931 29.400000 -0.035855 -0.016256  
932 29.410000 -0.035693 -0.016182  
933 29.420000 -0.035532 -0.016109  
934 29.430000 -0.035371 -0.016036  
935 29.440000 -0.035211 -0.015963  
936 29.450000 -0.035052 -0.015891  
937 29.460000 -0.034893 -0.015819  
938 29.470000 -0.034735 -0.015748  
939 29.480000 -0.034578 -0.015677  
940 29.490000 -0.034422 -0.015606  
941 29.500000 -0.034266 -0.015536  
942 29.510000 -0.034111 -0.015466  
943 29.520000 -0.033957 -0.015397  
944 29.530000 -0.033803 -0.015328  
945 29.540000 -0.033650 -0.015259  
946 29.550000 -0.033498 -0.015190  
947 29.560000 -0.033346 -0.015122  
948 29.570000 -0.033195 -0.015055  
949 29.580000 -0.033045 -0.014987  
950 29.590000 -0.032896 -0.014920  
951 29.600000 -0.032747 -0.014854  
952 29.610000 -0.032599 -0.014788  
953 29.620000 -0.032451 -0.014722  
954 29.630000 -0.032304 -0.014656  
955 29.640000 -0.032158 -0.014591  
956 29.650000 -0.032012 -0.014526  
957 29.660000 -0.031867 -0.014462  
958 29.670000 -0.031723 -0.014397  
959 29.680000 -0.031579 -0.014334  
960 29.690000 -0.031436 -0.014270  
961 29.700000 -0.031294 -0.014207  
962 29.710000 -0.031152 -0.014144  
963 29.720000 -0.031011 -0.014081  
964 29.730000 -0.030871 -0.014019  
965 29.740000 -0.030731 -0.013957  
966 29.750000 -0.030592 -0.013896  
967 29.760000 -0.030453 -0.013835  
968 29.770000 -0.030315 -0.013774  
969 29.780000 -0.030177 -0.013713  
970 29.790000 -0.030041 -0.013653  
971 29.800000 -0.029904 -0.013593  
972 29.810000 -0.029769 -0.013533  
973 29.820000 -0.029634 -0.013474  
974 29.830000 -0.029499 -0.013415  
975 29.840000 -0.029365 -0.013356  
976 29.850000 -0.029232 -0.013298  
977 29.860000 -0.029099 -0.013240  
978 29.870000 -0.028967 -0.013182  
979 29.880000 -0.028836 -0.013124  
980 29.890000 -0.028705 -0.013067  
981 29.900000 -0.028574 -0.013010  
982 29.910000 -0.028445 -0.012954  
983 29.920000 -0.028315 -0.012897  
984 29.930000 -0.028187 -0.012841  
985 29.940000 -0.028059 -0.012785  
986 29.950000 -0.027931 -0.012730  
987 29.960000 -0.027804 -0.012675  
988 29.970000 -0.027677 -0.012620  
989 29.980000 -0.027552 -0.012565  
990 29.990000 -0.027426 -0.012511  
991 30.000000 -0.027301 -0.012457  
992 30.010000 -0.027177 -0.012403  
993 30.020000 -0.027053 -0.012350  
994 30.030000 -0.026930 -0.012296  
995 30.040000 -0.026807 -0.012243  
996 30.050000 -0.026685 -0.012191  
997 30.060000 -0.026564 -0.012138  
998 30.070000 -0.026442 -0.012086  
999 30.080000 -0.026322 -0.012034  
1000 30.090000 -0.026202 -0.011983  
1001 30.100000 -0.026082 -0.011931  
1002 30.110000 -0.025963 -0.011880  
1003 30.120000 -0.025845 -0.011829  
1004 30.130000 -0.025726 -0.011779  
1005 30.140000 -0.025609 -0.011728  
1006 30.150000 -0.025492 -0.011678  
1007 30.160000 -0.025375 -0.011628  
1008 30.170000 -0.025259 -0.011579  
1009 30.180000 -0.025144 -0.011530  
1010 30.190000 -0.025029 -0.011481  
1011 30.200000 -0.024914 -0.011432  
1012 30.210000 -0.024800 -0.011383  
1013 30.220000 -0.024687 -0.011335  
1014 30.230000 -0.024573 -0.011287  
1015 30.240000 -0.024461 -0.011239  
1016 30.250000 -0.024349 -0.011191  
1017 30.260000 -0.024237 -0.011144  
1018 30.270000 -0.024126 -0.011097  
1019 30.280000 -0.024015 -0.011050  
1020 30.290000 -0.023905 -0.011003  
1021 30.300000 -0.023795 -0.010957  
1022 30.310000 -0.023686 -0.010911  
1023 30.320000 -0.023577 -0.010865  
1024 30.330000 -0.023468 -0.010819  
1025 30.340000 -0.023360 -0.010773  
1026 30.350000 -0.023253 -0.010728  
1027 30.360000 -0.023146 -0.010683  
1028 30.370000 -0.023039 -0.010638  
1029 30.380000 -0.022933 -0.010594  
1030 30.390000 -0.022827 -0.010549  
1031 30.400000 -0.022722 -0.010505  
1032 30.410000 -0.022617 -0.010461  
1033 30.420000 -0.022513 -0.010417  
1034 30.430000 -0.022409 -0.010374  
1035 30.440000 -0.022305 -0.010331  
1036 30.450000 -0.022202 -0.010288  
1037 30.460000 -0.022100 -0.010245  
1038 30.470000 -0.021997 -0.010202  
1039 30.480000 -0.021896 -0.010160  
1040 30.490000 -0.021794 -0.010117  
1041 30.500000 -0.021693 -0.010075  
1042 30.510000 -0.021593 -0.010034  
1043 30.520000 -0.021493 -0.009992  
1044 30.530000 -0.021393 -0.009951  
1045 30.540000 -0.021294 -0.009909  
1046 30.550000 -0.021195 -0.009868  
1047 30.560000 -0.021096 -0.009828  
1048 30.570000 -0.020998 -0.009787  
1049 30.580000 -0.020900 -0.009747  
1050 30.590000 -0.020803 -0.009706  
1051 30.600000 -0.020706 -0.009666  
1052 30.610000 -0.020610 -0.009626  
1053 30.620000 -0.020514 -0.009587  
1054 30.630000 -0.020418 -0.009547  
1055 30.640000 -0.020323 -0.009508  
1056 30.650000 -0.020228 -0.009469  
1057 30.660000 -0.020133 -0.009430  
1058 30.670000 -0.020039 -0.009392  
1059 30.680000 -0.019946 -0.009353  
1060 30.690000 -0.019852 -0.009315  
1061 30.700000 -0.019759 -0.009277  
1062 30.710000 -0.019667 -0.009239  
1063 30.720000 -0.019575 -0.009201  
1064 30.730000 -0.019483 -0.009164  
1065 30.740000 -0.019391 -0.009126  
1066 30.750000 -0.019300 -0.009089  
1067 30.760000 -0.019209 -0.009052  
1068 30.770000 -0.019119 -0.009015  
1069 30.780000 -0.019029 -0.008979  
1070 30.790000 -0.018940 -0.008942  
1071 30.800000 -0.018850 -0.008906  
1072 30.810000 -0.018761 -0.008870  
1073 30.820000 -0.018673 -0.008834  
1074 30.830000 -0.018585 -0.008798  
1075 30.840000 -0.018497 -0.008762  
1076 30.850000 -0.018410 -0.008727  
1077 30.860000 -0.018322 -0.008692  
1078 30.870000 -0.018236 -0.008657  
1079 30.880000 -0.018149 -0.008622  
1080 30.890000 -0.018063 -0.008587  
1081 30.900000 -0.017978 -0.008552  
1082 30.910000 -0.017892 -0.008518  
1083 30.920000 -0.017807 -0.008484  
1084 30.930000 -0.017723 -0.008450  
1085 30.940000 -0.017638 -0.008416  
1086 30.950000 -0.017554 -0.008382  
1087 30.960000 -0.017471 -0.008348  
1088 30.970000 -0.017387 -0.008315  
1089 30.980000 -0.017304 -0.008282  
1090 30.990000 -0.017222 -0.008248  
1091 31.000000 -0.017139 -0.008215  
1092 31.010000 -0.017057 -0.008183  
1093 31.020000 -0.016976 -0.008150  
1094 31.030000 -0.016894 -0.008117  
1095 31.040000 -0.016813 -0.008085  
1096 31.050000 -0.016733 -0.008053  
1097 31.060000 -0.016652 -0.008021  
1098 31.070000 -0.016572 -0.007989  
1099 31.080000 -0.016492 -0.007957  
1100 31.090000 -0.016413 -0.007926  
1101 31.100000 -0.016334 -0.007894  
1102 31.110000 -0.016255 -0.007863  
1103 31.120000 -0.016177 -0.007832  
1104 31.130000 -0.016099 -0.007801  
1105 31.140000 -0.016021 -0.007770  
1106 31.150000 -0.015943 -0.007739  
1107 31.160000 -0.015866 -0.007708  
1108 31.170000 -0.015789 -0.007678  
1109 31.180000 -0.015712 -0.007648  
1110 31.190000 -0.015636 -0.007618  
1111 31.200000 -0.015560 -0.007588  
1112 31.210000 -0.015484 -0.007558  
1113 31.220000 -0.015409 -0.007528  
1114 31.230000 -0.015334 -0.007498  
1115 31.240000 -0.015259 -0.007469  
1116 31.250000 -0.015184 -0.007440  
1117 31.260000 -0.015110 -0.007411  
1118 31.270000 -0.015036 -0.007381  
1119 31.280000 -0.014962 -0.007353  
1120 31.290000 -0.014889 -0.007324  
1121 31.300000 -0.014816 -0.007295  
1122 31.310000 -0.014743 -0.007267  
1123 31.320000 -0.014671 -0.007238  
1124 31.330000 -0.014598 -0.007210  
1125 31.340000 -0.014526 -0.007182  
1126 31.350000 -0.014455 -0.007154  
1127 31.360000 -0.014383 -0.007126  
1128 31.370000 -0.014312 -0.007098  
1129 31.380000 -0.014241 -0.007071  
1130 31.390000 -0.014171 -0.007043  
1131 31.400000 -0.014101 -0.007016  
1132 31.410000 -0.014030 -0.006989  
1133 31.420000 -0.013961 -0.006962  
1134 31.430000 -0.013891 -0.006935  
1135 31.440000 -0.013822 -0.006908  
1136 31.450000 -0.013753 -0.006881  
1137 31.460000 -0.013684 -0.006855  
1138 31.470000 -0.013616 -0.006828  
1139 31.480000 -0.013548 -0.006802  
1140 31.490000 -0.013480 -0.006776  
1141 31.500000 -0.013412 -0.006749  
1142 31.510000 -0.013345 -0.006723  
1143 31.520000 -0.013278 -0.006698  
1144 31.530000 -0.013211 -0.006672  
1145 31.540000 -0.013144 -0.006646  
1146 31.550000 -0.013078 -0.006621  
1147 31.560000 -0.013012 -0.006595  
1148 31.570000 -0.012946 -0.006570  
1149 31.580000 -0.012881 -0.006545  
1150 31.590000 -0.012815 -0.006520  
1151 31.600000 -0.012750 -0.006495  
1152 31.610000 -0.012685 -0.006470  
1153 31.620000 -0.012621 -0.006445  
1154 31.630000 -0.012557 -0.006421  
1155 31.640000 -0.012492 -0.006396  
1156 31.650000 -0.012429 -0.006372  
1157 31.660000 -0.012365 -0.006348  
1158 31.670000 -0.012302 -0.006323  
1159 31.680000 -0.012239 -0.006299  
1160 31.690000 -0.012176 -0.006275  
1161 31.700000 -0.012113 -0.006252  
1162 31.710000 -0.012051 -0.006228  
1163 31.720000 -0.011988 -0.006204  
1164 31.730000 -0.011927 -0.006181  
1165 31.740000 -0.011865 -0.006157  
1166 31.750000 -0.011803 -0.006134  
1167 31.760000 -0.011742 -0.006111  
1168 31.770000 -0.011681 -0.006088  
1169 31.780000 -0.011620 -0.006065  
1170 31.790000 -0.011560 -0.006042  
1171 31.800000 -0.011500 -0.006019  
1172 31.810000 -0.011439 -0.005996  
1173 31.820000 -0.011380 -0.005974  
1174 31.830000 -0.011320 -0.005951  
1175 31.840000 -0.011261 -0.005929  
1176 31.850000 -0.011201 -0.005907  
1177 31.860000 -0.011142 -0.005884  
1178 31.870000 -0.011084 -0.005862  
1179 31.880000 -0.011025 -0.005840  
1180 31.890000 -0.010967 -0.005818  
1181 31.900000 -0.010909 -0.005797  
1182 31.910000 -0.010851 -0.005775  
1183 31.920000 -0.010793 -0.005753  
1184 31.930000 -0.010736 -0.005732  
1185 31.940000 -0.010679 -0.005710  
1186 31.950000 -0.010622 -0.005689  
1187 31.960000 -0.010565 -0.005668  
1188 31.970000 -0.010508 -0.005647  
1189 31.980000 -0.010452 -0.005626  
1190 31.990000 -0.010396 -0.005605  
1191 32.000000 -0.010340 -0.005584  
1192 32.010000 -0.010284 -0.005563  
1193 32.020000 -0.010229 -0.005543  
1194 32.030000 -0.010173 -0.005522  
1195 32.040000 -0.010118 -0.005502  
1196 32.050000 -0.010063 -0.005481  
1197 32.060000 -0.010009 -0.005461  
1198 32.070000 -0.009954 -0.005441  
1199 32.080000 -0.009900 -0.005421  
1200 32.090000 -0.009846 -0.005401  
1201 32.100000 -0.009792 -0.005381  
1202 32.110000 -0.009738 -0.005361  
1203 32.120000 -0.009685 -0.005341  
1204 32.130000 -0.009631 -0.005321  
1205 32.140000 -0.009578 -0.005302  
1206 32.150000 -0.009525 -0.005282  
1207 32.160000 -0.009472 -0.005263  
1208 32.170000 -0.009420 -0.005243  
1209 32.180000 -0.009368 -0.005224  
1210 32.190000 -0.009315 -0.005205  
1211 32.200000 -0.009264 -0.005186  
1212 32.210000 -0.009212 -0.005167  
1213 32.220000 -0.009160 -0.005148  
1214 32.230000 -0.009109 -0.005129  
1215 32.240000 -0.009058 -0.005110  
1216 32.250000 -0.009007 -0.005092  
1217 32.260000 -0.008956 -0.005073  
1218 32.270000 -0.008905 -0.005055  
1219 32.280000 -0.008855 -0.005036  
1220 32.290000 -0.008804 -0.005018  
1221 32.300000 -0.008754 -0.005000  
1222 32.310000 -0.008704 -0.004981  
1223 32.320000 -0.008655 -0.004963  
1224 32.330000 -0.008605 -0.004945  
1225 32.340000 -0.008556 -0.004927  
1226 32.350000 -0.008507 -0.004909  
1227 32.360000 -0.008458 -0.004892  
1228 32.370000 -0.008409 -0.004874  
1229 32.380000 -0.008360 -0.004856  
1230 32.390000 -0.008312 -0.004839  
1231 32.400000 -0.008263 -0.004821  
1232 32.410000 -0.008215 -0.004804  
1233 32.420000 -0.008167 -0.004786  
1234 32.430000 -0.008119 -0.004769  
1235 32.440000 -0.008072 -0.004752  
1236 32.450000 -0.008024 -0.004735  
1237 32.460000 -0.007977 -0.004718  
1238 32.470000 -0.007930 -0.004701  
1239 32.480000 -0.007883 -0.004684  
1240 32.490000 -0.007836 -0.004667  
1241 32.500000 -0.007790 -0.004650  
1242 32.510000 -0.007743 -0.004633  
1243 32.520000 -0.007697 -0.004617  
1244 32.530000 -0.007651 -0.004600  
1245 32.540000 -0.007605 -0.004584  
1246 32.550000 -0.007559 -0.004567  
1247 32.560000 -0.007514 -0.004551  
1248 32.570000 -0.007468 -0.004535  
1249 32.580000 -0.007423 -0.004518  
1250 32.590000 -0.007378 -0.004502  
1251 32.600000 -0.007333 -0.004486  
1252 32.610000 -0.007288 -0.004470  
1253 32.620000 -0.007244 -0.004454  
1254 32.630000 -0.007199 -0.004438  
1255 32.640000 -0.007155 -0.004423  
1256 32.650000 -0.007111 -0.004407  
1257 32.660000 -0.007067 -0.004391  
1258 32.670000 -0.007023 -0.004376  
1259 32.680000 -0.006979 -0.004360  
1260 32.690000 -0.006936 -0.004345  
1261 32.700000 -0.006892 -0.004329  
1262 32.710000 -0.006849 -0.004314  
1263 32.720000 -0.006806 -0.004299  
1264 32.730000 -0.006763 -0.004283  
1265 32.740000 -0.006720 -0.004268  
1266 32.750000 -0.006678 -0.004253  
1267 32.760000 -0.006635 -0.004238  
1268 32.770000 -0.006593 -0.004223  
1269 32.780000 -0.006551 -0.004208  
1270 32.790000 -0.006509 -0.004194  
1271 32.800000 -0.006467 -0.004179  
1272 32.810000 -0.006425 -0.004164  
1273 32.820000 -0.006384 -0.004149  
1274 32.830000 -0.006342 -0.004135  
1275 32.840000 -0.006301 -0.004120  
1276 32.850000 -0.006260 -0.004106  
1277 32.860000 -0.006219 -0.004091  
1278 32.870000 -0.006178 -0.004077  
1279 32.880000 -0.006137 -0.004063  
1280 32.890000 -0.006097 -0.004049  
1281 32.900000 -0.006056 -0.004034  
1282 32.910000 -0.006016 -0.004020  
1283 32.920000 -0.005976 -0.004006  
1284 32.930000 -0.005936 -0.003992  
1285 32.940000 -0.005896 -0.003978  
1286 32.950000 -0.005856 -0.003964  
1287 32.960000 -0.005817 -0.003951  
1288 32.970000 -0.005777 -0.003937  
1289 32.980000 -0.005738 -0.003923  
1290 32.990000 -0.005699 -0.003910  
1291 33.000000 -0.005660 -0.003896  
1292 33.010000 -0.005621 -0.003882  
1293 33.020000 -0.005582 -0.003869  
1294 33.030000 -0.005544 -0.003856  
1295 33.040000 -0.005505 -0.003842  
1296 33.050000 -0.005467 -0.003829  
1297 33.060000 -0.005429 -0.003816  
1298 33.070000 -0.005391 -0.003802  
1299 33.080000 -0.005353 -0.003789  
1300 33.090000 -0.005315 -0.003776  
1301 33.100000 -0.005277 -0.003763  
1302 33.110000 -0.005239 -0.003750  
1303 33.120000 -0.005202 -0.003737  
1304 33.130000 -0.005165 -0.003724  
1305 33.140000 -0.005128 -0.003711  
1306 33.150000 -0.005090 -0.003699  
1307 33.160000 -0.005054 -0.003686  
1308 33.170000 -0.005017 -0.003673  
1309 33.180000 -0.004980 -0.003661  
1310 33.190000 -0.004944 -0.003648  
1311 33.200000 -0.004907 -0.003636  
1312 33.210000 -0.004871 -0.003623  
1313 33.220000 -0.004835 -0.003611  
1314 33.230000 -0.004799 -0.003598  
1315 33.240000 -0.004763 -0.003586  
1316 33.250000 -0.004727 -0.003574  
1317 33.260000 -0.004691 -0.003562  
1318 33.270000 -0.004656 -0.003549  
1319 33.280000 -0.004620 -0.003537  
1320 33.290000 -0.004585 -0.003525  
1321 33.300000 -0.004550 -0.003513  
1322 33.310000 -0.004515 -0.003501  
1323 33.320000 -0.004480 -0.003489  
1324 33.330000 -0.004445 -0.003477  
1325 33.340000 -0.004410 -0.003466  
1326 33.350000 -0.004376 -0.003454  
1327 33.360000 -0.004341 -0.003442  
1328 33.370000 -0.004307 -0.003430  
1329 33.380000 -0.004272 -0.003419  
1330 33.390000 -0.004238 -0.003407  
1331 33.400000 -0.004204 -0.003396  
1332 33.410000 -0.004170 -0.003384  
1333 33.420000 -0.004137 -0.003373  
1334 33.430000 -0.004103 -0.003361  
1335 33.440000 -0.004069 -0.003350  
1336 33.450000 -0.004036 -0.003339  
1337 33.460000 -0.004003 -0.003327  
1338 33.470000 -0.003969 -0.003316  
1339 33.480000 -0.003936 -0.003305  
1340 33.490000 -0.003903 -0.003294  
1341 33.500000 -0.003870 -0.003283  
1342 33.510000 -0.003838 -0.003272  
1343 33.520000 -0.003805 -0.003261  
1344 33.530000 -0.003772 -0.003250  
1345 33.540000 -0.003740 -0.003239  
1346 33.550000 -0.003708 -0.003228  
1347 33.560000 -0.003675 -0.003217  
1348 33.570000 -0.003643 -0.003206  
1349 33.580000 -0.003611 -0.003196  
1350 33.590000 -0.003579 -0.003185  
1351 33.600000 -0.003548 -0.003174  
1352 33.610000 -0.003516 -0.003164  
1353 33.620000 -0.003484 -0.003153  
1354 33.630000 -0.003453 -0.003143  
1355 33.640000 -0.003422 -0.003132  
1356 33.650000 -0.003390 -0.003122  
1357 33.660000 -0.003359 -0.003111  
1358 33.670000 -0.003328 -0.003101  
1359 33.680000 -0.003297 -0.003091  
1360 33.690000 -0.003266 -0.003080  
1361 33.700000 -0.003235 -0.003070  
1362 33.710000 -0.003205 -0.003060  
1363 33.720000 -0.003174 -0.003050  
1364 33.730000 -0.003144 -0.003040  
1365 33.740000 -0.003113 -0.003029  
1366 33.750000 -0.003083 -0.003019  
1367 33.760000 -0.003053 -0.003009  
1368 33.770000 -0.003023 -0.002999  
1369 33.780000 -0.002993 -0.002989  
1370 33.790000 -0.002963 -0.002980  
1371 33.800000 -0.002934 -0.002970  
1372 33.810000 -0.002904 -0.002960  
1373 33.820000 -0.002874 -0.002950  
1374 33.830000 -0.002845 -0.002940  
1375 33.840000 -0.002816 -0.002931  
1376 33.850000 -0.002786 -0.002921  
1377 33.860000 -0.002757 -0.002912  
1378 33.870000 -0.002728 -0.002902  
1379 33.880000 -0.002699 -0.002892  
1380 33.890000 -0.002670 -0.002883  
1381 33.900000 -0.002641 -0.002873  
1382 33.910000 -0.002613 -0.002864  
1383 33.920000 -0.002584 -0.002855  
1384 33.930000 -0.002556 -0.002845  
1385 33.940000 -0.002527 -0.002836  
1386 33.950000 -0.002499 -0.002827  
1387 33.960000 -0.002471 -0.002817  
1388 33.970000 -0.002443 -0.002808  
1389 33.980000 -0.002415 -0.002799  
1390 33.990000 -0.002387 -0.002790  
1391 34.000000 -0.002359 -0.002781  
1392 34.010000 -0.002331 -0.002772  
1393 34.020000 -0.002303 -0.002763  
1394 34.030000 -0.002276 -0.002754  
1395 34.040000 -0.002248 -0.002745  
1396 34.050000 -0.002221 -0.002736  
1397 34.060000 -0.002193 -0.002727  
1398 34.070000 -0.002166 -0.002718  
1399 34.080000 -0.002139 -0.002709  
1400 34.090000 -0.002112 -0.002700  
1401 34.100000 -0.002085 -0.002692  
1402 34.110000 -0.002058 -0.002683  
1403 34.120000 -0.002031 -0.002674  
1404 34.130000 -0.002005 -0.002666  
1405 34.140000 -0.001978 -0.002657  
1406 34.150000 -0.001952 -0.002648  
1407 34.160000 -0.001925 -0.002640  
1408 34.170000 -0.001899 -0.002631  
1409 34.180000 -0.001873 -0.002623  
1410 34.190000 -0.001846 -0.002614  
1411 34.200000 -0.001820 -0.002606  
1412 34.210000 -0.001794 -0.002597  
1413 34.220000 -0.001768 -0.002589  
1414 34.230000 -0.001742 -0.002581  
1415 34.240000 -0.001717 -0.002572  
1416 34.250000 -0.001691 -0.002564  
1417 34.260000 -0.001665 -0.002556  
1418 34.270000 -0.001640 -0.002548  
1419 34.280000 -0.001614 -0.002540  
1420 34.290000 -0.001589 -0.002531  
1421 34.300000 -0.001564 -0.002523  
1422 34.310000 -0.001539 -0.002515  
1423 34.320000 -0.001514 -0.002507  
1424 34.330000 -0.001489 -0.002499  
1425 34.340000 -0.001464 -0.002491  
1426 34.350000 -0.001439 -0.002483  
1427 34.360000 -0.001414 -0.002475  
1428 34.370000 -0.001389 -0.002467  
1429 34.380000 -0.001365 -0.002459  
1430 34.390000 -0.001340 -0.002452  
1431 34.400000 -0.001316 -0.002444  
1432 34.410000 -0.001291 -0.002436  
1433 34.420000 -0.001267 -0.002428  
1434 34.430000 -0.001243 -0.002421  
1435 34.440000 -0.001218 -0.002413  
1436 34.450000 -0.001194 -0.002405  
1437 34.460000 -0.001170 -0.002398  
1438 34.470000 -0.001146 -0.002390  
1439 34.480000 -0.001122 -0.002382  
1440 34.490000 -0.001099 -0.002375  
1441 34.500000 -0.001075 -0.002367  
1442 34.510000 -0.001051 -0.002360  
1443 34.520000 -0.001028 -0.002352  
1444 34.530000 -0.001004 -0.002345  
1445 34.540000 -0.000981 -0.002337  
1446 34.550000 -0.000958 -0.002330  
1447 34.560000 -0.000934 -0.002323  
1448 34.570000 -0.000911 -0.002315  
1449 34.580000 -0.000888 -0.002308  
1450 34.590000 -0.000865 -0.002301  
1451 34.600000 -0.000842 -0.002294  
1452 34.610000 -0.000819 -0.002286  
1453 34.620000 -0.000796 -0.002279  
1454 34.630000 -0.000773 -0.002272  
1455 34.640000 -0.000751 -0.002265  
1456 34.650000 -0.000728 -0.002258  
1457 34.660000 -0.000706 -0.002251  
1458 34.670000 -0.000683 -0.002244  
1459 34.680000 -0.000661 -0.002237  
1460 34.690000 -0.000638 -0.002230  
1461 34.700000 -0.000616 -0.002223  
1462 34.710000 -0.000594 -0.002216  
1463 34.720000 -0.000572 -0.002209  
1464 34.730000 -0.000550 -0.002202  
1465 34.740000 -0.000528 -0.002195  
1466 34.750000 -0.000506 -0.002188  
1467 34.760000 -0.000484 -0.002181  
1468 34.770000 -0.000462 -0.002174  
1469 34.780000 -0.000441 -0.002168  
1470 34.790000 -0.000419 -0.002161  
1471 34.800000 -0.000397 -0.002154  
1472 34.810000 -0.000376 -0.002147  
1473 34.820000 -0.000354 -0.002141  
1474 34.830000 -0.000333 -0.002134  
1475 34.840000 -0.000312 -0.002128  
1476 34.850000 -0.000290 -0.002121  
1477 34.860000 -0.000269 -0.002114  
1478 34.870000 -0.000248 -0.002108  
1479 34.880000 -0.000227 -0.002101  
1480 34.890000 -0.000206 -0.002095  
1481 34.900000 -0.000185 -0.002088  
1482 34.910000 -0.000164 -0.002082  
1483 34.920000 -0.000144 -0.002075  
1484 34.930000 -0.000123 -0.002069  
1485 34.940000 -0.000102 -0.002063  
1486 34.950000 -0.000082 -0.002056  
1487 34.960000 -0.000061 -0.002050  
1488 34.970000 -0.000041 -0.002044  
1489 34.980000 -0.000020 -0.002037  
1490 34.990000 0.000000 -0.002031  
