1 20.100000 1505693267.809602 90433801882.796387  
2 20.110000 849403083.774165 46383336129.856491  
3 20.120000 503633485.169804 25212818803.070980  
4 20.130000 311367052.161845 14390149273.745300  
5 20.140000 199477394.981571 8561510323.110822  
6 20.150000 131777659.949894 5279403487.589844  
7 20.160000 89411848.944468 3358612686.472919  
8 20.170000 62107653.924164 2196000948.713854  
9 20.180000 44047902.246822 1471097912.892236  
10 20.190000 31824241.614027 1007040548.237453  
11 20.200000 23378507.102189 702884695.000510  
12 20.210000 17433942.312578 499263324.172535  
13 20.220000 13179147.824986 360309195.603978  
14 20.230000 10087086.118836 263819743.653148  
15 20.240000 7808575.012355 195744727.809932  
16 20.250000 6108051.795042 147012358.500549  
17 20.260000 4823953.446042 111656514.358834  
18 20.270000 3843773.799511 85686645.390441  
19 20.280000 3088062.498549 66391668.825863  
20 20.290000 2499980.766373 51902992.327351  
21 20.300000 2038374.169431 40915359.742551  
22 20.310000 1673109.328491 32505601.616852  
23 20.320000 1381891.040626 26013164.878778  
24 20.330000 1148061.703911 20960249.260109  
25 20.340000 959061.481410 16997714.169310  
26 20.350000 805338.610511 13867986.936361  
27 20.360000 679570.072284 11379333.642413  
28 20.370000 576098.658988 9387816.982365  
29 20.380000 490522.527086 7784514.499434  
30 20.390000 419393.274855 6486375.676769  
31 20.400000 359991.987156 5429622.009648  
32 20.410000 310161.794472 4564941.442018  
33 20.420000 268181.742800 3853960.555919  
34 20.430000 232671.103325 3266634.560700  
35 20.440000 202516.282570 2779301.981891  
36 20.450000 176814.634240 2373224.532222  
37 20.460000 154830.998223 2033483.781909  
38 20.470000 135963.886343 1748142.089406  
39 20.480000 119719.025968 1507600.587911  
40 20.490000 105688.549333 1304105.070389  
41 20.500000 93534.539732 1131363.569581  
42 20.510000 82975.958421 984248.794352  
43 20.520000 73778.208628 858565.400841  
44 20.530000 65744.766972 750867.072199  
45 20.540000 58710.443584 658312.064447  
46 20.550000 52535.931233 578548.608932  
47 20.560000 47103.379235 509623.601455  
48 20.570000 42312.785561 449909.538705  
49 20.580000 38079.044932 398045.817561  
50 20.590000 34329.524944 352891.388748  
51 20.600000 31002.068876 313486.424050  
52 20.610000 28043.344560 279021.167733  
53 20.620000 25407.474932 248810.536431  
54 20.630000 23054.898670 222273.335949  
55 20.640000 20951.419387 198915.199731  
56 20.650000 19067.409865 178314.537826  
57 20.660000 17377.144158 160110.929433  
58 20.670000 15858.235484 143995.505362  
59 20.680000 14491.161887 129702.956184  
60 20.690000 13258.864945 117004.872595  
61 20.700000 12146.409417 105704.180798  
62 20.710000 11140.693878 95630.480539  
63 20.720000 10230.204131 86636.129360  
64 20.730000 9404.802581 78592.945403  
65 20.740000 8655.547933 71389.424336  
66 20.750000 7974.540521 64928.384695  
67 20.760000 7354.789330 59124.971128  
68 20.770000 6790.097451 53904.957370  
69 20.780000 6274.963206 49203.300822  
70 20.790000 5804.494650 44962.908833  
71 20.800000 5374.335472 41133.583512  
72 20.810000 4980.600693 37671.117424  
73 20.820000 4619.820741 34536.517087  
74 20.830000 4288.892731 31695.334931  
75 20.840000 3985.037958 29117.093507  
76 20.850000 3705.764744 26774.788306  
77 20.860000 3448.835906 24644.457701  
78 20.870000 3212.240240 22704.810299  
79 20.880000 2994.167467 20936.901507  
80 20.890000 2792.986213 19323.852342  
81 20.900000 2607.224594 17850.604576  
82 20.910000 2435.553111 16503.707191  
83 20.920000 2276.769523 15271.129850  
84 20.930000 2129.785480 14142.099720  
85 20.940000 1993.614675 13106.958517  
86 20.950000 1867.362341 12157.037089  
87 20.960000 1750.215921 11284.545230  
88 20.970000 1641.436776 10482.474732  
89 20.980000 1540.352797 9744.513991  
90 20.990000 1446.351826 9064.972668  
91 21.000000 1358.875785 8438.715150  
92 21.010000 1277.415426 7861.101709  
93 21.020000 1201.505635 7327.936388  
94 21.030000 1130.721238 6835.420814  
95 21.040000 1064.673228 6380.113195  
96 21.050000 1003.005385 5958.891880  
97 21.060000 945.391244 5568.922949  
98 21.070000 891.531361 5207.631343  
99 21.080000 841.150856 4872.675118  
100 21.090000 793.997201 4561.922475  
101 21.100000 749.838221 4273.431229  
102 21.110000 708.460292 4005.430442  
103 21.120000 669.666713 3756.303985  
104 21.130000 633.276232 3524.575801  
105 21.140000 599.121713 3308.896685  
106 21.150000 567.048927 3108.032413  
107 21.160000 536.915459 2920.853066  
108 21.170000 508.589710 2746.323434  
109 21.180000 481.949997 2583.494370  
110 21.190000 456.883731 2431.494993  
111 21.200000 433.286671 2289.525662  
112 21.210000 411.062240 2156.851627  
113 21.220000 390.120912 2032.797291  
114 21.230000 370.379640 1916.741026  
115 21.240000 351.761344 1808.110473  
116 21.250000 334.194440 1706.378290  
117 21.260000 317.612409 1611.058293  
118 21.270000 301.953399 1521.701958  
119 21.280000 287.159874 1437.895242  
120 21.290000 273.178274 1359.255694  
121 21.300000 259.958718 1285.429832  
122 21.310000 247.454724 1216.090747  
123 21.320000 235.622958 1150.935931  
124 21.330000 224.422994 1089.685290  
125 21.340000 213.817105 1032.079335  
126 21.350000 203.770062 977.877532  
127 21.360000 194.248953 926.856789  
128 21.370000 185.223014 878.810084  
129 21.380000 176.663480 833.545198  
130 21.390000 168.543434 790.883564  
131 21.400000 160.837685 750.659210  
132 21.410000 153.522641 712.717792  
133 21.420000 146.576200 676.915706  
134 21.430000 139.977643 643.119271  
135 21.440000 133.707545 611.203986  
136 21.450000 127.747680 581.053839  
137 21.460000 122.080945 552.560681  
138 21.470000 116.691280 525.623638  
139 21.480000 111.563600 500.148587  
140 21.490000 106.683729 476.047655  
141 21.500000 102.038341 453.238773  
142 21.510000 97.614903 431.645255  
143 21.520000 93.401624 411.195414  
144 21.530000 89.387406 391.822206  
145 21.540000 85.561800 373.462906  
146 21.550000 81.914964 356.058800  
147 21.560000 78.437624 339.554907  
148 21.570000 75.121038 323.899723  
149 21.580000 71.956962 309.044979  
150 21.590000 68.937621 294.945419  
151 21.600000 66.055678 281.558597  
152 21.610000 63.304206 268.844686  
153 21.620000 60.676666 256.766301  
154 21.630000 58.166879 245.288338  
155 21.640000 55.769008 234.377822  
156 21.650000 53.477535 224.003762  
157 21.660000 51.287242 214.137028  
158 21.670000 49.193195 204.750224  
159 21.680000 47.190724 195.817579  
160 21.690000 45.275410 187.314837  
161 21.700000 43.443070 179.219167  
162 21.710000 41.689742 171.509065  
163 21.720000 40.011671 164.164275  
164 21.730000 38.405302 157.165707  
165 21.740000 36.867263 150.495367  
166 21.750000 35.394358 144.136283  
167 21.760000 33.983553 138.072449  
168 21.770000 32.631975 132.288759  
169 21.780000 31.336892 126.770956  
170 21.790000 30.095714 121.505576  
171 21.800000 28.905982 116.479905  
172 21.810000 27.765357 111.681929  
173 21.820000 26.671622 107.100295  
174 21.830000 25.622666 102.724269  
175 21.840000 24.616485 98.543702  
176 21.850000 23.651173 94.548992  
177 21.860000 22.724916 90.731055  
178 21.870000 21.835991 87.081293  
179 21.880000 20.982757 83.591567  
180 21.890000 20.163652 80.254167  
181 21.900000 19.377190 77.061791  
182 21.910000 18.621956 74.007520  
183 21.920000 17.896601 71.084798  
184 21.930000 17.199842 68.287406  
185 21.940000 16.530455 65.609451  
186 21.950000 15.887274 63.045339  
187 21.960000 15.269186 60.589766  
188 21.970000 14.675133 58.237696  
189 21.980000 14.104104 55.984350  
190 21.990000 13.555132 53.825190  
191 22.000000 13.027300 51.755906  
192 22.010000 12.519728 49.772403  
193 22.020000 12.031579 47.870791  
194 22.030000 11.562052 46.047371  
195 22.040000 11.110383 44.298630  
196 22.050000 10.675842 42.621224  
197 22.060000 10.257731 41.011974  
198 22.070000 9.855385 39.467856  
199 22.080000 9.468167 37.985991  
200 22.090000 9.095467 36.563642  
201 22.100000 8.736704 35.198200  
202 22.110000 8.391321 33.887183  
203 22.120000 8.058787 32.628227  
204 22.130000 7.738591 31.419078  
205 22.140000 7.430246 30.257592  
206 22.150000 7.133287 29.141721  
207 22.160000 6.847266 28.069518  
208 22.170000 6.571757 27.039124  
209 22.180000 6.306351 26.048765  
210 22.190000 6.050654 25.096752  
211 22.200000 5.804293 24.181471  
212 22.210000 5.566907 23.301385  
213 22.220000 5.338153 22.455023  
214 22.230000 5.117699 21.640985  
215 22.240000 4.905230 20.857933  
216 22.250000 4.700442 20.104587  
217 22.260000 4.503043 19.379727  
218 22.270000 4.312756 18.682188  
219 22.280000 4.129312 18.010854  
220 22.290000 3.952455 17.364662  
221 22.300000 3.781939 16.742593  
222 22.310000 3.617526 16.143674  
223 22.320000 3.458991 15.566977  
224 22.330000 3.306115 15.011609  
225 22.340000 3.158691 14.476722  
226 22.350000 3.016515 13.961500  
227 22.360000 2.879398 13.465165  
228 22.370000 2.747152 12.986971  
229 22.380000 2.619600 12.526205  
230 22.390000 2.496572 12.082184  
231 22.400000 2.377903 11.654254  
232 22.410000 2.263435 11.241788  
233 22.420000 2.153017 10.844187  
234 22.430000 2.046504 10.460876  
235 22.440000 1.943754 10.091304  
236 22.450000 1.844634 9.734944  
237 22.460000 1.749013 9.391290  
238 22.470000 1.656767 9.059858  
239 22.480000 1.567777 8.740183  
240 22.490000 1.481926 8.431819  
241 22.500000 1.399104 8.134339  
242 22.510000 1.319204 7.847334  
243 22.520000 1.242124 7.570409  
244 22.530000 1.167764 7.303188  
245 22.540000 1.096029 7.045310  
246 22.550000 1.026827 6.796426  
247 22.560000 0.960071 6.556203  
248 22.570000 0.895676 6.324321  
249 22.580000 0.833558 6.100473  
250 22.590000 0.773640 5.884364  
251 22.600000 0.715846 5.675710  
252 22.610000 0.660102 5.474240  
253 22.620000 0.606338 5.279691  
254 22.630000 0.554486 5.091812  
255 22.640000 0.504480 4.910363  
256 22.650000 0.456258 4.735110  
257 22.660000 0.409758 4.565832  
258 22.670000 0.364922 4.402313  
259 22.680000 0.321694 4.244348  
260 22.690000 0.280018 4.091738  
261 22.700000 0.239842 3.944293  
262 22.710000 0.201115 3.801830  
263 22.720000 0.163789 3.664172  
264 22.730000 0.127816 3.531149  
265 22.740000 0.093151 3.402599  
266 22.750000 0.059750 3.278365  
267 22.760000 0.027570 3.158295  
268 22.770000 -0.003430 3.042244  
269 22.780000 -0.033288 2.930072  
270 22.790000 -0.062043 2.821644  
271 22.800000 -0.089733 2.716830  
272 22.810000 -0.116392 2.615506  
273 22.820000 -0.142054 2.517551  
274 22.830000 -0.166754 2.422849  
275 22.840000 -0.190522 2.331289  
276 22.850000 -0.213389 2.242763  
277 22.860000 -0.235387 2.157167  
278 22.870000 -0.256542 2.074402  
279 22.880000 -0.276884 1.994371  
280 22.890000 -0.296438 1.916982  
281 22.900000 -0.315232 1.842146  
282 22.910000 -0.333290 1.769775  
283 22.920000 -0.350635 1.699788  
284 22.930000 -0.367293 1.632103  
285 22.940000 -0.383285 1.566644  
286 22.950000 -0.398633 1.503337  
287 22.960000 -0.413359 1.442109  
288 22.970000 -0.427482 1.382891  
289 22.980000 -0.441023 1.325616  
290 22.990000 -0.454000 1.270221  
291 23.000000 -0.466433 1.216642  
292 23.010000 -0.478339 1.164819  
293 23.020000 -0.489735 1.114695  
294 23.030000 -0.500639 1.066214  
295 23.040000 -0.511065 1.019322  
296 23.050000 -0.521030 0.973967  
297 23.060000 -0.530549 0.930098  
298 23.070000 -0.539637 0.887667  
299 23.080000 -0.548307 0.846626  
300 23.090000 -0.556574 0.806932  
301 23.100000 -0.564450 0.768540  
302 23.110000 -0.571949 0.731407  
303 23.120000 -0.579082 0.695493  
304 23.130000 -0.585863 0.660759  
305 23.140000 -0.592301 0.627167  
306 23.150000 -0.598410 0.594679  
307 23.160000 -0.604199 0.563261  
308 23.170000 -0.609678 0.532877  
309 23.180000 -0.614859 0.503495  
310 23.190000 -0.619751 0.475083  
311 23.200000 -0.624364 0.447610  
312 23.210000 -0.628707 0.421045  
313 23.220000 -0.632788 0.395360  
314 23.230000 -0.636617 0.370527  
315 23.240000 -0.640201 0.346518  
316 23.250000 -0.643550 0.323308  
317 23.260000 -0.646670 0.300872  
318 23.270000 -0.649570 0.279184  
319 23.280000 -0.652256 0.258221  
320 23.290000 -0.654736 0.237960  
321 23.300000 -0.657018 0.218380  
322 23.310000 -0.659106 0.199458  
323 23.320000 -0.661009 0.181174  
324 23.330000 -0.662732 0.163507  
325 23.340000 -0.664281 0.146440  
326 23.350000 -0.665663 0.129952  
327 23.360000 -0.666882 0.114025  
328 23.370000 -0.667945 0.098643  
329 23.380000 -0.668857 0.083787  
330 23.390000 -0.669622 0.069442  
331 23.400000 -0.670247 0.055591  
332 23.410000 -0.670736 0.042220  
333 23.420000 -0.671093 0.029313  
334 23.430000 -0.671323 0.016855  
335 23.440000 -0.671432 0.004834  
336 23.450000 -0.671422 -0.006766  
337 23.460000 -0.671298 -0.017956  
338 23.470000 -0.671064 -0.028750  
339 23.480000 -0.670724 -0.039160  
340 23.490000 -0.670282 -0.049198  
341 23.500000 -0.669741 -0.058875  
342 23.510000 -0.669105 -0.068203  
343 23.520000 -0.668378 -0.077192  
344 23.530000 -0.667563 -0.085853  
345 23.540000 -0.666662 -0.094196  
346 23.550000 -0.665680 -0.102231  
347 23.560000 -0.664619 -0.109967  
348 23.570000 -0.663481 -0.117414  
349 23.580000 -0.662271 -0.124580  
350 23.590000 -0.660991 -0.131475  
351 23.600000 -0.659643 -0.138107  
352 23.610000 -0.658229 -0.144483  
353 23.620000 -0.656754 -0.150612  
354 23.630000 -0.655218 -0.156501  
355 23.640000 -0.653625 -0.162158  
356 23.650000 -0.651976 -0.167590  
357 23.660000 -0.650273 -0.172804  
358 23.670000 -0.648520 -0.177806  
359 23.680000 -0.646718 -0.182604  
360 23.690000 -0.644869 -0.187203  
361 23.700000 -0.642975 -0.191610  
362 23.710000 -0.641037 -0.195831  
363 23.720000 -0.639059 -0.199871  
364 23.730000 -0.637040 -0.203737  
365 23.740000 -0.634984 -0.207432  
366 23.750000 -0.632892 -0.210964  
367 23.760000 -0.630766 -0.214336  
368 23.770000 -0.628606 -0.217554  
369 23.780000 -0.626415 -0.220623  
370 23.790000 -0.624194 -0.223547  
371 23.800000 -0.621945 -0.226331  
372 23.810000 -0.619668 -0.228979  
373 23.820000 -0.617365 -0.231496  
374 23.830000 -0.615038 -0.233885  
375 23.840000 -0.612688 -0.236151  
376 23.850000 -0.610316 -0.238297  
377 23.860000 -0.607923 -0.240327  
378 23.870000 -0.605510 -0.242245  
379 23.880000 -0.603078 -0.244055  
380 23.890000 -0.600629 -0.245760  
381 23.900000 -0.598163 -0.247362  
382 23.910000 -0.595682 -0.248867  
383 23.920000 -0.593186 -0.250275  
384 23.930000 -0.590677 -0.251592  
385 23.940000 -0.588155 -0.252818  
386 23.950000 -0.585621 -0.253959  
387 23.960000 -0.583076 -0.255015  
388 23.970000 -0.580521 -0.255991  
389 23.980000 -0.577956 -0.256887  
390 23.990000 -0.575383 -0.257708  
391 24.000000 -0.572802 -0.258456  
392 24.010000 -0.570214 -0.259132  
393 24.020000 -0.567620 -0.259740  
394 24.030000 -0.565020 -0.260281  
395 24.040000 -0.562414 -0.260758  
396 24.050000 -0.559805 -0.261172  
397 24.060000 -0.557191 -0.261527  
398 24.070000 -0.554574 -0.261823  
399 24.080000 -0.551955 -0.262063  
400 24.090000 -0.549333 -0.262248  
401 24.100000 -0.546710 -0.262382  
402 24.110000 -0.544086 -0.262464  
403 24.120000 -0.541461 -0.262497  
404 24.130000 -0.538836 -0.262484  
405 24.140000 -0.536212 -0.262424  
406 24.150000 -0.533588 -0.262320  
407 24.160000 -0.530965 -0.262174  
408 24.170000 -0.528344 -0.261986  
409 24.180000 -0.525726 -0.261759  
410 24.190000 -0.523109 -0.261493  
411 24.200000 -0.520496 -0.261190  
412 24.210000 -0.517886 -0.260852  
413 24.220000 -0.515279 -0.260479  
414 24.230000 -0.512676 -0.260073  
415 24.240000 -0.510078 -0.259635  
416 24.250000 -0.507484 -0.259167  
417 24.260000 -0.504894 -0.258669  
418 24.270000 -0.502310 -0.258142  
419 24.280000 -0.499732 -0.257587  
420 24.290000 -0.497159 -0.257007  
421 24.300000 -0.494592 -0.256400  
422 24.310000 -0.492031 -0.255770  
423 24.320000 -0.489476 -0.255115  
424 24.330000 -0.486929 -0.254439  
425 24.340000 -0.484388 -0.253740  
426 24.350000 -0.481854 -0.253020  
427 24.360000 -0.479327 -0.252281  
428 24.370000 -0.476808 -0.251522  
429 24.380000 -0.474297 -0.250745  
430 24.390000 -0.471793 -0.249950  
431 24.400000 -0.469298 -0.249138  
432 24.410000 -0.466811 -0.248310  
433 24.420000 -0.464332 -0.247466  
434 24.430000 -0.461861 -0.246608  
435 24.440000 -0.459400 -0.245735  
436 24.450000 -0.456947 -0.244849  
437 24.460000 -0.454503 -0.243950  
438 24.470000 -0.452068 -0.243039  
439 24.480000 -0.449642 -0.242115  
440 24.490000 -0.447226 -0.241181  
441 24.500000 -0.444818 -0.240236  
442 24.510000 -0.442421 -0.239281  
443 24.520000 -0.440033 -0.238316  
444 24.530000 -0.437655 -0.237342  
445 24.540000 -0.435286 -0.236360  
446 24.550000 -0.432927 -0.235369  
447 24.560000 -0.430579 -0.234371  
448 24.570000 -0.428240 -0.233365  
449 24.580000 -0.425911 -0.232353  
450 24.590000 -0.423593 -0.231334  
451 24.600000 -0.421285 -0.230309  
452 24.610000 -0.418987 -0.229279  
453 24.620000 -0.416699 -0.228243  
454 24.630000 -0.414422 -0.227202  
455 24.640000 -0.412155 -0.226157  
456 24.650000 -0.409899 -0.225108  
457 24.660000 -0.407653 -0.224055  
458 24.670000 -0.405418 -0.222998  
459 24.680000 -0.403193 -0.221938  
460 24.690000 -0.400979 -0.220875  
461 24.700000 -0.398776 -0.219810  
462 24.710000 -0.396583 -0.218742  
463 24.720000 -0.394401 -0.217672  
464 24.730000 -0.392229 -0.216600  
465 24.740000 -0.390069 -0.215527  
466 24.750000 -0.387919 -0.214452  
467 24.760000 -0.385780 -0.213376  
468 24.770000 -0.383651 -0.212300  
469 24.780000 -0.381534 -0.211222  
470 24.790000 -0.379427 -0.210145  
471 24.800000 -0.377331 -0.209067  
472 24.810000 -0.375246 -0.207989  
473 24.820000 -0.373171 -0.206912  
474 24.830000 -0.371107 -0.205834  
475 24.840000 -0.369054 -0.204758  
476 24.850000 -0.367012 -0.203682  
477 24.860000 -0.364981 -0.202607  
478 24.870000 -0.362960 -0.201533  
479 24.880000 -0.360950 -0.200461  
480 24.890000 -0.358951 -0.199389  
481 24.900000 -0.356962 -0.198320  
482 24.910000 -0.354984 -0.197252  
483 24.920000 -0.353017 -0.196186  
484 24.930000 -0.351061 -0.195121  
485 24.940000 -0.349115 -0.194059  
486 24.950000 -0.347179 -0.192999  
487 24.960000 -0.345255 -0.191942  
488 24.970000 -0.343341 -0.190887  
489 24.980000 -0.341437 -0.189834  
490 24.990000 -0.339544 -0.188784  
491 25.000000 -0.337661 -0.187737  
492 25.010000 -0.335789 -0.186693  
493 25.020000 -0.333927 -0.185652  
494 25.030000 -0.332076 -0.184614  
495 25.040000 -0.330235 -0.183578  
496 25.050000 -0.328405 -0.182547  
497 25.060000 -0.326584 -0.181518  
498 25.070000 -0.324774 -0.180493  
499 25.080000 -0.322974 -0.179471  
500 25.090000 -0.321185 -0.178453  
501 25.100000 -0.319405 -0.177438  
502 25.110000 -0.317636 -0.176427  
503 25.120000 -0.315877 -0.175420  
504 25.130000 -0.314128 -0.174417  
505 25.140000 -0.312388 -0.173417  
506 25.150000 -0.310659 -0.172421  
507 25.160000 -0.308940 -0.171429  
508 25.170000 -0.307231 -0.170441  
509 25.180000 -0.305531 -0.169458  
510 25.190000 -0.303841 -0.168478  
511 25.200000 -0.302162 -0.167502  
512 25.210000 -0.300491 -0.166531  
513 25.220000 -0.298831 -0.165564  
514 25.230000 -0.297180 -0.164601  
515 25.240000 -0.295539 -0.163642  
516 25.250000 -0.293907 -0.162687  
517 25.260000 -0.292285 -0.161737  
518 25.270000 -0.290672 -0.160792  
519 25.280000 -0.289069 -0.159850  
520 25.290000 -0.287475 -0.158913  
521 25.300000 -0.285891 -0.157981  
522 25.310000 -0.284316 -0.157053  
523 25.320000 -0.282750 -0.156129  
524 25.330000 -0.281193 -0.155210  
525 25.340000 -0.279646 -0.154295  
526 25.350000 -0.278107 -0.153385  
527 25.360000 -0.276578 -0.152480  
528 25.370000 -0.275058 -0.151579  
529 25.380000 -0.273546 -0.150682  
530 25.390000 -0.272044 -0.149791  
531 25.400000 -0.270551 -0.148903  
532 25.410000 -0.269066 -0.148021  
533 25.420000 -0.267590 -0.147143  
534 25.430000 -0.266123 -0.146269  
535 25.440000 -0.264665 -0.145400  
536 25.450000 -0.263215 -0.144536  
537 25.460000 -0.261774 -0.143677  
538 25.470000 -0.260342 -0.142822  
539 25.480000 -0.258918 -0.141971  
540 25.490000 -0.257502 -0.141126  
541 25.500000 -0.256095 -0.140285  
542 25.510000 -0.254696 -0.139448  
543 25.520000 -0.253306 -0.138616  
544 25.530000 -0.251924 -0.137789  
545 25.540000 -0.250550 -0.136966  
546 25.550000 -0.249185 -0.136148  
547 25.560000 -0.247827 -0.135335  
548 25.570000 -0.246478 -0.134526  
549 25.580000 -0.245137 -0.133722  
550 25.590000 -0.243804 -0.132922  
551 25.600000 -0.242478 -0.132127  
552 25.610000 -0.241161 -0.131337  
553 25.620000 -0.239852 -0.130551  
554 25.630000 -0.238550 -0.129769  
555 25.640000 -0.237256 -0.128992  
556 25.650000 -0.235970 -0.128220  
557 25.660000 -0.234692 -0.127452  
558 25.670000 -0.233421 -0.126689  
559 25.680000 -0.232158 -0.125930  
560 25.690000 -0.230902 -0.125176  
561 25.700000 -0.229654 -0.124426  
562 25.710000 -0.228414 -0.123680  
563 25.720000 -0.227181 -0.122939  
564 25.730000 -0.225955 -0.122203  
565 25.740000 -0.224737 -0.121470  
566 25.750000 -0.223526 -0.120743  
567 25.760000 -0.222322 -0.120019  
568 25.770000 -0.221125 -0.119300  
569 25.780000 -0.219936 -0.118586  
570 25.790000 -0.218754 -0.117875  
571 25.800000 -0.217578 -0.117169  
572 25.810000 -0.216410 -0.116467  
573 25.820000 -0.215249 -0.115770  
574 25.830000 -0.214095 -0.115077  
575 25.840000 -0.212947 -0.114388  
576 25.850000 -0.211807 -0.113703  
577 25.860000 -0.210673 -0.113022  
578 25.870000 -0.209547 -0.112346  
579 25.880000 -0.208426 -0.111674  
580 25.890000 -0.207313 -0.111006  
581 25.900000 -0.206206 -0.110342  
582 25.910000 -0.205106 -0.109682  
583 25.920000 -0.204013 -0.109027  
584 25.930000 -0.202926 -0.108375  
585 25.940000 -0.201845 -0.107728  
586 25.950000 -0.200771 -0.107084  
587 25.960000 -0.199703 -0.106445  
588 25.970000 -0.198642 -0.105809  
589 25.980000 -0.197587 -0.105178  
590 25.990000 -0.196539 -0.104551  
591 26.000000 -0.195496 -0.103927  
592 26.010000 -0.194460 -0.103307  
593 26.020000 -0.193430 -0.102692  
594 26.030000 -0.192406 -0.102080  
595 26.040000 -0.191388 -0.101472  
596 26.050000 -0.190377 -0.100868  
597 26.060000 -0.189371 -0.100268  
598 26.070000 -0.188371 -0.099671  
599 26.080000 -0.187378 -0.099079  
600 26.090000 -0.186390 -0.098490  
601 26.100000 -0.185408 -0.097904  
602 26.110000 -0.184432 -0.097323  
603 26.120000 -0.183461 -0.096745  
604 26.130000 -0.182497 -0.096171  
605 26.140000 -0.181538 -0.095601  
606 26.150000 -0.180585 -0.095034  
607 26.160000 -0.179637 -0.094471  
608 26.170000 -0.178695 -0.093911  
609 26.180000 -0.177759 -0.093356  
610 26.190000 -0.176828 -0.092803  
611 26.200000 -0.175903 -0.092254  
612 26.210000 -0.174983 -0.091709  
613 26.220000 -0.174069 -0.091167  
614 26.230000 -0.173160 -0.090629  
615 26.240000 -0.172256 -0.090094  
616 26.250000 -0.171358 -0.089562  
617 26.260000 -0.170465 -0.089034  
618 26.270000 -0.169577 -0.088510  
619 26.280000 -0.168695 -0.087988  
620 26.290000 -0.167817 -0.087471  
621 26.300000 -0.166945 -0.086956  
622 26.310000 -0.166078 -0.086445  
623 26.320000 -0.165216 -0.085937  
624 26.330000 -0.164359 -0.085432  
625 26.340000 -0.163508 -0.084931  
626 26.350000 -0.162661 -0.084432  
627 26.360000 -0.161819 -0.083937  
628 26.370000 -0.160982 -0.083446  
629 26.380000 -0.160150 -0.082957  
630 26.390000 -0.159323 -0.082472  
631 26.400000 -0.158501 -0.081989  
632 26.410000 -0.157683 -0.081510  
633 26.420000 -0.156870 -0.081034  
634 26.430000 -0.156062 -0.080561  
635 26.440000 -0.155259 -0.080091  
636 26.450000 -0.154461 -0.079624  
637 26.460000 -0.153667 -0.079160  
638 26.470000 -0.152877 -0.078699  
639 26.480000 -0.152093 -0.078241  
640 26.490000 -0.151313 -0.077786  
641 26.500000 -0.150537 -0.077334  
642 26.510000 -0.149766 -0.076885  
643 26.520000 -0.148999 -0.076439  
644 26.530000 -0.148237 -0.075996  
645 26.540000 -0.147479 -0.075555  
646 26.550000 -0.146726 -0.075118  
647 26.560000 -0.145977 -0.074683  
648 26.570000 -0.145232 -0.074251  
649 26.580000 -0.144492 -0.073822  
650 26.590000 -0.143756 -0.073396  
651 26.600000 -0.143024 -0.072972  
652 26.610000 -0.142296 -0.072551  
653 26.620000 -0.141573 -0.072133  
654 26.630000 -0.140854 -0.071718  
655 26.640000 -0.140139 -0.071305  
656 26.650000 -0.139428 -0.070895  
657 26.660000 -0.138721 -0.070487  
658 26.670000 -0.138018 -0.070083  
659 26.680000 -0.137319 -0.069681  
660 26.690000 -0.136624 -0.069281  
661 26.700000 -0.135933 -0.068884  
662 26.710000 -0.135247 -0.068490  
663 26.720000 -0.134564 -0.068098  
664 26.730000 -0.133885 -0.067708  
665 26.740000 -0.133209 -0.067322  
666 26.750000 -0.132538 -0.066937  
667 26.760000 -0.131871 -0.066555  
668 26.770000 -0.131207 -0.066176  
669 26.780000 -0.130547 -0.065799  
670 26.790000 -0.129891 -0.065425  
671 26.800000 -0.129239 -0.065053  
672 26.810000 -0.128590 -0.064683  
673 26.820000 -0.127945 -0.064316  
674 26.830000 -0.127304 -0.063951  
675 26.840000 -0.126666 -0.063588  
676 26.850000 -0.126032 -0.063228  
677 26.860000 -0.125401 -0.062870  
678 26.870000 -0.124774 -0.062514  
679 26.880000 -0.124151 -0.062161  
680 26.890000 -0.123531 -0.061810  
681 26.900000 -0.122915 -0.061461  
682 26.910000 -0.122302 -0.061115  
683 26.920000 -0.121693 -0.060770  
684 26.930000 -0.121087 -0.060428  
685 26.940000 -0.120484 -0.060088  
686 26.950000 -0.119885 -0.059750  
687 26.960000 -0.119289 -0.059415  
688 26.970000 -0.118697 -0.059081  
689 26.980000 -0.118107 -0.058750  
690 26.990000 -0.117521 -0.058421  
691 27.000000 -0.116939 -0.058094  
692 27.010000 -0.116360 -0.057769  
693 27.020000 -0.115784 -0.057446  
694 27.030000 -0.115211 -0.057125  
695 27.040000 -0.114641 -0.056806  
696 27.050000 -0.114075 -0.056490  
697 27.060000 -0.113511 -0.056175  
698 27.070000 -0.112951 -0.055862  
699 27.080000 -0.112394 -0.055552  
700 27.090000 -0.111840 -0.055243  
701 27.100000 -0.111289 -0.054936  
702 27.110000 -0.110741 -0.054631  
703 27.120000 -0.110196 -0.054329  
704 27.130000 -0.109655 -0.054028  
705 27.140000 -0.109116 -0.053729  
706 27.150000 -0.108580 -0.053431  
707 27.160000 -0.108047 -0.053136  
708 27.170000 -0.107517 -0.052843  
709 27.180000 -0.106990 -0.052551  
710 27.190000 -0.106466 -0.052262  
711 27.200000 -0.105945 -0.051974  
712 27.210000 -0.105427 -0.051688  
713 27.220000 -0.104911 -0.051404  
714 27.230000 -0.104399 -0.051122  
715 27.240000 -0.103889 -0.050841  
716 27.250000 -0.103382 -0.050562  
717 27.260000 -0.102878 -0.050285  
718 27.270000 -0.102376 -0.050010  
719 27.280000 -0.101878 -0.049736  
720 27.290000 -0.101382 -0.049465  
721 27.300000 -0.100888 -0.049194  
722 27.310000 -0.100398 -0.048926  
723 27.320000 -0.099910 -0.048659  
724 27.330000 -0.099424 -0.048394  
725 27.340000 -0.098942 -0.048131  
726 27.350000 -0.098462 -0.047869  
727 27.360000 -0.097984 -0.047609  
728 27.370000 -0.097510 -0.047351  
729 27.380000 -0.097037 -0.047094  
730 27.390000 -0.096568 -0.046839  
731 27.400000 -0.096101 -0.046585  
732 27.410000 -0.095636 -0.046333  
733 27.420000 -0.095174 -0.046083  
734 27.430000 -0.094714 -0.045834  
735 27.440000 -0.094257 -0.045587  
736 27.450000 -0.093803 -0.045341  
737 27.460000 -0.093350 -0.045097  
738 27.470000 -0.092901 -0.044854  
739 27.480000 -0.092453 -0.044613  
740 27.490000 -0.092008 -0.044373  
741 27.500000 -0.091566 -0.044135  
742 27.510000 -0.091126 -0.043898  
743 27.520000 -0.090688 -0.043663  
744 27.530000 -0.090252 -0.043429  
745 27.540000 -0.089819 -0.043197  
746 27.550000 -0.089388 -0.042966  
747 27.560000 -0.088960 -0.042737  
748 27.570000 -0.088534 -0.042509  
749 27.580000 -0.088110 -0.042282  
750 27.590000 -0.087688 -0.042057  
751 27.600000 -0.087269 -0.041833  
752 27.610000 -0.086851 -0.041611  
753 27.620000 -0.086436 -0.041390  
754 27.630000 -0.086024 -0.041170  
755 27.640000 -0.085613 -0.040952  
756 27.650000 -0.085205 -0.040735  
757 27.660000 -0.084798 -0.040519  
758 27.670000 -0.084394 -0.040305  
759 27.680000 -0.083992 -0.040092  
760 27.690000 -0.083592 -0.039880  
761 27.700000 -0.083195 -0.039670  
762 27.710000 -0.082799 -0.039461  
763 27.720000 -0.082405 -0.039253  
764 27.730000 -0.082014 -0.039047  
765 27.740000 -0.081624 -0.038842  
766 27.750000 -0.081237 -0.038638  
767 27.760000 -0.080852 -0.038435  
768 27.770000 -0.080468 -0.038233  
769 27.780000 -0.080087 -0.038033  
770 27.790000 -0.079708 -0.037834  
771 27.800000 -0.079330 -0.037636  
772 27.810000 -0.078955 -0.037440  
773 27.820000 -0.078582 -0.037244  
774 27.830000 -0.078210 -0.037050  
775 27.840000 -0.077841 -0.036857  
776 27.850000 -0.077473 -0.036665  
777 27.860000 -0.077107 -0.036474  
778 27.870000 -0.076743 -0.036285  
779 27.880000 -0.076381 -0.036097  
780 27.890000 -0.076021 -0.035909  
781 27.900000 -0.075663 -0.035723  
782 27.910000 -0.075307 -0.035538  
783 27.920000 -0.074953 -0.035354  
784 27.930000 -0.074600 -0.035172  
785 27.940000 -0.074249 -0.034990  
786 27.950000 -0.073900 -0.034809  
787 27.960000 -0.073553 -0.034630  
788 27.970000 -0.073207 -0.034452  
789 27.980000 -0.072864 -0.034274  
790 27.990000 -0.072522 -0.034098  
791 28.000000 -0.072182 -0.033923  
792 28.010000 -0.071844 -0.033749  
793 28.020000 -0.071507 -0.033576  
794 28.030000 -0.071172 -0.033404  
795 28.040000 -0.070839 -0.033233  
796 28.050000 -0.070507 -0.033063  
797 28.060000 -0.070178 -0.032894  
798 28.070000 -0.069849 -0.032726  
799 28.080000 -0.069523 -0.032559  
800 28.090000 -0.069198 -0.032393  
801 28.100000 -0.068875 -0.032228  
802 28.110000 -0.068554 -0.032064  
803 28.120000 -0.068234 -0.031901  
804 28.130000 -0.067916 -0.031739  
805 28.140000 -0.067599 -0.031578  
806 28.150000 -0.067284 -0.031418  
807 28.160000 -0.066971 -0.031259  
808 28.170000 -0.066659 -0.031101  
809 28.180000 -0.066349 -0.030944  
810 28.190000 -0.066040 -0.030787  
811 28.200000 -0.065733 -0.030632  
812 28.210000 -0.065427 -0.030477  
813 28.220000 -0.065123 -0.030324  
814 28.230000 -0.064821 -0.030171  
815 28.240000 -0.064520 -0.030019  
816 28.250000 -0.064221 -0.029869  
817 28.260000 -0.063923 -0.029719  
818 28.270000 -0.063626 -0.029570  
819 28.280000 -0.063331 -0.029421  
820 28.290000 -0.063038 -0.029274  
821 28.300000 -0.062746 -0.029128  
822 28.310000 -0.062455 -0.028982  
823 28.320000 -0.062166 -0.028837  
824 28.330000 -0.061878 -0.028693  
825 28.340000 -0.061592 -0.028550  
826 28.350000 -0.061307 -0.028408  
827 28.360000 -0.061024 -0.028267  
828 28.370000 -0.060742 -0.028126  
829 28.380000 -0.060462 -0.027987  
830 28.390000 -0.060182 -0.027848  
831 28.400000 -0.059905 -0.027710  
832 28.410000 -0.059628 -0.027572  
833 28.420000 -0.059353 -0.027436  
834 28.430000 -0.059079 -0.027300  
835 28.440000 -0.058807 -0.027165  
836 28.450000 -0.058536 -0.027031  
837 28.460000 -0.058267 -0.026898  
838 28.470000 -0.057998 -0.026765  
839 28.480000 -0.057731 -0.026633  
840 28.490000 -0.057466 -0.026502  
841 28.500000 -0.057201 -0.026372  
842 28.510000 -0.056938 -0.026243  
843 28.520000 -0.056676 -0.026114  
844 28.530000 -0.056416 -0.025986  
845 28.540000 -0.056157 -0.025858  
846 28.550000 -0.055899 -0.025732  
847 28.560000 -0.055642 -0.025606  
848 28.570000 -0.055387 -0.025481  
849 28.580000 -0.055132 -0.025357  
850 28.590000 -0.054879 -0.025233  
851 28.600000 -0.054628 -0.025110  
852 28.610000 -0.054377 -0.024988  
853 28.620000 -0.054128 -0.024866  
854 28.630000 -0.053880 -0.024745  
855 28.640000 -0.053633 -0.024625  
856 28.650000 -0.053387 -0.024506  
857 28.660000 -0.053143 -0.024387  
858 28.670000 -0.052900 -0.024269  
859 28.680000 -0.052657 -0.024151  
860 28.690000 -0.052417 -0.024035  
861 28.700000 -0.052177 -0.023919  
862 28.710000 -0.051938 -0.023803  
863 28.720000 -0.051701 -0.023688  
864 28.730000 -0.051464 -0.023574  
865 28.740000 -0.051229 -0.023461  
866 28.750000 -0.050995 -0.023348  
867 28.760000 -0.050762 -0.023236  
868 28.770000 -0.050530 -0.023124  
869 28.780000 -0.050300 -0.023013  
870 28.790000 -0.050070 -0.022903  
871 28.800000 -0.049842 -0.022793  
872 28.810000 -0.049614 -0.022684  
873 28.820000 -0.049388 -0.022576  
874 28.830000 -0.049163 -0.022468  
875 28.840000 -0.048939 -0.022361  
876 28.850000 -0.048716 -0.022254  
877 28.860000 -0.048494 -0.022148  
878 28.870000 -0.048273 -0.022043  
879 28.880000 -0.048053 -0.021938  
880 28.890000 -0.047834 -0.021834  
881 28.900000 -0.047616 -0.021730  
882 28.910000 -0.047399 -0.021627  
883 28.920000 -0.047184 -0.021525  
884 28.930000 -0.046969 -0.021423  
885 28.940000 -0.046755 -0.021321  
886 28.950000 -0.046542 -0.021220  
887 28.960000 -0.046331 -0.021120  
888 28.970000 -0.046120 -0.021021  
889 28.980000 -0.045910 -0.020921  
890 28.990000 -0.045702 -0.020823  
891 29.000000 -0.045494 -0.020725  
892 29.010000 -0.045287 -0.020627  
893 29.020000 -0.045081 -0.020531  
894 29.030000 -0.044876 -0.020434  
895 29.040000 -0.044673 -0.020338  
896 29.050000 -0.044470 -0.020243  
897 29.060000 -0.044268 -0.020148  
898 29.070000 -0.044067 -0.020054  
899 29.080000 -0.043867 -0.019960  
900 29.090000 -0.043667 -0.019867  
901 29.100000 -0.043469 -0.019774  
902 29.110000 -0.043272 -0.019682  
903 29.120000 -0.043076 -0.019590  
904 29.130000 -0.042880 -0.019499  
905 29.140000 -0.042686 -0.019409  
906 29.150000 -0.042492 -0.019318  
907 29.160000 -0.042299 -0.019229  
908 29.170000 -0.042107 -0.019140  
909 29.180000 -0.041916 -0.019051  
910 29.190000 -0.041726 -0.018963  
911 29.200000 -0.041537 -0.018875  
912 29.210000 -0.041349 -0.018788  
913 29.220000 -0.041161 -0.018701  
914 29.230000 -0.040975 -0.018615  
915 29.240000 -0.040789 -0.018529  
916 29.250000 -0.040604 -0.018443  
917 29.260000 -0.040420 -0.018358  
918 29.270000 -0.040237 -0.018274  
919 29.280000 -0.040055 -0.018190  
920 29.290000 -0.039873 -0.018107  
921 29.300000 -0.039693 -0.018023  
922 29.310000 -0.039513 -0.017941  
923 29.320000 -0.039334 -0.017859  
924 29.330000 -0.039156 -0.017777  
925 29.340000 -0.038978 -0.017696  
926 29.350000 -0.038802 -0.017615  
927 29.360000 -0.038626 -0.017534  
928 29.370000 -0.038451 -0.017454  
929 29.380000 -0.038277 -0.017375  
930 29.390000 -0.038104 -0.017296  
931 29.400000 -0.037931 -0.017217  
932 29.410000 -0.037759 -0.017139  
933 29.420000 -0.037588 -0.017061  
934 29.430000 -0.037418 -0.016984  
935 29.440000 -0.037249 -0.016907  
936 29.450000 -0.037080 -0.016830  
937 29.460000 -0.036912 -0.016754  
938 29.470000 -0.036745 -0.016678  
939 29.480000 -0.036578 -0.016603  
940 29.490000 -0.036413 -0.016528  
941 29.500000 -0.036248 -0.016453  
942 29.510000 -0.036084 -0.016379  
943 29.520000 -0.035920 -0.016305  
944 29.530000 -0.035758 -0.016232  
945 29.540000 -0.035596 -0.016159  
946 29.550000 -0.035434 -0.016086  
947 29.560000 -0.035274 -0.016014  
948 29.570000 -0.035114 -0.015942  
949 29.580000 -0.034955 -0.015871  
950 29.590000 -0.034797 -0.015800  
951 29.600000 -0.034639 -0.015729  
952 29.610000 -0.034482 -0.015659  
953 29.620000 -0.034326 -0.015589  
954 29.630000 -0.034170 -0.015519  
955 29.640000 -0.034015 -0.015450  
956 29.650000 -0.033861 -0.015381  
957 29.660000 -0.033708 -0.015313  
958 29.670000 -0.033555 -0.015245  
959 29.680000 -0.033403 -0.015177  
960 29.690000 -0.033252 -0.015110  
961 29.700000 -0.033101 -0.015043  
962 29.710000 -0.032951 -0.014976  
963 29.720000 -0.032801 -0.014910  
964 29.730000 -0.032652 -0.014844  
965 29.740000 -0.032504 -0.014778  
966 29.750000 -0.032357 -0.014713  
967 29.760000 -0.032210 -0.014648  
968 29.770000 -0.032064 -0.014583  
969 29.780000 -0.031918 -0.014519  
970 29.790000 -0.031774 -0.014455  
971 29.800000 -0.031629 -0.014391  
972 29.810000 -0.031486 -0.014328  
973 29.820000 -0.031343 -0.014265  
974 29.830000 -0.031200 -0.014202  
975 29.840000 -0.031059 -0.014140  
976 29.850000 -0.030918 -0.014078  
977 29.860000 -0.030777 -0.014017  
978 29.870000 -0.030637 -0.013955  
979 29.880000 -0.030498 -0.013894  
980 29.890000 -0.030359 -0.013834  
981 29.900000 -0.030221 -0.013773  
982 29.910000 -0.030084 -0.013713  
983 29.920000 -0.029947 -0.013653  
984 29.930000 -0.029811 -0.013594  
985 29.940000 -0.029675 -0.013535  
986 29.950000 -0.029540 -0.013476  
987 29.960000 -0.029406 -0.013417  
988 29.970000 -0.029272 -0.013359  
989 29.980000 -0.029139 -0.013301  
990 29.990000 -0.029006 -0.013244  
991 30.000000 -0.028874 -0.013186  
992 30.010000 -0.028742 -0.013129  
993 30.020000 -0.028611 -0.013073  
994 30.030000 -0.028481 -0.013016  
995 30.040000 -0.028351 -0.012960  
996 30.050000 -0.028221 -0.012904  
997 30.060000 -0.028093 -0.012848  
998 30.070000 -0.027964 -0.012793  
999 30.080000 -0.027837 -0.012738  
1000 30.090000 -0.027710 -0.012683  
1001 30.100000 -0.027583 -0.012629  
1002 30.110000 -0.027457 -0.012575  
1003 30.120000 -0.027332 -0.012521  
1004 30.130000 -0.027207 -0.012467  
1005 30.140000 -0.027082 -0.012414  
1006 30.150000 -0.026958 -0.012361  
1007 30.160000 -0.026835 -0.012308  
1008 30.170000 -0.026712 -0.012255  
1009 30.180000 -0.026590 -0.012203  
1010 30.190000 -0.026468 -0.012151  
1011 30.200000 -0.026347 -0.012099  
1012 30.210000 -0.026226 -0.012048  
1013 30.220000 -0.026106 -0.011996  
1014 30.230000 -0.025986 -0.011945  
1015 30.240000 -0.025867 -0.011895  
1016 30.250000 -0.025748 -0.011844  
1017 30.260000 -0.025630 -0.011794  
1018 30.270000 -0.025513 -0.011744  
1019 30.280000 -0.025395 -0.011694  
1020 30.290000 -0.025279 -0.011645  
1021 30.300000 -0.025162 -0.011596  
1022 30.310000 -0.025047 -0.011547  
1023 30.320000 -0.024931 -0.011498  
1024 30.330000 -0.024817 -0.011450  
1025 30.340000 -0.024702 -0.011401  
1026 30.350000 -0.024589 -0.011353  
1027 30.360000 -0.024475 -0.011306  
1028 30.370000 -0.024363 -0.011258  
1029 30.380000 -0.024250 -0.011211  
1030 30.390000 -0.024138 -0.011164  
1031 30.400000 -0.024027 -0.011117  
1032 30.410000 -0.023916 -0.011070  
1033 30.420000 -0.023806 -0.011024  
1034 30.430000 -0.023696 -0.010978  
1035 30.440000 -0.023586 -0.010932  
1036 30.450000 -0.023477 -0.010886  
1037 30.460000 -0.023368 -0.010841  
1038 30.470000 -0.023260 -0.010796  
1039 30.480000 -0.023152 -0.010751  
1040 30.490000 -0.023045 -0.010706  
1041 30.500000 -0.022938 -0.010661  
1042 30.510000 -0.022832 -0.010617  
1043 30.520000 -0.022726 -0.010573  
1044 30.530000 -0.022620 -0.010529  
1045 30.540000 -0.022515 -0.010485  
1046 30.550000 -0.022411 -0.010442  
1047 30.560000 -0.022307 -0.010399  
1048 30.570000 -0.022203 -0.010356  
1049 30.580000 -0.022099 -0.010313  
1050 30.590000 -0.021996 -0.010270  
1051 30.600000 -0.021894 -0.010228  
1052 30.610000 -0.021792 -0.010186  
1053 30.620000 -0.021690 -0.010144  
1054 30.630000 -0.021589 -0.010102  
1055 30.640000 -0.021488 -0.010060  
1056 30.650000 -0.021388 -0.010019  
1057 30.660000 -0.021288 -0.009978  
1058 30.670000 -0.021188 -0.009937  
1059 30.680000 -0.021089 -0.009896  
1060 30.690000 -0.020990 -0.009856  
1061 30.700000 -0.020892 -0.009815  
1062 30.710000 -0.020794 -0.009775  
1063 30.720000 -0.020696 -0.009735  
1064 30.730000 -0.020599 -0.009695  
1065 30.740000 -0.020503 -0.009656  
1066 30.750000 -0.020406 -0.009616  
1067 30.760000 -0.020310 -0.009577  
1068 30.770000 -0.020215 -0.009538  
1069 30.780000 -0.020120 -0.009499  
1070 30.790000 -0.020025 -0.009461  
1071 30.800000 -0.019930 -0.009422  
1072 30.810000 -0.019836 -0.009384  
1073 30.820000 -0.019743 -0.009346  
1074 30.830000 -0.019649 -0.009308  
1075 30.840000 -0.019556 -0.009270  
1076 30.850000 -0.019464 -0.009233  
1077 30.860000 -0.019372 -0.009195  
1078 30.870000 -0.019280 -0.009158  
1079 30.880000 -0.019189 -0.009121  
1080 30.890000 -0.019098 -0.009084  
1081 30.900000 -0.019007 -0.009048  
1082 30.910000 -0.018917 -0.009011  
1083 30.920000 -0.018827 -0.008975  
1084 30.930000 -0.018737 -0.008939  
1085 30.940000 -0.018648 -0.008903  
1086 30.950000 -0.018559 -0.008867  
1087 30.960000 -0.018471 -0.008831  
1088 30.970000 -0.018382 -0.008796  
1089 30.980000 -0.018295 -0.008761  
1090 30.990000 -0.018207 -0.008726  
1091 31.000000 -0.018120 -0.008691  
1092 31.010000 -0.018033 -0.008656  
1093 31.020000 -0.017947 -0.008621  
1094 31.030000 -0.017861 -0.008587  
1095 31.040000 -0.017775 -0.008553  
1096 31.050000 -0.017690 -0.008518  
1097 31.060000 -0.017605 -0.008484  
1098 31.070000 -0.017520 -0.008451  
1099 31.080000 -0.017436 -0.008417  
1100 31.090000 -0.017352 -0.008384  
1101 31.100000 -0.017268 -0.008350  
1102 31.110000 -0.017185 -0.008317  
1103 31.120000 -0.017102 -0.008284  
1104 31.130000 -0.017019 -0.008251  
1105 31.140000 -0.016937 -0.008219  
1106 31.150000 -0.016855 -0.008186  
1107 31.160000 -0.016773 -0.008154  
1108 31.170000 -0.016692 -0.008121  
1109 31.180000 -0.016611 -0.008089  
1110 31.190000 -0.016530 -0.008057  
1111 31.200000 -0.016450 -0.008026  
1112 31.210000 -0.016370 -0.007994  
1113 31.220000 -0.016290 -0.007963  
1114 31.230000 -0.016210 -0.007931  
1115 31.240000 -0.016131 -0.007900  
1116 31.250000 -0.016052 -0.007869  
1117 31.260000 -0.015974 -0.007838  
1118 31.270000 -0.015895 -0.007807  
1119 31.280000 -0.015818 -0.007777  
1120 31.290000 -0.015740 -0.007746  
1121 31.300000 -0.015663 -0.007716  
1122 31.310000 -0.015586 -0.007686  
1123 31.320000 -0.015509 -0.007656  
1124 31.330000 -0.015433 -0.007626  
1125 31.340000 -0.015356 -0.007596  
1126 31.350000 -0.015281 -0.007566  
1127 31.360000 -0.015205 -0.007537  
1128 31.370000 -0.015130 -0.007508  
1129 31.380000 -0.015055 -0.007478  
1130 31.390000 -0.014980 -0.007449  
1131 31.400000 -0.014906 -0.007420  
1132 31.410000 -0.014832 -0.007392  
1133 31.420000 -0.014758 -0.007363  
1134 31.430000 -0.014685 -0.007334  
1135 31.440000 -0.014611 -0.007306  
1136 31.450000 -0.014539 -0.007278  
1137 31.460000 -0.014466 -0.007249  
1138 31.470000 -0.014394 -0.007221  
1139 31.480000 -0.014321 -0.007194  
1140 31.490000 -0.014250 -0.007166  
1141 31.500000 -0.014178 -0.007138  
1142 31.510000 -0.014107 -0.007111  
1143 31.520000 -0.014036 -0.007083  
1144 31.530000 -0.013965 -0.007056  
1145 31.540000 -0.013895 -0.007029  
1146 31.550000 -0.013825 -0.007002  
1147 31.560000 -0.013755 -0.006975  
1148 31.570000 -0.013685 -0.006948  
1149 31.580000 -0.013616 -0.006921  
1150 31.590000 -0.013547 -0.006895  
1151 31.600000 -0.013478 -0.006869  
1152 31.610000 -0.013409 -0.006842  
1153 31.620000 -0.013341 -0.006816  
1154 31.630000 -0.013273 -0.006790  
1155 31.640000 -0.013205 -0.006764  
1156 31.650000 -0.013138 -0.006738  
1157 31.660000 -0.013070 -0.006713  
1158 31.670000 -0.013003 -0.006687  
1159 31.680000 -0.012937 -0.006662  
1160 31.690000 -0.012870 -0.006636  
1161 31.700000 -0.012804 -0.006611  
1162 31.710000 -0.012738 -0.006586  
1163 31.720000 -0.012672 -0.006561  
1164 31.730000 -0.012607 -0.006536  
1165 31.740000 -0.012542 -0.006511  
1166 31.750000 -0.012477 -0.006486  
1167 31.760000 -0.012412 -0.006462  
1168 31.770000 -0.012347 -0.006437  
1169 31.780000 -0.012283 -0.006413  
1170 31.790000 -0.012219 -0.006389  
1171 31.800000 -0.012155 -0.006365  
1172 31.810000 -0.012092 -0.006341  
1173 31.820000 -0.012029 -0.006317  
1174 31.830000 -0.011965 -0.006293  
1175 31.840000 -0.011903 -0.006269  
1176 31.850000 -0.011840 -0.006246  
1177 31.860000 -0.011778 -0.006222  
1178 31.870000 -0.011716 -0.006199  
1179 31.880000 -0.011654 -0.006176  
1180 31.890000 -0.011592 -0.006152  
1181 31.900000 -0.011531 -0.006129  
1182 31.910000 -0.011470 -0.006106  
1183 31.920000 -0.011409 -0.006084  
1184 31.930000 -0.011348 -0.006061  
1185 31.940000 -0.011287 -0.006038  
1186 31.950000 -0.011227 -0.006016  
1187 31.960000 -0.011167 -0.005993  
1188 31.970000 -0.011107 -0.005971  
1189 31.980000 -0.011048 -0.005949  
1190 31.990000 -0.010988 -0.005926  
1191 32.000000 -0.010929 -0.005904  
1192 32.010000 -0.010870 -0.005882  
1193 32.020000 -0.010811 -0.005861  
1194 32.030000 -0.010753 -0.005839  
1195 32.040000 -0.010695 -0.005817  
1196 32.050000 -0.010637 -0.005795  
1197 32.060000 -0.010579 -0.005774  
1198 32.070000 -0.010521 -0.005753  
1199 32.080000 -0.010464 -0.005731  
1200 32.090000 -0.010407 -0.005710  
1201 32.100000 -0.010350 -0.005689  
1202 32.110000 -0.010293 -0.005668  
1203 32.120000 -0.010236 -0.005647  
1204 32.130000 -0.010180 -0.005626  
1205 32.140000 -0.010124 -0.005606  
1206 32.150000 -0.010068 -0.005585  
1207 32.160000 -0.010012 -0.005564  
1208 32.170000 -0.009956 -0.005544  
1209 32.180000 -0.009901 -0.005523  
1210 32.190000 -0.009846 -0.005503  
1211 32.200000 -0.009791 -0.005483  
1212 32.210000 -0.009736 -0.005463  
1213 32.220000 -0.009682 -0.005443  
1214 32.230000 -0.009627 -0.005423  
1215 32.240000 -0.009573 -0.005403  
1216 32.250000 -0.009519 -0.005383  
1217 32.260000 -0.009466 -0.005364  
1218 32.270000 -0.009412 -0.005344  
1219 32.280000 -0.009359 -0.005324  
1220 32.290000 -0.009306 -0.005305  
1221 32.300000 -0.009253 -0.005286  
1222 32.310000 -0.009200 -0.005266  
1223 32.320000 -0.009147 -0.005247  
1224 32.330000 -0.009095 -0.005228  
1225 32.340000 -0.009043 -0.005209  
1226 32.350000 -0.008991 -0.005190  
1227 32.360000 -0.008939 -0.005171  
1228 32.370000 -0.008887 -0.005153  
1229 32.380000 -0.008836 -0.005134  
1230 32.390000 -0.008785 -0.005115  
1231 32.400000 -0.008734 -0.005097  
1232 32.410000 -0.008683 -0.005078  
1233 32.420000 -0.008632 -0.005060  
1234 32.430000 -0.008581 -0.005042  
1235 32.440000 -0.008531 -0.005024  
1236 32.450000 -0.008481 -0.005005  
1237 32.460000 -0.008431 -0.004987  
1238 32.470000 -0.008381 -0.004969  
1239 32.480000 -0.008332 -0.004952  
1240 32.490000 -0.008282 -0.004934  
1241 32.500000 -0.008233 -0.004916  
1242 32.510000 -0.008184 -0.004898  
1243 32.520000 -0.008135 -0.004881  
1244 32.530000 -0.008086 -0.004863  
1245 32.540000 -0.008038 -0.004846  
1246 32.550000 -0.007989 -0.004828  
1247 32.560000 -0.007941 -0.004811  
1248 32.570000 -0.007893 -0.004794  
1249 32.580000 -0.007845 -0.004777  
1250 32.590000 -0.007798 -0.004760  
1251 32.600000 -0.007750 -0.004743  
1252 32.610000 -0.007703 -0.004726  
1253 32.620000 -0.007656 -0.004709  
1254 32.630000 -0.007609 -0.004692  
1255 32.640000 -0.007562 -0.004675  
1256 32.650000 -0.007515 -0.004659  
1257 32.660000 -0.007469 -0.004642  
1258 32.670000 -0.007422 -0.004626  
1259 32.680000 -0.007376 -0.004609  
1260 32.690000 -0.007330 -0.004593  
1261 32.700000 -0.007284 -0.004577  
1262 32.710000 -0.007239 -0.004560  
1263 32.720000 -0.007193 -0.004544  
1264 32.730000 -0.007148 -0.004528  
1265 32.740000 -0.007102 -0.004512  
1266 32.750000 -0.007057 -0.004496  
1267 32.760000 -0.007013 -0.004480  
1268 32.770000 -0.006968 -0.004464  
1269 32.780000 -0.006923 -0.004449  
1270 32.790000 -0.006879 -0.004433  
1271 32.800000 -0.006835 -0.004417  
1272 32.810000 -0.006791 -0.004402  
1273 32.820000 -0.006747 -0.004386  
1274 32.830000 -0.006703 -0.004371  
1275 32.840000 -0.006659 -0.004355  
1276 32.850000 -0.006616 -0.004340  
1277 32.860000 -0.006572 -0.004325  
1278 32.870000 -0.006529 -0.004310  
1279 32.880000 -0.006486 -0.004295  
1280 32.890000 -0.006443 -0.004280  
1281 32.900000 -0.006401 -0.004265  
1282 32.910000 -0.006358 -0.004250  
1283 32.920000 -0.006316 -0.004235  
1284 32.930000 -0.006273 -0.004220  
1285 32.940000 -0.006231 -0.004205  
1286 32.950000 -0.006189 -0.004191  
1287 32.960000 -0.006147 -0.004176  
1288 32.970000 -0.006106 -0.004161  
1289 32.980000 -0.006064 -0.004147  
1290 32.990000 -0.006023 -0.004132  
1291 33.000000 -0.005981 -0.004118  
1292 33.010000 -0.005940 -0.004104  
1293 33.020000 -0.005899 -0.004090  
1294 33.030000 -0.005859 -0.004075  
1295 33.040000 -0.005818 -0.004061  
1296 33.050000 -0.005777 -0.004047  
1297 33.060000 -0.005737 -0.004033  
1298 33.070000 -0.005697 -0.004019  
1299 33.080000 -0.005657 -0.004005  
1300 33.090000 -0.005617 -0.003991  
1301 33.100000 -0.005577 -0.003978  
1302 33.110000 -0.005537 -0.003964  
1303 33.120000 -0.005497 -0.003950  
1304 33.130000 -0.005458 -0.003937  
1305 33.140000 -0.005419 -0.003923  
1306 33.150000 -0.005380 -0.003909  
1307 33.160000 -0.005341 -0.003896  
1308 33.170000 -0.005302 -0.003883  
1309 33.180000 -0.005263 -0.003869  
1310 33.190000 -0.005224 -0.003856  
1311 33.200000 -0.005186 -0.003843  
1312 33.210000 -0.005147 -0.003829  
1313 33.220000 -0.005109 -0.003816  
1314 33.230000 -0.005071 -0.003803  
1315 33.240000 -0.005033 -0.003790  
1316 33.250000 -0.004995 -0.003777  
1317 33.260000 -0.004958 -0.003764  
1318 33.270000 -0.004920 -0.003751  
1319 33.280000 -0.004883 -0.003739  
1320 33.290000 -0.004845 -0.003726  
1321 33.300000 -0.004808 -0.003713  
1322 33.310000 -0.004771 -0.003701  
1323 33.320000 -0.004734 -0.003688  
1324 33.330000 -0.004697 -0.003675  
1325 33.340000 -0.004661 -0.003663  
1326 33.350000 -0.004624 -0.003650  
1327 33.360000 -0.004587 -0.003638  
1328 33.370000 -0.004551 -0.003626  
1329 33.380000 -0.004515 -0.003613  
1330 33.390000 -0.004479 -0.003601  
1331 33.400000 -0.004443 -0.003589  
1332 33.410000 -0.004407 -0.003577  
1333 33.420000 -0.004371 -0.003565  
1334 33.430000 -0.004336 -0.003553  
1335 33.440000 -0.004300 -0.003541  
1336 33.450000 -0.004265 -0.003529  
1337 33.460000 -0.004230 -0.003517  
1338 33.470000 -0.004195 -0.003505  
1339 33.480000 -0.004160 -0.003493  
1340 33.490000 -0.004125 -0.003481  
1341 33.500000 -0.004090 -0.003469  
1342 33.510000 -0.004055 -0.003458  
1343 33.520000 -0.004021 -0.003446  
1344 33.530000 -0.003987 -0.003435  
1345 33.540000 -0.003952 -0.003423  
1346 33.550000 -0.003918 -0.003412  
1347 33.560000 -0.003884 -0.003400  
1348 33.570000 -0.003850 -0.003389  
1349 33.580000 -0.003816 -0.003377  
1350 33.590000 -0.003783 -0.003366  
1351 33.600000 -0.003749 -0.003355  
1352 33.610000 -0.003715 -0.003344  
1353 33.620000 -0.003682 -0.003332  
1354 33.630000 -0.003649 -0.003321  
1355 33.640000 -0.003616 -0.003310  
1356 33.650000 -0.003583 -0.003299  
1357 33.660000 -0.003550 -0.003288  
1358 33.670000 -0.003517 -0.003277  
1359 33.680000 -0.003484 -0.003266  
1360 33.690000 -0.003451 -0.003255  
1361 33.700000 -0.003419 -0.003244  
1362 33.710000 -0.003387 -0.003234  
1363 33.720000 -0.003354 -0.003223  
1364 33.730000 -0.003322 -0.003212  
1365 33.740000 -0.003290 -0.003202  
1366 33.750000 -0.003258 -0.003191  
1367 33.760000 -0.003226 -0.003180  
1368 33.770000 -0.003195 -0.003170  
1369 33.780000 -0.003163 -0.003159  
1370 33.790000 -0.003131 -0.003149  
1371 33.800000 -0.003100 -0.003138  
1372 33.810000 -0.003069 -0.003128  
1373 33.820000 -0.003037 -0.003118  
1374 33.830000 -0.003006 -0.003108  
1375 33.840000 -0.002975 -0.003097  
1376 33.850000 -0.002944 -0.003087  
1377 33.860000 -0.002913 -0.003077  
1378 33.870000 -0.002883 -0.003067  
1379 33.880000 -0.002852 -0.003057  
1380 33.890000 -0.002822 -0.003047  
1381 33.900000 -0.002791 -0.003037  
1382 33.910000 -0.002761 -0.003027  
1383 33.920000 -0.002731 -0.003017  
1384 33.930000 -0.002701 -0.003007  
1385 33.940000 -0.002670 -0.002997  
1386 33.950000 -0.002641 -0.002987  
1387 33.960000 -0.002611 -0.002977  
1388 33.970000 -0.002581 -0.002968  
1389 33.980000 -0.002551 -0.002958  
1390 33.990000 -0.002522 -0.002948  
1391 34.000000 -0.002492 -0.002939  
1392 34.010000 -0.002463 -0.002929  
1393 34.020000 -0.002434 -0.002919  
1394 34.030000 -0.002405 -0.002910  
1395 34.040000 -0.002376 -0.002900  
1396 34.050000 -0.002347 -0.002891  
1397 34.060000 -0.002318 -0.002882  
1398 34.070000 -0.002289 -0.002872  
1399 34.080000 -0.002260 -0.002863  
1400 34.090000 -0.002232 -0.002854  
1401 34.100000 -0.002203 -0.002844  
1402 34.110000 -0.002175 -0.002835  
1403 34.120000 -0.002147 -0.002826  
1404 34.130000 -0.002118 -0.002817  
1405 34.140000 -0.002090 -0.002808  
1406 34.150000 -0.002062 -0.002799  
1407 34.160000 -0.002034 -0.002790  
1408 34.170000 -0.002006 -0.002780  
1409 34.180000 -0.001979 -0.002772  
1410 34.190000 -0.001951 -0.002763  
1411 34.200000 -0.001923 -0.002754  
1412 34.210000 -0.001896 -0.002745  
1413 34.220000 -0.001869 -0.002736  
1414 34.230000 -0.001841 -0.002727  
1415 34.240000 -0.001814 -0.002718  
1416 34.250000 -0.001787 -0.002710  
1417 34.260000 -0.001760 -0.002701  
1418 34.270000 -0.001733 -0.002692  
1419 34.280000 -0.001706 -0.002684  
1420 34.290000 -0.001679 -0.002675  
1421 34.300000 -0.001652 -0.002666  
1422 34.310000 -0.001626 -0.002658  
1423 34.320000 -0.001599 -0.002649  
1424 34.330000 -0.001573 -0.002641  
1425 34.340000 -0.001546 -0.002632  
1426 34.350000 -0.001520 -0.002624  
1427 34.360000 -0.001494 -0.002616  
1428 34.370000 -0.001468 -0.002607  
1429 34.380000 -0.001442 -0.002599  
1430 34.390000 -0.001416 -0.002591  
1431 34.400000 -0.001390 -0.002582  
1432 34.410000 -0.001364 -0.002574  
1433 34.420000 -0.001339 -0.002566  
1434 34.430000 -0.001313 -0.002558  
1435 34.440000 -0.001287 -0.002550  
1436 34.450000 -0.001262 -0.002542  
1437 34.460000 -0.001237 -0.002533  
1438 34.470000 -0.001211 -0.002525  
1439 34.480000 -0.001186 -0.002517  
1440 34.490000 -0.001161 -0.002509  
1441 34.500000 -0.001136 -0.002501  
1442 34.510000 -0.001111 -0.002494  
1443 34.520000 -0.001086 -0.002486  
1444 34.530000 -0.001061 -0.002478  
1445 34.540000 -0.001036 -0.002470  
1446 34.550000 -0.001012 -0.002462  
1447 34.560000 -0.000987 -0.002454  
1448 34.570000 -0.000963 -0.002447  
1449 34.580000 -0.000938 -0.002439  
1450 34.590000 -0.000914 -0.002431  
1451 34.600000 -0.000890 -0.002424  
1452 34.610000 -0.000865 -0.002416  
1453 34.620000 -0.000841 -0.002408  
1454 34.630000 -0.000817 -0.002401  
1455 34.640000 -0.000793 -0.002393  
1456 34.650000 -0.000769 -0.002386  
1457 34.660000 -0.000746 -0.002378  
1458 34.670000 -0.000722 -0.002371  
1459 34.680000 -0.000698 -0.002363  
1460 34.690000 -0.000675 -0.002356  
1461 34.700000 -0.000651 -0.002348  
1462 34.710000 -0.000628 -0.002341  
1463 34.720000 -0.000604 -0.002334  
1464 34.730000 -0.000581 -0.002326  
1465 34.740000 -0.000558 -0.002319  
1466 34.750000 -0.000535 -0.002312  
1467 34.760000 -0.000512 -0.002305  
1468 34.770000 -0.000488 -0.002298  
1469 34.780000 -0.000466 -0.002290  
1470 34.790000 -0.000443 -0.002283  
1471 34.800000 -0.000420 -0.002276  
1472 34.810000 -0.000397 -0.002269  
1473 34.820000 -0.000375 -0.002262  
1474 34.830000 -0.000352 -0.002255  
1475 34.840000 -0.000329 -0.002248  
1476 34.850000 -0.000307 -0.002241  
1477 34.860000 -0.000285 -0.002234  
1478 34.870000 -0.000262 -0.002227  
1479 34.880000 -0.000240 -0.002220  
1480 34.890000 -0.000218 -0.002213  
1481 34.900000 -0.000196 -0.002206  
1482 34.910000 -0.000174 -0.002200  
1483 34.920000 -0.000152 -0.002193  
1484 34.930000 -0.000130 -0.002186  
1485 34.940000 -0.000108 -0.002179  
1486 34.950000 -0.000086 -0.002173  
1487 34.960000 -0.000065 -0.002166  
1488 34.970000 -0.000043 -0.002159  
1489 34.980000 -0.000021 -0.002153  
1490 34.990000 0.000000 -0.002146  
