1 20.100000 785761806.198435 47194120744.858536  
2 20.110000 443268069.507119 24205730558.153545  
3 20.120000 262824026.216629 13157595736.565298  
4 20.130000 162487734.677577 7509640779.456116  
5 20.140000 104097106.452217 4467893016.823883  
6 20.150000 68767517.681089 2755088312.972547  
7 20.160000 46658710.566501 1752704243.910016  
8 20.170000 32409950.154246 1145985233.773464  
9 20.180000 22985475.882683 767689472.472836  
10 20.190000 16606602.088015 525518703.892018  
11 20.200000 12199255.370371 366793990.719956  
12 20.210000 9097149.578588 260533976.612336  
13 20.220000 6876850.176072 188020969.430982  
14 20.230000 5263319.708051 137668352.214158  
15 20.240000 4074336.104311 102143891.068994  
16 20.250000 3186970.489074 76713408.937392  
17 20.260000 2516911.198551 58263451.502101  
18 20.270000 2005447.134542 44711533.387153  
19 20.280000 1611117.488425 34642868.858664  
20 20.290000 1304261.346871 27082331.220083  
21 20.300000 1063402.672762 21348773.684311  
22 20.310000 872816.746532 16960442.883428  
23 20.320000 720869.171076 13572632.451266  
24 20.330000 598867.497692 10936005.741936  
25 20.340000 500257.662388 8868367.073350  
26 20.350000 420055.332431 7235305.262588  
27 20.360000 354439.215196 5936766.799844  
28 20.370000 300457.294747 4897640.542700  
29 20.380000 255812.643012 4061087.558840  
30 20.390000 218705.864373 3383769.918366  
31 20.400000 187718.227214 2832406.545957  
32 20.410000 161724.287166 2381265.463626  
33 20.420000 139826.068175 2010322.828277  
34 20.430000 121303.128319 1703900.921391  
35 20.440000 105574.419452 1449653.010054  
36 20.450000 92168.966798 1237801.397955  
37 20.460000 80703.190030 1060561.669774  
38 20.470000 70863.258342 911704.837769  
39 20.480000 62391.285084 786222.319949  
40 20.490000 55074.468492 680068.097363  
41 20.500000 48736.505943 589959.157889  
42 20.510000 43230.772351 513220.220977  
43 20.520000 38434.874650 447662.295281  
44 20.530000 34246.285098 391487.227914  
45 20.540000 30578.824453 343212.326384  
46 20.550000 27359.817773 301610.560474  
47 20.560000 24527.784952 265662.915630  
48 20.570000 22030.558199 234520.268177  
49 20.580000 19823.741807 207472.755323  
50 20.590000 17869.447457 183925.070047  
51 20.600000 16135.252151 163376.459358  
52 20.610000 14593.336723 145404.471357  
53 20.620000 13219.771326 129651.701861  
54 20.630000 11993.920973 115814.950173  
55 20.640000 10897.949464 103636.316790  
56 20.650000 9916.404208 92895.872002  
57 20.660000 9035.867760 83405.599510  
58 20.670000 8244.664562 75004.378384  
59 20.680000 7532.613471 67553.813259  
60 20.690000 6890.818402 60934.759676  
61 20.700000 6311.490769 55044.420763  
62 20.710000 5787.798525 49793.914909  
63 20.720000 5313.737516 45106.232782  
64 20.730000 4884.021611 40914.517094  
65 20.740000 4493.988638 37160.610606  
66 20.750000 4139.519700 33793.827666  
67 20.760000 3816.969807 30769.912488  
68 20.770000 3523.108126 28050.153802  
69 20.780000 3255.066405 25600.630786  
70 20.790000 3010.294370 23391.569453  
71 20.800000 2786.521082 21396.792171  
72 20.810000 2581.721391 19593.245916  
73 20.820000 2394.086768 17960.597193  
74 20.830000 2221.999893 16480.883547  
75 20.840000 2064.012487 15138.213199  
76 20.850000 1918.825929 13918.505697  
77 20.860000 1785.274296 12809.267581  
78 20.870000 1662.309485 11799.398001  
79 20.880000 1548.988150 10879.020004  
80 20.890000 1444.460217 10039.333869  
81 20.900000 1347.958760 9272.489385  
82 20.910000 1258.791079 8571.474473  
83 20.920000 1176.330816 7930.017887  
84 20.930000 1100.010977 7342.504117  
85 20.940000 1029.317762 6803.898820  
86 20.950000 963.785085 6309.683414  
87 20.960000 902.989707 5855.797608  
88 20.970000 846.546916 5438.588843  
89 20.980000 794.106674 5054.767756  
90 20.990000 745.350186 4701.368890  
91 21.000000 699.986838 4375.715996  
92 21.010000 657.751464 4075.391344  
93 21.020000 618.401895 3798.208552  
94 21.030000 581.716771 3542.188500  
95 21.040000 547.493578 3305.537943  
96 21.050000 515.546885 3086.630521  
97 21.060000 485.706760 2883.989849  
98 21.070000 457.817351 2696.274468  
99 21.080000 431.735599 2522.264425  
100 21.090000 407.330090 2360.849290  
101 21.100000 384.480012 2211.017455  
102 21.110000 363.074213 2071.846560  
103 21.120000 343.010358 1942.494919  
104 21.130000 324.194154 1822.193841  
105 21.140000 306.538661 1710.240736  
106 21.150000 289.963661 1605.992928  
107 21.160000 274.395085 1508.862088  
108 21.170000 259.764497 1418.309234  
109 21.180000 246.008625 1333.840223  
110 21.190000 233.068929 1255.001687  
111 21.200000 220.891214 1181.377373  
112 21.210000 209.425279 1112.584830  
113 21.220000 198.624587 1048.272421  
114 21.230000 188.445978 988.116622  
115 21.240000 178.849395 931.819570  
116 21.250000 169.797641 879.106849  
117 21.260000 161.256156 829.725480  
118 21.270000 153.192807 783.442095  
119 21.280000 145.577707 740.041283  
120 21.290000 138.383038 699.324085  
121 21.300000 131.582894 661.106624  
122 21.310000 125.153141 625.218861  
123 21.320000 119.071277 591.503462  
124 21.330000 113.316317 559.814759  
125 21.340000 107.868677 530.017815  
126 21.350000 102.710073 501.987557  
127 21.360000 97.823425 475.607993  
128 21.370000 93.192770 450.771494  
129 21.380000 88.803185 427.378136  
130 21.390000 84.640707 405.335102  
131 21.400000 80.692270 384.556127  
132 21.410000 76.945639 364.960997  
133 21.420000 73.389353 346.475089  
134 21.430000 70.012672 329.028941  
135 21.440000 66.805525 312.557867  
136 21.450000 63.758466 297.001598  
137 21.460000 60.862631 282.303954  
138 21.470000 58.109700 268.412543  
139 21.480000 55.491856 255.278481  
140 21.490000 53.001758 242.856134  
141 21.500000 50.632504 231.102890  
142 21.510000 48.377603 219.978933  
143 21.520000 46.230952 209.447048  
144 21.530000 44.186805 199.472434  
145 21.540000 42.239754 190.022534  
146 21.550000 40.384707 181.066879  
147 21.560000 38.616864 172.576939  
148 21.570000 36.931705 164.525991  
149 21.580000 35.324965 156.888992  
150 21.590000 33.792624 149.642469  
151 21.600000 32.330887 142.764405  
152 21.610000 30.936176 136.234147  
153 21.620000 29.605110 130.032309  
154 21.630000 28.334496 124.140689  
155 21.640000 27.121319 118.542194  
156 21.650000 25.962729 113.220761  
157 21.660000 24.856031 108.161290  
158 21.670000 23.798677 103.349587  
159 21.680000 22.788258 98.772297  
160 21.690000 21.822492 94.416854  
161 21.700000 20.899221 90.271433  
162 21.710000 20.016400 86.324895  
163 21.720000 19.172095 82.566751  
164 21.730000 18.364470 78.987117  
165 21.740000 17.591789 75.576676  
166 21.750000 16.852402 72.326645  
167 21.760000 16.144749 69.228738  
168 21.770000 15.467346 66.275139  
169 21.780000 14.818790 63.458471  
170 21.790000 14.197744 60.771770  
171 21.800000 13.602943 58.208458  
172 21.810000 13.033184 55.762323  
173 21.820000 12.487325 53.427495  
174 21.830000 11.964282 51.198423  
175 21.840000 11.463022 49.069863  
176 21.850000 10.982566 47.036851  
177 21.860000 10.521982 45.094694  
178 21.870000 10.080384 43.238950  
179 21.880000 9.656929 41.465413  
180 21.890000 9.250815 39.770102  
181 21.900000 8.861279 38.149248  
182 21.910000 8.487594 36.599277  
183 21.920000 8.129068 35.116804  
184 21.930000 7.785044 33.698622  
185 21.940000 7.454892 32.341688  
186 21.950000 7.138015 31.043117  
187 21.960000 6.833844 29.800174  
188 21.970000 6.541835 28.610260  
189 21.980000 6.261470 27.470912  
190 21.990000 5.992256 26.379790  
191 22.000000 5.733721 25.334674  
192 22.010000 5.485416 24.333452  
193 22.020000 5.246912 23.374121  
194 22.030000 5.017801 22.454776  
195 22.040000 4.797690 21.573607  
196 22.050000 4.586207 20.728892  
197 22.060000 4.382996 19.918995  
198 22.070000 4.187716 19.142361  
199 22.080000 4.000043 18.397507  
200 22.090000 3.819665 17.683025  
201 22.100000 3.646285 16.997573  
202 22.110000 3.479621 16.339877  
203 22.120000 3.319399 15.708718  
204 22.130000 3.165362 15.102941  
205 22.140000 3.017260 14.521442  
206 22.150000 2.874856 13.963171  
207 22.160000 2.737922 13.427126  
208 22.170000 2.606242 12.912353  
209 22.180000 2.479607 12.417943  
210 22.190000 2.357818 11.943026  
211 22.200000 2.240685 11.486777  
212 22.210000 2.128023 11.048405  
213 22.220000 2.019659 10.627158  
214 22.230000 1.915425 10.222316  
215 22.240000 1.815161 9.833195  
216 22.250000 1.718711 9.459138  
217 22.260000 1.625930 9.099520  
218 22.270000 1.536675 8.753745  
219 22.280000 1.450811 8.421241  
220 22.290000 1.368207 8.101465  
221 22.300000 1.288741 7.793894  
222 22.310000 1.212291 7.498031  
223 22.320000 1.138743 7.213401  
224 22.330000 1.067987 6.939548  
225 22.340000 0.999917 6.676038  
226 22.350000 0.934433 6.422455  
227 22.360000 0.871436 6.178400  
228 22.370000 0.810834 5.943494  
229 22.380000 0.752537 5.717371  
230 22.390000 0.696459 5.499684  
231 22.400000 0.642516 5.290098  
232 22.410000 0.590631 5.088294  
233 22.420000 0.540726 4.893966  
234 22.430000 0.492728 4.706822  
235 22.440000 0.446566 4.526581  
236 22.450000 0.402174 4.352973  
237 22.460000 0.359485 4.185743  
238 22.470000 0.318439 4.024642  
239 22.480000 0.278973 3.869434  
240 22.490000 0.241031 3.719893  
241 22.500000 0.204557 3.575802  
242 22.510000 0.169497 3.436952  
243 22.520000 0.135801 3.303143  
244 22.530000 0.103418 3.174185  
245 22.540000 0.072302 3.049892  
246 22.550000 0.042406 2.930089  
247 22.560000 0.013686 2.814606  
248 22.570000 -0.013900 2.703281  
249 22.580000 -0.040393 2.595959  
250 22.590000 -0.065832 2.492490  
251 22.600000 -0.090255 2.392730  
252 22.610000 -0.113699 2.296541  
253 22.620000 -0.136198 2.203791  
254 22.630000 -0.157786 2.114354  
255 22.640000 -0.178495 2.028106  
256 22.650000 -0.198358 1.944930  
257 22.660000 -0.217404 1.864714  
258 22.670000 -0.235662 1.787350  
259 22.680000 -0.253160 1.712733  
260 22.690000 -0.269925 1.640763  
261 22.700000 -0.285984 1.571345  
262 22.710000 -0.301360 1.504385  
263 22.720000 -0.316079 1.439796  
264 22.730000 -0.330164 1.377490  
265 22.740000 -0.343637 1.317387  
266 22.750000 -0.356519 1.259408  
267 22.760000 -0.368832 1.203475  
268 22.770000 -0.380595 1.149517  
269 22.780000 -0.391828 1.097462  
270 22.790000 -0.402550 1.047243  
271 22.800000 -0.412779 0.998796  
272 22.810000 -0.422532 0.952056  
273 22.820000 -0.431826 0.906964  
274 22.830000 -0.440676 0.863461  
275 22.840000 -0.449100 0.821492  
276 22.850000 -0.457111 0.781003  
277 22.860000 -0.464725 0.741942  
278 22.870000 -0.471955 0.704258  
279 22.880000 -0.478814 0.667905  
280 22.890000 -0.485317 0.632835  
281 22.900000 -0.491475 0.599004  
282 22.910000 -0.497301 0.566368  
283 22.920000 -0.502806 0.534887  
284 22.930000 -0.508002 0.504520  
285 22.940000 -0.512900 0.475229  
286 22.950000 -0.517511 0.446977  
287 22.960000 -0.521843 0.419727  
288 22.970000 -0.525908 0.393447  
289 22.980000 -0.529715 0.368101  
290 22.990000 -0.533273 0.343659  
291 23.000000 -0.536591 0.320089  
292 23.010000 -0.539678 0.297361  
293 23.020000 -0.542541 0.275448  
294 23.030000 -0.545189 0.254320  
295 23.040000 -0.547630 0.233952  
296 23.050000 -0.549871 0.214317  
297 23.060000 -0.551919 0.195390  
298 23.070000 -0.553781 0.177149  
299 23.080000 -0.555464 0.159569  
300 23.090000 -0.556975 0.142627  
301 23.100000 -0.558319 0.126304  
302 23.110000 -0.559503 0.110577  
303 23.120000 -0.560532 0.095426  
304 23.130000 -0.561413 0.080833  
305 23.140000 -0.562151 0.066778  
306 23.150000 -0.562750 0.053244  
307 23.160000 -0.563217 0.040212  
308 23.170000 -0.563556 0.027667  
309 23.180000 -0.563772 0.015591  
310 23.190000 -0.563870 0.003969  
311 23.200000 -0.563853 -0.007214  
312 23.210000 -0.563727 -0.017973  
313 23.220000 -0.563495 -0.028322  
314 23.230000 -0.563162 -0.038274  
315 23.240000 -0.562731 -0.047844  
316 23.250000 -0.562206 -0.057043  
317 23.260000 -0.561591 -0.065884  
318 23.270000 -0.560889 -0.074380  
319 23.280000 -0.560104 -0.082540  
320 23.290000 -0.559240 -0.090378  
321 23.300000 -0.558298 -0.097902  
322 23.310000 -0.557283 -0.105125  
323 23.320000 -0.556196 -0.112055  
324 23.330000 -0.555042 -0.118703  
325 23.340000 -0.553823 -0.125078  
326 23.350000 -0.552542 -0.131189  
327 23.360000 -0.551200 -0.137045  
328 23.370000 -0.549802 -0.142654  
329 23.380000 -0.548348 -0.148024  
330 23.390000 -0.546842 -0.153164  
331 23.400000 -0.545286 -0.158081  
332 23.410000 -0.543681 -0.162783  
333 23.420000 -0.542031 -0.167277  
334 23.430000 -0.540336 -0.171569  
335 23.440000 -0.538600 -0.175666  
336 23.450000 -0.536823 -0.179576  
337 23.460000 -0.535009 -0.183303  
338 23.470000 -0.533158 -0.186855  
339 23.480000 -0.531272 -0.190237  
340 23.490000 -0.529354 -0.193455  
341 23.500000 -0.527404 -0.196514  
342 23.510000 -0.525424 -0.199419  
343 23.520000 -0.523416 -0.202176  
344 23.530000 -0.521381 -0.204791  
345 23.540000 -0.519321 -0.207266  
346 23.550000 -0.517236 -0.209608  
347 23.560000 -0.515129 -0.211821  
348 23.570000 -0.513000 -0.213909  
349 23.580000 -0.510851 -0.215876  
350 23.590000 -0.508683 -0.217727  
351 23.600000 -0.506497 -0.219465  
352 23.610000 -0.504294 -0.221094  
353 23.620000 -0.502075 -0.222618  
354 23.630000 -0.499842 -0.224041  
355 23.640000 -0.497595 -0.225365  
356 23.650000 -0.495335 -0.226595  
357 23.660000 -0.493063 -0.227734  
358 23.670000 -0.490781 -0.228784  
359 23.680000 -0.488488 -0.229750  
360 23.690000 -0.486186 -0.230633  
361 23.700000 -0.483876 -0.231436  
362 23.710000 -0.481557 -0.232163  
363 23.720000 -0.479233 -0.232817  
364 23.730000 -0.476901 -0.233398  
365 23.740000 -0.474565 -0.233911  
366 23.750000 -0.472223 -0.234358  
367 23.760000 -0.469878 -0.234741  
368 23.770000 -0.467529 -0.235062  
369 23.780000 -0.465177 -0.235323  
370 23.790000 -0.462822 -0.235527  
371 23.800000 -0.460466 -0.235675  
372 23.810000 -0.458109 -0.235771  
373 23.820000 -0.455751 -0.235814  
374 23.830000 -0.453393 -0.235809  
375 23.840000 -0.451035 -0.235755  
376 23.850000 -0.448678 -0.235656  
377 23.860000 -0.446322 -0.235512  
378 23.870000 -0.443968 -0.235326  
379 23.880000 -0.441616 -0.235099  
380 23.890000 -0.439266 -0.234833  
381 23.900000 -0.436919 -0.234528  
382 23.910000 -0.434576 -0.234187  
383 23.920000 -0.432236 -0.233811  
384 23.930000 -0.429900 -0.233401  
385 23.940000 -0.427568 -0.232959  
386 23.950000 -0.425240 -0.232486  
387 23.960000 -0.422918 -0.231983  
388 23.970000 -0.420601 -0.231451  
389 23.980000 -0.418289 -0.230891  
390 23.990000 -0.415983 -0.230306  
391 24.000000 -0.413683 -0.229694  
392 24.010000 -0.411389 -0.229059  
393 24.020000 -0.409102 -0.228400  
394 24.030000 -0.406821 -0.227719  
395 24.040000 -0.404548 -0.227017  
396 24.050000 -0.402281 -0.226294  
397 24.060000 -0.400022 -0.225552  
398 24.070000 -0.397770 -0.224791  
399 24.080000 -0.395526 -0.224012  
400 24.090000 -0.393290 -0.223216  
401 24.100000 -0.391062 -0.222404  
402 24.110000 -0.388842 -0.221577  
403 24.120000 -0.386630 -0.220734  
404 24.130000 -0.384427 -0.219878  
405 24.140000 -0.382233 -0.219009  
406 24.150000 -0.380047 -0.218126  
407 24.160000 -0.377870 -0.217232  
408 24.170000 -0.375703 -0.216326  
409 24.180000 -0.373544 -0.215410  
410 24.190000 -0.371394 -0.214483  
411 24.200000 -0.369254 -0.213547  
412 24.210000 -0.367124 -0.212602  
413 24.220000 -0.365002 -0.211648  
414 24.230000 -0.362891 -0.210685  
415 24.240000 -0.360789 -0.209716  
416 24.250000 -0.358696 -0.208739  
417 24.260000 -0.356614 -0.207756  
418 24.270000 -0.354541 -0.206766  
419 24.280000 -0.352479 -0.205771  
420 24.290000 -0.350426 -0.204770  
421 24.300000 -0.348383 -0.203764  
422 24.310000 -0.346351 -0.202754  
423 24.320000 -0.344328 -0.201740  
424 24.330000 -0.342316 -0.200721  
425 24.340000 -0.340314 -0.199700  
426 24.350000 -0.338322 -0.198675  
427 24.360000 -0.336340 -0.197647  
428 24.370000 -0.334369 -0.196617  
429 24.380000 -0.332408 -0.195585  
430 24.390000 -0.330457 -0.194551  
431 24.400000 -0.328517 -0.193515  
432 24.410000 -0.326587 -0.192478  
433 24.420000 -0.324667 -0.191440  
434 24.430000 -0.322758 -0.190401  
435 24.440000 -0.320859 -0.189362  
436 24.450000 -0.318971 -0.188322  
437 24.460000 -0.317093 -0.187282  
438 24.470000 -0.315225 -0.186243  
439 24.480000 -0.313368 -0.185203  
440 24.490000 -0.311521 -0.184165  
441 24.500000 -0.309685 -0.183126  
442 24.510000 -0.307859 -0.182089  
443 24.520000 -0.306043 -0.181053  
444 24.530000 -0.304238 -0.180019  
445 24.540000 -0.302443 -0.178986  
446 24.550000 -0.300658 -0.177954  
447 24.560000 -0.298883 -0.176924  
448 24.570000 -0.297119 -0.175897  
449 24.580000 -0.295365 -0.174871  
450 24.590000 -0.293622 -0.173847  
451 24.600000 -0.291889 -0.172826  
452 24.610000 -0.290165 -0.171808  
453 24.620000 -0.288452 -0.170792  
454 24.630000 -0.286750 -0.169779  
455 24.640000 -0.285057 -0.168768  
456 24.650000 -0.283374 -0.167761  
457 24.660000 -0.281702 -0.166757  
458 24.670000 -0.280039 -0.165756  
459 24.680000 -0.278386 -0.164758  
460 24.690000 -0.276744 -0.163763  
461 24.700000 -0.275111 -0.162772  
462 24.710000 -0.273488 -0.161785  
463 24.720000 -0.271875 -0.160801  
464 24.730000 -0.270272 -0.159821  
465 24.740000 -0.268679 -0.158844  
466 24.750000 -0.267095 -0.157872  
467 24.760000 -0.265522 -0.156903  
468 24.770000 -0.263957 -0.155938  
469 24.780000 -0.262403 -0.154978  
470 24.790000 -0.260858 -0.154021  
471 24.800000 -0.259322 -0.153068  
472 24.810000 -0.257796 -0.152120  
473 24.820000 -0.256280 -0.151176  
474 24.830000 -0.254773 -0.150236  
475 24.840000 -0.253275 -0.149301  
476 24.850000 -0.251787 -0.148370  
477 24.860000 -0.250308 -0.147443  
478 24.870000 -0.248838 -0.146521  
479 24.880000 -0.247377 -0.145603  
480 24.890000 -0.245926 -0.144690  
481 24.900000 -0.244484 -0.143782  
482 24.910000 -0.243050 -0.142878  
483 24.920000 -0.241626 -0.141978  
484 24.930000 -0.240211 -0.141083  
485 24.940000 -0.238804 -0.140193  
486 24.950000 -0.237407 -0.139308  
487 24.960000 -0.236018 -0.138427  
488 24.970000 -0.234638 -0.137551  
489 24.980000 -0.233267 -0.136679  
490 24.990000 -0.231905 -0.135812  
491 25.000000 -0.230551 -0.134950  
492 25.010000 -0.229206 -0.134093  
493 25.020000 -0.227869 -0.133241  
494 25.030000 -0.226541 -0.132393  
495 25.040000 -0.225221 -0.131550  
496 25.050000 -0.223910 -0.130712  
497 25.060000 -0.222607 -0.129879  
498 25.070000 -0.221312 -0.129050  
499 25.080000 -0.220026 -0.128226  
500 25.090000 -0.218748 -0.127407  
501 25.100000 -0.217478 -0.126593  
502 25.110000 -0.216216 -0.125784  
503 25.120000 -0.214962 -0.124979  
504 25.130000 -0.213716 -0.124179  
505 25.140000 -0.212478 -0.123384  
506 25.150000 -0.211248 -0.122594  
507 25.160000 -0.210026 -0.121809  
508 25.170000 -0.208812 -0.121028  
509 25.180000 -0.207606 -0.120252  
510 25.190000 -0.206407 -0.119481  
511 25.200000 -0.205216 -0.118714  
512 25.210000 -0.204033 -0.117953  
513 25.220000 -0.202857 -0.117195  
514 25.230000 -0.201689 -0.116443  
515 25.240000 -0.200528 -0.115696  
516 25.250000 -0.199375 -0.114953  
517 25.260000 -0.198229 -0.114214  
518 25.270000 -0.197091 -0.113481  
519 25.280000 -0.195960 -0.112752  
520 25.290000 -0.194836 -0.112028  
521 25.300000 -0.193719 -0.111308  
522 25.310000 -0.192610 -0.110593  
523 25.320000 -0.191507 -0.109882  
524 25.330000 -0.190412 -0.109176  
525 25.340000 -0.189324 -0.108475  
526 25.350000 -0.188242 -0.107778  
527 25.360000 -0.187168 -0.107086  
528 25.370000 -0.186101 -0.106398  
529 25.380000 -0.185040 -0.105714  
530 25.390000 -0.183986 -0.105035  
531 25.400000 -0.182939 -0.104361  
532 25.410000 -0.181899 -0.103691  
533 25.420000 -0.180866 -0.103025  
534 25.430000 -0.179839 -0.102364  
535 25.440000 -0.178818 -0.101707  
536 25.450000 -0.177804 -0.101055  
537 25.460000 -0.176797 -0.100407  
538 25.470000 -0.175796 -0.099763  
539 25.480000 -0.174802 -0.099123  
540 25.490000 -0.173814 -0.098488  
541 25.500000 -0.172832 -0.097857  
542 25.510000 -0.171857 -0.097230  
543 25.520000 -0.170887 -0.096607  
544 25.530000 -0.169924 -0.095989  
545 25.540000 -0.168968 -0.095374  
546 25.550000 -0.168017 -0.094764  
547 25.560000 -0.167072 -0.094158  
548 25.570000 -0.166134 -0.093556  
549 25.580000 -0.165201 -0.092958  
550 25.590000 -0.164275 -0.092364  
551 25.600000 -0.163354 -0.091774  
552 25.610000 -0.162439 -0.091188  
553 25.620000 -0.161530 -0.090607  
554 25.630000 -0.160627 -0.090029  
555 25.640000 -0.159730 -0.089455  
556 25.650000 -0.158838 -0.088885  
557 25.660000 -0.157952 -0.088318  
558 25.670000 -0.157072 -0.087756  
559 25.680000 -0.156197 -0.087198  
560 25.690000 -0.155328 -0.086643  
561 25.700000 -0.154464 -0.086092  
562 25.710000 -0.153606 -0.085545  
563 25.720000 -0.152753 -0.085002  
564 25.730000 -0.151906 -0.084462  
565 25.740000 -0.151064 -0.083926  
566 25.750000 -0.150227 -0.083394  
567 25.760000 -0.149396 -0.082866  
568 25.770000 -0.148570 -0.082341  
569 25.780000 -0.147749 -0.081819  
570 25.790000 -0.146933 -0.081302  
571 25.800000 -0.146123 -0.080788  
572 25.810000 -0.145318 -0.080277  
573 25.820000 -0.144517 -0.079770  
574 25.830000 -0.143722 -0.079266  
575 25.840000 -0.142932 -0.078766  
576 25.850000 -0.142147 -0.078270  
577 25.860000 -0.141367 -0.077777  
578 25.870000 -0.140591 -0.077287  
579 25.880000 -0.139821 -0.076801  
580 25.890000 -0.139055 -0.076318  
581 25.900000 -0.138295 -0.075838  
582 25.910000 -0.137539 -0.075362  
583 25.920000 -0.136787 -0.074889  
584 25.930000 -0.136041 -0.074419  
585 25.940000 -0.135299 -0.073952  
586 25.950000 -0.134562 -0.073489  
587 25.960000 -0.133829 -0.073029  
588 25.970000 -0.133101 -0.072572  
589 25.980000 -0.132378 -0.072119  
590 25.990000 -0.131659 -0.071668  
591 26.000000 -0.130944 -0.071221  
592 26.010000 -0.130234 -0.070776  
593 26.020000 -0.129529 -0.070335  
594 26.030000 -0.128828 -0.069897  
595 26.040000 -0.128131 -0.069462  
596 26.050000 -0.127438 -0.069030  
597 26.060000 -0.126750 -0.068601  
598 26.070000 -0.126066 -0.068175  
599 26.080000 -0.125387 -0.067752  
600 26.090000 -0.124711 -0.067331  
601 26.100000 -0.124040 -0.066914  
602 26.110000 -0.123373 -0.066500  
603 26.120000 -0.122710 -0.066088  
604 26.130000 -0.122051 -0.065680  
605 26.140000 -0.121396 -0.065274  
606 26.150000 -0.120746 -0.064871  
607 26.160000 -0.120099 -0.064471  
608 26.170000 -0.119456 -0.064073  
609 26.180000 -0.118818 -0.063679  
610 26.190000 -0.118183 -0.063287  
611 26.200000 -0.117552 -0.062898  
612 26.210000 -0.116925 -0.062511  
613 26.220000 -0.116302 -0.062127  
614 26.230000 -0.115682 -0.061746  
615 26.240000 -0.115067 -0.061368  
616 26.250000 -0.114455 -0.060992  
617 26.260000 -0.113847 -0.060618  
618 26.270000 -0.113242 -0.060248  
619 26.280000 -0.112642 -0.059880  
620 26.290000 -0.112045 -0.059514  
621 26.300000 -0.111452 -0.059151  
622 26.310000 -0.110862 -0.058791  
623 26.320000 -0.110276 -0.058433  
624 26.330000 -0.109693 -0.058077  
625 26.340000 -0.109114 -0.057724  
626 26.350000 -0.108539 -0.057373  
627 26.360000 -0.107967 -0.057025  
628 26.370000 -0.107398 -0.056679  
629 26.380000 -0.106833 -0.056336  
630 26.390000 -0.106271 -0.055995  
631 26.400000 -0.105713 -0.055656  
632 26.410000 -0.105158 -0.055320  
633 26.420000 -0.104607 -0.054986  
634 26.430000 -0.104059 -0.054654  
635 26.440000 -0.103514 -0.054324  
636 26.450000 -0.102972 -0.053997  
637 26.460000 -0.102434 -0.053672  
638 26.470000 -0.101899 -0.053350  
639 26.480000 -0.101367 -0.053029  
640 26.490000 -0.100838 -0.052711  
641 26.500000 -0.100313 -0.052395  
642 26.510000 -0.099790 -0.052081  
643 26.520000 -0.099271 -0.051769  
644 26.530000 -0.098755 -0.051459  
645 26.540000 -0.098242 -0.051152  
646 26.550000 -0.097732 -0.050846  
647 26.560000 -0.097225 -0.050543  
648 26.570000 -0.096721 -0.050242  
649 26.580000 -0.096220 -0.049943  
650 26.590000 -0.095722 -0.049646  
651 26.600000 -0.095227 -0.049351  
652 26.610000 -0.094735 -0.049057  
653 26.620000 -0.094246 -0.048766  
654 26.630000 -0.093760 -0.048477  
655 26.640000 -0.093276 -0.048190  
656 26.650000 -0.092796 -0.047905  
657 26.660000 -0.092318 -0.047622  
658 26.670000 -0.091843 -0.047341  
659 26.680000 -0.091371 -0.047061  
660 26.690000 -0.090902 -0.046784  
661 26.700000 -0.090436 -0.046508  
662 26.710000 -0.089972 -0.046235  
663 26.720000 -0.089511 -0.045963  
664 26.730000 -0.089053 -0.045693  
665 26.740000 -0.088597 -0.045425  
666 26.750000 -0.088144 -0.045158  
667 26.760000 -0.087694 -0.044894  
668 26.770000 -0.087246 -0.044631  
669 26.780000 -0.086801 -0.044370  
670 26.790000 -0.086359 -0.044111  
671 26.800000 -0.085919 -0.043853  
672 26.810000 -0.085482 -0.043598  
673 26.820000 -0.085047 -0.043344  
674 26.830000 -0.084615 -0.043091  
675 26.840000 -0.084185 -0.042841  
676 26.850000 -0.083758 -0.042592  
677 26.860000 -0.083334 -0.042345  
678 26.870000 -0.082911 -0.042099  
679 26.880000 -0.082492 -0.041855  
680 26.890000 -0.082074 -0.041613  
681 26.900000 -0.081659 -0.041372  
682 26.910000 -0.081247 -0.041133  
683 26.920000 -0.080837 -0.040896  
684 26.930000 -0.080429 -0.040660  
685 26.940000 -0.080023 -0.040426  
686 26.950000 -0.079620 -0.040193  
687 26.960000 -0.079220 -0.039962  
688 26.970000 -0.078821 -0.039733  
689 26.980000 -0.078425 -0.039504  
690 26.990000 -0.078031 -0.039278  
691 27.000000 -0.077639 -0.039053  
692 27.010000 -0.077250 -0.038829  
693 27.020000 -0.076863 -0.038607  
694 27.030000 -0.076478 -0.038387  
695 27.040000 -0.076095 -0.038168  
696 27.050000 -0.075714 -0.037950  
697 27.060000 -0.075336 -0.037734  
698 27.070000 -0.074960 -0.037519  
699 27.080000 -0.074586 -0.037306  
700 27.090000 -0.074214 -0.037094  
701 27.100000 -0.073844 -0.036884  
702 27.110000 -0.073476 -0.036675  
703 27.120000 -0.073110 -0.036467  
704 27.130000 -0.072747 -0.036260  
705 27.140000 -0.072385 -0.036055  
706 27.150000 -0.072025 -0.035852  
707 27.160000 -0.071668 -0.035650  
708 27.170000 -0.071312 -0.035449  
709 27.180000 -0.070959 -0.035249  
710 27.190000 -0.070607 -0.035051  
711 27.200000 -0.070258 -0.034854  
712 27.210000 -0.069910 -0.034658  
713 27.220000 -0.069565 -0.034464  
714 27.230000 -0.069221 -0.034270  
715 27.240000 -0.068879 -0.034078  
716 27.250000 -0.068540 -0.033888  
717 27.260000 -0.068202 -0.033698  
718 27.270000 -0.067866 -0.033510  
719 27.280000 -0.067531 -0.033323  
720 27.290000 -0.067199 -0.033138  
721 27.300000 -0.066869 -0.032953  
722 27.310000 -0.066540 -0.032770  
723 27.320000 -0.066213 -0.032588  
724 27.330000 -0.065888 -0.032407  
725 27.340000 -0.065565 -0.032227  
726 27.350000 -0.065244 -0.032049  
727 27.360000 -0.064924 -0.031871  
728 27.370000 -0.064606 -0.031695  
729 27.380000 -0.064290 -0.031520  
730 27.390000 -0.063976 -0.031346  
731 27.400000 -0.063663 -0.031173  
732 27.410000 -0.063352 -0.031001  
733 27.420000 -0.063043 -0.030831  
734 27.430000 -0.062736 -0.030661  
735 27.440000 -0.062430 -0.030493  
736 27.450000 -0.062126 -0.030325  
737 27.460000 -0.061824 -0.030159  
738 27.470000 -0.061523 -0.029994  
739 27.480000 -0.061224 -0.029830  
740 27.490000 -0.060926 -0.029667  
741 27.500000 -0.060630 -0.029504  
742 27.510000 -0.060336 -0.029343  
743 27.520000 -0.060043 -0.029184  
744 27.530000 -0.059752 -0.029025  
745 27.540000 -0.059463 -0.028867  
746 27.550000 -0.059175 -0.028710  
747 27.560000 -0.058889 -0.028554  
748 27.570000 -0.058604 -0.028399  
749 27.580000 -0.058321 -0.028245  
750 27.590000 -0.058039 -0.028092  
751 27.600000 -0.057759 -0.027940  
752 27.610000 -0.057480 -0.027789  
753 27.620000 -0.057203 -0.027639  
754 27.630000 -0.056927 -0.027490  
755 27.640000 -0.056653 -0.027342  
756 27.650000 -0.056381 -0.027195  
757 27.660000 -0.056109 -0.027048  
758 27.670000 -0.055840 -0.026903  
759 27.680000 -0.055571 -0.026758  
760 27.690000 -0.055305 -0.026615  
761 27.700000 -0.055039 -0.026472  
762 27.710000 -0.054775 -0.026331  
763 27.720000 -0.054512 -0.026190  
764 27.730000 -0.054251 -0.026050  
765 27.740000 -0.053991 -0.025911  
766 27.750000 -0.053733 -0.025773  
767 27.760000 -0.053476 -0.025635  
768 27.770000 -0.053220 -0.025499  
769 27.780000 -0.052966 -0.025363  
770 27.790000 -0.052713 -0.025228  
771 27.800000 -0.052461 -0.025095  
772 27.810000 -0.052211 -0.024962  
773 27.820000 -0.051962 -0.024829  
774 27.830000 -0.051715 -0.024698  
775 27.840000 -0.051468 -0.024567  
776 27.850000 -0.051223 -0.024437  
777 27.860000 -0.050980 -0.024309  
778 27.870000 -0.050737 -0.024180  
779 27.880000 -0.050496 -0.024053  
780 27.890000 -0.050256 -0.023926  
781 27.900000 -0.050017 -0.023801  
782 27.910000 -0.049780 -0.023676  
783 27.920000 -0.049544 -0.023551  
784 27.930000 -0.049309 -0.023428  
785 27.940000 -0.049075 -0.023305  
786 27.950000 -0.048843 -0.023183  
787 27.960000 -0.048612 -0.023062  
788 27.970000 -0.048382 -0.022942  
789 27.980000 -0.048153 -0.022822  
790 27.990000 -0.047925 -0.022703  
791 28.000000 -0.047699 -0.022585  
792 28.010000 -0.047473 -0.022467  
793 28.020000 -0.047249 -0.022350  
794 28.030000 -0.047026 -0.022234  
795 28.040000 -0.046805 -0.022119  
796 28.050000 -0.046584 -0.022004  
797 28.060000 -0.046365 -0.021890  
798 28.070000 -0.046146 -0.021777  
799 28.080000 -0.045929 -0.021665  
800 28.090000 -0.045713 -0.021553  
801 28.100000 -0.045498 -0.021442  
802 28.110000 -0.045284 -0.021331  
803 28.120000 -0.045071 -0.021221  
804 28.130000 -0.044860 -0.021112  
805 28.140000 -0.044649 -0.021004  
806 28.150000 -0.044440 -0.020896  
807 28.160000 -0.044231 -0.020789  
808 28.170000 -0.044024 -0.020682  
809 28.180000 -0.043818 -0.020576  
810 28.190000 -0.043612 -0.020471  
811 28.200000 -0.043408 -0.020366  
812 28.210000 -0.043205 -0.020262  
813 28.220000 -0.043003 -0.020159  
814 28.230000 -0.042802 -0.020056  
815 28.240000 -0.042602 -0.019954  
816 28.250000 -0.042403 -0.019853  
817 28.260000 -0.042205 -0.019752  
818 28.270000 -0.042008 -0.019651  
819 28.280000 -0.041812 -0.019552  
820 28.290000 -0.041617 -0.019453  
821 28.300000 -0.041423 -0.019354  
822 28.310000 -0.041230 -0.019256  
823 28.320000 -0.041038 -0.019159  
824 28.330000 -0.040846 -0.019062  
825 28.340000 -0.040656 -0.018966  
826 28.350000 -0.040467 -0.018870  
827 28.360000 -0.040279 -0.018775  
828 28.370000 -0.040092 -0.018681  
829 28.380000 -0.039905 -0.018587  
830 28.390000 -0.039720 -0.018494  
831 28.400000 -0.039535 -0.018401  
832 28.410000 -0.039352 -0.018309  
833 28.420000 -0.039169 -0.018217  
834 28.430000 -0.038987 -0.018126  
835 28.440000 -0.038807 -0.018035  
836 28.450000 -0.038627 -0.017945  
837 28.460000 -0.038448 -0.017856  
838 28.470000 -0.038270 -0.017767  
839 28.480000 -0.038092 -0.017678  
840 28.490000 -0.037916 -0.017591  
841 28.500000 -0.037741 -0.017503  
842 28.510000 -0.037566 -0.017416  
843 28.520000 -0.037392 -0.017330  
844 28.530000 -0.037219 -0.017244  
845 28.540000 -0.037047 -0.017159  
846 28.550000 -0.036876 -0.017074  
847 28.560000 -0.036706 -0.016989  
848 28.570000 -0.036536 -0.016905  
849 28.580000 -0.036368 -0.016822  
850 28.590000 -0.036200 -0.016739  
851 28.600000 -0.036033 -0.016657  
852 28.610000 -0.035867 -0.016575  
853 28.620000 -0.035702 -0.016493  
854 28.630000 -0.035537 -0.016412  
855 28.640000 -0.035373 -0.016332  
856 28.650000 -0.035210 -0.016252  
857 28.660000 -0.035048 -0.016172  
858 28.670000 -0.034887 -0.016093  
859 28.680000 -0.034726 -0.016014  
860 28.690000 -0.034567 -0.015936  
861 28.700000 -0.034408 -0.015858  
862 28.710000 -0.034249 -0.015781  
863 28.720000 -0.034092 -0.015704  
864 28.730000 -0.033935 -0.015628  
865 28.740000 -0.033779 -0.015552  
866 28.750000 -0.033624 -0.015476  
867 28.760000 -0.033470 -0.015401  
868 28.770000 -0.033316 -0.015326  
869 28.780000 -0.033163 -0.015252  
870 28.790000 -0.033011 -0.015178  
871 28.800000 -0.032860 -0.015105  
872 28.810000 -0.032709 -0.015032  
873 28.820000 -0.032559 -0.014960  
874 28.830000 -0.032410 -0.014887  
875 28.840000 -0.032261 -0.014816  
876 28.850000 -0.032114 -0.014744  
877 28.860000 -0.031967 -0.014673  
878 28.870000 -0.031820 -0.014603  
879 28.880000 -0.031675 -0.014533  
880 28.890000 -0.031530 -0.014463  
881 28.900000 -0.031385 -0.014394  
882 28.910000 -0.031242 -0.014325  
883 28.920000 -0.031099 -0.014256  
884 28.930000 -0.030957 -0.014188  
885 28.940000 -0.030815 -0.014121  
886 28.950000 -0.030674 -0.014053  
887 28.960000 -0.030534 -0.013986  
888 28.970000 -0.030394 -0.013920  
889 28.980000 -0.030256 -0.013853  
890 28.990000 -0.030117 -0.013788  
891 29.000000 -0.029980 -0.013722  
892 29.010000 -0.029843 -0.013657  
893 29.020000 -0.029707 -0.013592  
894 29.030000 -0.029571 -0.013528  
895 29.040000 -0.029436 -0.013464  
896 29.050000 -0.029302 -0.013400  
897 29.060000 -0.029168 -0.013337  
898 29.070000 -0.029035 -0.013274  
899 29.080000 -0.028903 -0.013211  
900 29.090000 -0.028771 -0.013149  
901 29.100000 -0.028640 -0.013087  
902 29.110000 -0.028509 -0.013026  
903 29.120000 -0.028379 -0.012965  
904 29.130000 -0.028250 -0.012904  
905 29.140000 -0.028121 -0.012843  
906 29.150000 -0.027993 -0.012783  
907 29.160000 -0.027865 -0.012723  
908 29.170000 -0.027738 -0.012664  
909 29.180000 -0.027612 -0.012604  
910 29.190000 -0.027486 -0.012546  
911 29.200000 -0.027361 -0.012487  
912 29.210000 -0.027237 -0.012429  
913 29.220000 -0.027113 -0.012371  
914 29.230000 -0.026989 -0.012313  
915 29.240000 -0.026866 -0.012256  
916 29.250000 -0.026744 -0.012199  
917 29.260000 -0.026622 -0.012143  
918 29.270000 -0.026501 -0.012086  
919 29.280000 -0.026381 -0.012030  
920 29.290000 -0.026261 -0.011975  
921 29.300000 -0.026141 -0.011919  
922 29.310000 -0.026022 -0.011864  
923 29.320000 -0.025904 -0.011809  
924 29.330000 -0.025786 -0.011755  
925 29.340000 -0.025669 -0.011701  
926 29.350000 -0.025552 -0.011647  
927 29.360000 -0.025436 -0.011593  
928 29.370000 -0.025320 -0.011540  
929 29.380000 -0.025205 -0.011487  
930 29.390000 -0.025090 -0.011434  
931 29.400000 -0.024976 -0.011382  
932 29.410000 -0.024863 -0.011330  
933 29.420000 -0.024750 -0.011278  
934 29.430000 -0.024637 -0.011226  
935 29.440000 -0.024525 -0.011175  
936 29.450000 -0.024414 -0.011124  
937 29.460000 -0.024303 -0.011073  
938 29.470000 -0.024192 -0.011023  
939 29.480000 -0.024082 -0.010973  
940 29.490000 -0.023973 -0.010923  
941 29.500000 -0.023864 -0.010873  
942 29.510000 -0.023755 -0.010824  
943 29.520000 -0.023647 -0.010775  
944 29.530000 -0.023540 -0.010726  
945 29.540000 -0.023433 -0.010677  
946 29.550000 -0.023326 -0.010629  
947 29.560000 -0.023220 -0.010581  
948 29.570000 -0.023115 -0.010533  
949 29.580000 -0.023010 -0.010486  
950 29.590000 -0.022905 -0.010438  
951 29.600000 -0.022801 -0.010391  
952 29.610000 -0.022697 -0.010344  
953 29.620000 -0.022594 -0.010298  
954 29.630000 -0.022491 -0.010252  
955 29.640000 -0.022389 -0.010206  
956 29.650000 -0.022287 -0.010160  
957 29.660000 -0.022186 -0.010114  
958 29.670000 -0.022085 -0.010069  
959 29.680000 -0.021984 -0.010024  
960 29.690000 -0.021884 -0.009979  
961 29.700000 -0.021785 -0.009935  
962 29.710000 -0.021686 -0.009890  
963 29.720000 -0.021587 -0.009846  
964 29.730000 -0.021489 -0.009802  
965 29.740000 -0.021391 -0.009759  
966 29.750000 -0.021293 -0.009715  
967 29.760000 -0.021197 -0.009672  
968 29.770000 -0.021100 -0.009629  
969 29.780000 -0.021004 -0.009586  
970 29.790000 -0.020908 -0.009544  
971 29.800000 -0.020813 -0.009502  
972 29.810000 -0.020718 -0.009459  
973 29.820000 -0.020624 -0.009418  
974 29.830000 -0.020530 -0.009376  
975 29.840000 -0.020436 -0.009335  
976 29.850000 -0.020343 -0.009293  
977 29.860000 -0.020250 -0.009252  
978 29.870000 -0.020158 -0.009212  
979 29.880000 -0.020066 -0.009171  
980 29.890000 -0.019975 -0.009131  
981 29.900000 -0.019884 -0.009091  
982 29.910000 -0.019793 -0.009051  
983 29.920000 -0.019703 -0.009011  
984 29.930000 -0.019613 -0.008972  
985 29.940000 -0.019523 -0.008932  
986 29.950000 -0.019434 -0.008893  
987 29.960000 -0.019345 -0.008854  
988 29.970000 -0.019257 -0.008816  
989 29.980000 -0.019169 -0.008777  
990 29.990000 -0.019081 -0.008739  
991 30.000000 -0.018994 -0.008701  
992 30.010000 -0.018907 -0.008663  
993 30.020000 -0.018821 -0.008625  
994 30.030000 -0.018735 -0.008588  
995 30.040000 -0.018649 -0.008551  
996 30.050000 -0.018564 -0.008514  
997 30.060000 -0.018479 -0.008477  
998 30.070000 -0.018394 -0.008440  
999 30.080000 -0.018310 -0.008403  
1000 30.090000 -0.018226 -0.008367  
1001 30.100000 -0.018143 -0.008331  
1002 30.110000 -0.018060 -0.008295  
1003 30.120000 -0.017977 -0.008259  
1004 30.130000 -0.017894 -0.008224  
1005 30.140000 -0.017812 -0.008188  
1006 30.150000 -0.017731 -0.008153  
1007 30.160000 -0.017649 -0.008118  
1008 30.170000 -0.017568 -0.008083  
1009 30.180000 -0.017488 -0.008048  
1010 30.190000 -0.017407 -0.008014  
1011 30.200000 -0.017327 -0.007980  
1012 30.210000 -0.017248 -0.007945  
1013 30.220000 -0.017168 -0.007911  
1014 30.230000 -0.017090 -0.007878  
1015 30.240000 -0.017011 -0.007844  
1016 30.250000 -0.016933 -0.007810  
1017 30.260000 -0.016855 -0.007777  
1018 30.270000 -0.016777 -0.007744  
1019 30.280000 -0.016700 -0.007711  
1020 30.290000 -0.016623 -0.007678  
1021 30.300000 -0.016546 -0.007646  
1022 30.310000 -0.016470 -0.007613  
1023 30.320000 -0.016394 -0.007581  
1024 30.330000 -0.016318 -0.007549  
1025 30.340000 -0.016243 -0.007517  
1026 30.350000 -0.016168 -0.007485  
1027 30.360000 -0.016093 -0.007453  
1028 30.370000 -0.016019 -0.007422  
1029 30.380000 -0.015945 -0.007390  
1030 30.390000 -0.015871 -0.007359  
1031 30.400000 -0.015798 -0.007328  
1032 30.410000 -0.015725 -0.007297  
1033 30.420000 -0.015652 -0.007267  
1034 30.430000 -0.015579 -0.007236  
1035 30.440000 -0.015507 -0.007206  
1036 30.450000 -0.015435 -0.007175  
1037 30.460000 -0.015364 -0.007145  
1038 30.470000 -0.015292 -0.007115  
1039 30.480000 -0.015221 -0.007085  
1040 30.490000 -0.015151 -0.007056  
1041 30.500000 -0.015080 -0.007026  
1042 30.510000 -0.015010 -0.006997  
1043 30.520000 -0.014940 -0.006968  
1044 30.530000 -0.014871 -0.006939  
1045 30.540000 -0.014801 -0.006910  
1046 30.550000 -0.014732 -0.006881  
1047 30.560000 -0.014664 -0.006852  
1048 30.570000 -0.014595 -0.006824  
1049 30.580000 -0.014527 -0.006795  
1050 30.590000 -0.014460 -0.006767  
1051 30.600000 -0.014392 -0.006739  
1052 30.610000 -0.014325 -0.006711  
1053 30.620000 -0.014258 -0.006683  
1054 30.630000 -0.014191 -0.006656  
1055 30.640000 -0.014125 -0.006628  
1056 30.650000 -0.014058 -0.006601  
1057 30.660000 -0.013993 -0.006574  
1058 30.670000 -0.013927 -0.006546  
1059 30.680000 -0.013862 -0.006519  
1060 30.690000 -0.013797 -0.006493  
1061 30.700000 -0.013732 -0.006466  
1062 30.710000 -0.013667 -0.006439  
1063 30.720000 -0.013603 -0.006413  
1064 30.730000 -0.013539 -0.006386  
1065 30.740000 -0.013475 -0.006360  
1066 30.750000 -0.013412 -0.006334  
1067 30.760000 -0.013349 -0.006308  
1068 30.770000 -0.013286 -0.006282  
1069 30.780000 -0.013223 -0.006257  
1070 30.790000 -0.013161 -0.006231  
1071 30.800000 -0.013098 -0.006206  
1072 30.810000 -0.013036 -0.006180  
1073 30.820000 -0.012975 -0.006155  
1074 30.830000 -0.012913 -0.006130  
1075 30.840000 -0.012852 -0.006105  
1076 30.850000 -0.012791 -0.006080  
1077 30.860000 -0.012731 -0.006056  
1078 30.870000 -0.012670 -0.006031  
1079 30.880000 -0.012610 -0.006006  
1080 30.890000 -0.012550 -0.005982  
1081 30.900000 -0.012490 -0.005958  
1082 30.910000 -0.012431 -0.005934  
1083 30.920000 -0.012372 -0.005910  
1084 30.930000 -0.012313 -0.005886  
1085 30.940000 -0.012254 -0.005862  
1086 30.950000 -0.012195 -0.005838  
1087 30.960000 -0.012137 -0.005815  
1088 30.970000 -0.012079 -0.005791  
1089 30.980000 -0.012021 -0.005768  
1090 30.990000 -0.011964 -0.005745  
1091 31.000000 -0.011906 -0.005722  
1092 31.010000 -0.011849 -0.005699  
1093 31.020000 -0.011792 -0.005676  
1094 31.030000 -0.011736 -0.005653  
1095 31.040000 -0.011679 -0.005630  
1096 31.050000 -0.011623 -0.005608  
1097 31.060000 -0.011567 -0.005585  
1098 31.070000 -0.011511 -0.005563  
1099 31.080000 -0.011456 -0.005541  
1100 31.090000 -0.011401 -0.005519  
1101 31.100000 -0.011346 -0.005497  
1102 31.110000 -0.011291 -0.005475  
1103 31.120000 -0.011236 -0.005453  
1104 31.130000 -0.011182 -0.005431  
1105 31.140000 -0.011127 -0.005410  
1106 31.150000 -0.011073 -0.005388  
1107 31.160000 -0.011020 -0.005367  
1108 31.170000 -0.010966 -0.005345  
1109 31.180000 -0.010913 -0.005324  
1110 31.190000 -0.010860 -0.005303  
1111 31.200000 -0.010807 -0.005282  
1112 31.210000 -0.010754 -0.005261  
1113 31.220000 -0.010701 -0.005240  
1114 31.230000 -0.010649 -0.005220  
1115 31.240000 -0.010597 -0.005199  
1116 31.250000 -0.010545 -0.005179  
1117 31.260000 -0.010494 -0.005158  
1118 31.270000 -0.010442 -0.005138  
1119 31.280000 -0.010391 -0.005118  
1120 31.290000 -0.010340 -0.005097  
1121 31.300000 -0.010289 -0.005077  
1122 31.310000 -0.010238 -0.005057  
1123 31.320000 -0.010188 -0.005038  
1124 31.330000 -0.010137 -0.005018  
1125 31.340000 -0.010087 -0.004998  
1126 31.350000 -0.010037 -0.004979  
1127 31.360000 -0.009988 -0.004959  
1128 31.370000 -0.009938 -0.004940  
1129 31.380000 -0.009889 -0.004920  
1130 31.390000 -0.009840 -0.004901  
1131 31.400000 -0.009791 -0.004882  
1132 31.410000 -0.009742 -0.004863  
1133 31.420000 -0.009694 -0.004844  
1134 31.430000 -0.009645 -0.004825  
1135 31.440000 -0.009597 -0.004806  
1136 31.450000 -0.009549 -0.004788  
1137 31.460000 -0.009501 -0.004769  
1138 31.470000 -0.009454 -0.004751  
1139 31.480000 -0.009406 -0.004732  
1140 31.490000 -0.009359 -0.004714  
1141 31.500000 -0.009312 -0.004696  
1142 31.510000 -0.009265 -0.004677  
1143 31.520000 -0.009219 -0.004659  
1144 31.530000 -0.009172 -0.004641  
1145 31.540000 -0.009126 -0.004623  
1146 31.550000 -0.009080 -0.004606  
1147 31.560000 -0.009034 -0.004588  
1148 31.570000 -0.008988 -0.004570  
1149 31.580000 -0.008942 -0.004553  
1150 31.590000 -0.008897 -0.004535  
1151 31.600000 -0.008852 -0.004518  
1152 31.610000 -0.008806 -0.004500  
1153 31.620000 -0.008762 -0.004483  
1154 31.630000 -0.008717 -0.004466  
1155 31.640000 -0.008672 -0.004449  
1156 31.650000 -0.008628 -0.004432  
1157 31.660000 -0.008584 -0.004415  
1158 31.670000 -0.008539 -0.004398  
1159 31.680000 -0.008496 -0.004381  
1160 31.690000 -0.008452 -0.004364  
1161 31.700000 -0.008408 -0.004348  
1162 31.710000 -0.008365 -0.004331  
1163 31.720000 -0.008322 -0.004315  
1164 31.730000 -0.008279 -0.004298  
1165 31.740000 -0.008236 -0.004282  
1166 31.750000 -0.008193 -0.004265  
1167 31.760000 -0.008150 -0.004249  
1168 31.770000 -0.008108 -0.004233  
1169 31.780000 -0.008066 -0.004217  
1170 31.790000 -0.008024 -0.004201  
1171 31.800000 -0.007982 -0.004185  
1172 31.810000 -0.007940 -0.004169  
1173 31.820000 -0.007898 -0.004154  
1174 31.830000 -0.007857 -0.004138  
1175 31.840000 -0.007816 -0.004122  
1176 31.850000 -0.007774 -0.004107  
1177 31.860000 -0.007733 -0.004091  
1178 31.870000 -0.007693 -0.004076  
1179 31.880000 -0.007652 -0.004060  
1180 31.890000 -0.007611 -0.004045  
1181 31.900000 -0.007571 -0.004030  
1182 31.910000 -0.007531 -0.004015  
1183 31.920000 -0.007491 -0.004000  
1184 31.930000 -0.007451 -0.003985  
1185 31.940000 -0.007411 -0.003970  
1186 31.950000 -0.007371 -0.003955  
1187 31.960000 -0.007332 -0.003940  
1188 31.970000 -0.007293 -0.003925  
1189 31.980000 -0.007253 -0.003911  
1190 31.990000 -0.007214 -0.003896  
1191 32.000000 -0.007176 -0.003881  
1192 32.010000 -0.007137 -0.003867  
1193 32.020000 -0.007098 -0.003852  
1194 32.030000 -0.007060 -0.003838  
1195 32.040000 -0.007021 -0.003824  
1196 32.050000 -0.006983 -0.003810  
1197 32.060000 -0.006945 -0.003795  
1198 32.070000 -0.006907 -0.003781  
1199 32.080000 -0.006870 -0.003767  
1200 32.090000 -0.006832 -0.003753  
1201 32.100000 -0.006795 -0.003739  
1202 32.110000 -0.006757 -0.003725  
1203 32.120000 -0.006720 -0.003712  
1204 32.130000 -0.006683 -0.003698  
1205 32.140000 -0.006646 -0.003684  
1206 32.150000 -0.006609 -0.003671  
1207 32.160000 -0.006573 -0.003657  
1208 32.170000 -0.006536 -0.003644  
1209 32.180000 -0.006500 -0.003630  
1210 32.190000 -0.006464 -0.003617  
1211 32.200000 -0.006427 -0.003603  
1212 32.210000 -0.006392 -0.003590  
1213 32.220000 -0.006356 -0.003577  
1214 32.230000 -0.006320 -0.003564  
1215 32.240000 -0.006284 -0.003551  
1216 32.250000 -0.006249 -0.003538  
1217 32.260000 -0.006214 -0.003525  
1218 32.270000 -0.006178 -0.003512  
1219 32.280000 -0.006143 -0.003499  
1220 32.290000 -0.006108 -0.003486  
1221 32.300000 -0.006074 -0.003473  
1222 32.310000 -0.006039 -0.003461  
1223 32.320000 -0.006004 -0.003448  
1224 32.330000 -0.005970 -0.003436  
1225 32.340000 -0.005936 -0.003423  
1226 32.350000 -0.005902 -0.003411  
1227 32.360000 -0.005868 -0.003398  
1228 32.370000 -0.005834 -0.003386  
1229 32.380000 -0.005800 -0.003373  
1230 32.390000 -0.005766 -0.003361  
1231 32.400000 -0.005733 -0.003349  
1232 32.410000 -0.005699 -0.003337  
1233 32.420000 -0.005666 -0.003325  
1234 32.430000 -0.005633 -0.003313  
1235 32.440000 -0.005600 -0.003301  
1236 32.450000 -0.005567 -0.003289  
1237 32.460000 -0.005534 -0.003277  
1238 32.470000 -0.005501 -0.003265  
1239 32.480000 -0.005469 -0.003253  
1240 32.490000 -0.005436 -0.003241  
1241 32.500000 -0.005404 -0.003230  
1242 32.510000 -0.005371 -0.003218  
1243 32.520000 -0.005339 -0.003206  
1244 32.530000 -0.005307 -0.003195  
1245 32.540000 -0.005275 -0.003183  
1246 32.550000 -0.005244 -0.003172  
1247 32.560000 -0.005212 -0.003161  
1248 32.570000 -0.005180 -0.003149  
1249 32.580000 -0.005149 -0.003138  
1250 32.590000 -0.005118 -0.003127  
1251 32.600000 -0.005086 -0.003116  
1252 32.610000 -0.005055 -0.003104  
1253 32.620000 -0.005024 -0.003093  
1254 32.630000 -0.004994 -0.003082  
1255 32.640000 -0.004963 -0.003071  
1256 32.650000 -0.004932 -0.003060  
1257 32.660000 -0.004902 -0.003049  
1258 32.670000 -0.004871 -0.003038  
1259 32.680000 -0.004841 -0.003028  
1260 32.690000 -0.004811 -0.003017  
1261 32.700000 -0.004780 -0.003006  
1262 32.710000 -0.004750 -0.002995  
1263 32.720000 -0.004721 -0.002985  
1264 32.730000 -0.004691 -0.002974  
1265 32.740000 -0.004661 -0.002964  
1266 32.750000 -0.004631 -0.002953  
1267 32.760000 -0.004602 -0.002943  
1268 32.770000 -0.004573 -0.002932  
1269 32.780000 -0.004543 -0.002922  
1270 32.790000 -0.004514 -0.002911  
1271 32.800000 -0.004485 -0.002901  
1272 32.810000 -0.004456 -0.002891  
1273 32.820000 -0.004427 -0.002881  
1274 32.830000 -0.004399 -0.002871  
1275 32.840000 -0.004370 -0.002860  
1276 32.850000 -0.004341 -0.002850  
1277 32.860000 -0.004313 -0.002840  
1278 32.870000 -0.004285 -0.002830  
1279 32.880000 -0.004256 -0.002820  
1280 32.890000 -0.004228 -0.002810  
1281 32.900000 -0.004200 -0.002801  
1282 32.910000 -0.004172 -0.002791  
1283 32.920000 -0.004144 -0.002781  
1284 32.930000 -0.004116 -0.002771  
1285 32.940000 -0.004089 -0.002762  
1286 32.950000 -0.004061 -0.002752  
1287 32.960000 -0.004034 -0.002742  
1288 32.970000 -0.004006 -0.002733  
1289 32.980000 -0.003979 -0.002723  
1290 32.990000 -0.003952 -0.002714  
1291 33.000000 -0.003925 -0.002704  
1292 33.010000 -0.003898 -0.002695  
1293 33.020000 -0.003871 -0.002685  
1294 33.030000 -0.003844 -0.002676  
1295 33.040000 -0.003817 -0.002667  
1296 33.050000 -0.003791 -0.002657  
1297 33.060000 -0.003764 -0.002648  
1298 33.070000 -0.003738 -0.002639  
1299 33.080000 -0.003712 -0.002630  
1300 33.090000 -0.003685 -0.002621  
1301 33.100000 -0.003659 -0.002612  
1302 33.110000 -0.003633 -0.002603  
1303 33.120000 -0.003607 -0.002594  
1304 33.130000 -0.003581 -0.002585  
1305 33.140000 -0.003555 -0.002576  
1306 33.150000 -0.003530 -0.002567  
1307 33.160000 -0.003504 -0.002558  
1308 33.170000 -0.003478 -0.002549  
1309 33.180000 -0.003453 -0.002540  
1310 33.190000 -0.003428 -0.002532  
1311 33.200000 -0.003402 -0.002523  
1312 33.210000 -0.003377 -0.002514  
1313 33.220000 -0.003352 -0.002506  
1314 33.230000 -0.003327 -0.002497  
1315 33.240000 -0.003302 -0.002488  
1316 33.250000 -0.003277 -0.002480  
1317 33.260000 -0.003253 -0.002471  
1318 33.270000 -0.003228 -0.002463  
1319 33.280000 -0.003203 -0.002454  
1320 33.290000 -0.003179 -0.002446  
1321 33.300000 -0.003154 -0.002438  
1322 33.310000 -0.003130 -0.002429  
1323 33.320000 -0.003106 -0.002421  
1324 33.330000 -0.003082 -0.002413  
1325 33.340000 -0.003058 -0.002405  
1326 33.350000 -0.003034 -0.002396  
1327 33.360000 -0.003010 -0.002388  
1328 33.370000 -0.002986 -0.002380  
1329 33.380000 -0.002962 -0.002372  
1330 33.390000 -0.002938 -0.002364  
1331 33.400000 -0.002915 -0.002356  
1332 33.410000 -0.002891 -0.002348  
1333 33.420000 -0.002868 -0.002340  
1334 33.430000 -0.002844 -0.002332  
1335 33.440000 -0.002821 -0.002324  
1336 33.450000 -0.002798 -0.002316  
1337 33.460000 -0.002775 -0.002308  
1338 33.470000 -0.002752 -0.002301  
1339 33.480000 -0.002729 -0.002293  
1340 33.490000 -0.002706 -0.002285  
1341 33.500000 -0.002683 -0.002277  
1342 33.510000 -0.002660 -0.002270  
1343 33.520000 -0.002638 -0.002262  
1344 33.530000 -0.002615 -0.002254  
1345 33.540000 -0.002593 -0.002247  
1346 33.550000 -0.002570 -0.002239  
1347 33.560000 -0.002548 -0.002232  
1348 33.570000 -0.002526 -0.002224  
1349 33.580000 -0.002503 -0.002217  
1350 33.590000 -0.002481 -0.002209  
1351 33.600000 -0.002459 -0.002202  
1352 33.610000 -0.002437 -0.002194  
1353 33.620000 -0.002415 -0.002187  
1354 33.630000 -0.002393 -0.002180  
1355 33.640000 -0.002372 -0.002172  
1356 33.650000 -0.002350 -0.002165  
1357 33.660000 -0.002328 -0.002158  
1358 33.670000 -0.002307 -0.002151  
1359 33.680000 -0.002285 -0.002144  
1360 33.690000 -0.002264 -0.002136  
1361 33.700000 -0.002243 -0.002129  
1362 33.710000 -0.002221 -0.002122  
1363 33.720000 -0.002200 -0.002115  
1364 33.730000 -0.002179 -0.002108  
1365 33.740000 -0.002158 -0.002101  
1366 33.750000 -0.002137 -0.002094  
1367 33.760000 -0.002116 -0.002087  
1368 33.770000 -0.002095 -0.002080  
1369 33.780000 -0.002075 -0.002073  
1370 33.790000 -0.002054 -0.002066  
1371 33.800000 -0.002033 -0.002060  
1372 33.810000 -0.002013 -0.002053  
1373 33.820000 -0.001992 -0.002046  
1374 33.830000 -0.001972 -0.002039  
1375 33.840000 -0.001951 -0.002032  
1376 33.850000 -0.001931 -0.002026  
1377 33.860000 -0.001911 -0.002019  
1378 33.870000 -0.001891 -0.002012  
1379 33.880000 -0.001871 -0.002006  
1380 33.890000 -0.001851 -0.001999  
1381 33.900000 -0.001831 -0.001993  
1382 33.910000 -0.001811 -0.001986  
1383 33.920000 -0.001791 -0.001979  
1384 33.930000 -0.001771 -0.001973  
1385 33.940000 -0.001752 -0.001966  
1386 33.950000 -0.001732 -0.001960  
1387 33.960000 -0.001712 -0.001954  
1388 33.970000 -0.001693 -0.001947  
1389 33.980000 -0.001673 -0.001941  
1390 33.990000 -0.001654 -0.001934  
1391 34.000000 -0.001635 -0.001928  
1392 34.010000 -0.001615 -0.001922  
1393 34.020000 -0.001596 -0.001916  
1394 34.030000 -0.001577 -0.001909  
1395 34.040000 -0.001558 -0.001903  
1396 34.050000 -0.001539 -0.001897  
1397 34.060000 -0.001520 -0.001891  
1398 34.070000 -0.001501 -0.001884  
1399 34.080000 -0.001482 -0.001878  
1400 34.090000 -0.001464 -0.001872  
1401 34.100000 -0.001445 -0.001866  
1402 34.110000 -0.001426 -0.001860  
1403 34.120000 -0.001408 -0.001854  
1404 34.130000 -0.001389 -0.001848  
1405 34.140000 -0.001371 -0.001842  
1406 34.150000 -0.001352 -0.001836  
1407 34.160000 -0.001334 -0.001830  
1408 34.170000 -0.001316 -0.001824  
1409 34.180000 -0.001298 -0.001818  
1410 34.190000 -0.001279 -0.001812  
1411 34.200000 -0.001261 -0.001807  
1412 34.210000 -0.001243 -0.001801  
1413 34.220000 -0.001225 -0.001795  
1414 34.230000 -0.001207 -0.001789  
1415 34.240000 -0.001190 -0.001783  
1416 34.250000 -0.001172 -0.001778  
1417 34.260000 -0.001154 -0.001772  
1418 34.270000 -0.001136 -0.001766  
1419 34.280000 -0.001119 -0.001760  
1420 34.290000 -0.001101 -0.001755  
1421 34.300000 -0.001084 -0.001749  
1422 34.310000 -0.001066 -0.001744  
1423 34.320000 -0.001049 -0.001738  
1424 34.330000 -0.001031 -0.001732  
1425 34.340000 -0.001014 -0.001727  
1426 34.350000 -0.000997 -0.001721  
1427 34.360000 -0.000980 -0.001716  
1428 34.370000 -0.000963 -0.001710  
1429 34.380000 -0.000945 -0.001705  
1430 34.390000 -0.000928 -0.001699  
1431 34.400000 -0.000911 -0.001694  
1432 34.410000 -0.000895 -0.001689  
1433 34.420000 -0.000878 -0.001683  
1434 34.430000 -0.000861 -0.001678  
1435 34.440000 -0.000844 -0.001672  
1436 34.450000 -0.000827 -0.001667  
1437 34.460000 -0.000811 -0.001662  
1438 34.470000 -0.000794 -0.001656  
1439 34.480000 -0.000778 -0.001651  
1440 34.490000 -0.000761 -0.001646  
1441 34.500000 -0.000745 -0.001641  
1442 34.510000 -0.000728 -0.001636  
1443 34.520000 -0.000712 -0.001630  
1444 34.530000 -0.000696 -0.001625  
1445 34.540000 -0.000680 -0.001620  
1446 34.550000 -0.000663 -0.001615  
1447 34.560000 -0.000647 -0.001610  
1448 34.570000 -0.000631 -0.001605  
1449 34.580000 -0.000615 -0.001600  
1450 34.590000 -0.000599 -0.001595  
1451 34.600000 -0.000583 -0.001590  
1452 34.610000 -0.000567 -0.001585  
1453 34.620000 -0.000552 -0.001580  
1454 34.630000 -0.000536 -0.001575  
1455 34.640000 -0.000520 -0.001570  
1456 34.650000 -0.000504 -0.001565  
1457 34.660000 -0.000489 -0.001560  
1458 34.670000 -0.000473 -0.001555  
1459 34.680000 -0.000458 -0.001550  
1460 34.690000 -0.000442 -0.001545  
1461 34.700000 -0.000427 -0.001540  
1462 34.710000 -0.000411 -0.001535  
1463 34.720000 -0.000396 -0.001531  
1464 34.730000 -0.000381 -0.001526  
1465 34.740000 -0.000366 -0.001521  
1466 34.750000 -0.000350 -0.001516  
1467 34.760000 -0.000335 -0.001512  
1468 34.770000 -0.000320 -0.001507  
1469 34.780000 -0.000305 -0.001502  
1470 34.790000 -0.000290 -0.001497  
1471 34.800000 -0.000275 -0.001493  
1472 34.810000 -0.000260 -0.001488  
1473 34.820000 -0.000245 -0.001483  
1474 34.830000 -0.000231 -0.001479  
1475 34.840000 -0.000216 -0.001474  
1476 34.850000 -0.000201 -0.001470  
1477 34.860000 -0.000186 -0.001465  
1478 34.870000 -0.000172 -0.001461  
1479 34.880000 -0.000157 -0.001456  
1480 34.890000 -0.000143 -0.001451  
1481 34.900000 -0.000128 -0.001447  
1482 34.910000 -0.000114 -0.001442  
1483 34.920000 -0.000099 -0.001438  
1484 34.930000 -0.000085 -0.001434  
1485 34.940000 -0.000071 -0.001429  
1486 34.950000 -0.000056 -0.001425  
1487 34.960000 -0.000042 -0.001420  
1488 34.970000 -0.000028 -0.001416  
1489 34.980000 -0.000014 -0.001412  
1490 34.990000 0.000000 -0.001407  
