1 20.100000 23455260569879.992188 2112287066740761.250000 
2 20.110000 9941751904402.632812 813972612176810.875000 
3 20.120000 4540699948056.303711 340806577696188.875000 
4 20.130000 2208110917189.819824 152992721807773.750000 
5 20.140000 1132702546694.508301 72879919319137.000000 
6 20.150000 608420886086.520020 36539253952043.023438 
7 20.160000 340175439687.107056 19153870491557.125000 
8 20.170000 197015304567.131104 10441222403676.816406 
9 20.180000 117718650278.574020 5892502517888.399414 
10 20.190000 72322441585.493103 3429834511347.131348 
11 20.200000 45555760367.484978 2052549533762.085449 
12 20.210000 29349282306.987850 1259462276068.753174 
13 20.220000 19298563931.531406 790561919268.787598 
14 20.230000 12928158938.801926 506604457580.396301 
15 20.240000 8809357244.177679 330841283949.744934 
16 20.250000 6097384950.046015 219845133005.467377 
17 20.260000 4281559263.265012 148445955612.841736 
18 20.270000 3046819431.759140 101730035219.459488 
19 20.280000 2195113185.641843 70679194196.447128 
20 20.290000 1599764036.300647 49736711827.176216 
21 20.300000 1178434452.856567 35418464335.229935 
22 20.310000 876799705.508845 25504137486.193909 
23 20.320000 658513759.550546 18557231266.650692 
24 20.330000 498939998.560007 13635121989.077347 
25 20.340000 381173544.643683 10111016020.254410 
26 20.350000 293480959.846352 7562913736.003545 
27 20.360000 227629870.016052 5703353400.456197 
28 20.370000 177785267.391321 4334348514.506837 
29 20.380000 139771474.151585 3318111389.313773 
30 20.390000 110573022.611359 2557801239.642297 
31 20.400000 87993491.867672 1984718716.948111 
32 20.410000 70419946.746209 1549695616.586351 
33 20.420000 56658727.480517 1217245672.487010 
34 20.430000 45819933.505842 961552135.862305 
35 20.440000 37235456.998160 763689738.633875 
36 20.450000 30400342.104860 609684266.085343 
37 20.460000 24930501.970371 489145757.534927 
38 20.470000 20532001.822209 394298013.197527 
39 20.480000 16978584.465375 319284202.913501 
40 20.490000 14095113.833942 259666377.578394 
41 20.500000 11745298.297369 212062202.358346 
42 20.510000 9822530.277121 173879513.886499 
43 20.520000 8243009.990723 143121106.692461 
44 20.530000 6940553.967853 118240279.006686 
45 20.540000 5862653.806802 98033303.801222 
46 20.550000 4967468.129989 81558928.758318 
47 20.560000 4221515.004240 68077779.722234 
48 20.570000 3597892.974034 57006505.125510 
49 20.580000 3074903.092865 47882898.528364 
50 20.590000 2634976.670438 40339240.673616 
51 20.600000 2263837.220086 34081827.387047 
52 20.610000 1949842.656835 28875175.991267 
53 20.620000 1683466.848774 24529787.201114 
54 20.630000 1456889.372161 20892621.583661 
55 20.640000 1263669.636796 17839657.852670 
56 20.650000 1098487.065316 15270054.677189 
57 20.660000 956933.190009 13101552.769146 
58 20.670000 835344.711521 11266840.197205 
59 20.680000 730668.995045 9710668.708567 
60 20.690000 640355.345385 8387557.831919 
61 20.700000 562266.840265 7259960.714058 
62 20.710000 494608.613653 6296793.975839 
63 20.720000 435869.344840 5472255.552286 
64 20.730000 384773.382485 4764871.134849 
65 20.740000 340241.459668 4156722.674986 
66 20.750000 301358.369623 3632822.346781 
67 20.760000 267346.297628 3180603.086036 
68 20.770000 237542.762028 2789502.840555 
69 20.780000 211382.321541 2450624.372617 
70 20.790000 188381.368361 2156456.147732 
71 20.800000 168125.456150 1900642.751185 
72 20.810000 150258.715635 1677795.569901 
73 20.820000 134474.993731 1483336.295980 
74 20.830000 120510.419033 1313367.253270 
75 20.840000 108137.150538 1164563.699807 
76 20.850000 97158.110155 1034084.178979 
77 20.860000 87402.535028 919495.729540 
78 20.870000 78722.214485 818711.356927 
79 20.880000 70988.299993 729937.645442 
80 20.890000 64088.595647 651630.776266 
81 20.900000 57925.252490 582459.528248 
82 20.910000 52412.802888 521274.091633 
83 20.920000 47476.481781 467079.730962 
84 20.930000 43050.790450 419014.501308 
85 20.940000 39078.265637 376330.359420 
86 20.950000 35508.422905 338377.123747 
87 20.960000 32296.848067 304588.829728 
88 20.970000 29404.414698 274472.102677 
89 20.980000 26796.609159 247596.233218 
90 20.990000 24442.947472 223584.692014 
91 21.000000 22316.470785 202107.863320 
92 21.010000 20393.308194 182876.812444 
93 21.020000 18652.297374 165637.931724 
94 21.030000 17074.654915 150168.334187 
95 21.040000 15643.689450 136271.884588 
96 21.050000 14344.551682 123775.774637 
97 21.060000 13164.016268 112527.563563 
98 21.070000 12090.291256 102392.617208 
99 21.080000 11112.851378 93251.888922 
100 21.090000 10222.292029 84999.994049 
101 21.100000 9410.201206 77543.536940 
102 21.110000 8669.047065 70799.655485 
103 21.120000 7992.079070 64694.753270 
104 21.130000 7373.240989 59163.393779 
105 21.140000 6807.094231 54147.334748 
106 21.150000 6288.750222 49594.683886 
107 21.160000 5813.810681 45459.159832 
108 21.170000 5378.314817 41699.444480 
109 21.180000 4978.692605 38278.614714 
110 21.190000 4611.723379 35163.643269 
111 21.200000 4274.499120 32324.959816 
112 21.210000 3964.391858 29736.064581 
113 21.220000 3679.024703 27373.187860 
114 21.230000 3416.246079 25214.989641 
115 21.240000 3174.106781 23242.294355 
116 21.250000 2950.839525 21437.856401 
117 21.260000 2744.840709 19786.152660 
118 21.270000 2554.654125 18273.198723 
119 21.280000 2378.956401 16886.385958 
120 21.290000 2216.543983 15614.336914 
121 21.300000 2066.321476 14446.776883 
122 21.310000 1927.291200 13374.419705 
123 21.320000 1798.543825 12388.866142 
124 21.330000 1679.249954 11482.513367 
125 21.340000 1568.652583 10648.474265 
126 21.350000 1466.060299 9880.505433 
127 21.360000 1370.841178 9172.942886 
128 21.370000 1282.417280 8520.644585 
129 21.380000 1200.259691 7918.939027 
130 21.390000 1123.884056 7363.579230 
131 21.400000 1052.846538 6850.701492 
132 21.410000 986.740178 6376.788418 
133 21.420000 925.191600 5938.635738 
134 21.430000 867.858027 5533.322510 
135 21.440000 814.424592 5158.184335 
136 21.450000 764.601887 4810.789270 
137 21.460000 718.123754 4488.916142 
138 21.470000 674.745277 4190.535018 
139 21.480000 634.240953 3913.789599 
140 21.490000 596.403043 3656.981341 
141 21.500000 561.040067 3418.555116 
142 21.510000 527.975430 3197.086263 
143 21.520000 497.046182 2991.268885 
144 21.530000 468.101884 2799.905258 
145 21.540000 441.003571 2621.896250 
146 21.550000 415.622816 2456.232640 
147 21.560000 391.840866 2301.987252 
148 21.570000 369.547859 2158.307819 
149 21.580000 348.642110 2024.410512 
150 21.590000 329.029452 1899.574062 
151 21.600000 310.622645 1783.134414 
152 21.610000 293.340819 1674.479877 
153 21.620000 277.108981 1573.046704 
154 21.630000 261.857551 1478.315073 
155 21.640000 247.521944 1389.805425 
156 21.650000 234.042182 1307.075127 
157 21.660000 221.362543 1229.715432 
158 21.670000 209.431233 1157.348699 
159 21.680000 198.200092 1089.625865 
160 21.690000 187.624315 1026.224128 
161 21.700000 177.662204 966.844835 
162 21.710000 168.274934 911.211547 
163 21.720000 159.426341 859.068269 
164 21.730000 151.082727 810.177838 
165 21.740000 143.212676 764.320435 
166 21.750000 135.786890 721.292230 
167 21.760000 128.778033 680.904137 
168 21.770000 122.160593 642.980671 
169 21.780000 115.910748 607.358904 
170 21.790000 110.006248 573.887501 
171 21.800000 104.426300 542.425838 
172 21.810000 99.151469 512.843189 
173 21.820000 94.163579 485.017983 
174 21.830000 89.445629 458.837115 
175 21.840000 84.981708 434.195318 
176 21.850000 80.756920 410.994578 
177 21.860000 76.757318 389.143601 
178 21.870000 72.969833 368.557320 
179 21.880000 69.382220 349.156440 
180 21.890000 65.983000 330.867018 
181 21.900000 62.761406 313.620077 
182 21.910000 59.707338 297.351250 
183 21.920000 56.811321 282.000447 
184 21.930000 54.064457 267.511553 
185 21.940000 51.458392 253.832148 
186 21.950000 48.985279 240.913243 
187 21.960000 46.637745 228.709041 
188 21.970000 44.408859 217.176715 
189 21.980000 42.292105 206.276201 
190 21.990000 40.281354 195.970009 
191 22.000000 38.370841 186.223041 
192 22.010000 36.555139 177.002433 
193 22.020000 34.829141 168.277401 
194 22.030000 33.188036 160.019099 
195 22.040000 31.627293 152.200489 
196 22.050000 30.142645 144.796219 
197 22.060000 28.730067 137.782512 
198 22.070000 27.385767 131.137060 
199 22.080000 26.106168 124.838927 
200 22.090000 24.887897 118.868458 
201 22.100000 23.727769 113.207196 
202 22.110000 22.622780 107.837806 
203 22.120000 21.570094 102.743995 
204 22.130000 20.567033 97.910454 
205 22.140000 19.611065 93.322786 
206 22.150000 18.699802 88.967454 
207 22.160000 17.830984 84.831722 
208 22.170000 17.002476 80.903607 
209 22.180000 16.212258 77.171830 
210 22.190000 15.458420 73.625772 
211 22.200000 14.739157 70.255430 
212 22.210000 14.052758 67.051385 
213 22.220000 13.397604 64.004759 
214 22.230000 12.772166 61.107185 
215 22.240000 12.174990 58.350776 
216 22.250000 11.604704 55.728092 
217 22.260000 11.060006 53.232117 
218 22.270000 10.539662 50.856231 
219 22.280000 10.042502 48.594187 
220 22.290000 9.567418 46.440087 
221 22.300000 9.113359 44.388361 
222 22.310000 8.679327 42.433752 
223 22.320000 8.264377 40.571290 
224 22.330000 7.867610 38.796281 
225 22.340000 7.488175 37.104287 
226 22.350000 7.125262 35.491113 
227 22.360000 6.778103 33.952793 
228 22.370000 6.445969 32.485575 
229 22.380000 6.128166 31.085910 
230 22.390000 5.824037 29.750440 
231 22.400000 5.532954 28.475984 
232 22.410000 5.254324 27.259535 
233 22.420000 4.987580 26.098242 
234 22.430000 4.732184 24.989407 
235 22.440000 4.487625 23.930473 
236 22.450000 4.253416 22.919016 
237 22.460000 4.029094 21.952742 
238 22.470000 3.814218 21.029474 
239 22.480000 3.608368 20.147148 
240 22.490000 3.411145 19.303806 
241 22.500000 3.222168 18.497593 
242 22.510000 3.041075 17.726748 
243 22.520000 2.867521 16.989598 
244 22.530000 2.701176 16.284557 
245 22.540000 2.541728 15.610120 
246 22.550000 2.388877 14.964856 
247 22.560000 2.242338 14.347407 
248 22.570000 2.101840 13.756484 
249 22.580000 1.967124 13.190860 
250 22.590000 1.837943 12.649370 
251 22.600000 1.714060 12.130908 
252 22.610000 1.595251 11.634420 
253 22.620000 1.481302 11.158907 
254 22.630000 1.372006 10.703416 
255 22.640000 1.267170 10.267043 
256 22.650000 1.166605 9.848925 
257 22.660000 1.070133 9.448243 
258 22.670000 0.977584 9.064218 
259 22.680000 0.888796 8.696106 
260 22.690000 0.803611 8.343202 
261 22.700000 0.721883 8.004831 
262 22.710000 0.643468 7.680352 
263 22.720000 0.568232 7.369155 
264 22.730000 0.496043 7.070659 
265 22.740000 0.426778 6.784307 
266 22.750000 0.360318 6.509573 
267 22.760000 0.296550 6.245952 
268 22.770000 0.235364 5.992964 
269 22.780000 0.176656 5.750151 
270 22.790000 0.120328 5.517076 
271 22.800000 0.066284 5.293322 
272 22.810000 0.014432 5.078492 
273 22.820000 -0.035314 4.872207 
274 22.830000 -0.083039 4.674104 
275 22.840000 -0.128823 4.483839 
276 22.850000 -0.172741 4.301080 
277 22.860000 -0.214868 4.125514 
278 22.870000 -0.255274 3.956839 
279 22.880000 -0.294027 3.794768 
280 22.890000 -0.331191 3.639026 
281 22.900000 -0.366828 3.489352 
282 22.910000 -0.400997 3.345494 
283 22.920000 -0.433756 3.207214 
284 22.930000 -0.465159 3.074282 
285 22.940000 -0.495259 2.946480 
286 22.950000 -0.524105 2.823598 
287 22.960000 -0.551747 2.705436 
288 22.970000 -0.578229 2.591803 
289 22.980000 -0.603597 2.482516 
290 22.990000 -0.627893 2.377399 
291 23.000000 -0.651159 2.276286 
292 23.010000 -0.673432 2.179015 
293 23.020000 -0.694751 2.085433 
294 23.030000 -0.715152 1.995394 
295 23.040000 -0.734670 1.908756 
296 23.050000 -0.753338 1.825385 
297 23.060000 -0.771189 1.745152 
298 23.070000 -0.788252 1.667933 
299 23.080000 -0.804557 1.593611 
300 23.090000 -0.820133 1.522071 
301 23.100000 -0.835007 1.453205 
302 23.110000 -0.849206 1.386909 
303 23.120000 -0.862754 1.323083 
304 23.130000 -0.875675 1.261632 
305 23.140000 -0.887994 1.202463 
306 23.150000 -0.899732 1.145490 
307 23.160000 -0.910911 1.090627 
308 23.170000 -0.921551 1.037794 
309 23.180000 -0.931673 0.986913 
310 23.190000 -0.941296 0.937910 
311 23.200000 -0.950437 0.890713 
312 23.210000 -0.959116 0.845255 
313 23.220000 -0.967348 0.801469 
314 23.230000 -0.975150 0.759292 
315 23.240000 -0.982539 0.718664 
316 23.250000 -0.989529 0.679526 
317 23.260000 -0.996134 0.641824 
318 23.270000 -1.002370 0.605502 
319 23.280000 -1.008249 0.570511 
320 23.290000 -1.013784 0.536800 
321 23.300000 -1.018989 0.504322 
322 23.310000 -1.023875 0.473031 
323 23.320000 -1.028453 0.442884 
324 23.330000 -1.032736 0.413838 
325 23.340000 -1.036734 0.385854 
326 23.350000 -1.040456 0.358891 
327 23.360000 -1.043915 0.332914 
328 23.370000 -1.047118 0.307885 
329 23.380000 -1.050075 0.283771 
330 23.390000 -1.052796 0.260537 
331 23.400000 -1.055289 0.238154 
332 23.410000 -1.057562 0.216588 
333 23.420000 -1.059623 0.195812 
334 23.430000 -1.061481 0.175796 
335 23.440000 -1.063142 0.156514 
336 23.450000 -1.064613 0.137938 
337 23.460000 -1.065903 0.120045 
338 23.470000 -1.067017 0.102808 
339 23.480000 -1.067961 0.086206 
340 23.490000 -1.068743 0.070215 
341 23.500000 -1.069367 0.054814 
342 23.510000 -1.069841 0.039981 
343 23.520000 -1.070169 0.025697 
344 23.530000 -1.070357 0.011943 
345 23.540000 -1.070409 -0.001301 
346 23.550000 -1.070332 -0.014052 
347 23.560000 -1.070130 -0.026328 
348 23.570000 -1.069807 -0.038145 
349 23.580000 -1.069369 -0.049519 
350 23.590000 -1.068818 -0.060467 
351 23.600000 -1.068161 -0.071001 
352 23.610000 -1.067400 -0.081138 
353 23.620000 -1.066539 -0.090891 
354 23.630000 -1.065583 -0.100273 
355 23.640000 -1.064535 -0.109297 
356 23.650000 -1.063398 -0.117976 
357 23.660000 -1.062176 -0.126321 
358 23.670000 -1.060873 -0.134344 
359 23.680000 -1.059491 -0.142056 
360 23.690000 -1.058033 -0.149467 
361 23.700000 -1.056502 -0.156589 
362 23.710000 -1.054902 -0.163431 
363 23.720000 -1.053234 -0.170002 
364 23.730000 -1.051503 -0.176313 
365 23.740000 -1.049709 -0.182371 
366 23.750000 -1.047856 -0.188185 
367 23.760000 -1.045946 -0.193765 
368 23.770000 -1.043982 -0.199117 
369 23.780000 -1.041965 -0.204249 
370 23.790000 -1.039897 -0.209170 
371 23.800000 -1.037782 -0.213886 
372 23.810000 -1.035620 -0.218404 
373 23.820000 -1.033414 -0.222731 
374 23.830000 -1.031166 -0.226873 
375 23.840000 -1.028878 -0.230837 
376 23.850000 -1.026550 -0.234628 
377 23.860000 -1.024185 -0.238254 
378 23.870000 -1.021785 -0.241718 
379 23.880000 -1.019352 -0.245027 
380 23.890000 -1.016885 -0.248185 
381 23.900000 -1.014388 -0.251199 
382 23.910000 -1.011862 -0.254073 
383 23.920000 -1.009307 -0.256811 
384 23.930000 -1.006726 -0.259418 
385 23.940000 -1.004119 -0.261899 
386 23.950000 -1.001489 -0.264257 
387 23.960000 -0.998835 -0.266498 
388 23.970000 -0.996159 -0.268624 
389 23.980000 -0.993463 -0.270641 
390 23.990000 -0.990747 -0.272550 
391 24.000000 -0.988012 -0.274357 
392 24.010000 -0.985260 -0.276065 
393 24.020000 -0.982491 -0.277676 
394 24.030000 -0.979707 -0.279195 
395 24.040000 -0.976907 -0.280624 
396 24.050000 -0.974094 -0.281967 
397 24.060000 -0.971268 -0.283225 
398 24.070000 -0.968430 -0.284403 
399 24.080000 -0.965581 -0.285503 
400 24.090000 -0.962720 -0.286527 
401 24.100000 -0.959850 -0.287479 
402 24.110000 -0.956971 -0.288360 
403 24.120000 -0.954083 -0.289173 
404 24.130000 -0.951188 -0.289920 
405 24.140000 -0.948285 -0.290604 
406 24.150000 -0.945376 -0.291227 
407 24.160000 -0.942461 -0.291790 
408 24.170000 -0.939540 -0.292296 
409 24.180000 -0.936615 -0.292747 
410 24.190000 -0.933685 -0.293145 
411 24.200000 -0.930752 -0.293492 
412 24.210000 -0.927816 -0.293788 
413 24.220000 -0.924877 -0.294037 
414 24.230000 -0.921935 -0.294239 
415 24.240000 -0.918992 -0.294397 
416 24.250000 -0.916047 -0.294512 
417 24.260000 -0.913102 -0.294585 
418 24.270000 -0.910156 -0.294618 
419 24.280000 -0.907210 -0.294612 
420 24.290000 -0.904264 -0.294569 
421 24.300000 -0.901318 -0.294489 
422 24.310000 -0.898374 -0.294375 
423 24.320000 -0.895431 -0.294228 
424 24.330000 -0.892490 -0.294048 
425 24.340000 -0.889550 -0.293837 
426 24.350000 -0.886613 -0.293596 
427 24.360000 -0.883678 -0.293325 
428 24.370000 -0.880747 -0.293027 
429 24.380000 -0.877818 -0.292703 
430 24.390000 -0.874893 -0.292352 
431 24.400000 -0.871971 -0.291976 
432 24.410000 -0.869053 -0.291576 
433 24.420000 -0.866140 -0.291153 
434 24.430000 -0.863230 -0.290708 
435 24.440000 -0.860325 -0.290242 
436 24.450000 -0.857425 -0.289754 
437 24.460000 -0.854530 -0.289247 
438 24.470000 -0.851641 -0.288721 
439 24.480000 -0.848756 -0.288177 
440 24.490000 -0.845877 -0.287615 
441 24.500000 -0.843004 -0.287036 
442 24.510000 -0.840136 -0.286441 
443 24.520000 -0.837275 -0.285830 
444 24.530000 -0.834420 -0.285204 
445 24.540000 -0.831571 -0.284564 
446 24.550000 -0.828729 -0.283910 
447 24.560000 -0.825893 -0.283243 
448 24.570000 -0.823064 -0.282563 
449 24.580000 -0.820242 -0.281871 
450 24.590000 -0.817426 -0.281168 
451 24.600000 -0.814618 -0.280453 
452 24.610000 -0.811817 -0.279728 
453 24.620000 -0.809024 -0.278992 
454 24.630000 -0.806238 -0.278247 
455 24.640000 -0.803459 -0.277493 
456 24.650000 -0.800688 -0.276730 
457 24.660000 -0.797924 -0.275958 
458 24.670000 -0.795169 -0.275178 
459 24.680000 -0.792421 -0.274391 
460 24.690000 -0.789681 -0.273596 
461 24.700000 -0.786949 -0.272795 
462 24.710000 -0.784225 -0.271987 
463 24.720000 -0.781509 -0.271173 
464 24.730000 -0.778802 -0.270352 
465 24.740000 -0.776102 -0.269527 
466 24.750000 -0.773411 -0.268696 
467 24.760000 -0.770728 -0.267860 
468 24.770000 -0.768054 -0.267019 
469 24.780000 -0.765388 -0.266174 
470 24.790000 -0.762730 -0.265325 
471 24.800000 -0.760081 -0.264472 
472 24.810000 -0.757441 -0.263616 
473 24.820000 -0.754809 -0.262756 
474 24.830000 -0.752186 -0.261893 
475 24.840000 -0.749571 -0.261027 
476 24.850000 -0.746965 -0.260158 
477 24.860000 -0.744368 -0.259287 
478 24.870000 -0.741780 -0.258414 
479 24.880000 -0.739200 -0.257538 
480 24.890000 -0.736629 -0.256661 
481 24.900000 -0.734067 -0.255782 
482 24.910000 -0.731513 -0.254902 
483 24.920000 -0.728969 -0.254020 
484 24.930000 -0.726433 -0.253137 
485 24.940000 -0.723906 -0.252253 
486 24.950000 -0.721388 -0.251369 
487 24.960000 -0.718878 -0.250483 
488 24.970000 -0.716378 -0.249598 
489 24.980000 -0.713886 -0.248711 
490 24.990000 -0.711404 -0.247825 
491 25.000000 -0.708930 -0.246938 
492 25.010000 -0.706465 -0.246052 
493 25.020000 -0.704009 -0.245166 
494 25.030000 -0.701562 -0.244279 
495 25.040000 -0.699123 -0.243394 
496 25.050000 -0.696694 -0.242509 
497 25.060000 -0.694273 -0.241624 
498 25.070000 -0.691861 -0.240740 
499 25.080000 -0.689458 -0.239857 
500 25.090000 -0.687064 -0.238975 
501 25.100000 -0.684679 -0.238094 
502 25.110000 -0.682302 -0.237214 
503 25.120000 -0.679935 -0.236335 
504 25.130000 -0.677576 -0.235457 
505 25.140000 -0.675225 -0.234581 
506 25.150000 -0.672884 -0.233706 
507 25.160000 -0.670551 -0.232833 
508 25.170000 -0.668227 -0.231961 
509 25.180000 -0.665912 -0.231091 
510 25.190000 -0.663605 -0.230223 
511 25.200000 -0.661308 -0.229357 
512 25.210000 -0.659018 -0.228492 
513 25.220000 -0.656738 -0.227629 
514 25.230000 -0.654466 -0.226768 
515 25.240000 -0.652202 -0.225909 
516 25.250000 -0.649948 -0.225053 
517 25.260000 -0.647701 -0.224198 
518 25.270000 -0.645464 -0.223346 
519 25.280000 -0.643234 -0.222495 
520 25.290000 -0.641014 -0.221648 
521 25.300000 -0.638801 -0.220802 
522 25.310000 -0.636598 -0.219959 
523 25.320000 -0.634402 -0.219118 
524 25.330000 -0.632215 -0.218279 
525 25.340000 -0.630037 -0.217443 
526 25.350000 -0.627866 -0.216610 
527 25.360000 -0.625704 -0.215779 
528 25.370000 -0.623551 -0.214950 
529 25.380000 -0.621405 -0.214124 
530 25.390000 -0.619268 -0.213301 
531 25.400000 -0.617139 -0.212481 
532 25.410000 -0.615019 -0.211663 
533 25.420000 -0.612906 -0.210848 
534 25.430000 -0.610802 -0.210035 
535 25.440000 -0.608705 -0.209225 
536 25.450000 -0.606617 -0.208419 
537 25.460000 -0.604537 -0.207614 
538 25.470000 -0.602465 -0.206813 
539 25.480000 -0.600401 -0.206015 
540 25.490000 -0.598345 -0.205219 
541 25.500000 -0.596296 -0.204426 
542 25.510000 -0.594256 -0.203636 
543 25.520000 -0.592224 -0.202849 
544 25.530000 -0.590199 -0.202065 
545 25.540000 -0.588182 -0.201284 
546 25.550000 -0.586173 -0.200506 
547 25.560000 -0.584172 -0.199730 
548 25.570000 -0.582179 -0.198958 
549 25.580000 -0.580193 -0.198188 
550 25.590000 -0.578215 -0.197422 
551 25.600000 -0.576245 -0.196659 
552 25.610000 -0.574282 -0.195898 
553 25.620000 -0.572327 -0.195140 
554 25.630000 -0.570379 -0.194386 
555 25.640000 -0.568439 -0.193634 
556 25.650000 -0.566506 -0.192886 
557 25.660000 -0.564581 -0.192140 
558 25.670000 -0.562663 -0.191398 
559 25.680000 -0.560753 -0.190658 
560 25.690000 -0.558850 -0.189922 
561 25.700000 -0.556955 -0.189188 
562 25.710000 -0.555067 -0.188458 
563 25.720000 -0.553186 -0.187730 
564 25.730000 -0.551312 -0.187006 
565 25.740000 -0.549445 -0.186284 
566 25.750000 -0.547586 -0.185566 
567 25.760000 -0.545734 -0.184850 
568 25.770000 -0.543889 -0.184138 
569 25.780000 -0.542051 -0.183429 
570 25.790000 -0.540221 -0.182722 
571 25.800000 -0.538397 -0.182019 
572 25.810000 -0.536580 -0.181318 
573 25.820000 -0.534771 -0.180621 
574 25.830000 -0.532968 -0.179927 
575 25.840000 -0.531172 -0.179235 
576 25.850000 -0.529383 -0.178547 
577 25.860000 -0.527601 -0.177861 
578 25.870000 -0.525826 -0.177179 
579 25.880000 -0.524057 -0.176499 
580 25.890000 -0.522296 -0.175823 
581 25.900000 -0.520541 -0.175149 
582 25.910000 -0.518793 -0.174478 
583 25.920000 -0.517051 -0.173811 
584 25.930000 -0.515317 -0.173146 
585 25.940000 -0.513589 -0.172484 
586 25.950000 -0.511867 -0.171825 
587 25.960000 -0.510152 -0.171169 
588 25.970000 -0.508444 -0.170516 
589 25.980000 -0.506742 -0.169866 
590 25.990000 -0.505046 -0.169218 
591 26.000000 -0.503357 -0.168574 
592 26.010000 -0.501675 -0.167932 
593 26.020000 -0.499999 -0.167294 
594 26.030000 -0.498329 -0.166658 
595 26.040000 -0.496665 -0.166025 
596 26.050000 -0.495008 -0.165395 
597 26.060000 -0.493358 -0.164767 
598 26.070000 -0.491713 -0.164143 
599 26.080000 -0.490075 -0.163521 
600 26.090000 -0.488443 -0.162902 
601 26.100000 -0.486817 -0.162286 
602 26.110000 -0.485197 -0.161673 
603 26.120000 -0.483583 -0.161062 
604 26.130000 -0.481976 -0.160454 
605 26.140000 -0.480374 -0.159849 
606 26.150000 -0.478779 -0.159247 
607 26.160000 -0.477189 -0.158647 
608 26.170000 -0.475606 -0.158050 
609 26.180000 -0.474028 -0.157456 
610 26.190000 -0.472457 -0.156865 
611 26.200000 -0.470891 -0.156276 
612 26.210000 -0.469331 -0.155690 
613 26.220000 -0.467777 -0.155107 
614 26.230000 -0.466229 -0.154526 
615 26.240000 -0.464686 -0.153948 
616 26.250000 -0.463150 -0.153372 
617 26.260000 -0.461619 -0.152799 
618 26.270000 -0.460094 -0.152229 
619 26.280000 -0.458574 -0.151662 
620 26.290000 -0.457061 -0.151097 
621 26.300000 -0.455552 -0.150534 
622 26.310000 -0.454050 -0.149974 
623 26.320000 -0.452553 -0.149417 
624 26.330000 -0.451062 -0.148862 
625 26.340000 -0.449576 -0.148310 
626 26.350000 -0.448095 -0.147760 
627 26.360000 -0.446621 -0.147213 
628 26.370000 -0.445151 -0.146669 
629 26.380000 -0.443687 -0.146126 
630 26.390000 -0.442229 -0.145587 
631 26.400000 -0.440775 -0.145050 
632 26.410000 -0.439328 -0.144515 
633 26.420000 -0.437885 -0.143982 
634 26.430000 -0.436448 -0.143453 
635 26.440000 -0.435016 -0.142925 
636 26.450000 -0.433589 -0.142400 
637 26.460000 -0.432168 -0.141878 
638 26.470000 -0.430752 -0.141357 
639 26.480000 -0.429341 -0.140839 
640 26.490000 -0.427935 -0.140324 
641 26.500000 -0.426534 -0.139811 
642 26.510000 -0.425139 -0.139300 
643 26.520000 -0.423748 -0.138792 
644 26.530000 -0.422363 -0.138286 
645 26.540000 -0.420983 -0.137782 
646 26.550000 -0.419607 -0.137280 
647 26.560000 -0.418237 -0.136781 
648 26.570000 -0.416872 -0.136284 
649 26.580000 -0.415511 -0.135790 
650 26.590000 -0.414156 -0.135297 
651 26.600000 -0.412805 -0.134807 
652 26.610000 -0.411460 -0.134320 
653 26.620000 -0.410119 -0.133834 
654 26.630000 -0.408783 -0.133350 
655 26.640000 -0.407452 -0.132869 
656 26.650000 -0.406126 -0.132390 
657 26.660000 -0.404804 -0.131913 
658 26.670000 -0.403487 -0.131439 
659 26.680000 -0.402175 -0.130966 
660 26.690000 -0.400868 -0.130496 
661 26.700000 -0.399565 -0.130028 
662 26.710000 -0.398268 -0.129562 
663 26.720000 -0.396974 -0.129098 
664 26.730000 -0.395686 -0.128636 
665 26.740000 -0.394401 -0.128176 
666 26.750000 -0.393122 -0.127719 
667 26.760000 -0.391847 -0.127263 
668 26.770000 -0.390577 -0.126810 
669 26.780000 -0.389311 -0.126358 
670 26.790000 -0.388050 -0.125909 
671 26.800000 -0.386793 -0.125461 
672 26.810000 -0.385540 -0.125016 
673 26.820000 -0.384292 -0.124573 
674 26.830000 -0.383049 -0.124131 
675 26.840000 -0.381810 -0.123692 
676 26.850000 -0.380575 -0.123255 
677 26.860000 -0.379345 -0.122820 
678 26.870000 -0.378119 -0.122386 
679 26.880000 -0.376897 -0.121955 
680 26.890000 -0.375680 -0.121525 
681 26.900000 -0.374466 -0.121098 
682 26.910000 -0.373258 -0.120672 
683 26.920000 -0.372053 -0.120248 
684 26.930000 -0.370853 -0.119827 
685 26.940000 -0.369656 -0.119407 
686 26.950000 -0.368464 -0.118989 
687 26.960000 -0.367277 -0.118573 
688 26.970000 -0.366093 -0.118158 
689 26.980000 -0.364913 -0.117746 
690 26.990000 -0.363738 -0.117336 
691 27.000000 -0.362567 -0.116927 
692 27.010000 -0.361400 -0.116520 
693 27.020000 -0.360236 -0.116115 
694 27.030000 -0.359077 -0.115712 
695 27.040000 -0.357922 -0.115310 
696 27.050000 -0.356771 -0.114911 
697 27.060000 -0.355624 -0.114513 
698 27.070000 -0.354481 -0.114117 
699 27.080000 -0.353342 -0.113722 
700 27.090000 -0.352206 -0.113330 
701 27.100000 -0.351075 -0.112939 
702 27.110000 -0.349948 -0.112550 
703 27.120000 -0.348824 -0.112162 
704 27.130000 -0.347704 -0.111777 
705 27.140000 -0.346588 -0.111393 
706 27.150000 -0.345476 -0.111011 
707 27.160000 -0.344368 -0.110630 
708 27.170000 -0.343264 -0.110251 
709 27.180000 -0.342163 -0.109874 
710 27.190000 -0.341066 -0.109498 
711 27.200000 -0.339973 -0.109125 
712 27.210000 -0.338884 -0.108752 
713 27.220000 -0.337798 -0.108382 
714 27.230000 -0.336716 -0.108013 
715 27.240000 -0.335638 -0.107646 
716 27.250000 -0.334563 -0.107280 
717 27.260000 -0.333492 -0.106916 
718 27.270000 -0.332425 -0.106553 
719 27.280000 -0.331361 -0.106192 
720 27.290000 -0.330301 -0.105833 
721 27.300000 -0.329245 -0.105475 
722 27.310000 -0.328192 -0.105119 
723 27.320000 -0.327142 -0.104765 
724 27.330000 -0.326096 -0.104411 
725 27.340000 -0.325054 -0.104060 
726 27.350000 -0.324015 -0.103710 
727 27.360000 -0.322980 -0.103361 
728 27.370000 -0.321948 -0.103014 
729 27.380000 -0.320919 -0.102669 
730 27.390000 -0.319894 -0.102325 
731 27.400000 -0.318873 -0.101983 
732 27.410000 -0.317855 -0.101642 
733 27.420000 -0.316840 -0.101302 
734 27.430000 -0.315829 -0.100964 
735 27.440000 -0.314821 -0.100628 
736 27.450000 -0.313816 -0.100292 
737 27.460000 -0.312815 -0.099959 
738 27.470000 -0.311817 -0.099627 
739 27.480000 -0.310822 -0.099296 
740 27.490000 -0.309831 -0.098966 
741 27.500000 -0.308843 -0.098639 
742 27.510000 -0.307858 -0.098312 
743 27.520000 -0.306877 -0.097987 
744 27.530000 -0.305899 -0.097663 
745 27.540000 -0.304924 -0.097341 
746 27.550000 -0.303952 -0.097020 
747 27.560000 -0.302983 -0.096700 
748 27.570000 -0.302018 -0.096382 
749 27.580000 -0.301055 -0.096065 
750 27.590000 -0.300096 -0.095750 
751 27.600000 -0.299140 -0.095436 
752 27.610000 -0.298188 -0.095123 
753 27.620000 -0.297238 -0.094811 
754 27.630000 -0.296291 -0.094501 
755 27.640000 -0.295348 -0.094192 
756 27.650000 -0.294408 -0.093885 
757 27.660000 -0.293470 -0.093579 
758 27.670000 -0.292536 -0.093274 
759 27.680000 -0.291605 -0.092970 
760 27.690000 -0.290677 -0.092668 
761 27.700000 -0.289751 -0.092367 
762 27.710000 -0.288829 -0.092067 
763 27.720000 -0.287910 -0.091768 
764 27.730000 -0.286994 -0.091471 
765 27.740000 -0.286081 -0.091175 
766 27.750000 -0.285170 -0.090880 
767 27.760000 -0.284263 -0.090587 
768 27.770000 -0.283359 -0.090294 
769 27.780000 -0.282457 -0.090003 
770 27.790000 -0.281559 -0.089713 
771 27.800000 -0.280663 -0.089425 
772 27.810000 -0.279770 -0.089137 
773 27.820000 -0.278880 -0.088851 
774 27.830000 -0.277993 -0.088566 
775 27.840000 -0.277109 -0.088282 
776 27.850000 -0.276227 -0.088000 
777 27.860000 -0.275349 -0.087718 
778 27.870000 -0.274473 -0.087438 
779 27.880000 -0.273600 -0.087159 
780 27.890000 -0.272730 -0.086881 
781 27.900000 -0.271862 -0.086604 
782 27.910000 -0.270998 -0.086328 
783 27.920000 -0.270136 -0.086054 
784 27.930000 -0.269277 -0.085780 
785 27.940000 -0.268420 -0.085508 
786 27.950000 -0.267567 -0.085237 
787 27.960000 -0.266716 -0.084967 
788 27.970000 -0.265867 -0.084698 
789 27.980000 -0.265022 -0.084430 
790 27.990000 -0.264179 -0.084163 
791 28.000000 -0.263338 -0.083898 
792 28.010000 -0.262501 -0.083633 
793 28.020000 -0.261666 -0.083370 
794 28.030000 -0.260833 -0.083108 
795 28.040000 -0.260004 -0.082846 
796 28.050000 -0.259176 -0.082586 
797 28.060000 -0.258352 -0.082327 
798 28.070000 -0.257530 -0.082069 
799 28.080000 -0.256710 -0.081812 
800 28.090000 -0.255894 -0.081556 
801 28.100000 -0.255079 -0.081301 
802 28.110000 -0.254268 -0.081047 
803 28.120000 -0.253458 -0.080794 
804 28.130000 -0.252652 -0.080542 
805 28.140000 -0.251847 -0.080292 
806 28.150000 -0.251046 -0.080042 
807 28.160000 -0.250247 -0.079793 
808 28.170000 -0.249450 -0.079545 
809 28.180000 -0.248656 -0.079299 
810 28.190000 -0.247864 -0.079053 
811 28.200000 -0.247075 -0.078808 
812 28.210000 -0.246288 -0.078564 
813 28.220000 -0.245503 -0.078321 
814 28.230000 -0.244721 -0.078080 
815 28.240000 -0.243942 -0.077839 
816 28.250000 -0.243165 -0.077599 
817 28.260000 -0.242390 -0.077360 
818 28.270000 -0.241617 -0.077122 
819 28.280000 -0.240847 -0.076885 
820 28.290000 -0.240080 -0.076649 
821 28.300000 -0.239314 -0.076414 
822 28.310000 -0.238551 -0.076180 
823 28.320000 -0.237791 -0.075946 
824 28.330000 -0.237032 -0.075714 
825 28.340000 -0.236277 -0.075483 
826 28.350000 -0.235523 -0.075252 
827 28.360000 -0.234771 -0.075023 
828 28.370000 -0.234022 -0.074794 
829 28.380000 -0.233276 -0.074566 
830 28.390000 -0.232531 -0.074339 
831 28.400000 -0.231789 -0.074113 
832 28.410000 -0.231049 -0.073888 
833 28.420000 -0.230311 -0.073664 
834 28.430000 -0.229576 -0.073441 
835 28.440000 -0.228842 -0.073219 
836 28.450000 -0.228111 -0.072997 
837 28.460000 -0.227382 -0.072776 
838 28.470000 -0.226656 -0.072557 
839 28.480000 -0.225931 -0.072338 
840 28.490000 -0.225209 -0.072120 
841 28.500000 -0.224489 -0.071903 
842 28.510000 -0.223771 -0.071686 
843 28.520000 -0.223055 -0.071471 
844 28.530000 -0.222341 -0.071256 
845 28.540000 -0.221630 -0.071042 
846 28.550000 -0.220921 -0.070829 
847 28.560000 -0.220213 -0.070617 
848 28.570000 -0.219508 -0.070406 
849 28.580000 -0.218805 -0.070195 
850 28.590000 -0.218104 -0.069986 
851 28.600000 -0.217405 -0.069777 
852 28.610000 -0.216709 -0.069569 
853 28.620000 -0.216014 -0.069362 
854 28.630000 -0.215321 -0.069155 
855 28.640000 -0.214631 -0.068950 
856 28.650000 -0.213942 -0.068745 
857 28.660000 -0.213256 -0.068541 
858 28.670000 -0.212572 -0.068337 
859 28.680000 -0.211889 -0.068135 
860 28.690000 -0.211209 -0.067933 
861 28.700000 -0.210531 -0.067732 
862 28.710000 -0.209854 -0.067532 
863 28.720000 -0.209180 -0.067333 
864 28.730000 -0.208508 -0.067134 
865 28.740000 -0.207837 -0.066937 
866 28.750000 -0.207169 -0.066739 
867 28.760000 -0.206503 -0.066543 
868 28.770000 -0.205838 -0.066348 
869 28.780000 -0.205176 -0.066153 
870 28.790000 -0.204515 -0.065959 
871 28.800000 -0.203856 -0.065765 
872 28.810000 -0.203200 -0.065573 
873 28.820000 -0.202545 -0.065381 
874 28.830000 -0.201892 -0.065190 
875 28.840000 -0.201241 -0.064999 
876 28.850000 -0.200592 -0.064810 
877 28.860000 -0.199945 -0.064621 
878 28.870000 -0.199300 -0.064432 
879 28.880000 -0.198656 -0.064245 
880 28.890000 -0.198015 -0.064058 
881 28.900000 -0.197375 -0.063872 
882 28.910000 -0.196737 -0.063687 
883 28.920000 -0.196101 -0.063502 
884 28.930000 -0.195467 -0.063318 
885 28.940000 -0.194835 -0.063135 
886 28.950000 -0.194205 -0.062952 
887 28.960000 -0.193576 -0.062770 
888 28.970000 -0.192949 -0.062589 
889 28.980000 -0.192324 -0.062408 
890 28.990000 -0.191701 -0.062228 
891 29.000000 -0.191080 -0.062049 
892 29.010000 -0.190460 -0.061870 
893 29.020000 -0.189842 -0.061693 
894 29.030000 -0.189226 -0.061515 
895 29.040000 -0.188612 -0.061339 
896 29.050000 -0.187999 -0.061163 
897 29.060000 -0.187389 -0.060988 
898 29.070000 -0.186780 -0.060813 
899 29.080000 -0.186172 -0.060639 
900 29.090000 -0.185567 -0.060466 
901 29.100000 -0.184963 -0.060293 
902 29.110000 -0.184361 -0.060121 
903 29.120000 -0.183761 -0.059950 
904 29.130000 -0.183162 -0.059779 
905 29.140000 -0.182565 -0.059609 
906 29.150000 -0.181970 -0.059439 
907 29.160000 -0.181376 -0.059271 
908 29.170000 -0.180784 -0.059102 
909 29.180000 -0.180194 -0.058935 
910 29.190000 -0.179606 -0.058768 
911 29.200000 -0.179019 -0.058601 
912 29.210000 -0.178434 -0.058436 
913 29.220000 -0.177850 -0.058270 
914 29.230000 -0.177268 -0.058106 
915 29.240000 -0.176688 -0.057942 
916 29.250000 -0.176109 -0.057779 
917 29.260000 -0.175532 -0.057616 
918 29.270000 -0.174957 -0.057454 
919 29.280000 -0.174383 -0.057292 
920 29.290000 -0.173811 -0.057131 
921 29.300000 -0.173241 -0.056971 
922 29.310000 -0.172672 -0.056811 
923 29.320000 -0.172105 -0.056652 
924 29.330000 -0.171539 -0.056493 
925 29.340000 -0.170975 -0.056335 
926 29.350000 -0.170412 -0.056178 
927 29.360000 -0.169851 -0.056021 
928 29.370000 -0.169292 -0.055864 
929 29.380000 -0.168734 -0.055709 
930 29.390000 -0.168178 -0.055553 
931 29.400000 -0.167623 -0.055399 
932 29.410000 -0.167070 -0.055245 
933 29.420000 -0.166518 -0.055091 
934 29.430000 -0.165968 -0.054938 
935 29.440000 -0.165419 -0.054786 
936 29.450000 -0.164872 -0.054634 
937 29.460000 -0.164326 -0.054483 
938 29.470000 -0.163782 -0.054332 
939 29.480000 -0.163240 -0.054181 
940 29.490000 -0.162699 -0.054032 
941 29.500000 -0.162159 -0.053883 
942 29.510000 -0.161621 -0.053734 
943 29.520000 -0.161084 -0.053586 
944 29.530000 -0.160549 -0.053438 
945 29.540000 -0.160016 -0.053291 
946 29.550000 -0.159484 -0.053145 
947 29.560000 -0.158953 -0.052999 
948 29.570000 -0.158424 -0.052853 
949 29.580000 -0.157896 -0.052708 
950 29.590000 -0.157369 -0.052564 
951 29.600000 -0.156844 -0.052420 
952 29.610000 -0.156321 -0.052276 
953 29.620000 -0.155799 -0.052134 
954 29.630000 -0.155278 -0.051991 
955 29.640000 -0.154759 -0.051849 
956 29.650000 -0.154241 -0.051708 
957 29.660000 -0.153725 -0.051567 
958 29.670000 -0.153210 -0.051426 
959 29.680000 -0.152696 -0.051287 
960 29.690000 -0.152184 -0.051147 
961 29.700000 -0.151673 -0.051008 
962 29.710000 -0.151164 -0.050870 
963 29.720000 -0.150656 -0.050732 
964 29.730000 -0.150149 -0.050594 
965 29.740000 -0.149644 -0.050457 
966 29.750000 -0.149140 -0.050321 
967 29.760000 -0.148638 -0.050185 
968 29.770000 -0.148137 -0.050049 
969 29.780000 -0.147637 -0.049914 
970 29.790000 -0.147138 -0.049780 
971 29.800000 -0.146641 -0.049646 
972 29.810000 -0.146145 -0.049512 
973 29.820000 -0.145651 -0.049379 
974 29.830000 -0.145158 -0.049246 
975 29.840000 -0.144666 -0.049114 
976 29.850000 -0.144176 -0.048982 
977 29.860000 -0.143686 -0.048851 
978 29.870000 -0.143199 -0.048720 
979 29.880000 -0.142712 -0.048589 
980 29.890000 -0.142227 -0.048459 
981 29.900000 -0.141743 -0.048330 
982 29.910000 -0.141260 -0.048201 
983 29.920000 -0.140779 -0.048072 
984 29.930000 -0.140299 -0.047944 
985 29.940000 -0.139820 -0.047816 
986 29.950000 -0.139342 -0.047689 
987 29.960000 -0.138866 -0.047562 
988 29.970000 -0.138391 -0.047435 
989 29.980000 -0.137917 -0.047309 
990 29.990000 -0.137445 -0.047184 
991 30.000000 -0.136974 -0.047059 
992 30.010000 -0.136504 -0.046934 
993 30.020000 -0.136035 -0.046810 
994 30.030000 -0.135568 -0.046686 
995 30.040000 -0.135101 -0.046562 
996 30.050000 -0.134636 -0.046439 
997 30.060000 -0.134173 -0.046317 
998 30.070000 -0.133710 -0.046195 
999 30.080000 -0.133249 -0.046073 
1000 30.090000 -0.132789 -0.045952 
1001 30.100000 -0.132330 -0.045831 
1002 30.110000 -0.131872 -0.045710 
1003 30.120000 -0.131415 -0.045590 
1004 30.130000 -0.130960 -0.045470 
1005 30.140000 -0.130506 -0.045351 
1006 30.150000 -0.130053 -0.045232 
1007 30.160000 -0.129601 -0.045114 
1008 30.170000 -0.129151 -0.044996 
1009 30.180000 -0.128701 -0.044878 
1010 30.190000 -0.128253 -0.044761 
1011 30.200000 -0.127806 -0.044644 
1012 30.210000 -0.127360 -0.044527 
1013 30.220000 -0.126916 -0.044411 
1014 30.230000 -0.126472 -0.044295 
1015 30.240000 -0.126030 -0.044180 
1016 30.250000 -0.125589 -0.044065 
1017 30.260000 -0.125149 -0.043951 
1018 30.270000 -0.124710 -0.043836 
1019 30.280000 -0.124272 -0.043723 
1020 30.290000 -0.123835 -0.043609 
1021 30.300000 -0.123400 -0.043496 
1022 30.310000 -0.122965 -0.043384 
1023 30.320000 -0.122532 -0.043271 
1024 30.330000 -0.122100 -0.043159 
1025 30.340000 -0.121669 -0.043048 
1026 30.350000 -0.121239 -0.042937 
1027 30.360000 -0.120810 -0.042826 
1028 30.370000 -0.120382 -0.042716 
1029 30.380000 -0.119956 -0.042606 
1030 30.390000 -0.119530 -0.042496 
1031 30.400000 -0.119106 -0.042387 
1032 30.410000 -0.118682 -0.042278 
1033 30.420000 -0.118260 -0.042169 
1034 30.430000 -0.117839 -0.042061 
1035 30.440000 -0.117419 -0.041953 
1036 30.450000 -0.117000 -0.041846 
1037 30.460000 -0.116582 -0.041738 
1038 30.470000 -0.116165 -0.041632 
1039 30.480000 -0.115749 -0.041525 
1040 30.490000 -0.115335 -0.041419 
1041 30.500000 -0.114921 -0.041313 
1042 30.510000 -0.114508 -0.041208 
1043 30.520000 -0.114097 -0.041103 
1044 30.530000 -0.113686 -0.040998 
1045 30.540000 -0.113277 -0.040894 
1046 30.550000 -0.112869 -0.040790 
1047 30.560000 -0.112461 -0.040686 
1048 30.570000 -0.112055 -0.040583 
1049 30.580000 -0.111649 -0.040480 
1050 30.590000 -0.111245 -0.040377 
1051 30.600000 -0.110842 -0.040275 
1052 30.610000 -0.110440 -0.040173 
1053 30.620000 -0.110038 -0.040071 
1054 30.630000 -0.109638 -0.039970 
1055 30.640000 -0.109239 -0.039869 
1056 30.650000 -0.108841 -0.039768 
1057 30.660000 -0.108444 -0.039668 
1058 30.670000 -0.108048 -0.039568 
1059 30.680000 -0.107652 -0.039468 
1060 30.690000 -0.107258 -0.039369 
1061 30.700000 -0.106865 -0.039270 
1062 30.710000 -0.106473 -0.039171 
1063 30.720000 -0.106082 -0.039073 
1064 30.730000 -0.105691 -0.038975 
1065 30.740000 -0.105302 -0.038877 
1066 30.750000 -0.104914 -0.038780 
1067 30.760000 -0.104526 -0.038682 
1068 30.770000 -0.104140 -0.038586 
1069 30.780000 -0.103755 -0.038489 
1070 30.790000 -0.103370 -0.038393 
1071 30.800000 -0.102987 -0.038297 
1072 30.810000 -0.102604 -0.038201 
1073 30.820000 -0.102223 -0.038106 
1074 30.830000 -0.101842 -0.038011 
1075 30.840000 -0.101463 -0.037917 
1076 30.850000 -0.101084 -0.037822 
1077 30.860000 -0.100706 -0.037728 
1078 30.870000 -0.100329 -0.037634 
1079 30.880000 -0.099953 -0.037541 
1080 30.890000 -0.099579 -0.037448 
1081 30.900000 -0.099205 -0.037355 
1082 30.910000 -0.098831 -0.037262 
1083 30.920000 -0.098459 -0.037170 
1084 30.930000 -0.098088 -0.037078 
1085 30.940000 -0.097718 -0.036987 
1086 30.950000 -0.097348 -0.036895 
1087 30.960000 -0.096980 -0.036804 
1088 30.970000 -0.096612 -0.036713 
1089 30.980000 -0.096246 -0.036623 
1090 30.990000 -0.095880 -0.036533 
1091 31.000000 -0.095515 -0.036443 
1092 31.010000 -0.095151 -0.036353 
1093 31.020000 -0.094788 -0.036264 
1094 31.030000 -0.094426 -0.036175 
1095 31.040000 -0.094064 -0.036086 
1096 31.050000 -0.093704 -0.035997 
1097 31.060000 -0.093344 -0.035909 
1098 31.070000 -0.092986 -0.035821 
1099 31.080000 -0.092628 -0.035733 
1100 31.090000 -0.092271 -0.035646 
1101 31.100000 -0.091915 -0.035559 
1102 31.110000 -0.091560 -0.035472 
1103 31.120000 -0.091206 -0.035385 
1104 31.130000 -0.090852 -0.035299 
1105 31.140000 -0.090500 -0.035213 
1106 31.150000 -0.090148 -0.035127 
1107 31.160000 -0.089797 -0.035042 
1108 31.170000 -0.089447 -0.034956 
1109 31.180000 -0.089098 -0.034871 
1110 31.190000 -0.088750 -0.034787 
1111 31.200000 -0.088402 -0.034702 
1112 31.210000 -0.088056 -0.034618 
1113 31.220000 -0.087710 -0.034534 
1114 31.230000 -0.087365 -0.034450 
1115 31.240000 -0.087021 -0.034367 
1116 31.250000 -0.086678 -0.034284 
1117 31.260000 -0.086335 -0.034201 
1118 31.270000 -0.085994 -0.034118 
1119 31.280000 -0.085653 -0.034036 
1120 31.290000 -0.085313 -0.033954 
1121 31.300000 -0.084974 -0.033872 
1122 31.310000 -0.084635 -0.033791 
1123 31.320000 -0.084298 -0.033709 
1124 31.330000 -0.083961 -0.033628 
1125 31.340000 -0.083625 -0.033547 
1126 31.350000 -0.083290 -0.033467 
1127 31.360000 -0.082956 -0.033386 
1128 31.370000 -0.082623 -0.033306 
1129 31.380000 -0.082290 -0.033226 
1130 31.390000 -0.081958 -0.033147 
1131 31.400000 -0.081627 -0.033067 
1132 31.410000 -0.081297 -0.032988 
1133 31.420000 -0.080967 -0.032909 
1134 31.430000 -0.080638 -0.032831 
1135 31.440000 -0.080311 -0.032752 
1136 31.450000 -0.079983 -0.032674 
1137 31.460000 -0.079657 -0.032596 
1138 31.470000 -0.079332 -0.032519 
1139 31.480000 -0.079007 -0.032441 
1140 31.490000 -0.078683 -0.032364 
1141 31.500000 -0.078359 -0.032287 
1142 31.510000 -0.078037 -0.032210 
1143 31.520000 -0.077715 -0.032134 
1144 31.530000 -0.077394 -0.032058 
1145 31.540000 -0.077074 -0.031982 
1146 31.550000 -0.076755 -0.031906 
1147 31.560000 -0.076436 -0.031830 
1148 31.570000 -0.076118 -0.031755 
1149 31.580000 -0.075801 -0.031680 
1150 31.590000 -0.075484 -0.031605 
1151 31.600000 -0.075169 -0.031530 
1152 31.610000 -0.074854 -0.031456 
1153 31.620000 -0.074540 -0.031382 
1154 31.630000 -0.074226 -0.031308 
1155 31.640000 -0.073914 -0.031234 
1156 31.650000 -0.073602 -0.031160 
1157 31.660000 -0.073290 -0.031087 
1158 31.670000 -0.072980 -0.031014 
1159 31.680000 -0.072670 -0.030941 
1160 31.690000 -0.072361 -0.030868 
1161 31.700000 -0.072053 -0.030796 
1162 31.710000 -0.071745 -0.030724 
1163 31.720000 -0.071438 -0.030652 
1164 31.730000 -0.071132 -0.030580 
1165 31.740000 -0.070827 -0.030508 
1166 31.750000 -0.070522 -0.030437 
1167 31.760000 -0.070218 -0.030366 
1168 31.770000 -0.069915 -0.030295 
1169 31.780000 -0.069612 -0.030224 
1170 31.790000 -0.069310 -0.030154 
1171 31.800000 -0.069009 -0.030084 
1172 31.810000 -0.068708 -0.030013 
1173 31.820000 -0.068409 -0.029944 
1174 31.830000 -0.068109 -0.029874 
1175 31.840000 -0.067811 -0.029804 
1176 31.850000 -0.067513 -0.029735 
1177 31.860000 -0.067216 -0.029666 
1178 31.870000 -0.066920 -0.029597 
1179 31.880000 -0.066624 -0.029529 
1180 31.890000 -0.066330 -0.029460 
1181 31.900000 -0.066035 -0.029392 
1182 31.910000 -0.065742 -0.029324 
1183 31.920000 -0.065449 -0.029256 
1184 31.930000 -0.065157 -0.029189 
1185 31.940000 -0.064865 -0.029121 
1186 31.950000 -0.064574 -0.029054 
1187 31.960000 -0.064284 -0.028987 
1188 31.970000 -0.063994 -0.028920 
1189 31.980000 -0.063706 -0.028854 
1190 31.990000 -0.063417 -0.028787 
1191 32.000000 -0.063130 -0.028721 
1192 32.010000 -0.062843 -0.028655 
1193 32.020000 -0.062557 -0.028589 
1194 32.030000 -0.062271 -0.028523 
1195 32.040000 -0.061986 -0.028458 
1196 32.050000 -0.061702 -0.028393 
1197 32.060000 -0.061418 -0.028328 
1198 32.070000 -0.061135 -0.028263 
1199 32.080000 -0.060853 -0.028198 
1200 32.090000 -0.060571 -0.028134 
1201 32.100000 -0.060290 -0.028069 
1202 32.110000 -0.060010 -0.028005 
1203 32.120000 -0.059730 -0.027941 
1204 32.130000 -0.059451 -0.027877 
1205 32.140000 -0.059173 -0.027814 
1206 32.150000 -0.058895 -0.027750 
1207 32.160000 -0.058618 -0.027687 
1208 32.170000 -0.058341 -0.027624 
1209 32.180000 -0.058065 -0.027561 
1210 32.190000 -0.057790 -0.027499 
1211 32.200000 -0.057515 -0.027436 
1212 32.210000 -0.057241 -0.027374 
1213 32.220000 -0.056968 -0.027312 
1214 32.230000 -0.056695 -0.027250 
1215 32.240000 -0.056423 -0.027188 
1216 32.250000 -0.056151 -0.027127 
1217 32.260000 -0.055880 -0.027065 
1218 32.270000 -0.055610 -0.027004 
1219 32.280000 -0.055340 -0.026943 
1220 32.290000 -0.055071 -0.026882 
1221 32.300000 -0.054803 -0.026822 
1222 32.310000 -0.054535 -0.026761 
1223 32.320000 -0.054267 -0.026701 
1224 32.330000 -0.054001 -0.026641 
1225 32.340000 -0.053735 -0.026581 
1226 32.350000 -0.053469 -0.026521 
1227 32.360000 -0.053204 -0.026461 
1228 32.370000 -0.052940 -0.026402 
1229 32.380000 -0.052676 -0.026342 
1230 32.390000 -0.052413 -0.026283 
1231 32.400000 -0.052150 -0.026224 
1232 32.410000 -0.051888 -0.026166 
1233 32.420000 -0.051627 -0.026107 
1234 32.430000 -0.051366 -0.026049 
1235 32.440000 -0.051106 -0.025990 
1236 32.450000 -0.050846 -0.025932 
1237 32.460000 -0.050587 -0.025874 
1238 32.470000 -0.050329 -0.025816 
1239 32.480000 -0.050071 -0.025759 
1240 32.490000 -0.049814 -0.025701 
1241 32.500000 -0.049557 -0.025644 
1242 32.510000 -0.049301 -0.025587 
1243 32.520000 -0.049045 -0.025530 
1244 32.530000 -0.048790 -0.025473 
1245 32.540000 -0.048536 -0.025417 
1246 32.550000 -0.048282 -0.025360 
1247 32.560000 -0.048029 -0.025304 
1248 32.570000 -0.047776 -0.025248 
1249 32.580000 -0.047524 -0.025192 
1250 32.590000 -0.047272 -0.025136 
1251 32.600000 -0.047021 -0.025080 
1252 32.610000 -0.046771 -0.025025 
1253 32.620000 -0.046521 -0.024969 
1254 32.630000 -0.046271 -0.024914 
1255 32.640000 -0.046022 -0.024859 
1256 32.650000 -0.045774 -0.024804 
1257 32.660000 -0.045526 -0.024749 
1258 32.670000 -0.045279 -0.024695 
1259 32.680000 -0.045032 -0.024640 
1260 32.690000 -0.044786 -0.024586 
1261 32.700000 -0.044541 -0.024532 
1262 32.710000 -0.044296 -0.024478 
1263 32.720000 -0.044051 -0.024424 
1264 32.730000 -0.043807 -0.024370 
1265 32.740000 -0.043564 -0.024317 
1266 32.750000 -0.043321 -0.024263 
1267 32.760000 -0.043078 -0.024210 
1268 32.770000 -0.042836 -0.024157 
1269 32.780000 -0.042595 -0.024104 
1270 32.790000 -0.042354 -0.024051 
1271 32.800000 -0.042114 -0.023999 
1272 32.810000 -0.041874 -0.023946 
1273 32.820000 -0.041635 -0.023894 
1274 32.830000 -0.041397 -0.023842 
1275 32.840000 -0.041158 -0.023790 
1276 32.850000 -0.040921 -0.023738 
1277 32.860000 -0.040684 -0.023686 
1278 32.870000 -0.040447 -0.023634 
1279 32.880000 -0.040211 -0.023583 
1280 32.890000 -0.039975 -0.023532 
1281 32.900000 -0.039740 -0.023480 
1282 32.910000 -0.039506 -0.023429 
1283 32.920000 -0.039272 -0.023378 
1284 32.930000 -0.039038 -0.023328 
1285 32.940000 -0.038805 -0.023277 
1286 32.950000 -0.038573 -0.023227 
1287 32.960000 -0.038341 -0.023176 
1288 32.970000 -0.038109 -0.023126 
1289 32.980000 -0.037878 -0.023076 
1290 32.990000 -0.037648 -0.023026 
1291 33.000000 -0.037418 -0.022976 
1292 33.010000 -0.037188 -0.022927 
1293 33.020000 -0.036959 -0.022877 
1294 33.030000 -0.036731 -0.022828 
1295 33.040000 -0.036503 -0.022778 
1296 33.050000 -0.036275 -0.022729 
1297 33.060000 -0.036048 -0.022680 
1298 33.070000 -0.035821 -0.022632 
1299 33.080000 -0.035595 -0.022583 
1300 33.090000 -0.035370 -0.022534 
1301 33.100000 -0.035145 -0.022486 
1302 33.110000 -0.034920 -0.022438 
1303 33.120000 -0.034696 -0.022389 
1304 33.130000 -0.034472 -0.022341 
1305 33.140000 -0.034249 -0.022293 
1306 33.150000 -0.034026 -0.022246 
1307 33.160000 -0.033804 -0.022198 
1308 33.170000 -0.033582 -0.022150 
1309 33.180000 -0.033361 -0.022103 
1310 33.190000 -0.033140 -0.022056 
1311 33.200000 -0.032920 -0.022009 
1312 33.210000 -0.032700 -0.021962 
1313 33.220000 -0.032481 -0.021915 
1314 33.230000 -0.032262 -0.021868 
1315 33.240000 -0.032043 -0.021821 
1316 33.250000 -0.031825 -0.021775 
1317 33.260000 -0.031608 -0.021729 
1318 33.270000 -0.031391 -0.021682 
1319 33.280000 -0.031174 -0.021636 
1320 33.290000 -0.030958 -0.021590 
1321 33.300000 -0.030742 -0.021544 
1322 33.310000 -0.030527 -0.021499 
1323 33.320000 -0.030312 -0.021453 
1324 33.330000 -0.030098 -0.021407 
1325 33.340000 -0.029884 -0.021362 
1326 33.350000 -0.029671 -0.021317 
1327 33.360000 -0.029458 -0.021272 
1328 33.370000 -0.029246 -0.021227 
1329 33.380000 -0.029033 -0.021182 
1330 33.390000 -0.028822 -0.021137 
1331 33.400000 -0.028611 -0.021092 
1332 33.410000 -0.028400 -0.021048 
1333 33.420000 -0.028190 -0.021003 
1334 33.430000 -0.027980 -0.020959 
1335 33.440000 -0.027771 -0.020915 
1336 33.450000 -0.027562 -0.020871 
1337 33.460000 -0.027353 -0.020827 
1338 33.470000 -0.027145 -0.020783 
1339 33.480000 -0.026938 -0.020739 
1340 33.490000 -0.026730 -0.020696 
1341 33.500000 -0.026524 -0.020652 
1342 33.510000 -0.026317 -0.020609 
1343 33.520000 -0.026111 -0.020566 
1344 33.530000 -0.025906 -0.020523 
1345 33.540000 -0.025701 -0.020480 
1346 33.550000 -0.025496 -0.020437 
1347 33.560000 -0.025292 -0.020394 
1348 33.570000 -0.025088 -0.020351 
1349 33.580000 -0.024885 -0.020309 
1350 33.590000 -0.024682 -0.020266 
1351 33.600000 -0.024480 -0.020224 
1352 33.610000 -0.024278 -0.020182 
1353 33.620000 -0.024076 -0.020140 
1354 33.630000 -0.023875 -0.020098 
1355 33.640000 -0.023674 -0.020056 
1356 33.650000 -0.023474 -0.020014 
1357 33.660000 -0.023274 -0.019972 
1358 33.670000 -0.023074 -0.019931 
1359 33.680000 -0.022875 -0.019889 
1360 33.690000 -0.022677 -0.019848 
1361 33.700000 -0.022478 -0.019807 
1362 33.710000 -0.022281 -0.019766 
1363 33.720000 -0.022083 -0.019725 
1364 33.730000 -0.021886 -0.019684 
1365 33.740000 -0.021689 -0.019643 
1366 33.750000 -0.021493 -0.019602 
1367 33.760000 -0.021297 -0.019562 
1368 33.770000 -0.021102 -0.019521 
1369 33.780000 -0.020907 -0.019481 
1370 33.790000 -0.020712 -0.019441 
1371 33.800000 -0.020518 -0.019401 
1372 33.810000 -0.020324 -0.019361 
1373 33.820000 -0.020131 -0.019321 
1374 33.830000 -0.019938 -0.019281 
1375 33.840000 -0.019745 -0.019241 
1376 33.850000 -0.019553 -0.019202 
1377 33.860000 -0.019361 -0.019162 
1378 33.870000 -0.019170 -0.019123 
1379 33.880000 -0.018979 -0.019083 
1380 33.890000 -0.018788 -0.019044 
1381 33.900000 -0.018598 -0.019005 
1382 33.910000 -0.018408 -0.018966 
1383 33.920000 -0.018219 -0.018927 
1384 33.930000 -0.018030 -0.018888 
1385 33.940000 -0.017841 -0.018850 
1386 33.950000 -0.017653 -0.018811 
1387 33.960000 -0.017465 -0.018772 
1388 33.970000 -0.017277 -0.018734 
1389 33.980000 -0.017090 -0.018696 
1390 33.990000 -0.016903 -0.018658 
1391 34.000000 -0.016717 -0.018619 
1392 34.010000 -0.016531 -0.018581 
1393 34.020000 -0.016345 -0.018544 
1394 34.030000 -0.016160 -0.018506 
1395 34.040000 -0.015975 -0.018468 
1396 34.050000 -0.015791 -0.018430 
1397 34.060000 -0.015606 -0.018393 
1398 34.070000 -0.015423 -0.018355 
1399 34.080000 -0.015239 -0.018318 
1400 34.090000 -0.015056 -0.018281 
1401 34.100000 -0.014874 -0.018244 
1402 34.110000 -0.014691 -0.018207 
1403 34.120000 -0.014510 -0.018170 
1404 34.130000 -0.014328 -0.018133 
1405 34.140000 -0.014147 -0.018096 
1406 34.150000 -0.013966 -0.018060 
1407 34.160000 -0.013786 -0.018023 
1408 34.170000 -0.013606 -0.017987 
1409 34.180000 -0.013426 -0.017950 
1410 34.190000 -0.013247 -0.017914 
1411 34.200000 -0.013068 -0.017878 
1412 34.210000 -0.012889 -0.017842 
1413 34.220000 -0.012711 -0.017806 
1414 34.230000 -0.012533 -0.017770 
1415 34.240000 -0.012355 -0.017734 
1416 34.250000 -0.012178 -0.017698 
1417 34.260000 -0.012001 -0.017663 
1418 34.270000 -0.011825 -0.017627 
1419 34.280000 -0.011649 -0.017592 
1420 34.290000 -0.011473 -0.017556 
1421 34.300000 -0.011298 -0.017521 
1422 34.310000 -0.011123 -0.017486 
1423 34.320000 -0.010948 -0.017451 
1424 34.330000 -0.010774 -0.017416 
1425 34.340000 -0.010600 -0.017381 
1426 34.350000 -0.010426 -0.017346 
1427 34.360000 -0.010253 -0.017311 
1428 34.370000 -0.010080 -0.017277 
1429 34.380000 -0.009907 -0.017242 
1430 34.390000 -0.009735 -0.017207 
1431 34.400000 -0.009563 -0.017173 
1432 34.410000 -0.009392 -0.017139 
1433 34.420000 -0.009220 -0.017105 
1434 34.430000 -0.009050 -0.017070 
1435 34.440000 -0.008879 -0.017036 
1436 34.450000 -0.008709 -0.017002 
1437 34.460000 -0.008539 -0.016969 
1438 34.470000 -0.008369 -0.016935 
1439 34.480000 -0.008200 -0.016901 
1440 34.490000 -0.008031 -0.016867 
1441 34.500000 -0.007863 -0.016834 
1442 34.510000 -0.007695 -0.016801 
1443 34.520000 -0.007527 -0.016767 
1444 34.530000 -0.007359 -0.016734 
1445 34.540000 -0.007192 -0.016701 
1446 34.550000 -0.007025 -0.016668 
1447 34.560000 -0.006859 -0.016635 
1448 34.570000 -0.006693 -0.016602 
1449 34.580000 -0.006527 -0.016569 
1450 34.590000 -0.006361 -0.016536 
1451 34.600000 -0.006196 -0.016503 
1452 34.610000 -0.006031 -0.016471 
1453 34.620000 -0.005867 -0.016438 
1454 34.630000 -0.005702 -0.016406 
1455 34.640000 -0.005539 -0.016373 
1456 34.650000 -0.005375 -0.016341 
1457 34.660000 -0.005212 -0.016309 
1458 34.670000 -0.005049 -0.016277 
1459 34.680000 -0.004886 -0.016245 
1460 34.690000 -0.004724 -0.016213 
1461 34.700000 -0.004562 -0.016181 
1462 34.710000 -0.004400 -0.016149 
1463 34.720000 -0.004239 -0.016117 
1464 34.730000 -0.004078 -0.016086 
1465 34.740000 -0.003917 -0.016054 
1466 34.750000 -0.003757 -0.016023 
1467 34.760000 -0.003597 -0.015991 
1468 34.770000 -0.003437 -0.015960 
1469 34.780000 -0.003278 -0.015928 
1470 34.790000 -0.003119 -0.015897 
1471 34.800000 -0.002960 -0.015866 
1472 34.810000 -0.002801 -0.015835 
1473 34.820000 -0.002643 -0.015804 
1474 34.830000 -0.002485 -0.015773 
1475 34.840000 -0.002328 -0.015743 
1476 34.850000 -0.002170 -0.015712 
1477 34.860000 -0.002013 -0.015681 
1478 34.870000 -0.001857 -0.015651 
1479 34.880000 -0.001700 -0.015620 
1480 34.890000 -0.001544 -0.015590 
1481 34.900000 -0.001388 -0.015559 
1482 34.910000 -0.001233 -0.015529 
1483 34.920000 -0.001078 -0.015499 
1484 34.930000 -0.000923 -0.015469 
1485 34.940000 -0.000769 -0.015439 
1486 34.950000 -0.000614 -0.015409 
1487 34.960000 -0.000460 -0.015379 
1488 34.970000 -0.000307 -0.015349 
1489 34.980000 -0.000153 -0.015319 
1490 34.990000 -0.000000 -0.015290 
