1 20.100000 59867389362417.671875 5391382461788567.000000  
2 20.110000 25375570663578.632812 2077585412573617.750000  
3 20.120000 11589884419699.994141 869879976192665.000000  
4 20.130000 5636132655965.180664 390503399731374.562500  
5 20.140000 2891218323055.019531 186022321519836.406250  
6 20.150000 1553011005895.774170 93265379449541.140625  
7 20.160000 868319498463.915405 48890159687469.187500  
8 20.170000 502902233221.201843 26651455264075.644531  
9 20.180000 300494652574.493774 15040927351751.708984  
10 20.190000 184617706557.369965 8754954138424.220703  
11 20.200000 116292938721.628769 5239391850945.584961  
12 20.210000 74923547177.923203 3214989858376.369629  
13 20.220000 49267181061.060516 2018079468194.443359  
14 20.230000 33005202926.923443 1293242782791.149902  
15 20.240000 22490759881.655605 844578897141.103882  
16 20.250000 15567502075.572115 561238787252.681274  
17 20.260000 10931857656.376270 378974808095.496338  
18 20.270000 7779590649.712076 259718691905.061523  
19 20.280000 5605138498.798497 180450697775.727661  
20 20.290000 4085132903.113883 126986621388.941772  
21 20.300000 3009386743.271410 90432708836.759827  
22 20.310000 2239220233.104878 65121199828.159058  
23 20.320000 1681847796.077581 47385114285.432625  
24 20.330000 1274374902.493502 34818164511.413651  
25 20.340000 973644400.149096 25820275001.579060  
26 20.350000 749700861.712305 19314149650.720070  
27 20.360000 581526575.936244 14565932822.504728  
28 20.370000 454224075.405223 11070179191.711514  
29 20.380000 357132081.469279 8475119804.807332  
30 20.390000 282551335.050967 6533517154.903040  
31 20.400000 224873649.991230 5069975871.476791  
32 20.410000 179980545.577043 3958962402.660811  
33 20.420000 144824024.076829 3109872982.788259  
34 20.430000 117131656.960405 2456790449.876917  
35 20.440000 95197319.804958 1951392175.987554  
36 20.450000 77731475.973763 1557996256.639025  
37 20.460000 63753221.227212 1250072084.096493  
38 20.470000 52511856.628407 1007762643.188143  
39 20.480000 43429504.798121 816111672.490569  
40 20.490000 36058835.599904 663785850.636827  
41 20.500000 30051718.709936 542147309.367352  
42 20.510000 25135832.779134 444575894.972134  
43 20.520000 21097106.575554 365970730.744326  
44 20.530000 17766461.890555 302381374.610319  
45 20.540000 15009748.784130 250733253.364298  
46 20.550000 12720063.699939 208622107.830813  
47 20.560000 10811856.221444 174159257.115229  
48 20.570000 9216385.679776 145854501.417710  
49 20.580000 7878201.767193 122527056.193636  
50 20.590000 6752405.861298 103237474.371157  
51 20.600000 5802510.446923 87235364.134892  
52 20.610000 4998758.873880 73919053.589573  
53 20.620000 4316801.015324 62804334.797221  
54 20.630000 3736645.281426 53500139.978836  
55 20.640000 3241826.124152 45689534.224100  
56 20.650000 2818740.257062 39114803.306275  
57 20.660000 2456115.487526 33565709.051238  
58 20.670000 2144584.181470 28870204.766789  
59 20.680000 1876339.589029 24887068.789278  
60 20.690000 1644858.024526 21500039.303923  
61 20.700000 1444673.566257 18613128.534390  
62 20.710000 1271194.782642 16146866.748639  
63 20.720000 1120555.197791 14035281.889256  
64 20.730000 989490.929528 12223463.163918  
65 20.740000 875240.278563 10665589.725163  
66 20.750000 775461.103929 9323330.950046  
67 20.760000 688162.651998 8164544.545673  
68 20.770000 611649.164123 7162214.074579  
69 20.780000 544473.109482 6293579.513881  
70 20.790000 485396.304494 5539423.894719  
71 20.800000 433357.511126 4883486.494499  
72 20.810000 387445.371207 4311978.919141  
73 20.820000 346875.746377 3813185.058305  
74 20.830000 310972.704295 3377129.587802  
75 20.840000 279152.529757 2995302.634688  
76 20.850000 250910.251004 2660430.570914  
77 20.860000 225808.262087 2366284.784786  
78 20.870000 203466.695841 2107521.792715  
79 20.880000 183555.262056 1879549.272763  
80 20.890000 165786.314530 1678413.586034  
81 20.900000 149908.950927 1500705.149137  
82 20.910000 135703.982328 1343478.667963  
83 20.920000 122979.636613 1204185.769452  
84 20.930000 111567.882154 1080617.997326  
85 20.940000 101321.276880 970858.488658  
86 20.950000 92110.263088 873240.935631  
87 20.960000 83820.841131 786314.672799  
88 20.970000 76352.565701 708814.924379  
89 20.980000 69616.817254 639637.406142  
90 20.990000 63535.308493 577816.608784  
91 21.000000 58038.792004 522507.199089  
92 21.010000 53065.940288 472968.066037  
93 21.020000 48562.373803 428548.614486  
94 21.030000 44479.816235 388676.971862  
95 21.040000 40775.359339 352849.825743  
96 21.050000 37410.822260 320623.653978  
97 21.060000 34352.192442 291607.145699  
98 21.070000 31569.137094 265454.642279  
99 21.080000 29034.575766 241860.453175  
100 21.090000 26724.305909 220553.923263  
101 21.100000 24616.674453 201295.146656  
102 21.110000 22692.289387 183871.237404  
103 21.120000 20933.766185 168093.080579  
104 21.130000 19325.504575 153792.498311  
105 21.140000 17853.491830 140819.774728  
106 21.150000 16505.129209 129041.491724  
107 21.160000 15269.078657 118338.634275  
108 21.170000 14135.127265 108604.929787  
109 21.180000 13094.067285 99745.390903  
110 21.190000 12137.589820 91675.035387  
111 21.200000 11258.190518 84317.760334  
112 21.210000 10449.085839 77605.351006  
113 21.220000 9704.138638 71476.607267  
114 21.230000 9017.791947 65876.572860  
115 21.240000 8385.010011 60755.854689  
116 21.250000 7801.225729 56070.021009  
117 21.260000 7262.293758 51779.068829  
118 21.270000 6764.448627 47846.952102  
119 21.280000 6304.267307 44241.163365  
120 21.290000 5878.635715 40932.362410  
121 21.300000 5484.718725 37894.046396  
122 21.310000 5119.933287 35102.256507  
123 21.320000 4781.924321 32535.316859  
124 21.330000 4468.543072 30173.601911  
125 21.340000 4177.827660 27999.329083  
126 21.350000 3907.985598 25996.373689  
127 21.360000 3657.378051 24150.103634  
128 21.370000 3424.505666 22447.231653  
129 21.380000 3207.995794 20875.683111  
130 21.390000 3006.590970 19424.477627  
131 21.400000 2819.138505 18083.623001  
132 21.410000 2644.581094 16844.020077  
133 21.420000 2481.948317 15697.377355  
134 21.430000 2330.348955 14636.134296  
135 21.440000 2188.964027 13653.392369  
136 21.450000 2057.040492 12742.853033  
137 21.460000 1933.885527 11898.761893  
138 21.470000 1818.861345 11115.858396  
139 21.480000 1711.380486 10389.330473  
140 21.490000 1610.901540 9714.773617  
141 21.500000 1516.925261 9088.153939  
142 21.510000 1428.991027 8505.774789  
143 21.520000 1346.673626 7964.246572  
144 21.530000 1269.580320 7460.459449  
145 21.540000 1197.348175 6991.558618  
146 21.550000 1129.641624 6554.921920  
147 21.560000 1066.150244 6148.139545  
148 21.570000 1006.586725 5768.995613  
149 21.580000 950.685017 5415.451469  
150 21.590000 898.198635 5085.630500  
151 21.600000 848.899106 4777.804344  
152 21.610000 802.574555 4490.380350  
153 21.620000 759.028399 4221.890158  
154 21.630000 718.078165 3970.979318  
155 21.640000 679.554392 3736.397820  
156 21.650000 643.299635 3516.991469  
157 21.660000 609.167542 3311.694017  
158 21.670000 577.022018 3119.519987  
159 21.680000 546.736443 2939.558113  
160 21.690000 518.192965 2770.965355  
161 21.700000 491.281846 2612.961427  
162 21.710000 465.900855 2464.823790  
163 21.720000 441.954719 2325.883075  
164 21.730000 419.354610 2195.518887  
165 21.740000 398.017675 2073.155967  
166 21.750000 377.866603 1958.260672  
167 21.760000 358.829225 1850.337748  
168 21.770000 340.838143 1748.927373  
169 21.780000 323.830396 1653.602437  
170 21.790000 307.747136 1563.966046  
171 21.800000 292.533346 1479.649234  
172 21.810000 278.137566 1400.308857  
173 21.820000 264.511647 1325.625650  
174 21.830000 251.610522 1255.302451  
175 21.840000 239.391989 1189.062559  
176 21.850000 227.816521 1126.648222  
177 21.860000 216.847075 1067.819246  
178 21.870000 206.448932 1012.351713  
179 21.880000 196.589534 960.036799  
180 21.890000 187.238339 910.679681  
181 21.900000 178.366688 864.098531  
182 21.910000 169.947682 820.123589  
183 21.920000 161.956059 778.596299  
184 21.930000 154.368092 739.368519  
185 21.940000 147.161486 702.301788  
186 21.950000 140.315285 667.266644  
187 21.960000 133.809786 634.142000  
188 21.970000 127.626455 602.814561  
189 21.980000 121.747858 573.178287  
190 21.990000 116.157584 545.133894  
191 22.000000 110.840184 518.588391  
192 22.010000 105.781111 493.454654  
193 22.020000 100.966658 469.651030  
194 22.030000 96.383912 447.100963  
195 22.040000 92.020700 425.732658  
196 22.050000 87.865545 405.478760  
197 22.060000 83.907621 386.276062  
198 22.070000 80.136718 368.065228  
199 22.080000 76.543197 350.790542  
200 22.090000 73.117961 334.399665  
201 22.100000 69.852422 318.843423  
202 22.110000 66.738465 304.075596  
203 22.120000 63.768427 290.052729  
204 22.130000 60.935064 276.733956  
205 22.140000 58.231529 264.080831  
206 22.150000 55.651349 252.057178  
207 22.160000 53.188401 240.628944  
208 22.170000 50.836893 229.764069  
209 22.180000 48.591343 219.432354  
210 22.190000 46.446563 209.605353  
211 22.200000 44.397643 200.256259  
212 22.210000 42.439930 191.359804  
213 22.220000 40.569018 182.892162  
214 22.230000 38.780732 174.830863  
215 22.240000 37.071117 167.154712  
216 22.250000 35.436421 159.843706  
217 22.260000 33.873088 152.878965  
218 22.270000 32.377747 146.242665  
219 22.280000 30.947196 139.917974  
220 22.290000 29.578402 133.888991  
221 22.300000 28.268481 128.140693  
222 22.310000 27.014700 122.658882  
223 22.320000 25.814460 117.430135  
224 22.330000 24.665296 112.441761  
225 22.340000 23.564864 107.681756  
226 22.350000 22.510937 103.138766  
227 22.360000 21.501401 98.802045  
228 22.370000 20.534243 94.661423  
229 22.380000 19.607551 90.707273  
230 22.390000 18.719506 86.930476  
231 22.400000 17.868379 83.322398  
232 22.410000 17.052523 79.874858  
233 22.420000 16.270373 76.580104  
234 22.430000 15.520436 73.430789  
235 22.440000 14.801295 70.419947  
236 22.450000 14.111598 67.540973  
237 22.460000 13.450057 64.787604  
238 22.470000 12.815447 62.153897  
239 22.480000 12.206599 59.634213  
240 22.490000 11.622400 57.223199  
241 22.500000 11.061790 54.915778  
242 22.510000 10.523756 52.707124  
243 22.520000 10.007333 50.592658  
244 22.530000 9.511603 48.568028  
245 22.540000 9.035687 46.629101  
246 22.550000 8.578749 44.771948  
247 22.560000 8.139988 42.992837  
248 22.570000 7.718644 41.288217  
249 22.580000 7.313987 39.654713  
250 22.590000 6.925323 38.089117  
251 22.600000 6.551988 36.588374  
252 22.610000 6.193349 35.149580  
253 22.620000 5.848799 33.769971  
254 22.630000 5.517761 32.446917  
255 22.640000 5.199681 31.177911  
256 22.650000 4.894031 29.960570  
257 22.660000 4.600305 28.792623  
258 22.670000 4.318021 27.671905  
259 22.680000 4.046716 26.596358  
260 22.690000 3.785950 25.564016  
261 22.700000 3.535298 24.573008  
262 22.710000 3.294358 23.621550  
263 22.720000 3.062741 22.707942  
264 22.730000 2.840078 21.830562  
265 22.740000 2.626014 20.987862  
266 22.750000 2.420210 20.178367  
267 22.760000 2.222341 19.400671  
268 22.770000 2.032095 18.653428  
269 22.780000 1.849175 17.935358  
270 22.790000 1.673295 17.245237  
271 22.800000 1.504181 16.581896  
272 22.810000 1.341571 15.944219  
273 22.820000 1.185215 15.331142  
274 22.830000 1.034870 14.741646  
275 22.840000 0.890306 14.174759  
276 22.850000 0.751303 13.629552  
277 22.860000 0.617646 13.105137  
278 22.870000 0.489133 12.600666  
279 22.880000 0.365569 12.115327  
280 22.890000 0.246766 11.648344  
281 22.900000 0.132543 11.198976  
282 22.910000 0.022730 10.766513  
283 22.920000 -0.082841 10.350276  
284 22.930000 -0.184328 9.949616  
285 22.940000 -0.281883 9.563913  
286 22.950000 -0.375654 9.192570  
287 22.960000 -0.465781 8.835019  
288 22.970000 -0.552398 8.490715  
289 22.980000 -0.635637 8.159137  
290 22.990000 -0.715622 7.839785  
291 23.000000 -0.792472 7.532180  
292 23.010000 -0.866303 7.235864  
293 23.020000 -0.937226 6.950399  
294 23.030000 -1.005346 6.675362  
295 23.040000 -1.070766 6.410353  
296 23.050000 -1.133585 6.154983  
297 23.060000 -1.193897 5.908882  
298 23.070000 -1.251792 5.671696  
299 23.080000 -1.307359 5.443084  
300 23.090000 -1.360682 5.222720  
301 23.100000 -1.411840 5.010290  
302 23.110000 -1.460913 4.805495  
303 23.120000 -1.507975 4.608045  
304 23.130000 -1.553097 4.417665  
305 23.140000 -1.596350 4.234089  
306 23.150000 -1.637801 4.057063  
307 23.160000 -1.677513 3.886342  
308 23.170000 -1.715548 3.721692  
309 23.180000 -1.751966 3.562888  
310 23.190000 -1.786824 3.409712  
311 23.200000 -1.820178 3.261958  
312 23.210000 -1.852081 3.119426  
313 23.220000 -1.882584 2.981925  
314 23.230000 -1.911736 2.849269  
315 23.240000 -1.939585 2.721283  
316 23.250000 -1.966176 2.597797  
317 23.260000 -1.991555 2.478646  
318 23.270000 -2.015763 2.363675  
319 23.280000 -2.038842 2.252731  
320 23.290000 -2.060831 2.145671  
321 23.300000 -2.081768 2.042354  
322 23.310000 -2.101690 1.942646  
323 23.320000 -2.120632 1.846419  
324 23.330000 -2.138629 1.753547  
325 23.340000 -2.155714 1.663913  
326 23.350000 -2.171918 1.577400  
327 23.360000 -2.187272 1.493899  
328 23.370000 -2.201806 1.413302  
329 23.380000 -2.215548 1.335509  
330 23.390000 -2.228525 1.260419  
331 23.400000 -2.240765 1.187939  
332 23.410000 -2.252292 1.117977  
333 23.420000 -2.263132 1.050445  
334 23.430000 -2.273309 0.985258  
335 23.440000 -2.282845 0.922336  
336 23.450000 -2.291763 0.861599  
337 23.460000 -2.300084 0.802972  
338 23.470000 -2.307829 0.746382  
339 23.480000 -2.315018 0.691759  
340 23.490000 -2.321671 0.639035  
341 23.500000 -2.327805 0.588145  
342 23.510000 -2.333439 0.539027  
343 23.520000 -2.338591 0.491619  
344 23.530000 -2.343277 0.445864  
345 23.540000 -2.347514 0.401706  
346 23.550000 -2.351317 0.359089  
347 23.560000 -2.354701 0.317962  
348 23.570000 -2.357681 0.278275  
349 23.580000 -2.360271 0.239978  
350 23.590000 -2.362485 0.203026  
351 23.600000 -2.364336 0.167372  
352 23.610000 -2.365836 0.132973  
353 23.620000 -2.366999 0.099787  
354 23.630000 -2.367836 0.067774  
355 23.640000 -2.368358 0.036894  
356 23.650000 -2.368577 0.007110  
357 23.660000 -2.368504 -0.021616  
358 23.670000 -2.368149 -0.049317  
359 23.680000 -2.367521 -0.076029  
360 23.690000 -2.366631 -0.101783  
361 23.700000 -2.365488 -0.126613  
362 23.710000 -2.364102 -0.150547  
363 23.720000 -2.362480 -0.173616  
364 23.730000 -2.360632 -0.195849  
365 23.740000 -2.358566 -0.217272  
366 23.750000 -2.356289 -0.237912  
367 23.760000 -2.353810 -0.257795  
368 23.770000 -2.351136 -0.276947  
369 23.780000 -2.348274 -0.295390  
370 23.790000 -2.345231 -0.313148  
371 23.800000 -2.342013 -0.330243  
372 23.810000 -2.338628 -0.346697  
373 23.820000 -2.335081 -0.362531  
374 23.830000 -2.331379 -0.377764  
375 23.840000 -2.327528 -0.392418  
376 23.850000 -2.323533 -0.406509  
377 23.860000 -2.319399 -0.420057  
378 23.870000 -2.315133 -0.433080  
379 23.880000 -2.310740 -0.445593  
380 23.890000 -2.306223 -0.457614  
381 23.900000 -2.301589 -0.469159  
382 23.910000 -2.296841 -0.480243  
383 23.920000 -2.291985 -0.490880  
384 23.930000 -2.287025 -0.501086  
385 23.940000 -2.281965 -0.510874  
386 23.950000 -2.276809 -0.520257  
387 23.960000 -2.271561 -0.529250  
388 23.970000 -2.266225 -0.537863  
389 23.980000 -2.260805 -0.546110  
390 23.990000 -2.255304 -0.554003  
391 24.000000 -2.249726 -0.561552  
392 24.010000 -2.244074 -0.568769  
393 24.020000 -2.238352 -0.575664  
394 24.030000 -2.232562 -0.582248  
395 24.040000 -2.226708 -0.588530  
396 24.050000 -2.220793 -0.594521  
397 24.060000 -2.214819 -0.600230  
398 24.070000 -2.208789 -0.605666  
399 24.080000 -2.202706 -0.610838  
400 24.090000 -2.196573 -0.615753  
401 24.100000 -2.190392 -0.620421  
402 24.110000 -2.184165 -0.624850  
403 24.120000 -2.177896 -0.629046  
404 24.130000 -2.171585 -0.633019  
405 24.140000 -2.165236 -0.636774  
406 24.150000 -2.158850 -0.640318  
407 24.160000 -2.152430 -0.643660  
408 24.170000 -2.145978 -0.646804  
409 24.180000 -2.139495 -0.649758  
410 24.190000 -2.132983 -0.652528  
411 24.200000 -2.126445 -0.655120  
412 24.210000 -2.119882 -0.657539  
413 24.220000 -2.113295 -0.659791  
414 24.230000 -2.106686 -0.661881  
415 24.240000 -2.100058 -0.663815  
416 24.250000 -2.093410 -0.665598  
417 24.260000 -2.086746 -0.667235  
418 24.270000 -2.080066 -0.668731  
419 24.280000 -2.073372 -0.670089  
420 24.290000 -2.066665 -0.671315  
421 24.300000 -2.059946 -0.672414  
422 24.310000 -2.053217 -0.673388  
423 24.320000 -2.046479 -0.674243  
424 24.330000 -2.039733 -0.674982  
425 24.340000 -2.032979 -0.675609  
426 24.350000 -2.026221 -0.676129  
427 24.360000 -2.019457 -0.676543  
428 24.370000 -2.012690 -0.676857  
429 24.380000 -2.005920 -0.677073  
430 24.390000 -1.999149 -0.677194  
431 24.400000 -1.992377 -0.677224  
432 24.410000 -1.985605 -0.677166  
433 24.420000 -1.978834 -0.677023  
434 24.430000 -1.972065 -0.676798  
435 24.440000 -1.965298 -0.676494  
436 24.450000 -1.958535 -0.676112  
437 24.460000 -1.951776 -0.675657  
438 24.470000 -1.945022 -0.675130  
439 24.480000 -1.938274 -0.674534  
440 24.490000 -1.931532 -0.673872  
441 24.500000 -1.924797 -0.673145  
442 24.510000 -1.918069 -0.672357  
443 24.520000 -1.911350 -0.671508  
444 24.530000 -1.904639 -0.670602  
445 24.540000 -1.897938 -0.669640  
446 24.550000 -1.891246 -0.668625  
447 24.560000 -1.884565 -0.667558  
448 24.570000 -1.877895 -0.666441  
449 24.580000 -1.871237 -0.665276  
450 24.590000 -1.864590 -0.664065  
451 24.600000 -1.857956 -0.662810  
452 24.610000 -1.851334 -0.661511  
453 24.620000 -1.844725 -0.660172  
454 24.630000 -1.838131 -0.658793  
455 24.640000 -1.831550 -0.657376  
456 24.650000 -1.824983 -0.655922  
457 24.660000 -1.818431 -0.654433  
458 24.670000 -1.811895 -0.652910  
459 24.680000 -1.805373 -0.651354  
460 24.690000 -1.798868 -0.649768  
461 24.700000 -1.792378 -0.648151  
462 24.710000 -1.785905 -0.646506  
463 24.720000 -1.779448 -0.644833  
464 24.730000 -1.773008 -0.643134  
465 24.740000 -1.766585 -0.641410  
466 24.750000 -1.760180 -0.639661  
467 24.760000 -1.753792 -0.637890  
468 24.770000 -1.747422 -0.636096  
469 24.780000 -1.741070 -0.634281  
470 24.790000 -1.734737 -0.632446  
471 24.800000 -1.728422 -0.630592  
472 24.810000 -1.722125 -0.628719  
473 24.820000 -1.715847 -0.626829  
474 24.830000 -1.709589 -0.624922  
475 24.840000 -1.703349 -0.623000  
476 24.850000 -1.697129 -0.621062  
477 24.860000 -1.690928 -0.619111  
478 24.870000 -1.684746 -0.617145  
479 24.880000 -1.678585 -0.615168  
480 24.890000 -1.672443 -0.613177  
481 24.900000 -1.666321 -0.611176  
482 24.910000 -1.660220 -0.609164  
483 24.920000 -1.654138 -0.607142  
484 24.930000 -1.648077 -0.605110  
485 24.940000 -1.642036 -0.603070  
486 24.950000 -1.636015 -0.601021  
487 24.960000 -1.630016 -0.598964  
488 24.970000 -1.624036 -0.596901  
489 24.980000 -1.618078 -0.594830  
490 24.990000 -1.612140 -0.592754  
491 25.000000 -1.606222 -0.590672  
492 25.010000 -1.600326 -0.588584  
493 25.020000 -1.594451 -0.586492  
494 25.030000 -1.588596 -0.584396  
495 25.040000 -1.582763 -0.582296  
496 25.050000 -1.576950 -0.580193  
497 25.060000 -1.571159 -0.578087  
498 25.070000 -1.565389 -0.575978  
499 25.080000 -1.559639 -0.573867  
500 25.090000 -1.553911 -0.571754  
501 25.100000 -1.548204 -0.569639  
502 25.110000 -1.542519 -0.567524  
503 25.120000 -1.536854 -0.565408  
504 25.130000 -1.531210 -0.563291  
505 25.140000 -1.525588 -0.561174  
506 25.150000 -1.519987 -0.559057  
507 25.160000 -1.514407 -0.556941  
508 25.170000 -1.508848 -0.554826  
509 25.180000 -1.503310 -0.552711  
510 25.190000 -1.497794 -0.550598  
511 25.200000 -1.492298 -0.548487  
512 25.210000 -1.486824 -0.546377  
513 25.220000 -1.481371 -0.544269  
514 25.230000 -1.475939 -0.542164  
515 25.240000 -1.470528 -0.540061  
516 25.250000 -1.465138 -0.537961  
517 25.260000 -1.459768 -0.535863  
518 25.270000 -1.454420 -0.533769  
519 25.280000 -1.449093 -0.531678  
520 25.290000 -1.443787 -0.529591  
521 25.300000 -1.438501 -0.527507  
522 25.310000 -1.433237 -0.525427  
523 25.320000 -1.427993 -0.523352  
524 25.330000 -1.422769 -0.521280  
525 25.340000 -1.417567 -0.519213  
526 25.350000 -1.412385 -0.517150  
527 25.360000 -1.407224 -0.515092  
528 25.370000 -1.402083 -0.513039  
529 25.380000 -1.396963 -0.510991  
530 25.390000 -1.391864 -0.508947  
531 25.400000 -1.386784 -0.506909  
532 25.410000 -1.381725 -0.504876  
533 25.420000 -1.376687 -0.502849  
534 25.430000 -1.371668 -0.500827  
535 25.440000 -1.366670 -0.498811  
536 25.450000 -1.361692 -0.496800  
537 25.460000 -1.356734 -0.494796  
538 25.470000 -1.351796 -0.492797  
539 25.480000 -1.346878 -0.490804  
540 25.490000 -1.341980 -0.488818  
541 25.500000 -1.337102 -0.486837  
542 25.510000 -1.332243 -0.484863  
543 25.520000 -1.327404 -0.482895  
544 25.530000 -1.322585 -0.480934  
545 25.540000 -1.317786 -0.478979  
546 25.550000 -1.313006 -0.477030  
547 25.560000 -1.308245 -0.475089  
548 25.570000 -1.303504 -0.473153  
549 25.580000 -1.298782 -0.471225  
550 25.590000 -1.294079 -0.469303  
551 25.600000 -1.289396 -0.467388  
552 25.610000 -1.284732 -0.465480  
553 25.620000 -1.280086 -0.463579  
554 25.630000 -1.275460 -0.461685  
555 25.640000 -1.270853 -0.459798  
556 25.650000 -1.266264 -0.457918  
557 25.660000 -1.261694 -0.456045  
558 25.670000 -1.257143 -0.454179  
559 25.680000 -1.252611 -0.452321  
560 25.690000 -1.248097 -0.450469  
561 25.700000 -1.243601 -0.448625  
562 25.710000 -1.239124 -0.446788  
563 25.720000 -1.234665 -0.444958  
564 25.730000 -1.230225 -0.443135  
565 25.740000 -1.225803 -0.441320  
566 25.750000 -1.221399 -0.439512  
567 25.760000 -1.217012 -0.437711  
568 25.770000 -1.212644 -0.435918  
569 25.780000 -1.208294 -0.434131  
570 25.790000 -1.203962 -0.432353  
571 25.800000 -1.199647 -0.430582  
572 25.810000 -1.195350 -0.428818  
573 25.820000 -1.191071 -0.427061  
574 25.830000 -1.186809 -0.425312  
575 25.840000 -1.182564 -0.423570  
576 25.850000 -1.178337 -0.421836  
577 25.860000 -1.174128 -0.420109  
578 25.870000 -1.169935 -0.418389  
579 25.880000 -1.165760 -0.416677  
580 25.890000 -1.161602 -0.414972  
581 25.900000 -1.157460 -0.413275  
582 25.910000 -1.153336 -0.411585  
583 25.920000 -1.149229 -0.409903  
584 25.930000 -1.145138 -0.408228  
585 25.940000 -1.141064 -0.406560  
586 25.950000 -1.137007 -0.404899  
587 25.960000 -1.132966 -0.403246  
588 25.970000 -1.128942 -0.401601  
589 25.980000 -1.124934 -0.399962  
590 25.990000 -1.120943 -0.398331  
591 26.000000 -1.116967 -0.396708  
592 26.010000 -1.113008 -0.395091  
593 26.020000 -1.109065 -0.393482  
594 26.030000 -1.105139 -0.391880  
595 26.040000 -1.101228 -0.390286  
596 26.050000 -1.097333 -0.388699  
597 26.060000 -1.093454 -0.387119  
598 26.070000 -1.089591 -0.385546  
599 26.080000 -1.085743 -0.383980  
600 26.090000 -1.081911 -0.382422  
601 26.100000 -1.078094 -0.380871  
602 26.110000 -1.074293 -0.379327  
603 26.120000 -1.070508 -0.377790  
604 26.130000 -1.066738 -0.376260  
605 26.140000 -1.062983 -0.374737  
606 26.150000 -1.059243 -0.373222  
607 26.160000 -1.055518 -0.371713  
608 26.170000 -1.051809 -0.370211  
609 26.180000 -1.048114 -0.368717  
610 26.190000 -1.044434 -0.367229  
611 26.200000 -1.040769 -0.365749  
612 26.210000 -1.037119 -0.364275  
613 26.220000 -1.033484 -0.362809  
614 26.230000 -1.029863 -0.361349  
615 26.240000 -1.026257 -0.359896  
616 26.250000 -1.022665 -0.358450  
617 26.260000 -1.019088 -0.357011  
618 26.270000 -1.015525 -0.355578  
619 26.280000 -1.011976 -0.354152  
620 26.290000 -1.008442 -0.352734  
621 26.300000 -1.004922 -0.351321  
622 26.310000 -1.001415 -0.349916  
623 26.320000 -0.997923 -0.348517  
624 26.330000 -0.994445 -0.347125  
625 26.340000 -0.990981 -0.345740  
626 26.350000 -0.987530 -0.344361  
627 26.360000 -0.984093 -0.342988  
628 26.370000 -0.980670 -0.341623  
629 26.380000 -0.977261 -0.340263  
630 26.390000 -0.973865 -0.338911  
631 26.400000 -0.970483 -0.337564  
632 26.410000 -0.967114 -0.336224  
633 26.420000 -0.963758 -0.334891  
634 26.430000 -0.960416 -0.333564  
635 26.440000 -0.957087 -0.332243  
636 26.450000 -0.953771 -0.330929  
637 26.460000 -0.950468 -0.329621  
638 26.470000 -0.947179 -0.328319  
639 26.480000 -0.943902 -0.327024  
640 26.490000 -0.940638 -0.325734  
641 26.500000 -0.937387 -0.324451  
642 26.510000 -0.934149 -0.323174  
643 26.520000 -0.930924 -0.321904  
644 26.530000 -0.927711 -0.320639  
645 26.540000 -0.924511 -0.319381  
646 26.550000 -0.921323 -0.318128  
647 26.560000 -0.918148 -0.316882  
648 26.570000 -0.914986 -0.315641  
649 26.580000 -0.911835 -0.314407  
650 26.590000 -0.908698 -0.313178  
651 26.600000 -0.905572 -0.311955  
652 26.610000 -0.902458 -0.310739  
653 26.620000 -0.899357 -0.309528  
654 26.630000 -0.896268 -0.308323  
655 26.640000 -0.893191 -0.307123  
656 26.650000 -0.890125 -0.305930  
657 26.660000 -0.887072 -0.304742  
658 26.670000 -0.884030 -0.303560  
659 26.680000 -0.881001 -0.302384  
660 26.690000 -0.877983 -0.301213  
661 26.700000 -0.874976 -0.300048  
662 26.710000 -0.871982 -0.298889  
663 26.720000 -0.868999 -0.297735  
664 26.730000 -0.866027 -0.296587  
665 26.740000 -0.863067 -0.295444  
666 26.750000 -0.860118 -0.294307  
667 26.760000 -0.857181 -0.293175  
668 26.770000 -0.854255 -0.292049  
669 26.780000 -0.851340 -0.290928  
670 26.790000 -0.848436 -0.289813  
671 26.800000 -0.845544 -0.288703  
672 26.810000 -0.842662 -0.287598  
673 26.820000 -0.839792 -0.286498  
674 26.830000 -0.836932 -0.285404  
675 26.840000 -0.834083 -0.284315  
676 26.850000 -0.831246 -0.283232  
677 26.860000 -0.828419 -0.282153  
678 26.870000 -0.825603 -0.281080  
679 26.880000 -0.822797 -0.280012  
680 26.890000 -0.820002 -0.278949  
681 26.900000 -0.817218 -0.277891  
682 26.910000 -0.814445 -0.276838  
683 26.920000 -0.811681 -0.275790  
684 26.930000 -0.808929 -0.274747  
685 26.940000 -0.806186 -0.273709  
686 26.950000 -0.803455 -0.272677  
687 26.960000 -0.800733 -0.271649  
688 26.970000 -0.798022 -0.270626  
689 26.980000 -0.795320 -0.269608  
690 26.990000 -0.792629 -0.268594  
691 27.000000 -0.789948 -0.267586  
692 27.010000 -0.787278 -0.266582  
693 27.020000 -0.784617 -0.265584  
694 27.030000 -0.781966 -0.264590  
695 27.040000 -0.779325 -0.263600  
696 27.050000 -0.776694 -0.262616  
697 27.060000 -0.774073 -0.261636  
698 27.070000 -0.771461 -0.260660  
699 27.080000 -0.768859 -0.259690  
700 27.090000 -0.766267 -0.258724  
701 27.100000 -0.763685 -0.257762  
702 27.110000 -0.761112 -0.256806  
703 27.120000 -0.758549 -0.255853  
704 27.130000 -0.755995 -0.254906  
705 27.140000 -0.753451 -0.253962  
706 27.150000 -0.750916 -0.253023  
707 27.160000 -0.748390 -0.252089  
708 27.170000 -0.745874 -0.251159  
709 27.180000 -0.743367 -0.250233  
710 27.190000 -0.740869 -0.249312  
711 27.200000 -0.738381 -0.248395  
712 27.210000 -0.735901 -0.247483  
713 27.220000 -0.733431 -0.246575  
714 27.230000 -0.730970 -0.245671  
715 27.240000 -0.728518 -0.244771  
716 27.250000 -0.726074 -0.243875  
717 27.260000 -0.723640 -0.242984  
718 27.270000 -0.721215 -0.242097  
719 27.280000 -0.718798 -0.241214  
720 27.290000 -0.716390 -0.240335  
721 27.300000 -0.713991 -0.239461  
722 27.310000 -0.711601 -0.238590  
723 27.320000 -0.709220 -0.237724  
724 27.330000 -0.706847 -0.236861  
725 27.340000 -0.704482 -0.236003  
726 27.350000 -0.702127 -0.235149  
727 27.360000 -0.699779 -0.234298  
728 27.370000 -0.697441 -0.233452  
729 27.380000 -0.695110 -0.232609  
730 27.390000 -0.692788 -0.231771  
731 27.400000 -0.690475 -0.230936  
732 27.410000 -0.688170 -0.230105  
733 27.420000 -0.685873 -0.229278  
734 27.430000 -0.683584 -0.228455  
735 27.440000 -0.681304 -0.227636  
736 27.450000 -0.679031 -0.226820  
737 27.460000 -0.676767 -0.226009  
738 27.470000 -0.674511 -0.225201  
739 27.480000 -0.672263 -0.224397  
740 27.490000 -0.670023 -0.223596  
741 27.500000 -0.667791 -0.222799  
742 27.510000 -0.665567 -0.222006  
743 27.520000 -0.663351 -0.221217  
744 27.530000 -0.661143 -0.220431  
745 27.540000 -0.658943 -0.219649  
746 27.550000 -0.656750 -0.218870  
747 27.560000 -0.654565 -0.218095  
748 27.570000 -0.652388 -0.217324  
749 27.580000 -0.650219 -0.216556  
750 27.590000 -0.648057 -0.215791  
751 27.600000 -0.645903 -0.215030  
752 27.610000 -0.643756 -0.214273  
753 27.620000 -0.641617 -0.213519  
754 27.630000 -0.639486 -0.212769  
755 27.640000 -0.637362 -0.212021  
756 27.650000 -0.635245 -0.211278  
757 27.660000 -0.633136 -0.210537  
758 27.670000 -0.631035 -0.209801  
759 27.680000 -0.628940 -0.209067  
760 27.690000 -0.626853 -0.208337  
761 27.700000 -0.624774 -0.207610  
762 27.710000 -0.622701 -0.206886  
763 27.720000 -0.620636 -0.206166  
764 27.730000 -0.618578 -0.205449  
765 27.740000 -0.616527 -0.204735  
766 27.750000 -0.614483 -0.204024  
767 27.760000 -0.612446 -0.203317  
768 27.770000 -0.610417 -0.202613  
769 27.780000 -0.608394 -0.201912  
770 27.790000 -0.606379 -0.201214  
771 27.800000 -0.604370 -0.200519  
772 27.810000 -0.602368 -0.199827  
773 27.820000 -0.600373 -0.199139  
774 27.830000 -0.598385 -0.198453  
775 27.840000 -0.596404 -0.197771  
776 27.850000 -0.594430 -0.197092  
777 27.860000 -0.592462 -0.196415  
778 27.870000 -0.590502 -0.195742  
779 27.880000 -0.588548 -0.195072  
780 27.890000 -0.586600 -0.194405  
781 27.900000 -0.584659 -0.193740  
782 27.910000 -0.582725 -0.193079  
783 27.920000 -0.580798 -0.192421  
784 27.930000 -0.578877 -0.191765  
785 27.940000 -0.576963 -0.191113  
786 27.950000 -0.575055 -0.190463  
787 27.960000 -0.573153 -0.189817  
788 27.970000 -0.571258 -0.189173  
789 27.980000 -0.569370 -0.188532  
790 27.990000 -0.567488 -0.187893  
791 28.000000 -0.565612 -0.187258  
792 28.010000 -0.563742 -0.186626  
793 28.020000 -0.561879 -0.185996  
794 28.030000 -0.560023 -0.185369  
795 28.040000 -0.558172 -0.184745  
796 28.050000 -0.556328 -0.184123  
797 28.060000 -0.554490 -0.183504  
798 28.070000 -0.552658 -0.182888  
799 28.080000 -0.550832 -0.182275  
800 28.090000 -0.549012 -0.181664  
801 28.100000 -0.547198 -0.181056  
802 28.110000 -0.545391 -0.180451  
803 28.120000 -0.543589 -0.179848  
804 28.130000 -0.541794 -0.179248  
805 28.140000 -0.540004 -0.178651  
806 28.150000 -0.538221 -0.178056  
807 28.160000 -0.536443 -0.177464  
808 28.170000 -0.534672 -0.176874  
809 28.180000 -0.532906 -0.176287  
810 28.190000 -0.531146 -0.175702  
811 28.200000 -0.529392 -0.175120  
812 28.210000 -0.527643 -0.174541  
813 28.220000 -0.525901 -0.173964  
814 28.230000 -0.524164 -0.173389  
815 28.240000 -0.522433 -0.172817  
816 28.250000 -0.520708 -0.172248  
817 28.260000 -0.518988 -0.171681  
818 28.270000 -0.517274 -0.171116  
819 28.280000 -0.515566 -0.170554  
820 28.290000 -0.513863 -0.169994  
821 28.300000 -0.512166 -0.169437  
822 28.310000 -0.510474 -0.168882  
823 28.320000 -0.508788 -0.168329  
824 28.330000 -0.507108 -0.167779  
825 28.340000 -0.505433 -0.167231  
826 28.350000 -0.503763 -0.166685  
827 28.360000 -0.502099 -0.166142  
828 28.370000 -0.500440 -0.165601  
829 28.380000 -0.498787 -0.165063  
830 28.390000 -0.497139 -0.164526  
831 28.400000 -0.495496 -0.163992  
832 28.410000 -0.493859 -0.163460  
833 28.420000 -0.492227 -0.162931  
834 28.430000 -0.490601 -0.162404  
835 28.440000 -0.488979 -0.161879  
836 28.450000 -0.487363 -0.161356  
837 28.460000 -0.485752 -0.160835  
838 28.470000 -0.484146 -0.160317  
839 28.480000 -0.482546 -0.159801  
840 28.490000 -0.480950 -0.159287  
841 28.500000 -0.479360 -0.158775  
842 28.510000 -0.477775 -0.158265  
843 28.520000 -0.476195 -0.157758  
844 28.530000 -0.474620 -0.157252  
845 28.540000 -0.473050 -0.156749  
846 28.550000 -0.471485 -0.156248  
847 28.560000 -0.469925 -0.155748  
848 28.570000 -0.468370 -0.155251  
849 28.580000 -0.466820 -0.154757  
850 28.590000 -0.465275 -0.154264  
851 28.600000 -0.463734 -0.153773  
852 28.610000 -0.462199 -0.153284  
853 28.620000 -0.460669 -0.152797  
854 28.630000 -0.459143 -0.152313  
855 28.640000 -0.457622 -0.151830  
856 28.650000 -0.456106 -0.151349  
857 28.660000 -0.454595 -0.150871  
858 28.670000 -0.453089 -0.150394  
859 28.680000 -0.451587 -0.149919  
860 28.690000 -0.450091 -0.149446  
861 28.700000 -0.448599 -0.148976  
862 28.710000 -0.447111 -0.148507  
863 28.720000 -0.445628 -0.148040  
864 28.730000 -0.444150 -0.147575  
865 28.740000 -0.442677 -0.147112  
866 28.750000 -0.441208 -0.146650  
867 28.760000 -0.439744 -0.146191  
868 28.770000 -0.438284 -0.145734  
869 28.780000 -0.436829 -0.145278  
870 28.790000 -0.435379 -0.144824  
871 28.800000 -0.433933 -0.144373  
872 28.810000 -0.432491 -0.143923  
873 28.820000 -0.431054 -0.143475  
874 28.830000 -0.429622 -0.143028  
875 28.840000 -0.428194 -0.142584  
876 28.850000 -0.426770 -0.142141  
877 28.860000 -0.425351 -0.141700  
878 28.870000 -0.423936 -0.141261  
879 28.880000 -0.422526 -0.140824  
880 28.890000 -0.421120 -0.140388  
881 28.900000 -0.419718 -0.139954  
882 28.910000 -0.418321 -0.139522  
883 28.920000 -0.416927 -0.139092  
884 28.930000 -0.415539 -0.138664  
885 28.940000 -0.414154 -0.138237  
886 28.950000 -0.412774 -0.137812  
887 28.960000 -0.411398 -0.137388  
888 28.970000 -0.410026 -0.136967  
889 28.980000 -0.408659 -0.136547  
890 28.990000 -0.407295 -0.136129  
891 29.000000 -0.405936 -0.135712  
892 29.010000 -0.404581 -0.135297  
893 29.020000 -0.403230 -0.134884  
894 29.030000 -0.401883 -0.134472  
895 29.040000 -0.400541 -0.134062  
896 29.050000 -0.399202 -0.133654  
897 29.060000 -0.397868 -0.133247  
898 29.070000 -0.396537 -0.132842  
899 29.080000 -0.395211 -0.132439  
900 29.090000 -0.393888 -0.132037  
901 29.100000 -0.392570 -0.131637  
902 29.110000 -0.391256 -0.131238  
903 29.120000 -0.389945 -0.130841  
904 29.130000 -0.388639 -0.130445  
905 29.140000 -0.387336 -0.130051  
906 29.150000 -0.386038 -0.129659  
907 29.160000 -0.384743 -0.129268  
908 29.170000 -0.383452 -0.128879  
909 29.180000 -0.382165 -0.128491  
910 29.190000 -0.380882 -0.128105  
911 29.200000 -0.379603 -0.127720  
912 29.210000 -0.378328 -0.127337  
913 29.220000 -0.377057 -0.126955  
914 29.230000 -0.375789 -0.126575  
915 29.240000 -0.374525 -0.126197  
916 29.250000 -0.373265 -0.125819  
917 29.260000 -0.372009 -0.125444  
918 29.270000 -0.370756 -0.125069  
919 29.280000 -0.369507 -0.124697  
920 29.290000 -0.368262 -0.124325  
921 29.300000 -0.367021 -0.123955  
922 29.310000 -0.365783 -0.123587  
923 29.320000 -0.364549 -0.123220  
924 29.330000 -0.363319 -0.122854  
925 29.340000 -0.362092 -0.122490  
926 29.350000 -0.360869 -0.122127  
927 29.360000 -0.359649 -0.121766  
928 29.370000 -0.358434 -0.121406  
929 29.380000 -0.357221 -0.121047  
930 29.390000 -0.356013 -0.120690  
931 29.400000 -0.354807 -0.120335  
932 29.410000 -0.353606 -0.119980  
933 29.420000 -0.352408 -0.119627  
934 29.430000 -0.351213 -0.119275  
935 29.440000 -0.350022 -0.118925  
936 29.450000 -0.348835 -0.118576  
937 29.460000 -0.347651 -0.118228  
938 29.470000 -0.346470 -0.117882  
939 29.480000 -0.345293 -0.117537  
940 29.490000 -0.344120 -0.117193  
941 29.500000 -0.342949 -0.116851  
942 29.510000 -0.341783 -0.116510  
943 29.520000 -0.340619 -0.116170  
944 29.530000 -0.339459 -0.115832  
945 29.540000 -0.338302 -0.115495  
946 29.550000 -0.337149 -0.115159  
947 29.560000 -0.335999 -0.114824  
948 29.570000 -0.334853 -0.114491  
949 29.580000 -0.333709 -0.114159  
950 29.590000 -0.332570 -0.113828  
951 29.600000 -0.331433 -0.113499  
952 29.610000 -0.330300 -0.113170  
953 29.620000 -0.329169 -0.112843  
954 29.630000 -0.328043 -0.112518  
955 29.640000 -0.326919 -0.112193  
956 29.650000 -0.325799 -0.111870  
957 29.660000 -0.324682 -0.111547  
958 29.670000 -0.323568 -0.111227  
959 29.680000 -0.322457 -0.110907  
960 29.690000 -0.321350 -0.110588  
961 29.700000 -0.320245 -0.110271  
962 29.710000 -0.319144 -0.109955  
963 29.720000 -0.318046 -0.109640  
964 29.730000 -0.316952 -0.109326  
965 29.740000 -0.315860 -0.109014  
966 29.750000 -0.314771 -0.108702  
967 29.760000 -0.313686 -0.108392  
968 29.770000 -0.312603 -0.108083  
969 29.780000 -0.311524 -0.107775  
970 29.790000 -0.310448 -0.107468  
971 29.800000 -0.309375 -0.107163  
972 29.810000 -0.308305 -0.106858  
973 29.820000 -0.307238 -0.106555  
974 29.830000 -0.306174 -0.106252  
975 29.840000 -0.305113 -0.105951  
976 29.850000 -0.304054 -0.105651  
977 29.860000 -0.302999 -0.105352  
978 29.870000 -0.301947 -0.105055  
979 29.880000 -0.300898 -0.104758  
980 29.890000 -0.299852 -0.104462  
981 29.900000 -0.298809 -0.104168  
982 29.910000 -0.297769 -0.103874  
983 29.920000 -0.296732 -0.103582  
984 29.930000 -0.295697 -0.103291  
985 29.940000 -0.294666 -0.103000  
986 29.950000 -0.293637 -0.102711  
987 29.960000 -0.292612 -0.102423  
988 29.970000 -0.291589 -0.102136  
989 29.980000 -0.290569 -0.101850  
990 29.990000 -0.289552 -0.101565  
991 30.000000 -0.288538 -0.101281  
992 30.010000 -0.287526 -0.100999  
993 30.020000 -0.286518 -0.100717  
994 30.030000 -0.285512 -0.100436  
995 30.040000 -0.284509 -0.100156  
996 30.050000 -0.283509 -0.099878  
997 30.060000 -0.282511 -0.099600  
998 30.070000 -0.281517 -0.099323  
999 30.080000 -0.280525 -0.099047  
1000 30.090000 -0.279536 -0.098773  
1001 30.100000 -0.278549 -0.098499  
1002 30.110000 -0.277566 -0.098226  
1003 30.120000 -0.276585 -0.097954  
1004 30.130000 -0.275607 -0.097684  
1005 30.140000 -0.274631 -0.097414  
1006 30.150000 -0.273658 -0.097145  
1007 30.160000 -0.272688 -0.096877  
1008 30.170000 -0.271721 -0.096610  
1009 30.180000 -0.270756 -0.096344  
1010 30.190000 -0.269794 -0.096079  
1011 30.200000 -0.268834 -0.095815  
1012 30.210000 -0.267878 -0.095552  
1013 30.220000 -0.266923 -0.095290  
1014 30.230000 -0.265972 -0.095029  
1015 30.240000 -0.265023 -0.094769  
1016 30.250000 -0.264076 -0.094509  
1017 30.260000 -0.263133 -0.094251  
1018 30.270000 -0.262191 -0.093994  
1019 30.280000 -0.261253 -0.093737  
1020 30.290000 -0.260317 -0.093481  
1021 30.300000 -0.259383 -0.093227  
1022 30.310000 -0.258452 -0.092973  
1023 30.320000 -0.257524 -0.092720  
1024 30.330000 -0.256598 -0.092468  
1025 30.340000 -0.255674 -0.092217  
1026 30.350000 -0.254753 -0.091966  
1027 30.360000 -0.253835 -0.091717  
1028 30.370000 -0.252919 -0.091469  
1029 30.380000 -0.252006 -0.091221  
1030 30.390000 -0.251095 -0.090974  
1031 30.400000 -0.250186 -0.090728  
1032 30.410000 -0.249280 -0.090483  
1033 30.420000 -0.248376 -0.090239  
1034 30.430000 -0.247475 -0.089996  
1035 30.440000 -0.246577 -0.089754  
1036 30.450000 -0.245680 -0.089512  
1037 30.460000 -0.244786 -0.089271  
1038 30.470000 -0.243895 -0.089032  
1039 30.480000 -0.243006 -0.088792  
1040 30.490000 -0.242119 -0.088554  
1041 30.500000 -0.241235 -0.088317  
1042 30.510000 -0.240353 -0.088080  
1043 30.520000 -0.239473 -0.087845  
1044 30.530000 -0.238596 -0.087610  
1045 30.540000 -0.237721 -0.087376  
1046 30.550000 -0.236848 -0.087142  
1047 30.560000 -0.235978 -0.086910  
1048 30.570000 -0.235110 -0.086678  
1049 30.580000 -0.234244 -0.086448  
1050 30.590000 -0.233381 -0.086218  
1051 30.600000 -0.232520 -0.085988  
1052 30.610000 -0.231661 -0.085760  
1053 30.620000 -0.230805 -0.085532  
1054 30.630000 -0.229951 -0.085305  
1055 30.640000 -0.229099 -0.085079  
1056 30.650000 -0.228249 -0.084854  
1057 30.660000 -0.227402 -0.084630  
1058 30.670000 -0.226556 -0.084406  
1059 30.680000 -0.225713 -0.084183  
1060 30.690000 -0.224873 -0.083961  
1061 30.700000 -0.224034 -0.083739  
1062 30.710000 -0.223198 -0.083518  
1063 30.720000 -0.222364 -0.083299  
1064 30.730000 -0.221532 -0.083079  
1065 30.740000 -0.220702 -0.082861  
1066 30.750000 -0.219875 -0.082643  
1067 30.760000 -0.219049 -0.082426  
1068 30.770000 -0.218226 -0.082210  
1069 30.780000 -0.217405 -0.081995  
1070 30.790000 -0.216586 -0.081780  
1071 30.800000 -0.215770 -0.081566  
1072 30.810000 -0.214955 -0.081353  
1073 30.820000 -0.214143 -0.081140  
1074 30.830000 -0.213332 -0.080928  
1075 30.840000 -0.212524 -0.080717  
1076 30.850000 -0.211718 -0.080507  
1077 30.860000 -0.210914 -0.080297  
1078 30.870000 -0.210112 -0.080088  
1079 30.880000 -0.209312 -0.079880  
1080 30.890000 -0.208514 -0.079673  
1081 30.900000 -0.207719 -0.079466  
1082 30.910000 -0.206925 -0.079260  
1083 30.920000 -0.206133 -0.079054  
1084 30.930000 -0.205344 -0.078849  
1085 30.940000 -0.204556 -0.078645  
1086 30.950000 -0.203771 -0.078442  
1087 30.960000 -0.202988 -0.078239  
1088 30.970000 -0.202206 -0.078037  
1089 30.980000 -0.201427 -0.077836  
1090 30.990000 -0.200649 -0.077635  
1091 31.000000 -0.199874 -0.077435  
1092 31.010000 -0.199101 -0.077236  
1093 31.020000 -0.198329 -0.077037  
1094 31.030000 -0.197560 -0.076839  
1095 31.040000 -0.196793 -0.076642  
1096 31.050000 -0.196027 -0.076445  
1097 31.060000 -0.195264 -0.076249  
1098 31.070000 -0.194502 -0.076054  
1099 31.080000 -0.193743 -0.075859  
1100 31.090000 -0.192985 -0.075665  
1101 31.100000 -0.192229 -0.075472  
1102 31.110000 -0.191476 -0.075279  
1103 31.120000 -0.190724 -0.075087  
1104 31.130000 -0.189974 -0.074895  
1105 31.140000 -0.189226 -0.074705  
1106 31.150000 -0.188480 -0.074514  
1107 31.160000 -0.187736 -0.074325  
1108 31.170000 -0.186993 -0.074136  
1109 31.180000 -0.186253 -0.073947  
1110 31.190000 -0.185514 -0.073760  
1111 31.200000 -0.184778 -0.073573  
1112 31.210000 -0.184043 -0.073386  
1113 31.220000 -0.183310 -0.073200  
1114 31.230000 -0.182579 -0.073015  
1115 31.240000 -0.181850 -0.072830  
1116 31.250000 -0.181122 -0.072646  
1117 31.260000 -0.180397 -0.072463  
1118 31.270000 -0.179673 -0.072280  
1119 31.280000 -0.178951 -0.072098  
1120 31.290000 -0.178231 -0.071916  
1121 31.300000 -0.177513 -0.071735  
1122 31.310000 -0.176796 -0.071555  
1123 31.320000 -0.176082 -0.071375  
1124 31.330000 -0.175369 -0.071195  
1125 31.340000 -0.174658 -0.071017  
1126 31.350000 -0.173948 -0.070839  
1127 31.360000 -0.173241 -0.070661  
1128 31.370000 -0.172535 -0.070484  
1129 31.380000 -0.171831 -0.070308  
1130 31.390000 -0.171129 -0.070132  
1131 31.400000 -0.170429 -0.069957  
1132 31.410000 -0.169730 -0.069782  
1133 31.420000 -0.169033 -0.069608  
1134 31.430000 -0.168338 -0.069434  
1135 31.440000 -0.167644 -0.069261  
1136 31.450000 -0.166953 -0.069089  
1137 31.460000 -0.166263 -0.068917  
1138 31.470000 -0.165574 -0.068746  
1139 31.480000 -0.164888 -0.068575  
1140 31.490000 -0.164203 -0.068405  
1141 31.500000 -0.163520 -0.068235  
1142 31.510000 -0.162838 -0.068066  
1143 31.520000 -0.162158 -0.067897  
1144 31.530000 -0.161480 -0.067729  
1145 31.540000 -0.160804 -0.067562  
1146 31.550000 -0.160129 -0.067395  
1147 31.560000 -0.159456 -0.067228  
1148 31.570000 -0.158784 -0.067063  
1149 31.580000 -0.158114 -0.066897  
1150 31.590000 -0.157446 -0.066732  
1151 31.600000 -0.156780 -0.066568  
1152 31.610000 -0.156115 -0.066404  
1153 31.620000 -0.155452 -0.066241  
1154 31.630000 -0.154790 -0.066078  
1155 31.640000 -0.154130 -0.065916  
1156 31.650000 -0.153472 -0.065754  
1157 31.660000 -0.152815 -0.065593  
1158 31.670000 -0.152160 -0.065432  
1159 31.680000 -0.151506 -0.065272  
1160 31.690000 -0.150854 -0.065113  
1161 31.700000 -0.150204 -0.064953  
1162 31.710000 -0.149555 -0.064795  
1163 31.720000 -0.148908 -0.064637  
1164 31.730000 -0.148263 -0.064479  
1165 31.740000 -0.147619 -0.064322  
1166 31.750000 -0.146976 -0.064165  
1167 31.760000 -0.146335 -0.064009  
1168 31.770000 -0.145696 -0.063853  
1169 31.780000 -0.145058 -0.063698  
1170 31.790000 -0.144422 -0.063543  
1171 31.800000 -0.143787 -0.063389  
1172 31.810000 -0.143154 -0.063235  
1173 31.820000 -0.142523 -0.063082  
1174 31.830000 -0.141893 -0.062929  
1175 31.840000 -0.141264 -0.062777  
1176 31.850000 -0.140637 -0.062625  
1177 31.860000 -0.140012 -0.062474  
1178 31.870000 -0.139388 -0.062323  
1179 31.880000 -0.138765 -0.062173  
1180 31.890000 -0.138144 -0.062023  
1181 31.900000 -0.137525 -0.061873  
1182 31.910000 -0.136907 -0.061724  
1183 31.920000 -0.136290 -0.061576  
1184 31.930000 -0.135675 -0.061428  
1185 31.940000 -0.135062 -0.061280  
1186 31.950000 -0.134450 -0.061133  
1187 31.960000 -0.133839 -0.060986  
1188 31.970000 -0.133230 -0.060840  
1189 31.980000 -0.132622 -0.060694  
1190 31.990000 -0.132016 -0.060549  
1191 32.000000 -0.131411 -0.060404  
1192 32.010000 -0.130808 -0.060260  
1193 32.020000 -0.130206 -0.060116  
1194 32.030000 -0.129606 -0.059972  
1195 32.040000 -0.129007 -0.059829  
1196 32.050000 -0.128409 -0.059686  
1197 32.060000 -0.127813 -0.059544  
1198 32.070000 -0.127218 -0.059402  
1199 32.080000 -0.126625 -0.059261  
1200 32.090000 -0.126033 -0.059120  
1201 32.100000 -0.125442 -0.058980  
1202 32.110000 -0.124853 -0.058840  
1203 32.120000 -0.124266 -0.058700  
1204 32.130000 -0.123679 -0.058561  
1205 32.140000 -0.123094 -0.058422  
1206 32.150000 -0.122511 -0.058284  
1207 32.160000 -0.121929 -0.058146  
1208 32.170000 -0.121348 -0.058008  
1209 32.180000 -0.120769 -0.057871  
1210 32.190000 -0.120191 -0.057735  
1211 32.200000 -0.119614 -0.057598  
1212 32.210000 -0.119039 -0.057463  
1213 32.220000 -0.118465 -0.057327  
1214 32.230000 -0.117892 -0.057192  
1215 32.240000 -0.117321 -0.057058  
1216 32.250000 -0.116751 -0.056923  
1217 32.260000 -0.116182 -0.056790  
1218 32.270000 -0.115615 -0.056656  
1219 32.280000 -0.115049 -0.056523  
1220 32.290000 -0.114485 -0.056391  
1221 32.300000 -0.113921 -0.056259  
1222 32.310000 -0.113359 -0.056127  
1223 32.320000 -0.112799 -0.055995  
1224 32.330000 -0.112240 -0.055864  
1225 32.340000 -0.111682 -0.055734  
1226 32.350000 -0.111125 -0.055604  
1227 32.360000 -0.110569 -0.055474  
1228 32.370000 -0.110015 -0.055345  
1229 32.380000 -0.109463 -0.055216  
1230 32.390000 -0.108911 -0.055087  
1231 32.400000 -0.108361 -0.054959  
1232 32.410000 -0.107812 -0.054831  
1233 32.420000 -0.107264 -0.054703  
1234 32.430000 -0.106718 -0.054576  
1235 32.440000 -0.106173 -0.054450  
1236 32.450000 -0.105629 -0.054323  
1237 32.460000 -0.105086 -0.054197  
1238 32.470000 -0.104545 -0.054072  
1239 32.480000 -0.104005 -0.053947  
1240 32.490000 -0.103466 -0.053822  
1241 32.500000 -0.102928 -0.053697  
1242 32.510000 -0.102392 -0.053573  
1243 32.520000 -0.101857 -0.053450  
1244 32.530000 -0.101323 -0.053326  
1245 32.540000 -0.100790 -0.053203  
1246 32.550000 -0.100259 -0.053081  
1247 32.560000 -0.099729 -0.052959  
1248 32.570000 -0.099200 -0.052837  
1249 32.580000 -0.098672 -0.052715  
1250 32.590000 -0.098145 -0.052594  
1251 32.600000 -0.097620 -0.052473  
1252 32.610000 -0.097096 -0.052353  
1253 32.620000 -0.096573 -0.052233  
1254 32.630000 -0.096051 -0.052113  
1255 32.640000 -0.095531 -0.051994  
1256 32.650000 -0.095011 -0.051875  
1257 32.660000 -0.094493 -0.051756  
1258 32.670000 -0.093976 -0.051638  
1259 32.680000 -0.093461 -0.051520  
1260 32.690000 -0.092946 -0.051402  
1261 32.700000 -0.092433 -0.051285  
1262 32.710000 -0.091920 -0.051168  
1263 32.720000 -0.091409 -0.051051  
1264 32.730000 -0.090899 -0.050935  
1265 32.740000 -0.090390 -0.050819  
1266 32.750000 -0.089883 -0.050703  
1267 32.760000 -0.089376 -0.050588  
1268 32.770000 -0.088871 -0.050473  
1269 32.780000 -0.088367 -0.050359  
1270 32.790000 -0.087864 -0.050245  
1271 32.800000 -0.087362 -0.050131  
1272 32.810000 -0.086861 -0.050017  
1273 32.820000 -0.086362 -0.049904  
1274 32.830000 -0.085863 -0.049791  
1275 32.840000 -0.085366 -0.049678  
1276 32.850000 -0.084870 -0.049566  
1277 32.860000 -0.084375 -0.049454  
1278 32.870000 -0.083881 -0.049343  
1279 32.880000 -0.083388 -0.049231  
1280 32.890000 -0.082896 -0.049121  
1281 32.900000 -0.082405 -0.049010  
1282 32.910000 -0.081916 -0.048900  
1283 32.920000 -0.081427 -0.048790  
1284 32.930000 -0.080940 -0.048680  
1285 32.940000 -0.080454 -0.048571  
1286 32.950000 -0.079969 -0.048462  
1287 32.960000 -0.079484 -0.048353  
1288 32.970000 -0.079001 -0.048244  
1289 32.980000 -0.078520 -0.048136  
1290 32.990000 -0.078039 -0.048029  
1291 33.000000 -0.077559 -0.047921  
1292 33.010000 -0.077080 -0.047814  
1293 33.020000 -0.076603 -0.047707  
1294 33.030000 -0.076126 -0.047601  
1295 33.040000 -0.075651 -0.047494  
1296 33.050000 -0.075176 -0.047388  
1297 33.060000 -0.074703 -0.047283  
1298 33.070000 -0.074231 -0.047177  
1299 33.080000 -0.073759 -0.047072  
1300 33.090000 -0.073289 -0.046968  
1301 33.100000 -0.072820 -0.046863  
1302 33.110000 -0.072352 -0.046759  
1303 33.120000 -0.071885 -0.046655  
1304 33.130000 -0.071419 -0.046552  
1305 33.140000 -0.070954 -0.046449  
1306 33.150000 -0.070490 -0.046346  
1307 33.160000 -0.070027 -0.046243  
1308 33.170000 -0.069565 -0.046141  
1309 33.180000 -0.069104 -0.046039  
1310 33.190000 -0.068644 -0.045937  
1311 33.200000 -0.068185 -0.045835  
1312 33.210000 -0.067727 -0.045734  
1313 33.220000 -0.067271 -0.045633  
1314 33.230000 -0.066815 -0.045533  
1315 33.240000 -0.066360 -0.045432  
1316 33.250000 -0.065906 -0.045332  
1317 33.260000 -0.065453 -0.045232  
1318 33.270000 -0.065002 -0.045133  
1319 33.280000 -0.064551 -0.045034  
1320 33.290000 -0.064101 -0.044935  
1321 33.300000 -0.063652 -0.044836  
1322 33.310000 -0.063204 -0.044738  
1323 33.320000 -0.062757 -0.044640  
1324 33.330000 -0.062311 -0.044542  
1325 33.340000 -0.061866 -0.044444  
1326 33.350000 -0.061422 -0.044347  
1327 33.360000 -0.060979 -0.044250  
1328 33.370000 -0.060537 -0.044153  
1329 33.380000 -0.060096 -0.044057  
1330 33.390000 -0.059656 -0.043961  
1331 33.400000 -0.059217 -0.043865  
1332 33.410000 -0.058779 -0.043769  
1333 33.420000 -0.058342 -0.043674  
1334 33.430000 -0.057906 -0.043579  
1335 33.440000 -0.057470 -0.043484  
1336 33.450000 -0.057036 -0.043389  
1337 33.460000 -0.056602 -0.043295  
1338 33.470000 -0.056170 -0.043201  
1339 33.480000 -0.055738 -0.043107  
1340 33.490000 -0.055308 -0.043013  
1341 33.500000 -0.054878 -0.042920  
1342 33.510000 -0.054449 -0.042827  
1343 33.520000 -0.054022 -0.042734  
1344 33.530000 -0.053595 -0.042642  
1345 33.540000 -0.053169 -0.042550  
1346 33.550000 -0.052744 -0.042458  
1347 33.560000 -0.052320 -0.042366  
1348 33.570000 -0.051896 -0.042274  
1349 33.580000 -0.051474 -0.042183  
1350 33.590000 -0.051053 -0.042092  
1351 33.600000 -0.050632 -0.042002  
1352 33.610000 -0.050213 -0.041911  
1353 33.620000 -0.049794 -0.041821  
1354 33.630000 -0.049376 -0.041731  
1355 33.640000 -0.048959 -0.041641  
1356 33.650000 -0.048543 -0.041552  
1357 33.660000 -0.048128 -0.041462  
1358 33.670000 -0.047714 -0.041373  
1359 33.680000 -0.047301 -0.041285  
1360 33.690000 -0.046889 -0.041196  
1361 33.700000 -0.046477 -0.041108  
1362 33.710000 -0.046066 -0.041020  
1363 33.720000 -0.045657 -0.040932  
1364 33.730000 -0.045248 -0.040845  
1365 33.740000 -0.044840 -0.040757  
1366 33.750000 -0.044433 -0.040670  
1367 33.760000 -0.044026 -0.040583  
1368 33.770000 -0.043621 -0.040497  
1369 33.780000 -0.043216 -0.040411  
1370 33.790000 -0.042813 -0.040324  
1371 33.800000 -0.042410 -0.040239  
1372 33.810000 -0.042008 -0.040153  
1373 33.820000 -0.041607 -0.040068  
1374 33.830000 -0.041207 -0.039982  
1375 33.840000 -0.040807 -0.039897  
1376 33.850000 -0.040409 -0.039813  
1377 33.860000 -0.040011 -0.039728  
1378 33.870000 -0.039614 -0.039644  
1379 33.880000 -0.039218 -0.039560  
1380 33.890000 -0.038823 -0.039476  
1381 33.900000 -0.038429 -0.039393  
1382 33.910000 -0.038035 -0.039309  
1383 33.920000 -0.037642 -0.039226  
1384 33.930000 -0.037250 -0.039143  
1385 33.940000 -0.036859 -0.039061  
1386 33.950000 -0.036469 -0.038978  
1387 33.960000 -0.036080 -0.038896  
1388 33.970000 -0.035691 -0.038814  
1389 33.980000 -0.035304 -0.038732  
1390 33.990000 -0.034917 -0.038651  
1391 34.000000 -0.034531 -0.038569  
1392 34.010000 -0.034145 -0.038488  
1393 34.020000 -0.033761 -0.038407  
1394 34.030000 -0.033377 -0.038327  
1395 34.040000 -0.032994 -0.038246  
1396 34.050000 -0.032612 -0.038166  
1397 34.060000 -0.032231 -0.038086  
1398 34.070000 -0.031851 -0.038006  
1399 34.080000 -0.031471 -0.037927  
1400 34.090000 -0.031092 -0.037847  
1401 34.100000 -0.030714 -0.037768  
1402 34.110000 -0.030337 -0.037689  
1403 34.120000 -0.029960 -0.037610  
1404 34.130000 -0.029584 -0.037532  
1405 34.140000 -0.029209 -0.037453  
1406 34.150000 -0.028835 -0.037375  
1407 34.160000 -0.028462 -0.037297  
1408 34.170000 -0.028089 -0.037220  
1409 34.180000 -0.027718 -0.037142  
1410 34.190000 -0.027347 -0.037065  
1411 34.200000 -0.026976 -0.036988  
1412 34.210000 -0.026607 -0.036911  
1413 34.220000 -0.026238 -0.036834  
1414 34.230000 -0.025870 -0.036758  
1415 34.240000 -0.025503 -0.036681  
1416 34.250000 -0.025136 -0.036605  
1417 34.260000 -0.024771 -0.036530  
1418 34.270000 -0.024406 -0.036454  
1419 34.280000 -0.024042 -0.036378  
1420 34.290000 -0.023678 -0.036303  
1421 34.300000 -0.023316 -0.036228  
1422 34.310000 -0.022954 -0.036153  
1423 34.320000 -0.022593 -0.036078  
1424 34.330000 -0.022232 -0.036004  
1425 34.340000 -0.021873 -0.035930  
1426 34.350000 -0.021514 -0.035856  
1427 34.360000 -0.021155 -0.035782  
1428 34.370000 -0.020798 -0.035708  
1429 34.380000 -0.020441 -0.035635  
1430 34.390000 -0.020085 -0.035561  
1431 34.400000 -0.019730 -0.035488  
1432 34.410000 -0.019376 -0.035415  
1433 34.420000 -0.019022 -0.035342  
1434 34.430000 -0.018669 -0.035270  
1435 34.440000 -0.018316 -0.035198  
1436 34.450000 -0.017965 -0.035125  
1437 34.460000 -0.017614 -0.035053  
1438 34.470000 -0.017264 -0.034982  
1439 34.480000 -0.016914 -0.034910  
1440 34.490000 -0.016565 -0.034839  
1441 34.500000 -0.016217 -0.034767  
1442 34.510000 -0.015870 -0.034696  
1443 34.520000 -0.015523 -0.034625  
1444 34.530000 -0.015178 -0.034555  
1445 34.540000 -0.014832 -0.034484  
1446 34.550000 -0.014488 -0.034414  
1447 34.560000 -0.014144 -0.034344  
1448 34.570000 -0.013801 -0.034274  
1449 34.580000 -0.013459 -0.034204  
1450 34.590000 -0.013117 -0.034135  
1451 34.600000 -0.012776 -0.034065  
1452 34.610000 -0.012436 -0.033996  
1453 34.620000 -0.012096 -0.033927  
1454 34.630000 -0.011757 -0.033858  
1455 34.640000 -0.011419 -0.033789  
1456 34.650000 -0.011081 -0.033721  
1457 34.660000 -0.010744 -0.033653  
1458 34.670000 -0.010408 -0.033584  
1459 34.680000 -0.010073 -0.033517  
1460 34.690000 -0.009738 -0.033449  
1461 34.700000 -0.009404 -0.033381  
1462 34.710000 -0.009070 -0.033314  
1463 34.720000 -0.008737 -0.033246  
1464 34.730000 -0.008405 -0.033179  
1465 34.740000 -0.008074 -0.033112  
1466 34.750000 -0.007743 -0.033046  
1467 34.760000 -0.007413 -0.032979  
1468 34.770000 -0.007084 -0.032913  
1469 34.780000 -0.006755 -0.032846  
1470 34.790000 -0.006427 -0.032780  
1471 34.800000 -0.006099 -0.032714  
1472 34.810000 -0.005772 -0.032649  
1473 34.820000 -0.005446 -0.032583  
1474 34.830000 -0.005121 -0.032518  
1475 34.840000 -0.004796 -0.032452  
1476 34.850000 -0.004472 -0.032387  
1477 34.860000 -0.004148 -0.032323  
1478 34.870000 -0.003825 -0.032258  
1479 34.880000 -0.003503 -0.032193  
1480 34.890000 -0.003181 -0.032129  
1481 34.900000 -0.002860 -0.032065  
1482 34.910000 -0.002540 -0.032000  
1483 34.920000 -0.002220 -0.031937  
1484 34.930000 -0.001901 -0.031873  
1485 34.940000 -0.001583 -0.031809  
1486 34.950000 -0.001265 -0.031746  
1487 34.960000 -0.000948 -0.031683  
1488 34.970000 -0.000631 -0.031619  
1489 34.980000 -0.000316 -0.031556  
1490 34.990000 -0.000000 -0.031494  
