1 20.100000 34518102583209.566406 3108539754574022.000000  
2 20.110000 14630956565293.220703 1197885691556068.000000  
3 20.120000 6682460159588.363281 501552120418445.375000  
4 20.130000 3249667421970.950684 225155130605610.312500  
5 20.140000 1667013463241.011475 107256205498831.453125  
6 20.150000 895433505718.134155 53774727981107.523438  
7 20.160000 500655546972.894104 28188999673815.863281  
8 20.170000 289963814087.133728 15366665743676.250000  
9 20.180000 173259813605.771698 8672292177630.824219  
10 20.190000 106447484302.779037 5047935547580.860352  
11 20.200000 67052728878.890068 3020935932071.543457  
12 20.210000 43199887424.275078 1853706723551.562012  
13 20.220000 28406863726.490753 1163591508459.838623  
14 20.230000 19030464683.701675 745664188372.604126  
15 20.240000 12967989608.599987 486972545311.647461  
16 20.250000 8976129910.550375 323603378210.146545  
17 20.260000 6303270949.913643 218512819927.269501  
18 20.270000 4485704988.689194 149751469942.654175  
19 20.280000 3231933483.686298 104046592172.010391  
20 20.290000 2355507622.577881 73219839794.579346  
21 20.300000 1735236782.525632 52143234136.827530  
22 20.310000 1291160209.874656 37548841975.182739  
23 20.320000 969778981.730408 27322342474.870380  
24 20.330000 734828877.171880 20076307260.324085  
25 20.340000 561425951.532422 14888155926.569155  
26 20.350000 432298190.128927 11136734005.798899  
27 20.360000 335326949.869502 8398909392.034542  
28 20.370000 261922448.032022 6383247962.266929  
29 20.380000 205937443.381683 4886923240.781054  
30 20.390000 162932567.458000 3767380223.576423  
31 20.400000 129674147.656060 2923487220.836046  
32 20.410000 103787465.653394 2282862323.015426  
33 20.420000 83515038.092332 1793263793.521785  
34 20.430000 67546572.015969 1416683979.304035  
35 20.440000 54898304.290815 1125260106.448683  
36 20.450000 44826676.183240 898417965.953125  
37 20.460000 36766086.863639 720859943.904863  
38 20.470000 30283672.655982 581136398.385529  
39 20.480000 25046219.714494 470623453.685031  
40 20.490000 20795788.694884 382786220.807583  
41 20.500000 17331639.806398 312644013.047749  
42 20.510000 14496745.600854 256379564.372216  
43 20.520000 12167666.464319 211051631.437681  
44 20.530000 10246906.499134 174382319.373297  
45 20.540000 8657110.108377 144598766.970733  
46 20.550000 7336632.546404 120314623.305714  
47 20.560000 6236141.805192 100440826.511045  
48 20.570000 5315998.831432 84118084.894888  
49 20.580000 4544228.191725 70665520.933845  
50 20.590000 3894938.901908 59541417.009621  
51 20.600000 3347090.125408 50313068.914643  
52 20.610000 2883522.306693 42633527.981100  
53 20.620000 2490193.521899 36223578.430825  
54 20.630000 2155575.180283 30857711.863716  
55 20.640000 1870171.981698 26353167.293820  
56 20.650000 1626139.158520 22561332.467995  
57 20.660000 1416976.184846 19360971.636691  
58 20.670000 1237280.819367 16652871.831390  
59 20.680000 1082550.928086 14355595.160138  
60 20.690000 949024.280553 12402096.765189  
61 20.700000 833548.630713 10737022.829119  
62 20.710000 733476.031589 9314544.733963  
63 20.720000 646576.605380 8096617.399615  
64 20.730000 570967.982267 7051574.349335  
65 20.740000 505057.397202 6152990.959325  
66 20.750000 447494.043066 5378761.984509  
67 20.760000 397129.758454 4710350.820807  
68 20.770000 352986.507639 4132176.825604  
69 20.780000 314229.410946 3631113.949000  
70 20.790000 280144.322989 3196079.367433  
71 20.800000 250119.147024 2817695.093240  
72 20.810000 223628.226404 2488008.915420  
73 20.820000 200219.276609 2200263.705728  
74 20.830000 179502.419988 1948706.252682  
75 20.840000 161140.964877 1728428.482092  
76 20.850000 144843.635185 1535235.278017  
77 20.860000 130358.008739 1365534.204077  
78 20.870000 117464.965184 1216243.297597  
79 20.880000 105973.978843 1084713.812033  
80 20.890000 95719.120280 968665.350828  
81 20.900000 86555.653466 866131.295522  
82 20.910000 78357.134514 775412.804067  
83 20.920000 71012.933614 695039.958839  
84 20.930000 64426.114709 623738.891394  
85 20.940000 58511.618165 560403.913379  
86 20.950000 53194.700511 504073.848750  
87 20.960000 48409.592689 453911.898557  
88 20.970000 44098.344354 409188.481519  
89 20.980000 40209.826857 369266.585923  
90 20.990000 36698.871803 333589.244662  
91 21.000000 33525.525610 301668.808347  
92 21.010000 30654.403516 273077.743804  
93 21.020000 28054.128935 247440.728802  
94 21.030000 25696.846203 224427.850057  
95 21.040000 23557.796522 203748.741825  
96 21.050000 21614.948392 185147.527625  
97 21.060000 19848.675104 168398.448790  
98 21.070000 18241.472934 153302.081278  
99 21.080000 16777.714575 139682.057060  
100 21.090000 15443.433140 127382.218946  
101 21.100000 14226.132700 116264.148276  
102 21.110000 13114.621907 106205.013790  
103 21.120000 12098.867702 97095.697589  
104 21.130000 11169.866540 88839.160414  
105 21.140000 10319.530901 81349.013940  
106 21.150000 9540.589166 74548.272356  
107 21.160000 8826.497174 68368.259411  
108 21.170000 8171.360020 62747.650457  
109 21.180000 7569.862837 57631.631837  
110 21.190000 7017.209454 52971.162431  
111 21.200000 6509.067989 48722.324200  
112 21.210000 6041.522538 44845.750398  
113 21.220000 5611.030231 41306.121620  
114 21.230000 5214.383034 38071.721157  
115 21.240000 4848.673720 35114.042293  
116 21.250000 4511.265546 32407.441103  
117 21.260000 4199.765187 29928.829179  
118 21.270000 3911.998575 27657.401431  
119 21.280000 3645.989291 25574.394710  
120 21.290000 3399.939244 23662.873572  
121 21.300000 3172.211358 21907.539942  
122 21.310000 2961.314066 20294.563862  
123 21.320000 2765.887395 18811.432850  
124 21.330000 2584.690474 17446.817691  
125 21.340000 2416.590313 16190.452783  
126 21.350000 2260.551709 15033.029348  
127 21.360000 2115.628165 13966.100050  
128 21.370000 1980.953709 12981.993731  
129 21.380000 1855.735521 12073.739128  
130 21.390000 1739.247283 11234.996563  
131 21.400000 1630.823171 10459.996732  
132 21.410000 1529.852437 9743.485804  
133 21.420000 1435.774498 9080.676146  
134 21.430000 1348.074505 8467.202062  
135 21.440000 1266.279322 7899.080001  
136 21.450000 1189.953890 7372.672764  
137 21.460000 1118.697926 6884.657275  
138 21.470000 1052.142927 6431.995549  
139 21.480000 989.949458 6011.908515  
140 21.490000 931.804678 5621.852396  
141 21.500000 877.420095 5259.497387  
142 21.510000 826.529530 4922.708384  
143 21.520000 778.887251 4609.527573  
144 21.530000 734.266288 4318.158660  
145 21.540000 692.456884 4046.952611  
146 21.550000 653.265089 3794.394725  
147 21.560000 616.511481 3559.092913  
148 21.570000 582.029989 3339.767073  
149 21.580000 549.666823 3135.239442  
150 21.590000 519.279496 2944.425835  
151 21.600000 490.735930 2766.327679  
152 21.610000 463.913633 2600.024773  
153 21.620000 438.698952 2444.668703  
154 21.630000 414.986385 2299.476839  
155 21.640000 392.677949 2163.726874  
156 21.650000 371.682603 2036.751839  
157 21.660000 351.915721 1917.935567  
158 21.670000 333.298599 1806.708541  
159 21.680000 315.758013 1702.544112  
160 21.690000 299.225803 1604.955046  
161 21.700000 283.638501 1513.490353  
162 21.710000 268.936977 1427.732410  
163 21.720000 255.066123 1347.294304  
164 21.730000 241.974557 1271.817419  
165 21.740000 229.614349 1200.969218  
166 21.750000 217.940774 1134.441203  
167 21.760000 206.912080 1071.947062  
168 21.770000 196.489275 1013.220952  
169 21.780000 186.635926 958.015932  
170 21.790000 177.317986 906.102523  
171 21.800000 168.503617 857.267385  
172 21.810000 160.163040 811.312095  
173 21.820000 152.268392 768.052037  
174 21.830000 144.793590 727.315364  
175 21.840000 137.714208 688.942055  
176 21.850000 131.007369 652.783042  
177 21.860000 124.651630 618.699405  
178 21.870000 118.626895 586.561632  
179 21.880000 112.914315 556.248934  
180 21.890000 107.496209 527.648617  
181 21.900000 102.355986 500.655500  
182 21.910000 97.478070 475.171376  
183 21.920000 92.847835 451.104516  
184 21.930000 88.451542 428.369213  
185 21.940000 84.276280 406.885356  
186 21.950000 80.309914 386.578037  
187 21.960000 76.541032 367.377193  
188 21.970000 72.958900 349.217262  
189 21.980000 69.553422 332.036881  
190 21.990000 66.315090 315.778593  
191 22.000000 63.234956 300.388580  
192 22.010000 60.304592 285.816416  
193 22.020000 57.516059 272.014840  
194 22.030000 54.861875 258.939540  
195 22.040000 52.334986 246.548957  
196 22.050000 49.928744 234.804099  
197 22.060000 47.636874 223.668376  
198 22.070000 45.453460 213.107434  
199 22.080000 43.372917 203.089015  
200 22.090000 41.389973 193.582817  
201 22.100000 39.499649 184.560363  
202 22.110000 37.697242 175.994892  
203 22.120000 35.978312 167.861237  
204 22.130000 34.338657 160.135734  
205 22.140000 32.774311 152.796115  
206 22.150000 31.281519 145.821429  
207 22.160000 29.856732 139.191951  
208 22.170000 28.496591 132.889111  
209 22.180000 27.197919 126.895416  
210 22.190000 25.957707 121.194387  
211 22.200000 24.773108 115.770493  
212 22.210000 23.641423 110.609096  
213 22.220000 22.560097 105.696391  
214 22.230000 21.526709 101.019358  
215 22.240000 20.538965 96.565716  
216 22.250000 19.594689 92.323874  
217 22.260000 18.691818 88.282889  
218 22.270000 17.828396 84.432434  
219 22.280000 17.002567 80.762751  
220 22.290000 16.212569 77.264625  
221 22.300000 15.456732 73.929348  
222 22.310000 14.733467 70.748689  
223 22.320000 14.041268 67.714868  
224 22.330000 13.378705 64.820528  
225 22.340000 12.744416 62.058708  
226 22.350000 12.137111 59.422826  
227 22.360000 11.555561 56.906651  
228 22.370000 10.998598 54.504287  
229 22.380000 10.465114 52.210149  
230 22.390000 9.954052 50.018951  
231 22.400000 9.464409 47.925685  
232 22.410000 8.995228 45.925606  
233 22.420000 8.545601 44.014219  
234 22.430000 8.114662 42.187261  
235 22.440000 7.701588 40.440693  
236 22.450000 7.305593 38.770682  
237 22.460000 6.925931 37.173595  
238 22.470000 6.561890 35.645983  
239 22.480000 6.212791 34.184577  
240 22.490000 5.877988 32.786270  
241 22.500000 5.556865 31.448114  
242 22.510000 5.248835 30.167312  
243 22.520000 4.953336 28.941205  
244 22.530000 4.669837 27.767267  
245 22.540000 4.397825 26.643100  
246 22.550000 4.136816 25.566424  
247 22.560000 3.886346 24.535072  
248 22.570000 3.645971 23.546983  
249 22.580000 3.415268 22.600199  
250 22.590000 3.193835 21.692857  
251 22.600000 2.981286 20.823183  
252 22.610000 2.777252 19.989492  
253 22.620000 2.581381 19.190178  
254 22.630000 2.393339 18.423714  
255 22.640000 2.212802 17.688646  
256 22.650000 2.039466 16.983588  
257 22.660000 1.873035 16.307223  
258 22.670000 1.713230 15.658294  
259 22.680000 1.559782 15.035604  
260 22.690000 1.412434 14.438012  
261 22.700000 1.270941 13.864432  
262 22.710000 1.135069 13.313828  
263 22.720000 1.004591 12.785210  
264 22.730000 0.879294 12.277638  
265 22.740000 0.758972 11.790213  
266 22.750000 0.643426 11.322078  
267 22.760000 0.532468 10.872414  
268 22.770000 0.425919 10.440442  
269 22.780000 0.323603 10.025416  
270 22.790000 0.225356 9.626626  
271 22.800000 0.131019 9.243392  
272 22.810000 0.040439 8.875067  
273 22.820000 -0.046530 8.521032  
274 22.830000 -0.130028 8.180694  
275 22.840000 -0.210188 7.853488  
276 22.850000 -0.287139 7.538876  
277 22.860000 -0.361006 7.236340  
278 22.870000 -0.431905 6.945388  
279 22.880000 -0.499950 6.665548  
280 22.890000 -0.565251 6.396369  
281 22.900000 -0.627912 6.137420  
282 22.910000 -0.688032 5.888288  
283 22.920000 -0.745709 5.648579  
284 22.930000 -0.801034 5.417916  
285 22.940000 -0.854096 5.195938  
286 22.950000 -0.904981 4.982298  
287 22.960000 -0.953769 4.776665  
288 22.970000 -1.000540 4.578724  
289 22.980000 -1.045368 4.388170  
290 22.990000 -1.088327 4.204714  
291 23.000000 -1.129485 4.028077  
292 23.010000 -1.168910 3.857992  
293 23.020000 -1.206666 3.694205  
294 23.030000 -1.242814 3.536471  
295 23.040000 -1.277415 3.384555  
296 23.050000 -1.310524 3.238232  
297 23.060000 -1.342197 3.097288  
298 23.070000 -1.372487 2.961516  
299 23.080000 -1.401444 2.830718  
300 23.090000 -1.429117 2.704704  
301 23.100000 -1.455554 2.583291  
302 23.110000 -1.480798 2.466306  
303 23.120000 -1.504894 2.353581  
304 23.130000 -1.527883 2.244955  
305 23.140000 -1.549806 2.140274  
306 23.150000 -1.570701 2.039390  
307 23.160000 -1.590606 1.942160  
308 23.170000 -1.609556 1.848448  
309 23.180000 -1.627586 1.758123  
310 23.190000 -1.644730 1.671060  
311 23.200000 -1.661018 1.587137  
312 23.210000 -1.676483 1.506240  
313 23.220000 -1.691153 1.428255  
314 23.230000 -1.705057 1.353076  
315 23.240000 -1.718223 1.280601  
316 23.250000 -1.730678 1.210730  
317 23.260000 -1.742446 1.143369  
318 23.270000 -1.753553 1.078425  
319 23.280000 -1.764022 1.015812  
320 23.290000 -1.773877 0.955446  
321 23.300000 -1.783139 0.897244  
322 23.310000 -1.791829 0.841129  
323 23.320000 -1.799968 0.787025  
324 23.330000 -1.807576 0.734862  
325 23.340000 -1.814671 0.684569  
326 23.350000 -1.821273 0.636079  
327 23.360000 -1.827399 0.589328  
328 23.370000 -1.833065 0.544255  
329 23.380000 -1.838289 0.500800  
330 23.390000 -1.843086 0.458906  
331 23.400000 -1.847472 0.418517  
332 23.410000 -1.851462 0.379581  
333 23.420000 -1.855069 0.342046  
334 23.430000 -1.858307 0.305864  
335 23.440000 -1.861190 0.270986  
336 23.450000 -1.863731 0.237368  
337 23.460000 -1.865942 0.204965  
338 23.470000 -1.867834 0.173735  
339 23.480000 -1.869420 0.143637  
340 23.490000 -1.870711 0.114633  
341 23.500000 -1.871716 0.086683  
342 23.510000 -1.872448 0.059752  
343 23.520000 -1.872915 0.033805  
344 23.530000 -1.873127 0.008807  
345 23.540000 -1.873094 -0.015274  
346 23.550000 -1.872824 -0.038469  
347 23.560000 -1.872327 -0.060809  
348 23.570000 -1.871611 -0.082323  
349 23.580000 -1.870683 -0.103039  
350 23.590000 -1.869553 -0.122985  
351 23.600000 -1.868226 -0.142187  
352 23.610000 -1.866711 -0.160669  
353 23.620000 -1.865015 -0.178457  
354 23.630000 -1.863144 -0.195575  
355 23.640000 -1.861106 -0.212043  
356 23.650000 -1.858906 -0.227886  
357 23.660000 -1.856550 -0.243123  
358 23.670000 -1.854045 -0.257776  
359 23.680000 -1.851397 -0.271863  
360 23.690000 -1.848610 -0.285405  
361 23.700000 -1.845690 -0.298418  
362 23.710000 -1.842643 -0.310922  
363 23.720000 -1.839473 -0.322933  
364 23.730000 -1.836186 -0.334467  
365 23.740000 -1.832786 -0.345541  
366 23.750000 -1.829277 -0.356170  
367 23.760000 -1.825664 -0.366369  
368 23.770000 -1.821951 -0.376152  
369 23.780000 -1.818142 -0.385533  
370 23.790000 -1.814241 -0.394526  
371 23.800000 -1.810253 -0.403143  
372 23.810000 -1.806180 -0.411397  
373 23.820000 -1.802026 -0.419300  
374 23.830000 -1.797795 -0.426864  
375 23.840000 -1.793490 -0.434100  
376 23.850000 -1.789114 -0.441019  
377 23.860000 -1.784670 -0.447631  
378 23.870000 -1.780162 -0.453946  
379 23.880000 -1.775592 -0.459976  
380 23.890000 -1.770964 -0.465728  
381 23.900000 -1.766279 -0.471212  
382 23.910000 -1.761540 -0.476437  
383 23.920000 -1.756751 -0.481412  
384 23.930000 -1.751913 -0.486145  
385 23.940000 -1.747029 -0.490644  
386 23.950000 -1.742101 -0.494916  
387 23.960000 -1.737131 -0.498970  
388 23.970000 -1.732122 -0.502812  
389 23.980000 -1.727075 -0.506450  
390 23.990000 -1.721994 -0.509890  
391 24.000000 -1.716878 -0.513140  
392 24.010000 -1.711731 -0.516204  
393 24.020000 -1.706555 -0.519090  
394 24.030000 -1.701350 -0.521803  
395 24.040000 -1.696119 -0.524350  
396 24.050000 -1.690864 -0.526735  
397 24.060000 -1.685585 -0.528964  
398 24.070000 -1.680285 -0.531043  
399 24.080000 -1.674965 -0.532975  
400 24.090000 -1.669626 -0.534768  
401 24.100000 -1.664270 -0.536424  
402 24.110000 -1.658898 -0.537948  
403 24.120000 -1.653511 -0.539346  
404 24.130000 -1.648111 -0.540621  
405 24.140000 -1.642699 -0.541777  
406 24.150000 -1.637276 -0.542819  
407 24.160000 -1.631843 -0.543750  
408 24.170000 -1.626402 -0.544574  
409 24.180000 -1.620952 -0.545295  
410 24.190000 -1.615496 -0.545916  
411 24.200000 -1.610034 -0.546441  
412 24.210000 -1.604568 -0.546873  
413 24.220000 -1.599097 -0.547215  
414 24.230000 -1.593624 -0.547470  
415 24.240000 -1.588148 -0.547641  
416 24.250000 -1.582671 -0.547732  
417 24.260000 -1.577193 -0.547745  
418 24.270000 -1.571716 -0.547682  
419 24.280000 -1.566240 -0.547546  
420 24.290000 -1.560766 -0.547341  
421 24.300000 -1.555294 -0.547068  
422 24.310000 -1.549824 -0.546730  
423 24.320000 -1.544359 -0.546328  
424 24.330000 -1.538898 -0.545867  
425 24.340000 -1.533442 -0.545346  
426 24.350000 -1.527991 -0.544769  
427 24.360000 -1.522547 -0.544138  
428 24.370000 -1.517109 -0.543455  
429 24.380000 -1.511678 -0.542721  
430 24.390000 -1.506255 -0.541939  
431 24.400000 -1.500839 -0.541110  
432 24.410000 -1.495432 -0.540236  
433 24.420000 -1.490035 -0.539318  
434 24.430000 -1.484646 -0.538359  
435 24.440000 -1.479268 -0.537359  
436 24.450000 -1.473899 -0.536322  
437 24.460000 -1.468541 -0.535247  
438 24.470000 -1.463194 -0.534136  
439 24.480000 -1.457859 -0.532991  
440 24.490000 -1.452535 -0.531813  
441 24.500000 -1.447223 -0.530604  
442 24.510000 -1.441923 -0.529364  
443 24.520000 -1.436635 -0.528095  
444 24.530000 -1.431361 -0.526798  
445 24.540000 -1.426099 -0.525475  
446 24.550000 -1.420851 -0.524125  
447 24.560000 -1.415617 -0.522752  
448 24.570000 -1.410397 -0.521355  
449 24.580000 -1.405190 -0.519935  
450 24.590000 -1.399998 -0.518494  
451 24.600000 -1.394820 -0.517032  
452 24.610000 -1.389657 -0.515550  
453 24.620000 -1.384509 -0.514050  
454 24.630000 -1.379376 -0.512532  
455 24.640000 -1.374259 -0.510997  
456 24.650000 -1.369156 -0.509446  
457 24.660000 -1.364070 -0.507879  
458 24.670000 -1.358999 -0.506298  
459 24.680000 -1.353944 -0.504703  
460 24.690000 -1.348905 -0.503094  
461 24.700000 -1.343882 -0.501473  
462 24.710000 -1.338876 -0.499840  
463 24.720000 -1.333885 -0.498196  
464 24.730000 -1.328912 -0.496542  
465 24.740000 -1.323955 -0.494877  
466 24.750000 -1.319014 -0.493203  
467 24.760000 -1.314091 -0.491520  
468 24.770000 -1.309184 -0.489829  
469 24.780000 -1.304294 -0.488131  
470 24.790000 -1.299421 -0.486425  
471 24.800000 -1.294565 -0.484712  
472 24.810000 -1.289727 -0.482993  
473 24.820000 -1.284906 -0.481269  
474 24.830000 -1.280102 -0.479539  
475 24.840000 -1.275315 -0.477804  
476 24.850000 -1.270546 -0.476065  
477 24.860000 -1.265794 -0.474322  
478 24.870000 -1.261059 -0.472576  
479 24.880000 -1.256342 -0.470826  
480 24.890000 -1.251643 -0.469073  
481 24.900000 -1.246961 -0.467318  
482 24.910000 -1.242296 -0.465561  
483 24.920000 -1.237649 -0.463802  
484 24.930000 -1.233020 -0.462041  
485 24.940000 -1.228409 -0.460280  
486 24.950000 -1.223815 -0.458517  
487 24.960000 -1.219238 -0.456754  
488 24.970000 -1.214680 -0.454991  
489 24.980000 -1.210138 -0.453227  
490 24.990000 -1.205615 -0.451464  
491 25.000000 -1.201109 -0.449702  
492 25.010000 -1.196621 -0.447940  
493 25.020000 -1.192150 -0.446179  
494 25.030000 -1.187697 -0.444420  
495 25.040000 -1.183262 -0.442662  
496 25.050000 -1.178844 -0.440905  
497 25.060000 -1.174444 -0.439151  
498 25.070000 -1.170061 -0.437398  
499 25.080000 -1.165696 -0.435648  
500 25.090000 -1.161348 -0.433901  
501 25.100000 -1.157018 -0.432156  
502 25.110000 -1.152705 -0.430414  
503 25.120000 -1.148410 -0.428675  
504 25.130000 -1.144131 -0.426939  
505 25.140000 -1.139871 -0.425206  
506 25.150000 -1.135627 -0.423477  
507 25.160000 -1.131401 -0.421752  
508 25.170000 -1.127192 -0.420030  
509 25.180000 -1.123001 -0.418312  
510 25.190000 -1.118826 -0.416598  
511 25.200000 -1.114669 -0.414889  
512 25.210000 -1.110528 -0.413183  
513 25.220000 -1.106405 -0.411482  
514 25.230000 -1.102299 -0.409786  
515 25.240000 -1.098209 -0.408093  
516 25.250000 -1.094137 -0.406406  
517 25.260000 -1.090081 -0.404724  
518 25.270000 -1.086042 -0.403046  
519 25.280000 -1.082020 -0.401373  
520 25.290000 -1.078015 -0.399705  
521 25.300000 -1.074026 -0.398043  
522 25.310000 -1.070054 -0.396386  
523 25.320000 -1.066098 -0.394734  
524 25.330000 -1.062159 -0.393087  
525 25.340000 -1.058237 -0.391446  
526 25.350000 -1.054330 -0.389810  
527 25.360000 -1.050440 -0.388179  
528 25.370000 -1.046567 -0.386555  
529 25.380000 -1.042709 -0.384936  
530 25.390000 -1.038868 -0.383323  
531 25.400000 -1.035043 -0.381715  
532 25.410000 -1.031234 -0.380113  
533 25.420000 -1.027440 -0.378517  
534 25.430000 -1.023663 -0.376927  
535 25.440000 -1.019902 -0.375343  
536 25.450000 -1.016156 -0.373765  
537 25.460000 -1.012427 -0.372193  
538 25.470000 -1.008712 -0.370627  
539 25.480000 -1.005014 -0.369068  
540 25.490000 -1.001331 -0.367514  
541 25.500000 -0.997664 -0.365966  
542 25.510000 -0.994012 -0.364425  
543 25.520000 -0.990375 -0.362889  
544 25.530000 -0.986754 -0.361360  
545 25.540000 -0.983148 -0.359837  
546 25.550000 -0.979557 -0.358321  
547 25.560000 -0.975981 -0.356810  
548 25.570000 -0.972421 -0.355306  
549 25.580000 -0.968875 -0.353809  
550 25.590000 -0.965345 -0.352317  
551 25.600000 -0.961829 -0.350832  
552 25.610000 -0.958328 -0.349353  
553 25.620000 -0.954842 -0.347881  
554 25.630000 -0.951370 -0.346415  
555 25.640000 -0.947914 -0.344955  
556 25.650000 -0.944471 -0.343501  
557 25.660000 -0.941044 -0.342054  
558 25.670000 -0.937630 -0.340614  
559 25.680000 -0.934231 -0.339179  
560 25.690000 -0.930847 -0.337751  
561 25.700000 -0.927476 -0.336330  
562 25.710000 -0.924120 -0.334914  
563 25.720000 -0.920778 -0.333505  
564 25.730000 -0.917450 -0.332103  
565 25.740000 -0.914136 -0.330707  
566 25.750000 -0.910836 -0.329317  
567 25.760000 -0.907549 -0.327933  
568 25.770000 -0.904277 -0.326556  
569 25.780000 -0.901018 -0.325185  
570 25.790000 -0.897773 -0.323821  
571 25.800000 -0.894542 -0.322462  
572 25.810000 -0.891324 -0.321110  
573 25.820000 -0.888120 -0.319765  
574 25.830000 -0.884929 -0.318425  
575 25.840000 -0.881751 -0.317092  
576 25.850000 -0.878587 -0.315765  
577 25.860000 -0.875436 -0.314444  
578 25.870000 -0.872298 -0.313130  
579 25.880000 -0.869173 -0.311821  
580 25.890000 -0.866061 -0.310519  
581 25.900000 -0.862963 -0.309223  
582 25.910000 -0.859877 -0.307934  
583 25.920000 -0.856804 -0.306650  
584 25.930000 -0.853744 -0.305372  
585 25.940000 -0.850697 -0.304101  
586 25.950000 -0.847662 -0.302836  
587 25.960000 -0.844640 -0.301576  
588 25.970000 -0.841630 -0.300323  
589 25.980000 -0.838633 -0.299076  
590 25.990000 -0.835649 -0.297835  
591 26.000000 -0.832677 -0.296599  
592 26.010000 -0.829717 -0.295370  
593 26.020000 -0.826769 -0.294147  
594 26.030000 -0.823834 -0.292930  
595 26.040000 -0.820911 -0.291718  
596 26.050000 -0.817999 -0.290513  
597 26.060000 -0.815100 -0.289313  
598 26.070000 -0.812213 -0.288119  
599 26.080000 -0.809338 -0.286931  
600 26.090000 -0.806475 -0.285749  
601 26.100000 -0.803623 -0.284573  
602 26.110000 -0.800783 -0.283402  
603 26.120000 -0.797955 -0.282237  
604 26.130000 -0.795138 -0.281078  
605 26.140000 -0.792333 -0.279924  
606 26.150000 -0.789540 -0.278776  
607 26.160000 -0.786758 -0.277634  
608 26.170000 -0.783987 -0.276498  
609 26.180000 -0.781228 -0.275367  
610 26.190000 -0.778480 -0.274241  
611 26.200000 -0.775743 -0.273121  
612 26.210000 -0.773017 -0.272007  
613 26.220000 -0.770303 -0.270898  
614 26.230000 -0.767599 -0.269795  
615 26.240000 -0.764907 -0.268697  
616 26.250000 -0.762225 -0.267604  
617 26.260000 -0.759555 -0.266517  
618 26.270000 -0.756895 -0.265436  
619 26.280000 -0.754246 -0.264359  
620 26.290000 -0.751608 -0.263288  
621 26.300000 -0.748980 -0.262222  
622 26.310000 -0.746363 -0.261162  
623 26.320000 -0.743757 -0.260107  
624 26.330000 -0.741161 -0.259057  
625 26.340000 -0.738576 -0.258012  
626 26.350000 -0.736001 -0.256973  
627 26.360000 -0.733436 -0.255938  
628 26.370000 -0.730882 -0.254909  
629 26.380000 -0.728338 -0.253885  
630 26.390000 -0.725804 -0.252866  
631 26.400000 -0.723281 -0.251852  
632 26.410000 -0.720767 -0.250843  
633 26.420000 -0.718264 -0.249839  
634 26.430000 -0.715771 -0.248840  
635 26.440000 -0.713287 -0.247846  
636 26.450000 -0.710814 -0.246857  
637 26.460000 -0.708350 -0.245873  
638 26.470000 -0.705896 -0.244893  
639 26.480000 -0.703452 -0.243919  
640 26.490000 -0.701018 -0.242949  
641 26.500000 -0.698593 -0.241985  
642 26.510000 -0.696178 -0.241025  
643 26.520000 -0.693773 -0.240069  
644 26.530000 -0.691377 -0.239119  
645 26.540000 -0.688990 -0.238173  
646 26.550000 -0.686613 -0.237232  
647 26.560000 -0.684246 -0.236296  
648 26.570000 -0.681887 -0.235364  
649 26.580000 -0.679538 -0.234437  
650 26.590000 -0.677199 -0.233514  
651 26.600000 -0.674868 -0.232596  
652 26.610000 -0.672547 -0.231683  
653 26.620000 -0.670234 -0.230774  
654 26.630000 -0.667931 -0.229870  
655 26.640000 -0.665637 -0.228970  
656 26.650000 -0.663352 -0.228074  
657 26.660000 -0.661075 -0.227183  
658 26.670000 -0.658808 -0.226296  
659 26.680000 -0.656549 -0.225414  
660 26.690000 -0.654300 -0.224536  
661 26.700000 -0.652059 -0.223663  
662 26.710000 -0.649826 -0.222793  
663 26.720000 -0.647603 -0.221928  
664 26.730000 -0.645388 -0.221068  
665 26.740000 -0.643181 -0.220211  
666 26.750000 -0.640984 -0.219359  
667 26.760000 -0.638794 -0.218511  
668 26.770000 -0.636613 -0.217667  
669 26.780000 -0.634441 -0.216827  
670 26.790000 -0.632277 -0.215992  
671 26.800000 -0.630121 -0.215160  
672 26.810000 -0.627974 -0.214333  
673 26.820000 -0.625834 -0.213509  
674 26.830000 -0.623703 -0.212690  
675 26.840000 -0.621581 -0.211875  
676 26.850000 -0.619466 -0.211063  
677 26.860000 -0.617359 -0.210256  
678 26.870000 -0.615261 -0.209453  
679 26.880000 -0.613170 -0.208653  
680 26.890000 -0.611088 -0.207858  
681 26.900000 -0.609013 -0.207066  
682 26.910000 -0.606946 -0.206278  
683 26.920000 -0.604888 -0.205494  
684 26.930000 -0.602836 -0.204714  
685 26.940000 -0.600793 -0.203938  
686 26.950000 -0.598758 -0.203165  
687 26.960000 -0.596730 -0.202396  
688 26.970000 -0.594710 -0.201631  
689 26.980000 -0.592697 -0.200870  
690 26.990000 -0.590692 -0.200112  
691 27.000000 -0.588695 -0.199358  
692 27.010000 -0.586705 -0.198608  
693 27.020000 -0.584723 -0.197861  
694 27.030000 -0.582748 -0.197118  
695 27.040000 -0.580780 -0.196379  
696 27.050000 -0.578820 -0.195643  
697 27.060000 -0.576868 -0.194910  
698 27.070000 -0.574922 -0.194182  
699 27.080000 -0.572984 -0.193456  
700 27.090000 -0.571053 -0.192735  
701 27.100000 -0.569129 -0.192016  
702 27.110000 -0.567213 -0.191301  
703 27.120000 -0.565303 -0.190590  
704 27.130000 -0.563401 -0.189882  
705 27.140000 -0.561506 -0.189177  
706 27.150000 -0.559617 -0.188476  
707 27.160000 -0.557736 -0.187778  
708 27.170000 -0.555862 -0.187084  
709 27.180000 -0.553994 -0.186393  
710 27.190000 -0.552134 -0.185705  
711 27.200000 -0.550280 -0.185020  
712 27.210000 -0.548433 -0.184339  
713 27.220000 -0.546593 -0.183661  
714 27.230000 -0.544760 -0.182986  
715 27.240000 -0.542934 -0.182314  
716 27.250000 -0.541114 -0.181646  
717 27.260000 -0.539301 -0.180981  
718 27.270000 -0.537494 -0.180319  
719 27.280000 -0.535694 -0.179660  
720 27.290000 -0.533901 -0.179004  
721 27.300000 -0.532114 -0.178351  
722 27.310000 -0.530334 -0.177702  
723 27.320000 -0.528560 -0.177055  
724 27.330000 -0.526793 -0.176412  
725 27.340000 -0.525032 -0.175771  
726 27.350000 -0.523278 -0.175134  
727 27.360000 -0.521529 -0.174499  
728 27.370000 -0.519788 -0.173868  
729 27.380000 -0.518052 -0.173239  
730 27.390000 -0.516323 -0.172614  
731 27.400000 -0.514600 -0.171991  
732 27.410000 -0.512883 -0.171372  
733 27.420000 -0.511172 -0.170755  
734 27.430000 -0.509468 -0.170141  
735 27.440000 -0.507769 -0.169530  
736 27.450000 -0.506077 -0.168922  
737 27.460000 -0.504391 -0.168317  
738 27.470000 -0.502711 -0.167714  
739 27.480000 -0.501037 -0.167115  
740 27.490000 -0.499369 -0.166518  
741 27.500000 -0.497706 -0.165924  
742 27.510000 -0.496050 -0.165333  
743 27.520000 -0.494400 -0.164744  
744 27.530000 -0.492755 -0.164158  
745 27.540000 -0.491116 -0.163575  
746 27.550000 -0.489484 -0.162995  
747 27.560000 -0.487857 -0.162417  
748 27.570000 -0.486235 -0.161842  
749 27.580000 -0.484620 -0.161270  
750 27.590000 -0.483010 -0.160700  
751 27.600000 -0.481406 -0.160133  
752 27.610000 -0.479807 -0.159568  
753 27.620000 -0.478214 -0.159007  
754 27.630000 -0.476627 -0.158447  
755 27.640000 -0.475045 -0.157890  
756 27.650000 -0.473469 -0.157336  
757 27.660000 -0.471899 -0.156785  
758 27.670000 -0.470334 -0.156236  
759 27.680000 -0.468774 -0.155689  
760 27.690000 -0.467220 -0.155145  
761 27.700000 -0.465671 -0.154603  
762 27.710000 -0.464128 -0.154064  
763 27.720000 -0.462590 -0.153528  
764 27.730000 -0.461057 -0.152993  
765 27.740000 -0.459530 -0.152462  
766 27.750000 -0.458008 -0.151932  
767 27.760000 -0.456491 -0.151405  
768 27.770000 -0.454980 -0.150881  
769 27.780000 -0.453474 -0.150358  
770 27.790000 -0.451973 -0.149839  
771 27.800000 -0.450477 -0.149321  
772 27.810000 -0.448986 -0.148806  
773 27.820000 -0.447501 -0.148293  
774 27.830000 -0.446020 -0.147783  
775 27.840000 -0.444545 -0.147274  
776 27.850000 -0.443075 -0.146769  
777 27.860000 -0.441610 -0.146265  
778 27.870000 -0.440149 -0.145764  
779 27.880000 -0.438694 -0.145264  
780 27.890000 -0.437244 -0.144768  
781 27.900000 -0.435799 -0.144273  
782 27.910000 -0.434359 -0.143781  
783 27.920000 -0.432923 -0.143290  
784 27.930000 -0.431493 -0.142802  
785 27.940000 -0.430067 -0.142316  
786 27.950000 -0.428647 -0.141833  
787 27.960000 -0.427231 -0.141351  
788 27.970000 -0.425820 -0.140872  
789 27.980000 -0.424413 -0.140395  
790 27.990000 -0.423012 -0.139919  
791 28.000000 -0.421615 -0.139446  
792 28.010000 -0.420223 -0.138975  
793 28.020000 -0.418835 -0.138507  
794 28.030000 -0.417453 -0.138040  
795 28.040000 -0.416074 -0.137575  
796 28.050000 -0.414701 -0.137112  
797 28.060000 -0.413332 -0.136652  
798 28.070000 -0.411968 -0.136193  
799 28.080000 -0.410608 -0.135737  
800 28.090000 -0.409253 -0.135282  
801 28.100000 -0.407903 -0.134830  
802 28.110000 -0.406557 -0.134379  
803 28.120000 -0.405215 -0.133930  
804 28.130000 -0.403878 -0.133484  
805 28.140000 -0.402545 -0.133039  
806 28.150000 -0.401217 -0.132596  
807 28.160000 -0.399894 -0.132156  
808 28.170000 -0.398574 -0.131717  
809 28.180000 -0.397259 -0.131280  
810 28.190000 -0.395949 -0.130845  
811 28.200000 -0.394642 -0.130412  
812 28.210000 -0.393340 -0.129980  
813 28.220000 -0.392043 -0.129551  
814 28.230000 -0.390749 -0.129123  
815 28.240000 -0.389460 -0.128698  
816 28.250000 -0.388175 -0.128274  
817 28.260000 -0.386895 -0.127852  
818 28.270000 -0.385618 -0.127431  
819 28.280000 -0.384346 -0.127013  
820 28.290000 -0.383078 -0.126597  
821 28.300000 -0.381814 -0.126182  
822 28.310000 -0.380554 -0.125769  
823 28.320000 -0.379299 -0.125357  
824 28.330000 -0.378047 -0.124948  
825 28.340000 -0.376800 -0.124540  
826 28.350000 -0.375556 -0.124134  
827 28.360000 -0.374317 -0.123730  
828 28.370000 -0.373082 -0.123328  
829 28.380000 -0.371851 -0.122927  
830 28.390000 -0.370623 -0.122528  
831 28.400000 -0.369400 -0.122130  
832 28.410000 -0.368181 -0.121735  
833 28.420000 -0.366965 -0.121341  
834 28.430000 -0.365754 -0.120948  
835 28.440000 -0.364546 -0.120558  
836 28.450000 -0.363343 -0.120169  
837 28.460000 -0.362143 -0.119782  
838 28.470000 -0.360947 -0.119396  
839 28.480000 -0.359755 -0.119012  
840 28.490000 -0.358567 -0.118629  
841 28.500000 -0.357382 -0.118248  
842 28.510000 -0.356202 -0.117869  
843 28.520000 -0.355025 -0.117492  
844 28.530000 -0.353852 -0.117116  
845 28.540000 -0.352683 -0.116741  
846 28.550000 -0.351517 -0.116368  
847 28.560000 -0.350355 -0.115997  
848 28.570000 -0.349197 -0.115627  
849 28.580000 -0.348043 -0.115259  
850 28.590000 -0.346892 -0.114892  
851 28.600000 -0.345745 -0.114527  
852 28.610000 -0.344601 -0.114164  
853 28.620000 -0.343462 -0.113801  
854 28.630000 -0.342325 -0.113441  
855 28.640000 -0.341193 -0.113082  
856 28.650000 -0.340064 -0.112724  
857 28.660000 -0.338938 -0.112368  
858 28.670000 -0.337816 -0.112013  
859 28.680000 -0.336698 -0.111660  
860 28.690000 -0.335583 -0.111309  
861 28.700000 -0.334472 -0.110958  
862 28.710000 -0.333364 -0.110610  
863 28.720000 -0.332260 -0.110262  
864 28.730000 -0.331159 -0.109916  
865 28.740000 -0.330061 -0.109572  
866 28.750000 -0.328967 -0.109229  
867 28.760000 -0.327877 -0.108887  
868 28.770000 -0.326790 -0.108547  
869 28.780000 -0.325706 -0.108208  
870 28.790000 -0.324625 -0.107870  
871 28.800000 -0.323548 -0.107534  
872 28.810000 -0.322475 -0.107200  
873 28.820000 -0.321404 -0.106866  
874 28.830000 -0.320337 -0.106534  
875 28.840000 -0.319274 -0.106204  
876 28.850000 -0.318213 -0.105874  
877 28.860000 -0.317156 -0.105546  
878 28.870000 -0.316102 -0.105220  
879 28.880000 -0.315052 -0.104894  
880 28.890000 -0.314005 -0.104570  
881 28.900000 -0.312960 -0.104248  
882 28.910000 -0.311920 -0.103926  
883 28.920000 -0.310882 -0.103606  
884 28.930000 -0.309847 -0.103288  
885 28.940000 -0.308816 -0.102970  
886 28.950000 -0.307788 -0.102654  
887 28.960000 -0.306763 -0.102339  
888 28.970000 -0.305741 -0.102025  
889 28.980000 -0.304723 -0.101713  
890 28.990000 -0.303707 -0.101402  
891 29.000000 -0.302695 -0.101092  
892 29.010000 -0.301685 -0.100783  
893 29.020000 -0.300679 -0.100476  
894 29.030000 -0.299676 -0.100170  
895 29.040000 -0.298675 -0.099865  
896 29.050000 -0.297678 -0.099561  
897 29.060000 -0.296684 -0.099259  
898 29.070000 -0.295693 -0.098957  
899 29.080000 -0.294705 -0.098657  
900 29.090000 -0.293720 -0.098358  
901 29.100000 -0.292738 -0.098061  
902 29.110000 -0.291759 -0.097764  
903 29.120000 -0.290783 -0.097469  
904 29.130000 -0.289809 -0.097175  
905 29.140000 -0.288839 -0.096882  
906 29.150000 -0.287872 -0.096590  
907 29.160000 -0.286907 -0.096299  
908 29.170000 -0.285946 -0.096010  
909 29.180000 -0.284987 -0.095721  
910 29.190000 -0.284031 -0.095434  
911 29.200000 -0.283078 -0.095148  
912 29.210000 -0.282128 -0.094863  
913 29.220000 -0.281181 -0.094579  
914 29.230000 -0.280237 -0.094296  
915 29.240000 -0.279295 -0.094014  
916 29.250000 -0.278357 -0.093734  
917 29.260000 -0.277421 -0.093454  
918 29.270000 -0.276487 -0.093176  
919 29.280000 -0.275557 -0.092899  
920 29.290000 -0.274629 -0.092622  
921 29.300000 -0.273705 -0.092347  
922 29.310000 -0.272783 -0.092073  
923 29.320000 -0.271863 -0.091800  
924 29.330000 -0.270946 -0.091528  
925 29.340000 -0.270033 -0.091257  
926 29.350000 -0.269121 -0.090988  
927 29.360000 -0.268213 -0.090719  
928 29.370000 -0.267307 -0.090451  
929 29.380000 -0.266404 -0.090184  
930 29.390000 -0.265503 -0.089919  
931 29.400000 -0.264605 -0.089654  
932 29.410000 -0.263710 -0.089390  
933 29.420000 -0.262818 -0.089128  
934 29.430000 -0.261928 -0.088866  
935 29.440000 -0.261040 -0.088606  
936 29.450000 -0.260156 -0.088346  
937 29.460000 -0.259273 -0.088087  
938 29.470000 -0.258394 -0.087830  
939 29.480000 -0.257517 -0.087573  
940 29.490000 -0.256642 -0.087318  
941 29.500000 -0.255770 -0.087063  
942 29.510000 -0.254901 -0.086809  
943 29.520000 -0.254034 -0.086557  
944 29.530000 -0.253170 -0.086305  
945 29.540000 -0.252308 -0.086054  
946 29.550000 -0.251449 -0.085804  
947 29.560000 -0.250592 -0.085555  
948 29.570000 -0.249738 -0.085307  
949 29.580000 -0.248886 -0.085060  
950 29.590000 -0.248036 -0.084814  
951 29.600000 -0.247190 -0.084569  
952 29.610000 -0.246345 -0.084325  
953 29.620000 -0.245503 -0.084082  
954 29.630000 -0.244663 -0.083839  
955 29.640000 -0.243826 -0.083598  
956 29.650000 -0.242991 -0.083358  
957 29.660000 -0.242159 -0.083118  
958 29.670000 -0.241329 -0.082879  
959 29.680000 -0.240502 -0.082641  
960 29.690000 -0.239676 -0.082404  
961 29.700000 -0.238853 -0.082168  
962 29.710000 -0.238033 -0.081933  
963 29.720000 -0.237215 -0.081699  
964 29.730000 -0.236399 -0.081466  
965 29.740000 -0.235585 -0.081233  
966 29.750000 -0.234774 -0.081001  
967 29.760000 -0.233965 -0.080771  
968 29.770000 -0.233159 -0.080541  
969 29.780000 -0.232355 -0.080312  
970 29.790000 -0.231553 -0.080083  
971 29.800000 -0.230753 -0.079856  
972 29.810000 -0.229956 -0.079630  
973 29.820000 -0.229160 -0.079404  
974 29.830000 -0.228367 -0.079179  
975 29.840000 -0.227577 -0.078955  
976 29.850000 -0.226788 -0.078732  
977 29.860000 -0.226002 -0.078510  
978 29.870000 -0.225218 -0.078288  
979 29.880000 -0.224436 -0.078067  
980 29.890000 -0.223657 -0.077847  
981 29.900000 -0.222879 -0.077628  
982 29.910000 -0.222104 -0.077410  
983 29.920000 -0.221331 -0.077193  
984 29.930000 -0.220560 -0.076976  
985 29.940000 -0.219792 -0.076760  
986 29.950000 -0.219025 -0.076545  
987 29.960000 -0.218261 -0.076331  
988 29.970000 -0.217499 -0.076117  
989 29.980000 -0.216738 -0.075904  
990 29.990000 -0.215980 -0.075692  
991 30.000000 -0.215225 -0.075481  
992 30.010000 -0.214471 -0.075271  
993 30.020000 -0.213719 -0.075061  
994 30.030000 -0.212970 -0.074852  
995 30.040000 -0.212222 -0.074644  
996 30.050000 -0.211477 -0.074437  
997 30.060000 -0.210733 -0.074230  
998 30.070000 -0.209992 -0.074024  
999 30.080000 -0.209253 -0.073819  
1000 30.090000 -0.208516 -0.073615  
1001 30.100000 -0.207781 -0.073411  
1002 30.110000 -0.207048 -0.073208  
1003 30.120000 -0.206316 -0.073006  
1004 30.130000 -0.205587 -0.072805  
1005 30.140000 -0.204860 -0.072604  
1006 30.150000 -0.204135 -0.072404  
1007 30.160000 -0.203412 -0.072205  
1008 30.170000 -0.202691 -0.072006  
1009 30.180000 -0.201972 -0.071808  
1010 30.190000 -0.201255 -0.071611  
1011 30.200000 -0.200540 -0.071415  
1012 30.210000 -0.199827 -0.071219  
1013 30.220000 -0.199116 -0.071024  
1014 30.230000 -0.198406 -0.070830  
1015 30.240000 -0.197699 -0.070636  
1016 30.250000 -0.196994 -0.070443  
1017 30.260000 -0.196290 -0.070251  
1018 30.270000 -0.195589 -0.070059  
1019 30.280000 -0.194889 -0.069868  
1020 30.290000 -0.194191 -0.069678  
1021 30.300000 -0.193495 -0.069489  
1022 30.310000 -0.192801 -0.069300  
1023 30.320000 -0.192109 -0.069111  
1024 30.330000 -0.191419 -0.068924  
1025 30.340000 -0.190731 -0.068737  
1026 30.350000 -0.190044 -0.068551  
1027 30.360000 -0.189360 -0.068365  
1028 30.370000 -0.188677 -0.068181  
1029 30.380000 -0.187996 -0.067996  
1030 30.390000 -0.187317 -0.067813  
1031 30.400000 -0.186640 -0.067630  
1032 30.410000 -0.185965 -0.067447  
1033 30.420000 -0.185291 -0.067266  
1034 30.430000 -0.184619 -0.067085  
1035 30.440000 -0.183949 -0.066904  
1036 30.450000 -0.183281 -0.066725  
1037 30.460000 -0.182615 -0.066546  
1038 30.470000 -0.181950 -0.066367  
1039 30.480000 -0.181287 -0.066189  
1040 30.490000 -0.180626 -0.066012  
1041 30.500000 -0.179967 -0.065835  
1042 30.510000 -0.179310 -0.065659  
1043 30.520000 -0.178654 -0.065484  
1044 30.530000 -0.178000 -0.065309  
1045 30.540000 -0.177348 -0.065135  
1046 30.550000 -0.176697 -0.064962  
1047 30.560000 -0.176049 -0.064789  
1048 30.570000 -0.175402 -0.064616  
1049 30.580000 -0.174756 -0.064444  
1050 30.590000 -0.174113 -0.064273  
1051 30.600000 -0.173471 -0.064103  
1052 30.610000 -0.172831 -0.063933  
1053 30.620000 -0.172192 -0.063763  
1054 30.630000 -0.171555 -0.063595  
1055 30.640000 -0.170920 -0.063426  
1056 30.650000 -0.170287 -0.063259  
1057 30.660000 -0.169655 -0.063092  
1058 30.670000 -0.169025 -0.062925  
1059 30.680000 -0.168397 -0.062759  
1060 30.690000 -0.167770 -0.062594  
1061 30.700000 -0.167145 -0.062429  
1062 30.710000 -0.166521 -0.062265  
1063 30.720000 -0.165899 -0.062101  
1064 30.730000 -0.165279 -0.061938  
1065 30.740000 -0.164661 -0.061775  
1066 30.750000 -0.164044 -0.061613  
1067 30.760000 -0.163428 -0.061452  
1068 30.770000 -0.162815 -0.061291  
1069 30.780000 -0.162203 -0.061131  
1070 30.790000 -0.161592 -0.060971  
1071 30.800000 -0.160983 -0.060812  
1072 30.810000 -0.160376 -0.060653  
1073 30.820000 -0.159770 -0.060495  
1074 30.830000 -0.159166 -0.060337  
1075 30.840000 -0.158563 -0.060180  
1076 30.850000 -0.157962 -0.060024  
1077 30.860000 -0.157363 -0.059868  
1078 30.870000 -0.156765 -0.059712  
1079 30.880000 -0.156169 -0.059557  
1080 30.890000 -0.155574 -0.059403  
1081 30.900000 -0.154981 -0.059249  
1082 30.910000 -0.154389 -0.059095  
1083 30.920000 -0.153799 -0.058942  
1084 30.930000 -0.153210 -0.058790  
1085 30.940000 -0.152623 -0.058638  
1086 30.950000 -0.152037 -0.058487  
1087 30.960000 -0.151453 -0.058336  
1088 30.970000 -0.150871 -0.058186  
1089 30.980000 -0.150289 -0.058036  
1090 30.990000 -0.149710 -0.057886  
1091 31.000000 -0.149132 -0.057738  
1092 31.010000 -0.148555 -0.057589  
1093 31.020000 -0.147980 -0.057441  
1094 31.030000 -0.147406 -0.057294  
1095 31.040000 -0.146834 -0.057147  
1096 31.050000 -0.146263 -0.057001  
1097 31.060000 -0.145694 -0.056855  
1098 31.070000 -0.145126 -0.056709  
1099 31.080000 -0.144560 -0.056565  
1100 31.090000 -0.143995 -0.056420  
1101 31.100000 -0.143431 -0.056276  
1102 31.110000 -0.142869 -0.056133  
1103 31.120000 -0.142309 -0.055990  
1104 31.130000 -0.141750 -0.055847  
1105 31.140000 -0.141192 -0.055705  
1106 31.150000 -0.140635 -0.055563  
1107 31.160000 -0.140081 -0.055422  
1108 31.170000 -0.139527 -0.055282  
1109 31.180000 -0.138975 -0.055142  
1110 31.190000 -0.138424 -0.055002  
1111 31.200000 -0.137875 -0.054863  
1112 31.210000 -0.137327 -0.054724  
1113 31.220000 -0.136780 -0.054585  
1114 31.230000 -0.136235 -0.054447  
1115 31.240000 -0.135691 -0.054310  
1116 31.250000 -0.135149 -0.054173  
1117 31.260000 -0.134608 -0.054036  
1118 31.270000 -0.134068 -0.053900  
1119 31.280000 -0.133530 -0.053765  
1120 31.290000 -0.132993 -0.053629  
1121 31.300000 -0.132457 -0.053495  
1122 31.310000 -0.131923 -0.053360  
1123 31.320000 -0.131390 -0.053226  
1124 31.330000 -0.130859 -0.053093  
1125 31.340000 -0.130328 -0.052960  
1126 31.350000 -0.129799 -0.052827  
1127 31.360000 -0.129272 -0.052695  
1128 31.370000 -0.128745 -0.052563  
1129 31.380000 -0.128220 -0.052432  
1130 31.390000 -0.127697 -0.052301  
1131 31.400000 -0.127174 -0.052171  
1132 31.410000 -0.126653 -0.052041  
1133 31.420000 -0.126134 -0.051911  
1134 31.430000 -0.125615 -0.051782  
1135 31.440000 -0.125098 -0.051653  
1136 31.450000 -0.124582 -0.051525  
1137 31.460000 -0.124068 -0.051397  
1138 31.470000 -0.123554 -0.051269  
1139 31.480000 -0.123042 -0.051142  
1140 31.490000 -0.122531 -0.051015  
1141 31.500000 -0.122022 -0.050889  
1142 31.510000 -0.121514 -0.050763  
1143 31.520000 -0.121007 -0.050638  
1144 31.530000 -0.120501 -0.050513  
1145 31.540000 -0.119996 -0.050388  
1146 31.550000 -0.119493 -0.050264  
1147 31.560000 -0.118991 -0.050140  
1148 31.570000 -0.118490 -0.050016  
1149 31.580000 -0.117991 -0.049893  
1150 31.590000 -0.117492 -0.049770  
1151 31.600000 -0.116995 -0.049648  
1152 31.610000 -0.116499 -0.049526  
1153 31.620000 -0.116005 -0.049405  
1154 31.630000 -0.115511 -0.049283  
1155 31.640000 -0.115019 -0.049163  
1156 31.650000 -0.114528 -0.049042  
1157 31.660000 -0.114038 -0.048922  
1158 31.670000 -0.113550 -0.048803  
1159 31.680000 -0.113062 -0.048683  
1160 31.690000 -0.112576 -0.048564  
1161 31.700000 -0.112091 -0.048446  
1162 31.710000 -0.111607 -0.048328  
1163 31.720000 -0.111124 -0.048210  
1164 31.730000 -0.110643 -0.048093  
1165 31.740000 -0.110163 -0.047976  
1166 31.750000 -0.109683 -0.047859  
1167 31.760000 -0.109205 -0.047743  
1168 31.770000 -0.108728 -0.047627  
1169 31.780000 -0.108253 -0.047511  
1170 31.790000 -0.107778 -0.047396  
1171 31.800000 -0.107305 -0.047281  
1172 31.810000 -0.106833 -0.047167  
1173 31.820000 -0.106362 -0.047053  
1174 31.830000 -0.105892 -0.046939  
1175 31.840000 -0.105423 -0.046825  
1176 31.850000 -0.104955 -0.046712  
1177 31.860000 -0.104489 -0.046600  
1178 31.870000 -0.104023 -0.046487  
1179 31.880000 -0.103559 -0.046375  
1180 31.890000 -0.103096 -0.046264  
1181 31.900000 -0.102633 -0.046152  
1182 31.910000 -0.102173 -0.046042  
1183 31.920000 -0.101713 -0.045931  
1184 31.930000 -0.101254 -0.045821  
1185 31.940000 -0.100796 -0.045711  
1186 31.950000 -0.100340 -0.045601  
1187 31.960000 -0.099884 -0.045492  
1188 31.970000 -0.099430 -0.045383  
1189 31.980000 -0.098977 -0.045274  
1190 31.990000 -0.098524 -0.045166  
1191 32.000000 -0.098073 -0.045058  
1192 32.010000 -0.097623 -0.044951  
1193 32.020000 -0.097174 -0.044844  
1194 32.030000 -0.096726 -0.044737  
1195 32.040000 -0.096279 -0.044630  
1196 32.050000 -0.095834 -0.044524  
1197 32.060000 -0.095389 -0.044418  
1198 32.070000 -0.094945 -0.044312  
1199 32.080000 -0.094503 -0.044207  
1200 32.090000 -0.094061 -0.044102  
1201 32.100000 -0.093621 -0.043998  
1202 32.110000 -0.093181 -0.043893  
1203 32.120000 -0.092743 -0.043789  
1204 32.130000 -0.092305 -0.043686  
1205 32.140000 -0.091869 -0.043582  
1206 32.150000 -0.091434 -0.043479  
1207 32.160000 -0.091000 -0.043377  
1208 32.170000 -0.090566 -0.043274  
1209 32.180000 -0.090134 -0.043172  
1210 32.190000 -0.089703 -0.043070  
1211 32.200000 -0.089273 -0.042969  
1212 32.210000 -0.088843 -0.042868  
1213 32.220000 -0.088415 -0.042767  
1214 32.230000 -0.087988 -0.042666  
1215 32.240000 -0.087562 -0.042566  
1216 32.250000 -0.087137 -0.042466  
1217 32.260000 -0.086713 -0.042367  
1218 32.270000 -0.086289 -0.042267  
1219 32.280000 -0.085867 -0.042168  
1220 32.290000 -0.085446 -0.042070  
1221 32.300000 -0.085026 -0.041971  
1222 32.310000 -0.084607 -0.041873  
1223 32.320000 -0.084188 -0.041775  
1224 32.330000 -0.083771 -0.041678  
1225 32.340000 -0.083355 -0.041580  
1226 32.350000 -0.082940 -0.041483  
1227 32.360000 -0.082525 -0.041387  
1228 32.370000 -0.082112 -0.041290  
1229 32.380000 -0.081699 -0.041194  
1230 32.390000 -0.081288 -0.041099  
1231 32.400000 -0.080877 -0.041003  
1232 32.410000 -0.080468 -0.040908  
1233 32.420000 -0.080059 -0.040813  
1234 32.430000 -0.079652 -0.040718  
1235 32.440000 -0.079245 -0.040624  
1236 32.450000 -0.078839 -0.040530  
1237 32.460000 -0.078434 -0.040436  
1238 32.470000 -0.078030 -0.040342  
1239 32.480000 -0.077627 -0.040249  
1240 32.490000 -0.077225 -0.040156  
1241 32.500000 -0.076824 -0.040064  
1242 32.510000 -0.076424 -0.039971  
1243 32.520000 -0.076025 -0.039879  
1244 32.530000 -0.075627 -0.039787  
1245 32.540000 -0.075229 -0.039695  
1246 32.550000 -0.074833 -0.039604  
1247 32.560000 -0.074437 -0.039513  
1248 32.570000 -0.074042 -0.039422  
1249 32.580000 -0.073649 -0.039332  
1250 32.590000 -0.073256 -0.039242  
1251 32.600000 -0.072864 -0.039152  
1252 32.610000 -0.072473 -0.039062  
1253 32.620000 -0.072083 -0.038972  
1254 32.630000 -0.071693 -0.038883  
1255 32.640000 -0.071305 -0.038794  
1256 32.650000 -0.070917 -0.038706  
1257 32.660000 -0.070531 -0.038617  
1258 32.670000 -0.070145 -0.038529  
1259 32.680000 -0.069760 -0.038441  
1260 32.690000 -0.069376 -0.038354  
1261 32.700000 -0.068993 -0.038266  
1262 32.710000 -0.068611 -0.038179  
1263 32.720000 -0.068230 -0.038092  
1264 32.730000 -0.067849 -0.038006  
1265 32.740000 -0.067469 -0.037919  
1266 32.750000 -0.067091 -0.037833  
1267 32.760000 -0.066713 -0.037747  
1268 32.770000 -0.066336 -0.037662  
1269 32.780000 -0.065960 -0.037577  
1270 32.790000 -0.065584 -0.037491  
1271 32.800000 -0.065210 -0.037407  
1272 32.810000 -0.064836 -0.037322  
1273 32.820000 -0.064463 -0.037238  
1274 32.830000 -0.064091 -0.037154  
1275 32.840000 -0.063720 -0.037070  
1276 32.850000 -0.063350 -0.036986  
1277 32.860000 -0.062980 -0.036903  
1278 32.870000 -0.062612 -0.036820  
1279 32.880000 -0.062244 -0.036737  
1280 32.890000 -0.061877 -0.036654  
1281 32.900000 -0.061511 -0.036572  
1282 32.910000 -0.061146 -0.036489  
1283 32.920000 -0.060781 -0.036407  
1284 32.930000 -0.060418 -0.036326  
1285 32.940000 -0.060055 -0.036244  
1286 32.950000 -0.059693 -0.036163  
1287 32.960000 -0.059331 -0.036082  
1288 32.970000 -0.058971 -0.036001  
1289 32.980000 -0.058611 -0.035921  
1290 32.990000 -0.058253 -0.035840  
1291 33.000000 -0.057895 -0.035760  
1292 33.010000 -0.057537 -0.035681  
1293 33.020000 -0.057181 -0.035601  
1294 33.030000 -0.056825 -0.035522  
1295 33.040000 -0.056471 -0.035442  
1296 33.050000 -0.056117 -0.035364  
1297 33.060000 -0.055763 -0.035285  
1298 33.070000 -0.055411 -0.035206  
1299 33.080000 -0.055059 -0.035128  
1300 33.090000 -0.054708 -0.035050  
1301 33.100000 -0.054358 -0.034972  
1302 33.110000 -0.054009 -0.034895  
1303 33.120000 -0.053660 -0.034817  
1304 33.130000 -0.053312 -0.034740  
1305 33.140000 -0.052965 -0.034663  
1306 33.150000 -0.052619 -0.034587  
1307 33.160000 -0.052274 -0.034510  
1308 33.170000 -0.051929 -0.034434  
1309 33.180000 -0.051585 -0.034358  
1310 33.190000 -0.051242 -0.034282  
1311 33.200000 -0.050899 -0.034206  
1312 33.210000 -0.050558 -0.034131  
1313 33.220000 -0.050217 -0.034056  
1314 33.230000 -0.049877 -0.033981  
1315 33.240000 -0.049537 -0.033906  
1316 33.250000 -0.049198 -0.033831  
1317 33.260000 -0.048861 -0.033757  
1318 33.270000 -0.048523 -0.033683  
1319 33.280000 -0.048187 -0.033609  
1320 33.290000 -0.047851 -0.033535  
1321 33.300000 -0.047516 -0.033462  
1322 33.310000 -0.047182 -0.033388  
1323 33.320000 -0.046848 -0.033315  
1324 33.330000 -0.046516 -0.033242  
1325 33.340000 -0.046184 -0.033170  
1326 33.350000 -0.045852 -0.033097  
1327 33.360000 -0.045522 -0.033025  
1328 33.370000 -0.045192 -0.032953  
1329 33.380000 -0.044863 -0.032881  
1330 33.390000 -0.044534 -0.032809  
1331 33.400000 -0.044206 -0.032738  
1332 33.410000 -0.043879 -0.032667  
1333 33.420000 -0.043553 -0.032595  
1334 33.430000 -0.043227 -0.032525  
1335 33.440000 -0.042903 -0.032454  
1336 33.450000 -0.042578 -0.032383  
1337 33.460000 -0.042255 -0.032313  
1338 33.470000 -0.041932 -0.032243  
1339 33.480000 -0.041610 -0.032173  
1340 33.490000 -0.041289 -0.032103  
1341 33.500000 -0.040968 -0.032034  
1342 33.510000 -0.040648 -0.031965  
1343 33.520000 -0.040329 -0.031895  
1344 33.530000 -0.040010 -0.031827  
1345 33.540000 -0.039692 -0.031758  
1346 33.550000 -0.039375 -0.031689  
1347 33.560000 -0.039058 -0.031621  
1348 33.570000 -0.038742 -0.031553  
1349 33.580000 -0.038427 -0.031485  
1350 33.590000 -0.038113 -0.031417  
1351 33.600000 -0.037799 -0.031349  
1352 33.610000 -0.037486 -0.031282  
1353 33.620000 -0.037173 -0.031215  
1354 33.630000 -0.036861 -0.031148  
1355 33.640000 -0.036550 -0.031081  
1356 33.650000 -0.036240 -0.031014  
1357 33.660000 -0.035930 -0.030948  
1358 33.670000 -0.035621 -0.030881  
1359 33.680000 -0.035312 -0.030815  
1360 33.690000 -0.035005 -0.030749  
1361 33.700000 -0.034697 -0.030683  
1362 33.710000 -0.034391 -0.030618  
1363 33.720000 -0.034085 -0.030552  
1364 33.730000 -0.033780 -0.030487  
1365 33.740000 -0.033475 -0.030422  
1366 33.750000 -0.033171 -0.030357  
1367 33.760000 -0.032868 -0.030292  
1368 33.770000 -0.032566 -0.030228  
1369 33.780000 -0.032264 -0.030164  
1370 33.790000 -0.031962 -0.030099  
1371 33.800000 -0.031662 -0.030035  
1372 33.810000 -0.031362 -0.029972  
1373 33.820000 -0.031062 -0.029908  
1374 33.830000 -0.030763 -0.029844  
1375 33.840000 -0.030465 -0.029781  
1376 33.850000 -0.030168 -0.029718  
1377 33.860000 -0.029871 -0.029655  
1378 33.870000 -0.029575 -0.029592  
1379 33.880000 -0.029279 -0.029530  
1380 33.890000 -0.028984 -0.029467  
1381 33.900000 -0.028690 -0.029405  
1382 33.910000 -0.028396 -0.029343  
1383 33.920000 -0.028103 -0.029281  
1384 33.930000 -0.027810 -0.029219  
1385 33.940000 -0.027519 -0.029157  
1386 33.950000 -0.027227 -0.029096  
1387 33.960000 -0.026937 -0.029035  
1388 33.970000 -0.026647 -0.028974  
1389 33.980000 -0.026357 -0.028913  
1390 33.990000 -0.026068 -0.028852  
1391 34.000000 -0.025780 -0.028791  
1392 34.010000 -0.025492 -0.028731  
1393 34.020000 -0.025205 -0.028670  
1394 34.030000 -0.024919 -0.028610  
1395 34.040000 -0.024633 -0.028550  
1396 34.050000 -0.024348 -0.028491  
1397 34.060000 -0.024063 -0.028431  
1398 34.070000 -0.023779 -0.028371  
1399 34.080000 -0.023496 -0.028312  
1400 34.090000 -0.023213 -0.028253  
1401 34.100000 -0.022931 -0.028194  
1402 34.110000 -0.022649 -0.028135  
1403 34.120000 -0.022368 -0.028076  
1404 34.130000 -0.022088 -0.028018  
1405 34.140000 -0.021808 -0.027959  
1406 34.150000 -0.021529 -0.027901  
1407 34.160000 -0.021250 -0.027843  
1408 34.170000 -0.020972 -0.027785  
1409 34.180000 -0.020694 -0.027727  
1410 34.190000 -0.020417 -0.027670  
1411 34.200000 -0.020141 -0.027612  
1412 34.210000 -0.019865 -0.027555  
1413 34.220000 -0.019590 -0.027498  
1414 34.230000 -0.019315 -0.027441  
1415 34.240000 -0.019041 -0.027384  
1416 34.250000 -0.018767 -0.027327  
1417 34.260000 -0.018494 -0.027271  
1418 34.270000 -0.018222 -0.027214  
1419 34.280000 -0.017950 -0.027158  
1420 34.290000 -0.017679 -0.027102  
1421 34.300000 -0.017408 -0.027046  
1422 34.310000 -0.017138 -0.026990  
1423 34.320000 -0.016868 -0.026934  
1424 34.330000 -0.016599 -0.026879  
1425 34.340000 -0.016331 -0.026823  
1426 34.350000 -0.016063 -0.026768  
1427 34.360000 -0.015795 -0.026713  
1428 34.370000 -0.015528 -0.026658  
1429 34.380000 -0.015262 -0.026603  
1430 34.390000 -0.014996 -0.026549  
1431 34.400000 -0.014731 -0.026494  
1432 34.410000 -0.014466 -0.026440  
1433 34.420000 -0.014202 -0.026386  
1434 34.430000 -0.013939 -0.026332  
1435 34.440000 -0.013676 -0.026278  
1436 34.450000 -0.013413 -0.026224  
1437 34.460000 -0.013151 -0.026170  
1438 34.470000 -0.012890 -0.026117  
1439 34.480000 -0.012629 -0.026063  
1440 34.490000 -0.012369 -0.026010  
1441 34.500000 -0.012109 -0.025957  
1442 34.510000 -0.011849 -0.025904  
1443 34.520000 -0.011591 -0.025851  
1444 34.530000 -0.011332 -0.025798  
1445 34.540000 -0.011075 -0.025746  
1446 34.550000 -0.010817 -0.025693  
1447 34.560000 -0.010561 -0.025641  
1448 34.570000 -0.010305 -0.025589  
1449 34.580000 -0.010049 -0.025537  
1450 34.590000 -0.009794 -0.025485  
1451 34.600000 -0.009539 -0.025433  
1452 34.610000 -0.009285 -0.025382  
1453 34.620000 -0.009032 -0.025330  
1454 34.630000 -0.008779 -0.025279  
1455 34.640000 -0.008526 -0.025228  
1456 34.650000 -0.008274 -0.025177  
1457 34.660000 -0.008023 -0.025126  
1458 34.670000 -0.007772 -0.025075  
1459 34.680000 -0.007521 -0.025024  
1460 34.690000 -0.007271 -0.024974  
1461 34.700000 -0.007022 -0.024923  
1462 34.710000 -0.006773 -0.024873  
1463 34.720000 -0.006524 -0.024823  
1464 34.730000 -0.006276 -0.024773  
1465 34.740000 -0.006029 -0.024723  
1466 34.750000 -0.005782 -0.024673  
1467 34.760000 -0.005535 -0.024624  
1468 34.770000 -0.005289 -0.024574  
1469 34.780000 -0.005044 -0.024525  
1470 34.790000 -0.004799 -0.024475  
1471 34.800000 -0.004554 -0.024426  
1472 34.810000 -0.004310 -0.024377  
1473 34.820000 -0.004067 -0.024328  
1474 34.830000 -0.003824 -0.024280  
1475 34.840000 -0.003581 -0.024231  
1476 34.850000 -0.003339 -0.024182  
1477 34.860000 -0.003097 -0.024134  
1478 34.870000 -0.002856 -0.024086  
1479 34.880000 -0.002616 -0.024038  
1480 34.890000 -0.002376 -0.023990  
1481 34.900000 -0.002136 -0.023942  
1482 34.910000 -0.001897 -0.023894  
1483 34.920000 -0.001658 -0.023846  
1484 34.930000 -0.001420 -0.023799  
1485 34.940000 -0.001182 -0.023751  
1486 34.950000 -0.000945 -0.023704  
1487 34.960000 -0.000708 -0.023657  
1488 34.970000 -0.000472 -0.023610  
1489 34.980000 -0.000236 -0.023563  
1490 34.990000 -0.000000 -0.023516  
