1 20.100000 70546401880565.218750 6353104549805877.000000  
2 20.110000 29901919018391.089844 2448183000030714.000000  
3 20.120000 13657172145967.935547 1025045824308648.000000  
4 20.130000 6641421395671.156250 460158589481092.125000  
5 20.140000 3406893540070.521484 219202920420315.250000  
6 20.150000 1829994239742.937500 109900603852827.406250  
7 20.160000 1023179669901.079102 57610172774731.406250  
8 20.170000 592587784927.397461 31404834018712.566406  
9 20.180000 354080703565.662048 17723429923658.300781  
10 20.190000 217537843554.847046 10316308836592.097656  
11 20.200000 137028315986.875977 6173740077384.800781  
12 20.210000 88281629690.751816 3788294681712.897461  
13 20.220000 58050272950.909302 2377928358694.843750  
14 20.230000 38888660312.167221 1523830193134.210449  
15 20.240000 26499530826.166939 995158789900.979126  
16 20.250000 18341966846.359482 661294793782.338867  
17 20.260000 12879923026.468691 446532057084.877747  
18 20.270000 9165744804.960117 306013068622.210388  
19 20.280000 6603716877.602015 212612783817.948395  
20 20.290000 4812809936.957938 149617494357.183228  
21 20.300000 3545359405.506000 106547458181.568466  
22 20.310000 2637959436.437871 76724244461.074799  
23 20.320000 1981282057.443086 55827007038.219154  
24 20.330000 1501220163.870455 41020407414.077255  
25 20.340000 1146923206.589694 30419083534.114067  
26 20.350000 883096117.655071 22753671623.488155  
27 20.360000 684974982.908596 17159486199.237753  
28 20.370000 535007204.540879 13040977530.363035  
29 20.380000 420631526.865583 9983671460.347069  
30 20.390000 332776698.426555 7696261481.944246  
31 20.400000 264835253.741755 5972090837.383972  
32 20.410000 211954940.014629 4663253208.943947  
33 20.420000 170544763.855227 3662998484.275840  
34 20.430000 137927508.977265 2893663418.156601  
35 20.440000 112093171.708197 2298315246.663035  
36 20.450000 91522560.898793 1834914794.843349  
37 20.460000 75060103.021333 1472205045.731108  
38 20.470000 61821438.967128 1186791799.142971  
39 20.480000 51125814.955122 961054851.899299  
40 20.490000 42446275.817725 781642447.045191  
41 20.500000 35372732.548693 638378496.565159  
42 20.510000 29584404.369766 523464068.634932  
43 20.520000 24829132.014087 430890133.544656  
44 20.530000 20907759.279140 356003001.900855  
45 20.540000 17662275.702649 295180840.932747  
46 20.550000 14966766.636430 245591499.782538  
47 20.560000 12720470.598427 205010209.519081  
48 20.570000 10842426.926452 171681628.240151  
49 20.580000 9267329.829318 144214911.881482  
50 20.590000 7942302.193914 121503512.281182  
51 20.600000 6824374.002199 102663584.723530  
52 20.610000 5878503.055481 86986470.492741  
53 20.620000 5076014.968048 73901876.010852  
54 20.630000 4393368.716853 62949218.794597  
55 20.640000 3811176.043218 53755236.741097  
56 20.650000 3313419.600432 46016421.757777  
57 20.660000 2886827.315895 39485184.962212  
58 20.670000 2520370.006025 33958919.942220  
59 20.680000 2204856.596179 29271325.611783  
60 20.690000 1932606.911463 25285497.583922  
61 20.700000 1697186.330363 21888408.832916  
62 20.710000 1493189.940067 18986485.657335  
63 20.720000 1316066.431732 16502050.177066  
64 20.730000 1161974.000152 14370450.699101  
65 20.740000 1027662.097515 12537739.920504  
66 20.750000 910374.135387 10958790.838155  
67 20.760000 807767.209386 9595763.460828  
68 20.770000 717845.695824 8416853.523336  
69 20.780000 638906.183897 7395268.562436  
70 20.790000 569491.695643 6508387.825860  
71 20.800000 508353.535690 5737071.233785  
72 20.810000 454419.424726 5065089.520486  
73 20.820000 406766.820956 4478653.156585  
74 20.830000 364600.535208 3966022.000362  
75 20.840000 327233.907904 3517181.091276  
76 20.850000 294072.947629 3123570.767402  
77 20.860000 264602.937708 2777861.506924  
78 20.870000 238377.103965 2473765.676240  
79 20.880000 215007.007575 2205879.803066  
80 20.890000 194154.384746 1969552.152605  
81 20.900000 175524.202306 1760771.323747  
82 20.910000 158858.737181 1576072.344350  
83 20.920000 143932.519732 1412457.364673  
84 20.930000 130548.007339 1267328.553653  
85 20.940000 118531.876412 1138431.215972  
86 20.950000 107731.839105 1023805.486445  
87 20.960000 98013.905987 921745.236153  
88 20.970000 89260.028414 830763.053447  
89 20.980000 81366.064741 749560.351475  
90 20.990000 74240.023185 677001.809613  
91 21.000000 67800.541412 612093.485131  
92 21.010000 61975.569024 553964.038369  
93 21.020000 56701.224201 501848.603547  
94 21.030000 51920.800083 455074.911330  
95 21.040000 47583.900063 413051.331006  
96 21.050000 43645.684266 375256.551678  
97 21.060000 40066.212006 341230.665064  
98 21.070000 36809.867274 310567.448699  
99 21.080000 33844.856111 282907.678739  
100 21.090000 31142.766313 257933.327159  
101 21.100000 28678.181276 235362.519700  
102 21.110000 26428.340895 214945.149124  
103 21.120000 24372.843439 196459.053739  
104 21.130000 22493.383141 179706.684155  
105 21.140000 20773.518954 164512.192335  
106 21.150000 19198.470552 150718.886349  
107 21.160000 17754.938148 138187.002239  
108 21.170000 16430.943201 126791.751219  
109 21.180000 15215.687408 116421.606215  
110 21.190000 14099.427782 106976.796717  
111 21.200000 13073.365842 98367.985146  
112 21.210000 12129.549233 90515.101588  
113 21.220000 11260.784294 83346.316842  
114 21.230000 10460.558273 76797.136408  
115 21.240000 9722.970064 70809.600347  
116 21.250000 9042.668471 65331.575927  
117 21.260000 8414.797128 60316.131656  
118 21.270000 7834.945314 55720.982799  
119 21.280000 7299.103998 51507.999743  
120 21.290000 6803.626506 47642.771659  
121 21.300000 6345.193312 44094.218884  
122 21.310000 5920.780485 40834.248267  
123 21.320000 5527.631384 37837.446428  
124 21.330000 5163.231256 35080.806528  
125 21.340000 4825.284409 32543.484660  
126 21.350000 4511.693692 30206.582472  
127 21.360000 4220.542026 28052.953022  
128 21.370000 3950.075777 26067.027241  
129 21.380000 3698.689766 24234.658691  
130 21.390000 3464.913751 22542.984568  
131 21.400000 3247.400222 20980.301146  
132 21.410000 3044.913385 19535.952093  
133 21.420000 2856.319191 18200.228224  
134 21.430000 2680.576329 16964.277469  
135 21.440000 2516.728063 15820.023946  
136 21.450000 2363.894839 14760.095166  
137 21.460000 2221.267590 13777.756499  
138 21.470000 2088.101653 12866.852142  
139 21.480000 1963.711253 12021.751901  
140 21.490000 1847.464491 11237.303176  
141 21.500000 1738.778789 10508.787621  
142 21.510000 1637.116746 9831.881984  
143 21.520000 1541.982365 9202.622714  
144 21.530000 1452.917623 8617.373930  
145 21.540000 1369.499339 8072.798442  
146 21.550000 1291.336320 7565.831490  
147 21.560000 1218.066760 7093.656941  
148 21.570000 1149.355860 6653.685709  
149 21.580000 1084.893661 6243.536159  
150 21.590000 1024.393057 5861.016318  
151 21.600000 967.587981 5504.107709  
152 21.610000 914.231747 5170.950651  
153 21.620000 864.095525 4859.830888  
154 21.630000 816.966955 4569.167413  
155 21.640000 772.648865 4297.501381  
156 21.650000 730.958103 4043.486005  
157 21.660000 691.724466 3805.877338  
158 21.670000 654.789709 3583.525867  
159 21.680000 620.006643 3375.368837  
160 21.690000 587.238302 3180.423240  
161 21.700000 556.357180 2997.779405  
162 21.710000 527.244522 2826.595143  
163 21.720000 499.789685 2666.090382  
164 21.730000 473.889532 2515.542263  
165 21.740000 449.447890 2374.280647  
166 21.750000 426.375041 2241.683993  
167 21.760000 404.587254 2117.175589  
168 21.770000 384.006357 2000.220083  
169 21.780000 364.559337 1890.320310  
170 21.790000 346.177975 1787.014371  
171 21.800000 328.798504 1689.872957  
172 21.810000 312.361301 1598.496882  
173 21.820000 296.810590 1512.514822  
174 21.830000 282.094179 1431.581228  
175 21.840000 268.163212 1355.374413  
176 21.850000 254.971936 1283.594785  
177 21.860000 242.477491 1215.963219  
178 21.870000 230.639714 1152.219561  
179 21.880000 219.420951 1092.121247  
180 21.890000 208.785893 1035.442027  
181 21.900000 198.701418 981.970790  
182 21.910000 189.136442 931.510478  
183 21.920000 180.061787 883.877082  
184 21.930000 171.450052 838.898722  
185 21.940000 163.275499 796.414781  
186 21.950000 155.513943 756.275122  
187 21.960000 148.142651 718.339352  
188 21.970000 141.140249 682.476141  
189 21.980000 134.486630 648.562601  
190 21.990000 128.162882 616.483701  
191 22.000000 122.151201 586.131728  
192 22.010000 116.434828 557.405789  
193 22.020000 110.997981 530.211348  
194 22.030000 105.825792 504.459797  
195 22.040000 100.904253 480.068055  
196 22.050000 96.220158 456.958204  
197 22.060000 91.761060 435.057137  
198 22.070000 87.515216 414.296247  
199 22.080000 83.471549 394.611126  
200 22.090000 79.619609 375.941290  
201 22.100000 75.949529 358.229924  
202 22.110000 72.451994 341.423642  
203 22.120000 69.118207 325.472264  
204 22.130000 65.939857 310.328613  
205 22.140000 62.909090 295.948319  
206 22.150000 60.018485 282.289642  
207 22.160000 57.261023 269.313303  
208 22.170000 54.630068 256.982330  
209 22.180000 52.119342 245.261912  
210 22.190000 49.722904 234.119264  
211 22.200000 47.435134 223.523499  
212 22.210000 45.250708 213.445513  
213 22.220000 43.164589 203.857871  
214 22.230000 41.172003 194.734707  
215 22.240000 39.268428 186.051626  
216 22.250000 37.449580 177.785619  
217 22.260000 35.711398 169.914969  
218 22.270000 34.050032 162.419183  
219 22.280000 32.461830 155.278914  
220 22.290000 30.943329 148.475889  
221 22.300000 29.491245 141.992851  
222 22.310000 28.102460 135.813496  
223 22.320000 26.774015 129.922413  
224 22.330000 25.503099 124.305038  
225 22.340000 24.287047 118.947600  
226 22.350000 23.123325 113.837073  
227 22.360000 22.009524 108.961139  
228 22.370000 20.943359 104.308140  
229 22.380000 19.922655 99.867044  
230 22.390000 18.945346 95.627408  
231 22.400000 18.009468 91.579344  
232 22.410000 17.113152 87.713488  
233 22.420000 16.254621 84.020968  
234 22.430000 15.432183 80.493380  
235 22.440000 14.644230 77.122759  
236 22.450000 13.889230 73.901554  
237 22.460000 13.165725 70.822606  
238 22.470000 12.472326 67.879127  
239 22.480000 11.807712 65.064677  
240 22.490000 11.170623 62.373147  
241 22.500000 10.559859 59.798740  
242 22.510000 9.974276 57.335953  
243 22.520000 9.412785 54.979563  
244 22.530000 8.874347 52.724609  
245 22.540000 8.357971 50.566381  
246 22.550000 7.862712 48.500404  
247 22.560000 7.387669 46.522425  
248 22.570000 6.931983 44.628406  
249 22.580000 6.494834 42.814504  
250 22.590000 6.075438 41.077070  
251 22.600000 5.673049 39.412631  
252 22.610000 5.286953 37.817886  
253 22.620000 4.916470 36.289694  
254 22.630000 4.560948 34.825067  
255 22.640000 4.219766 33.421160  
256 22.650000 3.892331 32.075267  
257 22.660000 3.578076 30.784812  
258 22.670000 3.276458 29.547342  
259 22.680000 2.986960 28.360520  
260 22.690000 2.709087 27.222120  
261 22.700000 2.442364 26.130023  
262 22.710000 2.186338 25.082208  
263 22.720000 1.940578 24.076751  
264 22.730000 1.704668 23.111817  
265 22.740000 1.478213 22.185655  
266 22.750000 1.260832 21.296599  
267 22.760000 1.052162 20.443056  
268 22.770000 0.851857 19.623511  
269 22.780000 0.659584 18.836514  
270 22.790000 0.475023 18.080685  
271 22.800000 0.297870 17.354706  
272 22.810000 0.127834 16.657318  
273 22.820000 -0.035367 15.987321  
274 22.830000 -0.192000 15.343567  
275 22.840000 -0.342322 14.724961  
276 22.850000 -0.486580 14.130457  
277 22.860000 -0.625009 13.559056  
278 22.870000 -0.757835 13.009803  
279 22.880000 -0.885275 12.481786  
280 22.890000 -1.007538 11.974132  
281 22.900000 -1.124823 11.486010  
282 22.910000 -1.237321 11.016620  
283 22.920000 -1.345215 10.565203  
284 22.930000 -1.448683 10.131028  
285 22.940000 -1.547891 9.713400  
286 22.950000 -1.643003 9.311652  
287 22.960000 -1.734175 8.925145  
288 22.970000 -1.821555 8.553270  
289 22.980000 -1.905287 8.195442  
290 22.990000 -1.985509 7.851102  
291 23.000000 -2.062352 7.519716  
292 23.010000 -2.135945 7.200771  
293 23.020000 -2.206408 6.893776  
294 23.030000 -2.273859 6.598260  
295 23.040000 -2.338410 6.313775  
296 23.050000 -2.400169 6.039889  
297 23.060000 -2.459241 5.776188  
298 23.070000 -2.515726 5.522277  
299 23.080000 -2.569718 5.277776  
300 23.090000 -2.621311 5.042322  
301 23.100000 -2.670594 4.815566  
302 23.110000 -2.717651 4.597174  
303 23.120000 -2.762564 4.386825  
304 23.130000 -2.805413 4.184211  
305 23.140000 -2.846273 3.989039  
306 23.150000 -2.885218 3.801025  
307 23.160000 -2.922317 3.619897  
308 23.170000 -2.957638 3.445396  
309 23.180000 -2.991246 3.277271  
310 23.190000 -3.023203 3.115283  
311 23.200000 -3.053571 2.959202  
312 23.210000 -3.082406 2.808806  
313 23.220000 -3.109765 2.663884  
314 23.230000 -3.135702 2.524232  
315 23.240000 -3.160267 2.389654  
316 23.250000 -3.183511 2.259962  
317 23.260000 -3.205482 2.134975  
318 23.270000 -3.226226 2.014521  
319 23.280000 -3.245787 1.898433  
320 23.290000 -3.264208 1.786550  
321 23.300000 -3.281531 1.678720  
322 23.310000 -3.297796 1.574793  
323 23.320000 -3.313040 1.474628  
324 23.330000 -3.327300 1.378088  
325 23.340000 -3.340613 1.285042  
326 23.350000 -3.353012 1.195363  
327 23.360000 -3.364531 1.108930  
328 23.370000 -3.375201 1.025627  
329 23.380000 -3.385054 0.945340  
330 23.390000 -3.394118 0.867961  
331 23.400000 -3.402422 0.793387  
332 23.410000 -3.409995 0.721518  
333 23.420000 -3.416861 0.652257  
334 23.430000 -3.423048 0.585511  
335 23.440000 -3.428580 0.521191  
336 23.450000 -3.433480 0.459212  
337 23.460000 -3.437772 0.399491  
338 23.470000 -3.441477 0.341948  
339 23.480000 -3.444617 0.286506  
340 23.490000 -3.447214 0.233091  
341 23.500000 -3.449286 0.181634  
342 23.510000 -3.450853 0.132064  
343 23.520000 -3.451933 0.084317  
344 23.530000 -3.452545 0.038328  
345 23.540000 -3.452705 -0.005963  
346 23.550000 -3.452431 -0.048616  
347 23.560000 -3.451738 -0.089687  
348 23.570000 -3.450643 -0.129232  
349 23.580000 -3.449159 -0.167302  
350 23.590000 -3.447301 -0.203949  
351 23.600000 -3.445084 -0.239222  
352 23.610000 -3.442521 -0.273169  
353 23.620000 -3.439625 -0.305834  
354 23.630000 -3.436409 -0.337261  
355 23.640000 -3.432884 -0.367494  
356 23.650000 -3.429063 -0.396573  
357 23.660000 -3.424956 -0.424537  
358 23.670000 -3.420575 -0.451425  
359 23.680000 -3.415931 -0.477272  
360 23.690000 -3.411033 -0.502116  
361 23.700000 -3.405892 -0.525989  
362 23.710000 -3.400517 -0.548924  
363 23.720000 -3.394917 -0.570954  
364 23.730000 -3.389101 -0.592109  
365 23.740000 -3.383077 -0.612419  
366 23.750000 -3.376855 -0.631912  
367 23.760000 -3.370442 -0.650617  
368 23.770000 -3.363845 -0.668558  
369 23.780000 -3.357073 -0.685763  
370 23.790000 -3.350132 -0.702256  
371 23.800000 -3.343030 -0.718061  
372 23.810000 -3.335773 -0.733202  
373 23.820000 -3.328368 -0.747699  
374 23.830000 -3.320821 -0.761576  
375 23.840000 -3.313139 -0.774853  
376 23.850000 -3.305326 -0.787551  
377 23.860000 -3.297389 -0.799687  
378 23.870000 -3.289334 -0.811283  
379 23.880000 -3.281166 -0.822354  
380 23.890000 -3.272889 -0.832920  
381 23.900000 -3.264509 -0.842997  
382 23.910000 -3.256030 -0.852601  
383 23.920000 -3.247458 -0.861749  
384 23.930000 -3.238797 -0.870455  
385 23.940000 -3.230051 -0.878735  
386 23.950000 -3.221224 -0.886602  
387 23.960000 -3.212320 -0.894070  
388 23.970000 -3.203343 -0.901154  
389 23.980000 -3.194298 -0.907865  
390 23.990000 -3.185187 -0.914217  
391 24.000000 -3.176015 -0.920220  
392 24.010000 -3.166784 -0.925888  
393 24.020000 -3.157498 -0.931231  
394 24.030000 -3.148161 -0.936260  
395 24.040000 -3.138774 -0.940985  
396 24.050000 -3.129342 -0.945418  
397 24.060000 -3.119867 -0.949567  
398 24.070000 -3.110351 -0.953443  
399 24.080000 -3.100799 -0.957054  
400 24.090000 -3.091211 -0.960410  
401 24.100000 -3.081591 -0.963519  
402 24.110000 -3.071942 -0.966389  
403 24.120000 -3.062264 -0.969029  
404 24.130000 -3.052562 -0.971446  
405 24.140000 -3.042836 -0.973648  
406 24.150000 -3.033089 -0.975643  
407 24.160000 -3.023324 -0.977437  
408 24.170000 -3.013541 -0.979037  
409 24.180000 -3.003744 -0.980450  
410 24.190000 -2.993933 -0.981682  
411 24.200000 -2.984111 -0.982740  
412 24.210000 -2.974279 -0.983629  
413 24.220000 -2.964439 -0.984355  
414 24.230000 -2.954592 -0.984925  
415 24.240000 -2.944741 -0.985343  
416 24.250000 -2.934886 -0.985615  
417 24.260000 -2.925029 -0.985745  
418 24.270000 -2.915171 -0.985740  
419 24.280000 -2.905314 -0.985602  
420 24.290000 -2.895460 -0.985339  
421 24.300000 -2.885608 -0.984952  
422 24.310000 -2.875761 -0.984448  
423 24.320000 -2.865920 -0.983830  
424 24.330000 -2.856085 -0.983103  
425 24.340000 -2.846258 -0.982269  
426 24.350000 -2.836440 -0.981334  
427 24.360000 -2.826631 -0.980300  
428 24.370000 -2.816834 -0.979172  
429 24.380000 -2.807048 -0.977953  
430 24.390000 -2.797275 -0.976646  
431 24.400000 -2.787516 -0.975254  
432 24.410000 -2.777770 -0.973781  
433 24.420000 -2.768040 -0.972230  
434 24.430000 -2.758326 -0.970603  
435 24.440000 -2.748629 -0.968904  
436 24.450000 -2.738948 -0.967135  
437 24.460000 -2.729286 -0.965299  
438 24.470000 -2.719643 -0.963398  
439 24.480000 -2.710018 -0.961435  
440 24.490000 -2.700414 -0.959413  
441 24.500000 -2.690830 -0.957334  
442 24.510000 -2.681268 -0.955200  
443 24.520000 -2.671726 -0.953013  
444 24.530000 -2.662207 -0.950776  
445 24.540000 -2.652711 -0.948490  
446 24.550000 -2.643238 -0.946157  
447 24.560000 -2.633788 -0.943781  
448 24.570000 -2.624362 -0.941361  
449 24.580000 -2.614961 -0.938901  
450 24.590000 -2.605584 -0.936402  
451 24.600000 -2.596233 -0.933866  
452 24.610000 -2.586907 -0.931293  
453 24.620000 -2.577607 -0.928687  
454 24.630000 -2.568334 -0.926049  
455 24.640000 -2.559086 -0.923379  
456 24.650000 -2.549866 -0.920680  
457 24.660000 -2.540673 -0.917953  
458 24.670000 -2.531507 -0.915199  
459 24.680000 -2.522369 -0.912420  
460 24.690000 -2.513259 -0.909616  
461 24.700000 -2.504177 -0.906790  
462 24.710000 -2.495123 -0.903942  
463 24.720000 -2.486098 -0.901074  
464 24.730000 -2.477102 -0.898186  
465 24.740000 -2.468134 -0.895280  
466 24.750000 -2.459196 -0.892356  
467 24.760000 -2.450287 -0.889417  
468 24.770000 -2.441408 -0.886462  
469 24.780000 -2.432558 -0.883493  
470 24.790000 -2.423738 -0.880510  
471 24.800000 -2.414948 -0.877515  
472 24.810000 -2.406188 -0.874509  
473 24.820000 -2.397458 -0.871492  
474 24.830000 -2.388758 -0.868465  
475 24.840000 -2.380089 -0.865429  
476 24.850000 -2.371449 -0.862384  
477 24.860000 -2.362841 -0.859332  
478 24.870000 -2.354263 -0.856273  
479 24.880000 -2.345715 -0.853208  
480 24.890000 -2.337199 -0.850137  
481 24.900000 -2.328713 -0.847061  
482 24.910000 -2.320257 -0.843981  
483 24.920000 -2.311833 -0.840897  
484 24.930000 -2.303440 -0.837810  
485 24.940000 -2.295077 -0.834721  
486 24.950000 -2.286745 -0.831629  
487 24.960000 -2.278444 -0.828536  
488 24.970000 -2.270174 -0.825442  
489 24.980000 -2.261935 -0.822348  
490 24.990000 -2.253727 -0.819254  
491 25.000000 -2.245550 -0.816160  
492 25.010000 -2.237404 -0.813067  
493 25.020000 -2.229289 -0.809975  
494 25.030000 -2.221205 -0.806885  
495 25.040000 -2.213151 -0.803798  
496 25.050000 -2.205129 -0.800712  
497 25.060000 -2.197137 -0.797630  
498 25.070000 -2.189176 -0.794551  
499 25.080000 -2.181246 -0.791476  
500 25.090000 -2.173347 -0.788404  
501 25.100000 -2.165478 -0.785337  
502 25.110000 -2.157640 -0.782274  
503 25.120000 -2.149832 -0.779216  
504 25.130000 -2.142056 -0.776164  
505 25.140000 -2.134309 -0.773117  
506 25.150000 -2.126593 -0.770075  
507 25.160000 -2.118908 -0.767039  
508 25.170000 -2.111252 -0.764010  
509 25.180000 -2.103627 -0.760987  
510 25.190000 -2.096033 -0.757971  
511 25.200000 -2.088468 -0.754962  
512 25.210000 -2.080933 -0.751959  
513 25.220000 -2.073429 -0.748965  
514 25.230000 -2.065954 -0.745977  
515 25.240000 -2.058509 -0.742997  
516 25.250000 -2.051094 -0.740026  
517 25.260000 -2.043709 -0.737062  
518 25.270000 -2.036353 -0.734106  
519 25.280000 -2.029026 -0.731159  
520 25.290000 -2.021730 -0.728220  
521 25.300000 -2.014462 -0.725290  
522 25.310000 -2.007224 -0.722369  
523 25.320000 -2.000015 -0.719457  
524 25.330000 -1.992835 -0.716554  
525 25.340000 -1.985684 -0.713660  
526 25.350000 -1.978561 -0.710775  
527 25.360000 -1.971468 -0.707900  
528 25.370000 -1.964403 -0.705034  
529 25.380000 -1.957367 -0.702178  
530 25.390000 -1.950360 -0.699332  
531 25.400000 -1.943381 -0.696495  
532 25.410000 -1.936430 -0.693669  
533 25.420000 -1.929507 -0.690852  
534 25.430000 -1.922613 -0.688046  
535 25.440000 -1.915746 -0.685249  
536 25.450000 -1.908908 -0.682463  
537 25.460000 -1.902097 -0.679687  
538 25.470000 -1.895314 -0.676922  
539 25.480000 -1.888558 -0.674166  
540 25.490000 -1.881831 -0.671422  
541 25.500000 -1.875130 -0.668687  
542 25.510000 -1.868457 -0.665964  
543 25.520000 -1.861811 -0.663251  
544 25.530000 -1.855192 -0.660548  
545 25.540000 -1.848600 -0.657856  
546 25.550000 -1.842035 -0.655175  
547 25.560000 -1.835496 -0.652505  
548 25.570000 -1.828984 -0.649845  
549 25.580000 -1.822499 -0.647196  
550 25.590000 -1.816040 -0.644558  
551 25.600000 -1.809608 -0.641931  
552 25.610000 -1.803202 -0.639315  
553 25.620000 -1.796822 -0.636709  
554 25.630000 -1.790468 -0.634115  
555 25.640000 -1.784139 -0.631531  
556 25.650000 -1.777837 -0.628959  
557 25.660000 -1.771560 -0.626397  
558 25.670000 -1.765309 -0.623846  
559 25.680000 -1.759083 -0.621306  
560 25.690000 -1.752883 -0.618777  
561 25.700000 -1.746708 -0.616259  
562 25.710000 -1.740558 -0.613752  
563 25.720000 -1.734433 -0.611256  
564 25.730000 -1.728332 -0.608770  
565 25.740000 -1.722257 -0.606296  
566 25.750000 -1.716206 -0.603833  
567 25.760000 -1.710180 -0.601380  
568 25.770000 -1.704179 -0.598938  
569 25.780000 -1.698202 -0.596508  
570 25.790000 -1.692249 -0.594088  
571 25.800000 -1.686320 -0.591679  
572 25.810000 -1.680415 -0.589281  
573 25.820000 -1.674534 -0.586893  
574 25.830000 -1.668677 -0.584517  
575 25.840000 -1.662844 -0.582151  
576 25.850000 -1.657034 -0.579796  
577 25.860000 -1.651248 -0.577451  
578 25.870000 -1.645485 -0.575118  
579 25.880000 -1.639745 -0.572795  
580 25.890000 -1.634029 -0.570483  
581 25.900000 -1.628336 -0.568181  
582 25.910000 -1.622665 -0.565890  
583 25.920000 -1.617018 -0.563610  
584 25.930000 -1.611393 -0.561340  
585 25.940000 -1.605791 -0.559081  
586 25.950000 -1.600212 -0.556832  
587 25.960000 -1.594654 -0.554594  
588 25.970000 -1.589120 -0.552366  
589 25.980000 -1.583607 -0.550148  
590 25.990000 -1.578117 -0.547941  
591 26.000000 -1.572648 -0.545745  
592 26.010000 -1.567202 -0.543558  
593 26.020000 -1.561777 -0.541382  
594 26.030000 -1.556374 -0.539216  
595 26.040000 -1.550993 -0.537061  
596 26.050000 -1.545633 -0.534915  
597 26.060000 -1.540294 -0.532780  
598 26.070000 -1.534977 -0.530655  
599 26.080000 -1.529681 -0.528540  
600 26.090000 -1.524406 -0.526434  
601 26.100000 -1.519152 -0.524339  
602 26.110000 -1.513919 -0.522254  
603 26.120000 -1.508707 -0.520179  
604 26.130000 -1.503516 -0.518114  
605 26.140000 -1.498345 -0.516058  
606 26.150000 -1.493195 -0.514013  
607 26.160000 -1.488065 -0.511977  
608 26.170000 -1.482955 -0.509950  
609 26.180000 -1.477866 -0.507934  
610 26.190000 -1.472796 -0.505927  
611 26.200000 -1.467747 -0.503930  
612 26.210000 -1.462718 -0.501942  
613 26.220000 -1.457708 -0.499964  
614 26.230000 -1.452718 -0.497995  
615 26.240000 -1.447748 -0.496036  
616 26.250000 -1.442798 -0.494086  
617 26.260000 -1.437867 -0.492146  
618 26.270000 -1.432955 -0.490215  
619 26.280000 -1.428062 -0.488293  
620 26.290000 -1.423189 -0.486380  
621 26.300000 -1.418335 -0.484477  
622 26.310000 -1.413499 -0.482583  
623 26.320000 -1.408683 -0.480698  
624 26.330000 -1.403885 -0.478822  
625 26.340000 -1.399106 -0.476955  
626 26.350000 -1.394346 -0.475097  
627 26.360000 -1.389604 -0.473248  
628 26.370000 -1.384881 -0.471407  
629 26.380000 -1.380176 -0.469576  
630 26.390000 -1.375490 -0.467754  
631 26.400000 -1.370821 -0.465940  
632 26.410000 -1.366171 -0.464135  
633 26.420000 -1.361538 -0.462339  
634 26.430000 -1.356924 -0.460551  
635 26.440000 -1.352327 -0.458772  
636 26.450000 -1.347749 -0.457002  
637 26.460000 -1.343187 -0.455240  
638 26.470000 -1.338644 -0.453487  
639 26.480000 -1.334118 -0.451742  
640 26.490000 -1.329609 -0.450005  
641 26.500000 -1.325117 -0.448277  
642 26.510000 -1.320643 -0.446557  
643 26.520000 -1.316186 -0.444846  
644 26.530000 -1.311746 -0.443143  
645 26.540000 -1.307323 -0.441448  
646 26.550000 -1.302917 -0.439761  
647 26.560000 -1.298528 -0.438082  
648 26.570000 -1.294156 -0.436411  
649 26.580000 -1.289800 -0.434748  
650 26.590000 -1.285461 -0.433094  
651 26.600000 -1.281138 -0.431447  
652 26.610000 -1.276832 -0.429808  
653 26.620000 -1.272542 -0.428177  
654 26.630000 -1.268268 -0.426554  
655 26.640000 -1.264011 -0.424939  
656 26.650000 -1.259769 -0.423331  
657 26.660000 -1.255544 -0.421731  
658 26.670000 -1.251335 -0.420139  
659 26.680000 -1.247141 -0.418554  
660 26.690000 -1.242964 -0.416977  
661 26.700000 -1.238802 -0.415408  
662 26.710000 -1.234655 -0.413846  
663 26.720000 -1.230525 -0.412292  
664 26.730000 -1.226410 -0.410745  
665 26.740000 -1.222310 -0.409205  
666 26.750000 -1.218225 -0.407673  
667 26.760000 -1.214156 -0.406148  
668 26.770000 -1.210102 -0.404630  
669 26.780000 -1.206064 -0.403120  
670 26.790000 -1.202040 -0.401616  
671 26.800000 -1.198031 -0.400120  
672 26.810000 -1.194038 -0.398631  
673 26.820000 -1.190059 -0.397150  
674 26.830000 -1.186095 -0.395675  
675 26.840000 -1.182145 -0.394207  
676 26.850000 -1.178210 -0.392746  
677 26.860000 -1.174290 -0.391292  
678 26.870000 -1.170385 -0.389845  
679 26.880000 -1.166493 -0.388405  
680 26.890000 -1.162616 -0.386972  
681 26.900000 -1.158754 -0.385545  
682 26.910000 -1.154906 -0.384126  
683 26.920000 -1.151071 -0.382713  
684 26.930000 -1.147251 -0.381306  
685 26.940000 -1.143445 -0.379907  
686 26.950000 -1.139653 -0.378514  
687 26.960000 -1.135875 -0.377127  
688 26.970000 -1.132111 -0.375747  
689 26.980000 -1.128360 -0.374374  
690 26.990000 -1.124623 -0.373007  
691 27.000000 -1.120900 -0.371646  
692 27.010000 -1.117190 -0.370292  
693 27.020000 -1.113494 -0.368944  
694 27.030000 -1.109811 -0.367603  
695 27.040000 -1.106142 -0.366267  
696 27.050000 -1.102486 -0.364938  
697 27.060000 -1.098843 -0.363616  
698 27.070000 -1.095213 -0.362299  
699 27.080000 -1.091597 -0.360989  
700 27.090000 -1.087994 -0.359685  
701 27.100000 -1.084403 -0.358387  
702 27.110000 -1.080826 -0.357095  
703 27.120000 -1.077261 -0.355809  
704 27.130000 -1.073710 -0.354528  
705 27.140000 -1.070171 -0.353254  
706 27.150000 -1.066645 -0.351986  
707 27.160000 -1.063131 -0.350724  
708 27.170000 -1.059630 -0.349468  
709 27.180000 -1.056142 -0.348217  
710 27.190000 -1.052666 -0.346972  
711 27.200000 -1.049202 -0.345733  
712 27.210000 -1.045751 -0.344500  
713 27.220000 -1.042312 -0.343273  
714 27.230000 -1.038886 -0.342051  
715 27.240000 -1.035471 -0.340834  
716 27.250000 -1.032069 -0.339624  
717 27.260000 -1.028679 -0.338419  
718 27.270000 -1.025301 -0.337219  
719 27.280000 -1.021934 -0.336025  
720 27.290000 -1.018580 -0.334837  
721 27.300000 -1.015238 -0.333654  
722 27.310000 -1.011907 -0.332476  
723 27.320000 -1.008588 -0.331304  
724 27.330000 -1.005281 -0.330137  
725 27.340000 -1.001985 -0.328976  
726 27.350000 -0.998701 -0.327820  
727 27.360000 -0.995429 -0.326669  
728 27.370000 -0.992168 -0.325523  
729 27.380000 -0.988918 -0.324383  
730 27.390000 -0.985680 -0.323248  
731 27.400000 -0.982453 -0.322118  
732 27.410000 -0.979238 -0.320993  
733 27.420000 -0.976033 -0.319873  
734 27.430000 -0.972840 -0.318759  
735 27.440000 -0.969658 -0.317649  
736 27.450000 -0.966487 -0.316545  
737 27.460000 -0.963327 -0.315445  
738 27.470000 -0.960178 -0.314350  
739 27.480000 -0.957040 -0.313261  
740 27.490000 -0.953913 -0.312176  
741 27.500000 -0.950797 -0.311096  
742 27.510000 -0.947691 -0.310022  
743 27.520000 -0.944596 -0.308951  
744 27.530000 -0.941512 -0.307886  
745 27.540000 -0.938439 -0.306826  
746 27.550000 -0.935376 -0.305770  
747 27.560000 -0.932323 -0.304719  
748 27.570000 -0.929281 -0.303673  
749 27.580000 -0.926250 -0.302631  
750 27.590000 -0.923229 -0.301594  
751 27.600000 -0.920218 -0.300562  
752 27.610000 -0.917217 -0.299535  
753 27.620000 -0.914227 -0.298512  
754 27.630000 -0.911247 -0.297493  
755 27.640000 -0.908277 -0.296479  
756 27.650000 -0.905318 -0.295470  
757 27.660000 -0.902368 -0.294465  
758 27.670000 -0.899428 -0.293464  
759 27.680000 -0.896499 -0.292468  
760 27.690000 -0.893579 -0.291477  
761 27.700000 -0.890669 -0.290489  
762 27.710000 -0.887769 -0.289507  
763 27.720000 -0.884879 -0.288528  
764 27.730000 -0.881998 -0.287554  
765 27.740000 -0.879128 -0.286584  
766 27.750000 -0.876267 -0.285619  
767 27.760000 -0.873415 -0.284657  
768 27.770000 -0.870574 -0.283700  
769 27.780000 -0.867741 -0.282747  
770 27.790000 -0.864919 -0.281799  
771 27.800000 -0.862105 -0.280854  
772 27.810000 -0.859302 -0.279914  
773 27.820000 -0.856507 -0.278977  
774 27.830000 -0.853722 -0.278045  
775 27.840000 -0.850946 -0.277117  
776 27.850000 -0.848180 -0.276193  
777 27.860000 -0.845422 -0.275273  
778 27.870000 -0.842674 -0.274357  
779 27.880000 -0.839935 -0.273445  
780 27.890000 -0.837205 -0.272537  
781 27.900000 -0.834484 -0.271633  
782 27.910000 -0.831773 -0.270733  
783 27.920000 -0.829070 -0.269836  
784 27.930000 -0.826376 -0.268944  
785 27.940000 -0.823691 -0.268056  
786 27.950000 -0.821015 -0.267171  
787 27.960000 -0.818347 -0.266290  
788 27.970000 -0.815689 -0.265413  
789 27.980000 -0.813039 -0.264540  
790 27.990000 -0.810398 -0.263670  
791 28.000000 -0.807766 -0.262804  
792 28.010000 -0.805142 -0.261942  
793 28.020000 -0.802527 -0.261084  
794 28.030000 -0.799920 -0.260229  
795 28.040000 -0.797322 -0.259379  
796 28.050000 -0.794733 -0.258531  
797 28.060000 -0.792152 -0.257687  
798 28.070000 -0.789579 -0.256847  
799 28.080000 -0.787015 -0.256011  
800 28.090000 -0.784459 -0.255178  
801 28.100000 -0.781911 -0.254349  
802 28.110000 -0.779372 -0.253523  
803 28.120000 -0.776841 -0.252700  
804 28.130000 -0.774318 -0.251882  
805 28.140000 -0.771803 -0.251066  
806 28.150000 -0.769296 -0.250254  
807 28.160000 -0.766798 -0.249446  
808 28.170000 -0.764307 -0.248641  
809 28.180000 -0.761825 -0.247839  
810 28.190000 -0.759351 -0.247041  
811 28.200000 -0.756884 -0.246246  
812 28.210000 -0.754426 -0.245454  
813 28.220000 -0.751975 -0.244666  
814 28.230000 -0.749532 -0.243881  
815 28.240000 -0.747097 -0.243100  
816 28.250000 -0.744670 -0.242321  
817 28.260000 -0.742251 -0.241546  
818 28.270000 -0.739839 -0.240775  
819 28.280000 -0.737436 -0.240006  
820 28.290000 -0.735039 -0.239241  
821 28.300000 -0.732651 -0.238479  
822 28.310000 -0.730270 -0.237720  
823 28.320000 -0.727896 -0.236964  
824 28.330000 -0.725530 -0.236211  
825 28.340000 -0.723172 -0.235462  
826 28.350000 -0.720821 -0.234715  
827 28.360000 -0.718478 -0.233972  
828 28.370000 -0.716142 -0.233232  
829 28.380000 -0.713813 -0.232495  
830 28.390000 -0.711492 -0.231761  
831 28.400000 -0.709178 -0.231030  
832 28.410000 -0.706871 -0.230302  
833 28.420000 -0.704572 -0.229577  
834 28.430000 -0.702280 -0.228855  
835 28.440000 -0.699995 -0.228136  
836 28.450000 -0.697717 -0.227420  
837 28.460000 -0.695446 -0.226706  
838 28.470000 -0.693183 -0.225996  
839 28.480000 -0.690926 -0.225289  
840 28.490000 -0.688677 -0.224585  
841 28.500000 -0.686435 -0.223883  
842 28.510000 -0.684199 -0.223184  
843 28.520000 -0.681971 -0.222489  
844 28.530000 -0.679750 -0.221796  
845 28.540000 -0.677535 -0.221106  
846 28.550000 -0.675327 -0.220418  
847 28.560000 -0.673127 -0.219734  
848 28.570000 -0.670933 -0.219052  
849 28.580000 -0.668746 -0.218373  
850 28.590000 -0.666565 -0.217697  
851 28.600000 -0.664392 -0.217024  
852 28.610000 -0.662225 -0.216353  
853 28.620000 -0.660065 -0.215685  
854 28.630000 -0.657911 -0.215020  
855 28.640000 -0.655764 -0.214357  
856 28.650000 -0.653624 -0.213697  
857 28.660000 -0.651490 -0.213040  
858 28.670000 -0.649363 -0.212386  
859 28.680000 -0.647243 -0.211734  
860 28.690000 -0.645128 -0.211084  
861 28.700000 -0.643021 -0.210438  
862 28.710000 -0.640920 -0.209793  
863 28.720000 -0.638825 -0.209152  
864 28.730000 -0.636737 -0.208513  
865 28.740000 -0.634655 -0.207876  
866 28.750000 -0.632579 -0.207243  
867 28.760000 -0.630510 -0.206611  
868 28.770000 -0.628447 -0.205982  
869 28.780000 -0.626390 -0.205356  
870 28.790000 -0.624340 -0.204732  
871 28.800000 -0.622296 -0.204111  
872 28.810000 -0.620258 -0.203492  
873 28.820000 -0.618226 -0.202876  
874 28.830000 -0.616200 -0.202262  
875 28.840000 -0.614180 -0.201650  
876 28.850000 -0.612167 -0.201041  
877 28.860000 -0.610160 -0.200434  
878 28.870000 -0.608158 -0.199830  
879 28.880000 -0.606163 -0.199228  
880 28.890000 -0.604174 -0.198629  
881 28.900000 -0.602190 -0.198032  
882 28.910000 -0.600213 -0.197437  
883 28.920000 -0.598242 -0.196844  
884 28.930000 -0.596276 -0.196254  
885 28.940000 -0.594317 -0.195666  
886 28.950000 -0.592363 -0.195081  
887 28.960000 -0.590415 -0.194497  
888 28.970000 -0.588473 -0.193917  
889 28.980000 -0.586537 -0.193338  
890 28.990000 -0.584606 -0.192761  
891 29.000000 -0.582681 -0.192187  
892 29.010000 -0.580762 -0.191615  
893 29.020000 -0.578849 -0.191046  
894 29.030000 -0.576941 -0.190478  
895 29.040000 -0.575039 -0.189913  
896 29.050000 -0.573143 -0.189350  
897 29.060000 -0.571252 -0.188789  
898 29.070000 -0.569367 -0.188230  
899 29.080000 -0.567488 -0.187674  
900 29.090000 -0.565614 -0.187119  
901 29.100000 -0.563745 -0.186567  
902 29.110000 -0.561883 -0.186017  
903 29.120000 -0.560025 -0.185469  
904 29.130000 -0.558173 -0.184923  
905 29.140000 -0.556327 -0.184379  
906 29.150000 -0.554486 -0.183837  
907 29.160000 -0.552650 -0.183298  
908 29.170000 -0.550820 -0.182760  
909 29.180000 -0.548995 -0.182225  
910 29.190000 -0.547175 -0.181691  
911 29.200000 -0.545361 -0.181160  
912 29.210000 -0.543552 -0.180631  
913 29.220000 -0.541748 -0.180103  
914 29.230000 -0.539950 -0.179578  
915 29.240000 -0.538157 -0.179055  
916 29.250000 -0.536369 -0.178533  
917 29.260000 -0.534586 -0.178014  
918 29.270000 -0.532808 -0.177497  
919 29.280000 -0.531036 -0.176981  
920 29.290000 -0.529269 -0.176468  
921 29.300000 -0.527507 -0.175956  
922 29.310000 -0.525750 -0.175447  
923 29.320000 -0.523998 -0.174939  
924 29.330000 -0.522251 -0.174434  
925 29.340000 -0.520509 -0.173930  
926 29.350000 -0.518772 -0.173428  
927 29.360000 -0.517041 -0.172928  
928 29.370000 -0.515314 -0.172430  
929 29.380000 -0.513592 -0.171934  
930 29.390000 -0.511875 -0.171439  
931 29.400000 -0.510163 -0.170947  
932 29.410000 -0.508456 -0.170456  
933 29.420000 -0.506754 -0.169967  
934 29.430000 -0.505057 -0.169480  
935 29.440000 -0.503364 -0.168995  
936 29.450000 -0.501677 -0.168512  
937 29.460000 -0.499994 -0.168030  
938 29.470000 -0.498316 -0.167551  
939 29.480000 -0.496643 -0.167073  
940 29.490000 -0.494975 -0.166596  
941 29.500000 -0.493311 -0.166122  
942 29.510000 -0.491652 -0.165649  
943 29.520000 -0.489998 -0.165178  
944 29.530000 -0.488349 -0.164709  
945 29.540000 -0.486704 -0.164242  
946 29.550000 -0.485064 -0.163776  
947 29.560000 -0.483428 -0.163312  
948 29.570000 -0.481798 -0.162850  
949 29.580000 -0.480171 -0.162390  
950 29.590000 -0.478550 -0.161931  
951 29.600000 -0.476933 -0.161474  
952 29.610000 -0.475320 -0.161018  
953 29.620000 -0.473712 -0.160565  
954 29.630000 -0.472109 -0.160113  
955 29.640000 -0.470510 -0.159662  
956 29.650000 -0.468916 -0.159213  
957 29.660000 -0.467326 -0.158766  
958 29.670000 -0.465741 -0.158321  
959 29.680000 -0.464160 -0.157877  
960 29.690000 -0.462583 -0.157435  
961 29.700000 -0.461011 -0.156994  
962 29.710000 -0.459443 -0.156555  
963 29.720000 -0.457880 -0.156118  
964 29.730000 -0.456321 -0.155682  
965 29.740000 -0.454766 -0.155248  
966 29.750000 -0.453216 -0.154815  
967 29.760000 -0.451670 -0.154384  
968 29.770000 -0.450128 -0.153954  
969 29.780000 -0.448591 -0.153527  
970 29.790000 -0.447058 -0.153100  
971 29.800000 -0.445529 -0.152675  
972 29.810000 -0.444004 -0.152252  
973 29.820000 -0.442484 -0.151830  
974 29.830000 -0.440967 -0.151410  
975 29.840000 -0.439455 -0.150991  
976 29.850000 -0.437948 -0.150574  
977 29.860000 -0.436444 -0.150158  
978 29.870000 -0.434944 -0.149744  
979 29.880000 -0.433449 -0.149331  
980 29.890000 -0.431958 -0.148920  
981 29.900000 -0.430471 -0.148510  
982 29.910000 -0.428988 -0.148102  
983 29.920000 -0.427509 -0.147695  
984 29.930000 -0.426034 -0.147290  
985 29.940000 -0.424563 -0.146886  
986 29.950000 -0.423096 -0.146483  
987 29.960000 -0.421633 -0.146082  
988 29.970000 -0.420174 -0.145683  
989 29.980000 -0.418719 -0.145285  
990 29.990000 -0.417269 -0.144888  
991 30.000000 -0.415822 -0.144492  
992 30.010000 -0.414379 -0.144099  
993 30.020000 -0.412940 -0.143706  
994 30.030000 -0.411505 -0.143315  
995 30.040000 -0.410073 -0.142925  
996 30.050000 -0.408646 -0.142537  
997 30.060000 -0.407223 -0.142150  
998 30.070000 -0.405803 -0.141764  
999 30.080000 -0.404387 -0.141380  
1000 30.090000 -0.402976 -0.140997  
1001 30.100000 -0.401567 -0.140615  
1002 30.110000 -0.400163 -0.140235  
1003 30.120000 -0.398763 -0.139856  
1004 30.130000 -0.397366 -0.139478  
1005 30.140000 -0.395973 -0.139102  
1006 30.150000 -0.394584 -0.138727  
1007 30.160000 -0.393199 -0.138354  
1008 30.170000 -0.391817 -0.137981  
1009 30.180000 -0.390439 -0.137610  
1010 30.190000 -0.389065 -0.137241  
1011 30.200000 -0.387694 -0.136872  
1012 30.210000 -0.386327 -0.136505  
1013 30.220000 -0.384964 -0.136139  
1014 30.230000 -0.383604 -0.135775  
1015 30.240000 -0.382249 -0.135411  
1016 30.250000 -0.380896 -0.135049  
1017 30.260000 -0.379548 -0.134689  
1018 30.270000 -0.378202 -0.134329  
1019 30.280000 -0.376861 -0.133971  
1020 30.290000 -0.375523 -0.133614  
1021 30.300000 -0.374189 -0.133258  
1022 30.310000 -0.372858 -0.132904  
1023 30.320000 -0.371531 -0.132550  
1024 30.330000 -0.370207 -0.132198  
1025 30.340000 -0.368887 -0.131847  
1026 30.350000 -0.367570 -0.131498  
1027 30.360000 -0.366257 -0.131149  
1028 30.370000 -0.364947 -0.130802  
1029 30.380000 -0.363641 -0.130456  
1030 30.390000 -0.362338 -0.130111  
1031 30.400000 -0.361038 -0.129767  
1032 30.410000 -0.359742 -0.129425  
1033 30.420000 -0.358450 -0.129083  
1034 30.430000 -0.357161 -0.128743  
1035 30.440000 -0.355875 -0.128404  
1036 30.450000 -0.354593 -0.128066  
1037 30.460000 -0.353314 -0.127730  
1038 30.470000 -0.352038 -0.127394  
1039 30.480000 -0.350766 -0.127060  
1040 30.490000 -0.349497 -0.126727  
1041 30.500000 -0.348231 -0.126394  
1042 30.510000 -0.346969 -0.126063  
1043 30.520000 -0.345710 -0.125734  
1044 30.530000 -0.344454 -0.125405  
1045 30.540000 -0.343202 -0.125077  
1046 30.550000 -0.341953 -0.124751  
1047 30.560000 -0.340707 -0.124425  
1048 30.570000 -0.339464 -0.124101  
1049 30.580000 -0.338225 -0.123778  
1050 30.590000 -0.336989 -0.123456  
1051 30.600000 -0.335756 -0.123135  
1052 30.610000 -0.334526 -0.122815  
1053 30.620000 -0.333299 -0.122496  
1054 30.630000 -0.332076 -0.122178  
1055 30.640000 -0.330856 -0.121861  
1056 30.650000 -0.329639 -0.121546  
1057 30.660000 -0.328425 -0.121231  
1058 30.670000 -0.327214 -0.120918  
1059 30.680000 -0.326007 -0.120605  
1060 30.690000 -0.324802 -0.120294  
1061 30.700000 -0.323601 -0.119983  
1062 30.710000 -0.322402 -0.119674  
1063 30.720000 -0.321207 -0.119366  
1064 30.730000 -0.320015 -0.119058  
1065 30.740000 -0.318826 -0.118752  
1066 30.750000 -0.317640 -0.118447  
1067 30.760000 -0.316457 -0.118143  
1068 30.770000 -0.315277 -0.117839  
1069 30.780000 -0.314100 -0.117537  
1070 30.790000 -0.312927 -0.117236  
1071 30.800000 -0.311756 -0.116936  
1072 30.810000 -0.310588 -0.116637  
1073 30.820000 -0.309423 -0.116339  
1074 30.830000 -0.308261 -0.116041  
1075 30.840000 -0.307102 -0.115745  
1076 30.850000 -0.305946 -0.115450  
1077 30.860000 -0.304793 -0.115156  
1078 30.870000 -0.303643 -0.114862  
1079 30.880000 -0.302496 -0.114570  
1080 30.890000 -0.301352 -0.114279  
1081 30.900000 -0.300210 -0.113988  
1082 30.910000 -0.299072 -0.113699  
1083 30.920000 -0.297936 -0.113410  
1084 30.930000 -0.296804 -0.113123  
1085 30.940000 -0.295674 -0.112836  
1086 30.950000 -0.294547 -0.112550  
1087 30.960000 -0.293423 -0.112266  
1088 30.970000 -0.292302 -0.111982  
1089 30.980000 -0.291183 -0.111699  
1090 30.990000 -0.290068 -0.111417  
1091 31.000000 -0.288955 -0.111136  
1092 31.010000 -0.287845 -0.110856  
1093 31.020000 -0.286738 -0.110577  
1094 31.030000 -0.285633 -0.110299  
1095 31.040000 -0.284532 -0.110021  
1096 31.050000 -0.283433 -0.109745  
1097 31.060000 -0.282337 -0.109469  
1098 31.070000 -0.281244 -0.109195  
1099 31.080000 -0.280153 -0.108921  
1100 31.090000 -0.279065 -0.108648  
1101 31.100000 -0.277980 -0.108376  
1102 31.110000 -0.276898 -0.108105  
1103 31.120000 -0.275818 -0.107835  
1104 31.130000 -0.274741 -0.107565  
1105 31.140000 -0.273667 -0.107297  
1106 31.150000 -0.272595 -0.107029  
1107 31.160000 -0.271526 -0.106762  
1108 31.170000 -0.270460 -0.106496  
1109 31.180000 -0.269396 -0.106231  
1110 31.190000 -0.268335 -0.105967  
1111 31.200000 -0.267277 -0.105704  
1112 31.210000 -0.266221 -0.105441  
1113 31.220000 -0.265168 -0.105180  
1114 31.230000 -0.264117 -0.104919  
1115 31.240000 -0.263070 -0.104659  
1116 31.250000 -0.262024 -0.104400  
1117 31.260000 -0.260982 -0.104141  
1118 31.270000 -0.259941 -0.103884  
1119 31.280000 -0.258904 -0.103627  
1120 31.290000 -0.257869 -0.103371  
1121 31.300000 -0.256836 -0.103116  
1122 31.310000 -0.255807 -0.102862  
1123 31.320000 -0.254779 -0.102609  
1124 31.330000 -0.253754 -0.102356  
1125 31.340000 -0.252732 -0.102104  
1126 31.350000 -0.251712 -0.101853  
1127 31.360000 -0.250695 -0.101603  
1128 31.370000 -0.249680 -0.101354  
1129 31.380000 -0.248668 -0.101105  
1130 31.390000 -0.247658 -0.100857  
1131 31.400000 -0.246651 -0.100610  
1132 31.410000 -0.245646 -0.100364  
1133 31.420000 -0.244643 -0.100119  
1134 31.430000 -0.243643 -0.099874  
1135 31.440000 -0.242646 -0.099630  
1136 31.450000 -0.241651 -0.099387  
1137 31.460000 -0.240658 -0.099144  
1138 31.470000 -0.239668 -0.098903  
1139 31.480000 -0.238680 -0.098662  
1140 31.490000 -0.237695 -0.098422  
1141 31.500000 -0.236712 -0.098183  
1142 31.510000 -0.235731 -0.097944  
1143 31.520000 -0.234753 -0.097706  
1144 31.530000 -0.233777 -0.097469  
1145 31.540000 -0.232803 -0.097233  
1146 31.550000 -0.231832 -0.096997  
1147 31.560000 -0.230864 -0.096762  
1148 31.570000 -0.229897 -0.096528  
1149 31.580000 -0.228933 -0.096295  
1150 31.590000 -0.227971 -0.096062  
1151 31.600000 -0.227012 -0.095830  
1152 31.610000 -0.226055 -0.095599  
1153 31.620000 -0.225100 -0.095368  
1154 31.630000 -0.224147 -0.095138  
1155 31.640000 -0.223197 -0.094909  
1156 31.650000 -0.222249 -0.094681  
1157 31.660000 -0.221303 -0.094453  
1158 31.670000 -0.220360 -0.094226  
1159 31.680000 -0.219419 -0.094000  
1160 31.690000 -0.218480 -0.093774  
1161 31.700000 -0.217543 -0.093550  
1162 31.710000 -0.216609 -0.093325  
1163 31.720000 -0.215677 -0.093102  
1164 31.730000 -0.214747 -0.092879  
1165 31.740000 -0.213819 -0.092657  
1166 31.750000 -0.212894 -0.092436  
1167 31.760000 -0.211971 -0.092215  
1168 31.770000 -0.211049 -0.091995  
1169 31.780000 -0.210131 -0.091775  
1170 31.790000 -0.209214 -0.091557  
1171 31.800000 -0.208299 -0.091339  
1172 31.810000 -0.207387 -0.091121  
1173 31.820000 -0.206477 -0.090905  
1174 31.830000 -0.205569 -0.090689  
1175 31.840000 -0.204663 -0.090473  
1176 31.850000 -0.203760 -0.090259  
1177 31.860000 -0.202858 -0.090045  
1178 31.870000 -0.201959 -0.089831  
1179 31.880000 -0.201061 -0.089618  
1180 31.890000 -0.200166 -0.089406  
1181 31.900000 -0.199273 -0.089195  
1182 31.910000 -0.198382 -0.088984  
1183 31.920000 -0.197494 -0.088774  
1184 31.930000 -0.196607 -0.088564  
1185 31.940000 -0.195722 -0.088356  
1186 31.950000 -0.194840 -0.088147  
1187 31.960000 -0.193959 -0.087940  
1188 31.970000 -0.193081 -0.087733  
1189 31.980000 -0.192205 -0.087526  
1190 31.990000 -0.191331 -0.087321  
1191 32.000000 -0.190458 -0.087116  
1192 32.010000 -0.189588 -0.086911  
1193 32.020000 -0.188720 -0.086707  
1194 32.030000 -0.187854 -0.086504  
1195 32.040000 -0.186990 -0.086301  
1196 32.050000 -0.186128 -0.086099  
1197 32.060000 -0.185268 -0.085898  
1198 32.070000 -0.184410 -0.085697  
1199 32.080000 -0.183554 -0.085497  
1200 32.090000 -0.182700 -0.085297  
1201 32.100000 -0.181848 -0.085098  
1202 32.110000 -0.180998 -0.084900  
1203 32.120000 -0.180150 -0.084702  
1204 32.130000 -0.179304 -0.084505  
1205 32.140000 -0.178460 -0.084308  
1206 32.150000 -0.177618 -0.084112  
1207 32.160000 -0.176778 -0.083917  
1208 32.170000 -0.175940 -0.083722  
1209 32.180000 -0.175103 -0.083527  
1210 32.190000 -0.174269 -0.083334  
1211 32.200000 -0.173437 -0.083141  
1212 32.210000 -0.172606 -0.082948  
1213 32.220000 -0.171778 -0.082756  
1214 32.230000 -0.170951 -0.082565  
1215 32.240000 -0.170126 -0.082374  
1216 32.250000 -0.169304 -0.082184  
1217 32.260000 -0.168483 -0.081994  
1218 32.270000 -0.167664 -0.081805  
1219 32.280000 -0.166847 -0.081616  
1220 32.290000 -0.166031 -0.081428  
1221 32.300000 -0.165218 -0.081241  
1222 32.310000 -0.164407 -0.081054  
1223 32.320000 -0.163597 -0.080867  
1224 32.330000 -0.162789 -0.080682  
1225 32.340000 -0.161983 -0.080496  
1226 32.350000 -0.161179 -0.080312  
1227 32.360000 -0.160377 -0.080127  
1228 32.370000 -0.159577 -0.079944  
1229 32.380000 -0.158778 -0.079761  
1230 32.390000 -0.157982 -0.079578  
1231 32.400000 -0.157187 -0.079396  
1232 32.410000 -0.156394 -0.079215  
1233 32.420000 -0.155602 -0.079034  
1234 32.430000 -0.154813 -0.078853  
1235 32.440000 -0.154025 -0.078673  
1236 32.450000 -0.153240 -0.078494  
1237 32.460000 -0.152456 -0.078315  
1238 32.470000 -0.151673 -0.078137  
1239 32.480000 -0.150893 -0.077959  
1240 32.490000 -0.150114 -0.077782  
1241 32.500000 -0.149337 -0.077605  
1242 32.510000 -0.148562 -0.077429  
1243 32.520000 -0.147789 -0.077253  
1244 32.530000 -0.147017 -0.077078  
1245 32.540000 -0.146247 -0.076903  
1246 32.550000 -0.145479 -0.076729  
1247 32.560000 -0.144712 -0.076555  
1248 32.570000 -0.143948 -0.076382  
1249 32.580000 -0.143185 -0.076210  
1250 32.590000 -0.142424 -0.076037  
1251 32.600000 -0.141664 -0.075866  
1252 32.610000 -0.140906 -0.075695  
1253 32.620000 -0.140150 -0.075524  
1254 32.630000 -0.139396 -0.075354  
1255 32.640000 -0.138643 -0.075184  
1256 32.650000 -0.137892 -0.075015  
1257 32.660000 -0.137143 -0.074846  
1258 32.670000 -0.136395 -0.074678  
1259 32.680000 -0.135649 -0.074510  
1260 32.690000 -0.134905 -0.074343  
1261 32.700000 -0.134162 -0.074176  
1262 32.710000 -0.133421 -0.074010  
1263 32.720000 -0.132682 -0.073844  
1264 32.730000 -0.131945 -0.073679  
1265 32.740000 -0.131209 -0.073514  
1266 32.750000 -0.130474 -0.073349  
1267 32.760000 -0.129742 -0.073185  
1268 32.770000 -0.129011 -0.073022  
1269 32.780000 -0.128281 -0.072859  
1270 32.790000 -0.127553 -0.072696  
1271 32.800000 -0.126827 -0.072534  
1272 32.810000 -0.126103 -0.072373  
1273 32.820000 -0.125380 -0.072212  
1274 32.830000 -0.124658 -0.072051  
1275 32.840000 -0.123939 -0.071891  
1276 32.850000 -0.123221 -0.071731  
1277 32.860000 -0.122504 -0.071572  
1278 32.870000 -0.121789 -0.071413  
1279 32.880000 -0.121076 -0.071255  
1280 32.890000 -0.120364 -0.071097  
1281 32.900000 -0.119654 -0.070939  
1282 32.910000 -0.118945 -0.070782  
1283 32.920000 -0.118238 -0.070625  
1284 32.930000 -0.117533 -0.070469  
1285 32.940000 -0.116829 -0.070314  
1286 32.950000 -0.116127 -0.070158  
1287 32.960000 -0.115426 -0.070003  
1288 32.970000 -0.114726 -0.069849  
1289 32.980000 -0.114029 -0.069695  
1290 32.990000 -0.113333 -0.069542  
1291 33.000000 -0.112638 -0.069388  
1292 33.010000 -0.111945 -0.069236  
1293 33.020000 -0.111253 -0.069084  
1294 33.030000 -0.110563 -0.068932  
1295 33.040000 -0.109875 -0.068780  
1296 33.050000 -0.109187 -0.068629  
1297 33.060000 -0.108502 -0.068479  
1298 33.070000 -0.107818 -0.068329  
1299 33.080000 -0.107135 -0.068179  
1300 33.090000 -0.106454 -0.068030  
1301 33.100000 -0.105775 -0.067881  
1302 33.110000 -0.105097 -0.067733  
1303 33.120000 -0.104420 -0.067585  
1304 33.130000 -0.103745 -0.067437  
1305 33.140000 -0.103071 -0.067290  
1306 33.150000 -0.102399 -0.067143  
1307 33.160000 -0.101729 -0.066997  
1308 33.170000 -0.101059 -0.066851  
1309 33.180000 -0.100392 -0.066705  
1310 33.190000 -0.099725 -0.066560  
1311 33.200000 -0.099060 -0.066415  
1312 33.210000 -0.098397 -0.066271  
1313 33.220000 -0.097735 -0.066127  
1314 33.230000 -0.097074 -0.065983  
1315 33.240000 -0.096415 -0.065840  
1316 33.250000 -0.095758 -0.065698  
1317 33.260000 -0.095101 -0.065555  
1318 33.270000 -0.094446 -0.065413  
1319 33.280000 -0.093793 -0.065272  
1320 33.290000 -0.093141 -0.065131  
1321 33.300000 -0.092490 -0.064990  
1322 33.310000 -0.091841 -0.064849  
1323 33.320000 -0.091193 -0.064709  
1324 33.330000 -0.090547 -0.064570  
1325 33.340000 -0.089902 -0.064431  
1326 33.350000 -0.089258 -0.064292  
1327 33.360000 -0.088616 -0.064153  
1328 33.370000 -0.087975 -0.064015  
1329 33.380000 -0.087336 -0.063878  
1330 33.390000 -0.086698 -0.063740  
1331 33.400000 -0.086061 -0.063603  
1332 33.410000 -0.085426 -0.063467  
1333 33.420000 -0.084792 -0.063331  
1334 33.430000 -0.084159 -0.063195  
1335 33.440000 -0.083528 -0.063059  
1336 33.450000 -0.082898 -0.062924  
1337 33.460000 -0.082269 -0.062789  
1338 33.470000 -0.081642 -0.062655  
1339 33.480000 -0.081016 -0.062521  
1340 33.490000 -0.080392 -0.062388  
1341 33.500000 -0.079768 -0.062254  
1342 33.510000 -0.079147 -0.062121  
1343 33.520000 -0.078526 -0.061989  
1344 33.530000 -0.077907 -0.061857  
1345 33.540000 -0.077289 -0.061725  
1346 33.550000 -0.076672 -0.061594  
1347 33.560000 -0.076057 -0.061462  
1348 33.570000 -0.075443 -0.061332  
1349 33.580000 -0.074830 -0.061201  
1350 33.590000 -0.074219 -0.061071  
1351 33.600000 -0.073609 -0.060942  
1352 33.610000 -0.073000 -0.060812  
1353 33.620000 -0.072393 -0.060683  
1354 33.630000 -0.071787 -0.060555  
1355 33.640000 -0.071182 -0.060427  
1356 33.650000 -0.070578 -0.060299  
1357 33.660000 -0.069976 -0.060171  
1358 33.670000 -0.069375 -0.060044  
1359 33.680000 -0.068775 -0.059917  
1360 33.690000 -0.068176 -0.059791  
1361 33.700000 -0.067579 -0.059664  
1362 33.710000 -0.066983 -0.059538  
1363 33.720000 -0.066388 -0.059413  
1364 33.730000 -0.065795 -0.059288  
1365 33.740000 -0.065202 -0.059163  
1366 33.750000 -0.064611 -0.059038  
1367 33.760000 -0.064022 -0.058914  
1368 33.770000 -0.063433 -0.058790  
1369 33.780000 -0.062846 -0.058667  
1370 33.790000 -0.062260 -0.058544  
1371 33.800000 -0.061675 -0.058421  
1372 33.810000 -0.061091 -0.058298  
1373 33.820000 -0.060509 -0.058176  
1374 33.830000 -0.059928 -0.058054  
1375 33.840000 -0.059348 -0.057933  
1376 33.850000 -0.058769 -0.057812  
1377 33.860000 -0.058192 -0.057691  
1378 33.870000 -0.057615 -0.057570  
1379 33.880000 -0.057040 -0.057450  
1380 33.890000 -0.056466 -0.057330  
1381 33.900000 -0.055894 -0.057210  
1382 33.910000 -0.055322 -0.057091  
1383 33.920000 -0.054752 -0.056972  
1384 33.930000 -0.054183 -0.056853  
1385 33.940000 -0.053615 -0.056735  
1386 33.950000 -0.053048 -0.056617  
1387 33.960000 -0.052482 -0.056499  
1388 33.970000 -0.051918 -0.056382  
1389 33.980000 -0.051355 -0.056265  
1390 33.990000 -0.050793 -0.056148  
1391 34.000000 -0.050232 -0.056032  
1392 34.010000 -0.049672 -0.055915  
1393 34.020000 -0.049114 -0.055800  
1394 34.030000 -0.048556 -0.055684  
1395 34.040000 -0.048000 -0.055569  
1396 34.050000 -0.047445 -0.055454  
1397 34.060000 -0.046891 -0.055339  
1398 34.070000 -0.046338 -0.055225  
1399 34.080000 -0.045786 -0.055111  
1400 34.090000 -0.045236 -0.054997  
1401 34.100000 -0.044686 -0.054884  
1402 34.110000 -0.044138 -0.054771  
1403 34.120000 -0.043591 -0.054658  
1404 34.130000 -0.043045 -0.054545  
1405 34.140000 -0.042500 -0.054433  
1406 34.150000 -0.041956 -0.054321  
1407 34.160000 -0.041414 -0.054209  
1408 34.170000 -0.040872 -0.054098  
1409 34.180000 -0.040332 -0.053987  
1410 34.190000 -0.039792 -0.053876  
1411 34.200000 -0.039254 -0.053766  
1412 34.210000 -0.038717 -0.053655  
1413 34.220000 -0.038181 -0.053545  
1414 34.230000 -0.037646 -0.053436  
1415 34.240000 -0.037112 -0.053327  
1416 34.250000 -0.036580 -0.053217  
1417 34.260000 -0.036048 -0.053109  
1418 34.270000 -0.035517 -0.053000  
1419 34.280000 -0.034988 -0.052892  
1420 34.290000 -0.034460 -0.052784  
1421 34.300000 -0.033932 -0.052676  
1422 34.310000 -0.033406 -0.052569  
1423 34.320000 -0.032881 -0.052462  
1424 34.330000 -0.032357 -0.052355  
1425 34.340000 -0.031834 -0.052249  
1426 34.350000 -0.031312 -0.052142  
1427 34.360000 -0.030791 -0.052036  
1428 34.370000 -0.030271 -0.051931  
1429 34.380000 -0.029752 -0.051825  
1430 34.390000 -0.029235 -0.051720  
1431 34.400000 -0.028718 -0.051615  
1432 34.410000 -0.028202 -0.051510  
1433 34.420000 -0.027688 -0.051406  
1434 34.430000 -0.027174 -0.051302  
1435 34.440000 -0.026662 -0.051198  
1436 34.450000 -0.026150 -0.051095  
1437 34.460000 -0.025640 -0.050991  
1438 34.470000 -0.025130 -0.050888  
1439 34.480000 -0.024622 -0.050786  
1440 34.490000 -0.024115 -0.050683  
1441 34.500000 -0.023608 -0.050581  
1442 34.510000 -0.023103 -0.050479  
1443 34.520000 -0.022599 -0.050377  
1444 34.530000 -0.022095 -0.050276  
1445 34.540000 -0.021593 -0.050175  
1446 34.550000 -0.021092 -0.050074  
1447 34.560000 -0.020592 -0.049973  
1448 34.570000 -0.020093 -0.049873  
1449 34.580000 -0.019594 -0.049772  
1450 34.590000 -0.019097 -0.049672  
1451 34.600000 -0.018601 -0.049573  
1452 34.610000 -0.018106 -0.049473  
1453 34.620000 -0.017611 -0.049374  
1454 34.630000 -0.017118 -0.049275  
1455 34.640000 -0.016626 -0.049177  
1456 34.650000 -0.016135 -0.049078  
1457 34.660000 -0.015644 -0.048980  
1458 34.670000 -0.015155 -0.048882  
1459 34.680000 -0.014667 -0.048785  
1460 34.690000 -0.014179 -0.048687  
1461 34.700000 -0.013693 -0.048590  
1462 34.710000 -0.013207 -0.048493  
1463 34.720000 -0.012723 -0.048397  
1464 34.730000 -0.012240 -0.048300  
1465 34.740000 -0.011757 -0.048204  
1466 34.750000 -0.011275 -0.048108  
1467 34.760000 -0.010795 -0.048013  
1468 34.770000 -0.010315 -0.047917  
1469 34.780000 -0.009837 -0.047822  
1470 34.790000 -0.009359 -0.047727  
1471 34.800000 -0.008882 -0.047632  
1472 34.810000 -0.008406 -0.047538  
1473 34.820000 -0.007931 -0.047444  
1474 34.830000 -0.007457 -0.047350  
1475 34.840000 -0.006984 -0.047256  
1476 34.850000 -0.006512 -0.047162  
1477 34.860000 -0.006041 -0.047069  
1478 34.870000 -0.005571 -0.046976  
1479 34.880000 -0.005101 -0.046883  
1480 34.890000 -0.004633 -0.046791  
1481 34.900000 -0.004166 -0.046698  
1482 34.910000 -0.003699 -0.046606  
1483 34.920000 -0.003234 -0.046514  
1484 34.930000 -0.002769 -0.046422  
1485 34.940000 -0.002305 -0.046331  
1486 34.950000 -0.001842 -0.046240  
1487 34.960000 -0.001380 -0.046149  
1488 34.970000 -0.000919 -0.046058  
1489 34.980000 -0.000459 -0.045968  
1490 34.990000 0.000000 -0.045877  
