1 20.100000 30418439652712.796875 2739351373888536.500000  
2 20.110000 12893221629478.914062 1055615681195533.500000  
3 20.120000 5888755969544.578125 441982927329013.437500  
4 20.130000 2863678557339.655762 198412966853299.593750  
5 20.140000 1469001793944.312500 94516843492842.421875  
6 20.150000 789067398896.818359 47387452510205.054688  
7 20.160000 441181184014.352600 24840648510241.710938  
8 20.170000 255516276260.440796 13541313266027.527344  
9 20.180000 152675386538.362396 7642098872826.881836  
10 20.190000 93799945603.649338 4448257113026.472656  
11 20.200000 59085266290.836494 2662040319328.523438  
12 20.210000 38066280529.815666 1633468864989.062988  
13 20.220000 25030856791.137375 1025337339559.194092  
14 20.230000 16768565298.605198 657060814062.889160  
15 20.240000 11426486657.847069 429103889956.833374  
16 20.250000 7909011058.151268 285145380529.996765  
17 20.260000 5553815358.118438 192541851999.828644  
18 20.270000 3952282428.736064 131951351251.149857  
19 20.280000 2847546675.718580 91677911821.581772  
20 20.290000 2075312366.943039 64514791066.991508  
21 20.300000 1528789014.165658 45943248813.561020  
22 20.310000 1137517515.876376 33083620951.310913  
23 20.320000 854356557.054685 24072804444.050377  
24 20.330000 647351698.735999 17688229392.975845  
25 20.340000 494576506.617714 13116944915.847580  
26 20.350000 380811933.452888 9811611937.455318  
27 20.360000 295379881.854935 7399384550.161539  
28 20.370000 230711723.092359 5623465629.643901  
29 20.380000 181391064.526686 4305136251.152416  
30 20.390000 143506385.354768 3318786393.162086  
31 20.400000 114208539.141172 2575306395.245718  
32 20.410000 91405221.852170 2010919412.179919  
33 20.420000 73547982.146983 1579594928.571137  
34 20.430000 59482388.765156 1247844553.542025  
35 20.440000 48341712.929648 991118805.524379  
36 20.450000 39470865.174694 791290280.459947  
37 20.460000 32371549.165013 634880824.848168  
38 20.470000 26662417.522892 511802728.982956  
39 20.480000 22049918.774677 414458035.395237  
40 20.490000 18306820.626008 337089349.364139  
41 20.500000 15256284.590555 275308635.182995  
42 20.510000 12759982.900061 225752897.979696  
43 20.520000 10709178.282075 185830959.510118  
44 20.530000 9017989.180319 153536074.442030  
45 20.540000 7618276.779117 127306443.313109  
46 20.550000 6455742.587011 105920785.850139  
47 20.560000 5486934.688205 88419732.274307  
48 20.570000 4676939.741289 74046336.258016  
49 20.580000 3997595.185088 62200828.638199  
50 20.590000 3426098.051069 52406033.603058  
51 20.600000 2943917.610514 44280809.368427  
52 20.610000 2535941.870765 37519558.077147  
53 20.620000 2189804.865826 31876348.138399  
54 20.630000 1895354.331441 27152558.165378  
55 20.640000 1644228.845257 23187221.719124  
56 20.650000 1429520.669752 19849452.361381  
57 20.660000 1245505.957927 17032477.805684  
58 20.670000 1087428.108220 14648923.751344  
59 20.680000 951323.208965 12627072.089174  
60 20.690000 833878.933367 10907881.721067  
61 20.700000 732320.111393 9442608.466366  
62 20.710000 644315.648246 8190897.283636  
63 20.720000 567902.579927 7119248.160484  
64 20.730000 501423.930178 6199778.628345  
65 20.740000 443477.716613 5409222.518338  
66 20.750000 392874.990526 4728117.468008  
67 20.760000 348605.217564 4140143.704087  
68 20.770000 309807.640584 3631584.433176  
69 20.780000 275747.530906 3190884.278221  
70 20.790000 245796.444901 2808286.990196  
71 20.800000 219415.770912 2475537.436662  
72 20.810000 196142.986072 2185635.847932  
73 20.820000 175580.150445 1932634.661478  
74 20.830000 157384.252856 1711470.180204  
75 20.840000 141259.092809 1517822.754255  
76 20.850000 126948.439640 1348000.389901  
77 20.860000 114230.256034 1198841.645699  
78 20.870000 102911.810476 1067634.444717  
79 20.880000 92825.533689 952048.050847  
80 20.890000 83825.499046 850075.957257  
81 20.900000 75784.427393 759987.839959  
82 20.910000 68591.133446 680289.058092  
83 20.920000 62148.344766 609686.449886  
84 20.930000 56370.835679 547059.391348  
85 20.940000 51183.827927 491435.262875  
86 20.950000 46521.617612 441968.615054  
87 20.960000 42326.394488 397923.444738  
88 20.970000 38547.225021 358658.091085  
89 20.980000 35139.175120 323612.342590  
90 20.990000 32062.552197 292296.413282  
91 21.000000 29282.249323 264281.501854  
92 21.010000 26767.176906 239191.693627  
93 21.020000 24489.769484 216697.003580  
94 21.030000 22425.557100 196507.390556  
95 21.040000 20552.792295 178367.599411  
96 21.050000 18852.125042 162052.710078  
97 21.060000 17306.319093 147364.291172  
98 21.070000 15900.004136 134127.071330  
99 21.080000 14619.458960 122186.054657  
100 21.090000 13452.421507 111404.017622  
101 21.100000 12387.922282 101659.334083  
102 21.110000 11416.138054 92844.082981  
103 21.120000 10528.263240 84862.399837  
104 21.130000 9716.396688 77629.038858  
105 21.140000 8973.441915 71068.117190  
106 21.150000 8293.019083 65112.016916  
107 21.160000 7669.387269 59700.423845  
108 21.170000 7097.375727 54779.485066  
109 21.180000 6572.323052 50301.069745  
110 21.190000 6090.023280 46222.119783  
111 21.200000 5646.678070 42504.078767  
112 21.210000 5238.854261 39112.389249  
113 21.220000 4863.446137 36016.049680  
114 21.230000 4517.641868 33187.223522  
115 21.240000 4198.893623 30600.894030  
116 21.250000 3904.890922 28234.559062  
117 21.260000 3633.536874 26067.961002  
118 21.270000 3382.926952 24082.847515  
119 21.280000 3151.330017 22262.759425  
120 21.290000 2937.171353 20592.842441  
121 21.300000 2739.017463 19059.679905  
122 21.310000 2555.562461 17651.144078  
123 21.320000 2385.615845 16356.263780  
124 21.330000 2228.091545 15165.106488  
125 21.340000 2081.998062 14068.673216  
126 21.350000 1946.429616 13058.804712  
127 21.360000 1820.558172 12128.097678  
128 21.370000 1703.626266 11269.829884  
129 21.380000 1594.940532 10477.893169  
130 21.390000 1493.865868 9746.733463  
131 21.400000 1399.820169 9071.297029  
132 21.410000 1312.269567 8446.982263  
133 21.420000 1230.724135 7869.596433  
134 21.430000 1154.733988 7335.316820  
135 21.440000 1083.885770 6840.655790  
136 21.450000 1017.799454 6382.429378  
137 21.460000 956.125457 5957.728998  
138 21.470000 898.542008 5563.895970  
139 21.480000 844.752775 5198.498542  
140 21.490000 794.484692 4859.311174  
141 21.500000 747.485997 4544.295820  
142 21.510000 703.524444 4251.585034  
143 21.520000 662.385671 3979.466682  
144 21.530000 623.871719 3726.370127  
145 21.540000 587.799681 3490.853708  
146 21.550000 554.000469 3271.593410  
147 21.560000 522.317692 3067.372585  
148 21.570000 492.606625 2877.072637  
149 21.580000 464.733275 2699.664561  
150 21.590000 438.573526 2534.201266  
151 21.600000 414.012349 2379.810590  
152 21.610000 390.943091 2235.688957  
153 21.620000 369.266815 2101.095601  
154 21.630000 348.891701 1975.347315  
155 21.640000 329.732492 1857.813656  
156 21.650000 311.709991 1747.912584  
157 21.660000 294.750595 1645.106488  
158 21.670000 278.785871 1548.898546  
159 21.680000 263.752165 1458.829419  
160 21.690000 249.590240 1374.474217  
161 21.700000 236.244948 1295.439736  
162 21.710000 223.664926 1221.361925  
163 21.720000 211.802314 1151.903572  
164 21.730000 200.612501 1086.752186  
165 21.740000 190.053882 1025.618053  
166 21.750000 180.087647 968.232459  
167 21.760000 170.677571 914.346062  
168 21.770000 161.789835 863.727393  
169 21.780000 153.392849 816.161483  
170 21.790000 145.457097 771.448607  
171 21.800000 137.954987 729.403121  
172 21.810000 130.860720 689.852401  
173 21.820000 124.150160 652.635867  
174 21.830000 117.800721 617.604076  
175 21.840000 111.791260 584.617901  
176 21.850000 106.101977 553.547766  
177 21.860000 100.714322 524.272941  
178 21.870000 95.610910 496.680897  
179 21.880000 90.775445 470.666710  
180 21.890000 86.192643 446.132507  
181 21.900000 81.848167 422.986961  
182 21.910000 77.728560 401.144821  
183 21.920000 73.821191 380.526479  
184 21.930000 70.114199 361.057569  
185 21.940000 66.596441 342.668596  
186 21.950000 63.257445 325.294597  
187 21.960000 60.087369 308.874822  
188 21.970000 57.076957 293.352441  
189 21.980000 54.217506 278.674274  
190 21.990000 51.500824 264.790540  
191 22.000000 48.919203 251.654621  
192 22.010000 46.465385 239.222852  
193 22.020000 44.132535 227.454314  
194 22.030000 41.914216 216.310655  
195 22.040000 39.804359 205.755913  
196 22.050000 37.797247 195.756357  
197 22.060000 35.887487 186.280342  
198 22.070000 34.069994 177.298165  
199 22.080000 32.339971 168.781943  
200 22.090000 30.692890 160.705489  
201 22.100000 29.124478 153.044203  
202 22.110000 27.630699 145.774971  
203 22.120000 26.207744 138.876064  
204 22.130000 24.852012 132.327053  
205 22.140000 23.560101 126.108725  
206 22.150000 22.328795 120.203004  
207 22.160000 21.155055 114.592879  
208 22.170000 20.036006 109.262338  
209 22.180000 18.968927 104.196303  
210 22.190000 17.951245 99.380575  
211 22.200000 16.980526 94.801775  
212 22.210000 16.054462 90.447296  
213 22.220000 15.170872 86.305255  
214 22.230000 14.327687 82.364445  
215 22.240000 13.522947 78.614300  
216 22.250000 12.754798 75.044851  
217 22.260000 12.021480 71.646688  
218 22.270000 11.321323 68.410935  
219 22.280000 10.652747 65.329206  
220 22.290000 10.014252 62.393587  
221 22.300000 9.404414 59.596598  
222 22.310000 8.821882 56.931174  
223 22.320000 8.265374 54.390639  
224 22.330000 7.733674 51.968681  
225 22.340000 7.225625 49.659330  
226 22.350000 6.740131 47.456944  
227 22.360000 6.276147 45.356183  
228 22.370000 5.832685 43.351994  
229 22.380000 5.408802 41.439596  
230 22.390000 5.003602 39.614462  
231 22.400000 4.616236 37.872308  
232 22.410000 4.245893 36.209073  
233 22.420000 3.891804 34.620913  
234 22.430000 3.553237 33.104185  
235 22.440000 3.229494 31.655434  
236 22.450000 2.919912 30.271390  
237 22.460000 2.623861 28.948947  
238 22.470000 2.340738 27.685163  
239 22.480000 2.069971 26.477247  
240 22.490000 1.811016 25.322550  
241 22.500000 1.563351 24.218558  
242 22.510000 1.326483 23.162886  
243 22.520000 1.099940 22.153270  
244 22.530000 0.883272 21.187558  
245 22.540000 0.676049 20.263708  
246 22.550000 0.477864 19.379781  
247 22.560000 0.288327 18.533932  
248 22.570000 0.107065 17.724410  
249 22.580000 -0.066277 16.949549  
250 22.590000 -0.232037 16.207768  
251 22.600000 -0.390538 15.497559  
252 22.610000 -0.542088 14.817493  
253 22.620000 -0.686983 14.166206  
254 22.630000 -0.825504 13.542404  
255 22.640000 -0.957919 12.944852  
256 22.650000 -1.084485 12.372379  
257 22.660000 -1.205446 11.823866  
258 22.670000 -1.321038 11.298250  
259 22.680000 -1.431484 10.794517  
260 22.690000 -1.536998 10.311704  
261 22.700000 -1.637785 9.848891  
262 22.710000 -1.734040 9.405201  
263 22.720000 -1.825950 8.979801  
264 22.730000 -1.913694 8.571894  
265 22.740000 -1.997444 8.180723  
266 22.750000 -2.077362 7.805564  
267 22.760000 -2.153606 7.445728  
268 22.770000 -2.226325 7.100557  
269 22.780000 -2.295664 6.769422  
270 22.790000 -2.361759 6.451727  
271 22.800000 -2.424741 6.146898  
272 22.810000 -2.484738 5.854391  
273 22.820000 -2.541869 5.573685  
274 22.830000 -2.596249 5.304284  
275 22.840000 -2.647990 5.045711  
276 22.850000 -2.697198 4.797515  
277 22.860000 -2.743974 4.559262  
278 22.870000 -2.788415 4.330538  
279 22.880000 -2.830615 4.110949  
280 22.890000 -2.870663 3.900115  
281 22.900000 -2.908645 3.697677  
282 22.910000 -2.944643 3.503289  
283 22.920000 -2.978737 3.316621  
284 22.930000 -3.011001 3.137358  
285 22.940000 -3.041508 2.965197  
286 22.950000 -3.070327 2.799850  
287 22.960000 -3.097526 2.641041  
288 22.970000 -3.123169 2.488505  
289 22.980000 -3.147317 2.341990  
290 22.990000 -3.170028 2.201253  
291 23.000000 -3.191360 2.066063  
292 23.010000 -3.211367 1.936198  
293 23.020000 -3.230101 1.811446  
294 23.030000 -3.247612 1.691604  
295 23.040000 -3.263949 1.576476  
296 23.050000 -3.279157 1.465876  
297 23.060000 -3.293281 1.359625  
298 23.070000 -3.306363 1.257553  
299 23.080000 -3.318445 1.159494  
300 23.090000 -3.329566 1.065293  
301 23.100000 -3.339764 0.974797  
302 23.110000 -3.349074 0.887863  
303 23.120000 -3.357532 0.804351  
304 23.130000 -3.365172 0.724130  
305 23.140000 -3.372025 0.647072  
306 23.150000 -3.378123 0.573054  
307 23.160000 -3.383496 0.501960  
308 23.170000 -3.388172 0.433676  
309 23.180000 -3.392179 0.368096  
310 23.190000 -3.395543 0.305115  
311 23.200000 -3.398289 0.244635  
312 23.210000 -3.400443 0.186559  
313 23.220000 -3.402028 0.130797  
314 23.230000 -3.403067 0.077260  
315 23.240000 -3.403581 0.025864  
316 23.250000 -3.403591 -0.023472  
317 23.260000 -3.403118 -0.070825  
318 23.270000 -3.402181 -0.116271  
319 23.280000 -3.400798 -0.159881  
320 23.290000 -3.398989 -0.201724  
321 23.300000 -3.396770 -0.241866  
322 23.310000 -3.394157 -0.280371  
323 23.320000 -3.391167 -0.317301  
324 23.330000 -3.387816 -0.352714  
325 23.340000 -3.384118 -0.386666  
326 23.350000 -3.380088 -0.419212  
327 23.360000 -3.375738 -0.450404  
328 23.370000 -3.371084 -0.480292  
329 23.380000 -3.366137 -0.508924  
330 23.390000 -3.360909 -0.536348  
331 23.400000 -3.355414 -0.562607  
332 23.410000 -3.349661 -0.587745  
333 23.420000 -3.343662 -0.611803  
334 23.430000 -3.337428 -0.634820  
335 23.440000 -3.330969 -0.656835  
336 23.450000 -3.324295 -0.677885  
337 23.460000 -3.317415 -0.698004  
338 23.470000 -3.310338 -0.717228  
339 23.480000 -3.303073 -0.735589  
340 23.490000 -3.295629 -0.753118  
341 23.500000 -3.288013 -0.769847  
342 23.510000 -3.280234 -0.785803  
343 23.520000 -3.272300 -0.801016  
344 23.530000 -3.264216 -0.815512  
345 23.540000 -3.255992 -0.829317  
346 23.550000 -3.247632 -0.842458  
347 23.560000 -3.239145 -0.854957  
348 23.570000 -3.230535 -0.866839  
349 23.580000 -3.221810 -0.878125  
350 23.590000 -3.212975 -0.888838  
351 23.600000 -3.204035 -0.898998  
352 23.610000 -3.194996 -0.908626  
353 23.620000 -3.185864 -0.917740  
354 23.630000 -3.176643 -0.926360  
355 23.640000 -3.167339 -0.934503  
356 23.650000 -3.157955 -0.942187  
357 23.660000 -3.148496 -0.949429  
358 23.670000 -3.138968 -0.956244  
359 23.680000 -3.129373 -0.962648  
360 23.690000 -3.119716 -0.968657  
361 23.700000 -3.110001 -0.974284  
362 23.710000 -3.100231 -0.979543  
363 23.720000 -3.090411 -0.984448  
364 23.730000 -3.080544 -0.989012  
365 23.740000 -3.070632 -0.993248  
366 23.750000 -3.060680 -0.997167  
367 23.760000 -3.050690 -1.000780  
368 23.770000 -3.040665 -1.004100  
369 23.780000 -3.030609 -1.007137  
370 23.790000 -3.020523 -1.009902  
371 23.800000 -3.010412 -1.012403  
372 23.810000 -3.000276 -1.014652  
373 23.820000 -2.990119 -1.016658  
374 23.830000 -2.979944 -1.018429  
375 23.840000 -2.969751 -1.019974  
376 23.850000 -2.959545 -1.021302  
377 23.860000 -2.949326 -1.022420  
378 23.870000 -2.939097 -1.023337  
379 23.880000 -2.928860 -1.024061  
380 23.890000 -2.918617 -1.024598  
381 23.900000 -2.908369 -1.024955  
382 23.910000 -2.898118 -1.025140  
383 23.920000 -2.887866 -1.025158  
384 23.930000 -2.877615 -1.025017  
385 23.940000 -2.867367 -1.024722  
386 23.950000 -2.857122 -1.024279  
387 23.960000 -2.846882 -1.023694  
388 23.970000 -2.836648 -1.022972  
389 23.980000 -2.826423 -1.022120  
390 23.990000 -2.816206 -1.021141  
391 24.000000 -2.806000 -1.020040  
392 24.010000 -2.795806 -1.018824  
393 24.020000 -2.785624 -1.017495  
394 24.030000 -2.775456 -1.016059  
395 24.040000 -2.765303 -1.014521  
396 24.050000 -2.755166 -1.012883  
397 24.060000 -2.745046 -1.011150  
398 24.070000 -2.734943 -1.009326  
399 24.080000 -2.724860 -1.007416  
400 24.090000 -2.714795 -1.005421  
401 24.100000 -2.704751 -1.003346  
402 24.110000 -2.694729 -1.001195  
403 24.120000 -2.684728 -0.998970  
404 24.130000 -2.674750 -0.996674  
405 24.140000 -2.664795 -0.994311  
406 24.150000 -2.654863 -0.991884  
407 24.160000 -2.644957 -0.989395  
408 24.170000 -2.635076 -0.986848  
409 24.180000 -2.625220 -0.984244  
410 24.190000 -2.615391 -0.981586  
411 24.200000 -2.605589 -0.978878  
412 24.210000 -2.595814 -0.976120  
413 24.220000 -2.586066 -0.973316  
414 24.230000 -2.576348 -0.970468  
415 24.240000 -2.566657 -0.967577  
416 24.250000 -2.556996 -0.964647  
417 24.260000 -2.547364 -0.961678  
418 24.270000 -2.537763 -0.958673  
419 24.280000 -2.528191 -0.955634  
420 24.290000 -2.518650 -0.952563  
421 24.300000 -2.509140 -0.949461  
422 24.310000 -2.499661 -0.946329  
423 24.320000 -2.490213 -0.943171  
424 24.330000 -2.480798 -0.939986  
425 24.340000 -2.471414 -0.936777  
426 24.350000 -2.462062 -0.933545  
427 24.360000 -2.452743 -0.930292  
428 24.370000 -2.443456 -0.927018  
429 24.380000 -2.434203 -0.923726  
430 24.390000 -2.424982 -0.920416  
431 24.400000 -2.415794 -0.917090  
432 24.410000 -2.406640 -0.913749  
433 24.420000 -2.397519 -0.910393  
434 24.430000 -2.388432 -0.907025  
435 24.440000 -2.379379 -0.903645  
436 24.450000 -2.370360 -0.900254  
437 24.460000 -2.361374 -0.896853  
438 24.470000 -2.352422 -0.893444  
439 24.480000 -2.343505 -0.890026  
440 24.490000 -2.334622 -0.886601  
441 24.500000 -2.325773 -0.883170  
442 24.510000 -2.316959 -0.879734  
443 24.520000 -2.308178 -0.876293  
444 24.530000 -2.299433 -0.872848  
445 24.540000 -2.290722 -0.869400  
446 24.550000 -2.282045 -0.865949  
447 24.560000 -2.273403 -0.862497  
448 24.570000 -2.264795 -0.859044  
449 24.580000 -2.256222 -0.855591  
450 24.590000 -2.247683 -0.852137  
451 24.600000 -2.239179 -0.848685  
452 24.610000 -2.230709 -0.845233  
453 24.620000 -2.222274 -0.841784  
454 24.630000 -2.213874 -0.838337  
455 24.640000 -2.205507 -0.834893  
456 24.650000 -2.197176 -0.831453  
457 24.660000 -2.188878 -0.828016  
458 24.670000 -2.180615 -0.824584  
459 24.680000 -2.172387 -0.821156  
460 24.690000 -2.164192 -0.817734  
461 24.700000 -2.156032 -0.814317  
462 24.710000 -2.147906 -0.810906  
463 24.720000 -2.139814 -0.807502  
464 24.730000 -2.131756 -0.804104  
465 24.740000 -2.123732 -0.800713  
466 24.750000 -2.115742 -0.797330  
467 24.760000 -2.107785 -0.793954  
468 24.770000 -2.099862 -0.790587  
469 24.780000 -2.091973 -0.787227  
470 24.790000 -2.084118 -0.783876  
471 24.800000 -2.076296 -0.780534  
472 24.810000 -2.068507 -0.777202  
473 24.820000 -2.060752 -0.773878  
474 24.830000 -2.053030 -0.770564  
475 24.840000 -2.045340 -0.767260  
476 24.850000 -2.037684 -0.763965  
477 24.860000 -2.030061 -0.760681  
478 24.870000 -2.022471 -0.757407  
479 24.880000 -2.014913 -0.754144  
480 24.890000 -2.007388 -0.750892  
481 24.900000 -1.999895 -0.747650  
482 24.910000 -1.992435 -0.744420  
483 24.920000 -1.985007 -0.741200  
484 24.930000 -1.977611 -0.737992  
485 24.940000 -1.970247 -0.734796  
486 24.950000 -1.962915 -0.731611  
487 24.960000 -1.955614 -0.728438  
488 24.970000 -1.948346 -0.725277  
489 24.980000 -1.941109 -0.722128  
490 24.990000 -1.933903 -0.718990  
491 25.000000 -1.926729 -0.715865  
492 25.010000 -1.919586 -0.712753  
493 25.020000 -1.912474 -0.709652  
494 25.030000 -1.905393 -0.706564  
495 25.040000 -1.898343 -0.703489  
496 25.050000 -1.891323 -0.700426  
497 25.060000 -1.884334 -0.697376  
498 25.070000 -1.877376 -0.694338  
499 25.080000 -1.870447 -0.691313  
500 25.090000 -1.863549 -0.688301  
501 25.100000 -1.856681 -0.685302  
502 25.110000 -1.849843 -0.682316  
503 25.120000 -1.843035 -0.679343  
504 25.130000 -1.836256 -0.676382  
505 25.140000 -1.829507 -0.673435  
506 25.150000 -1.822788 -0.670501  
507 25.160000 -1.816097 -0.667579  
508 25.170000 -1.809436 -0.664671  
509 25.180000 -1.802804 -0.661776  
510 25.190000 -1.796200 -0.658894  
511 25.200000 -1.789626 -0.656026  
512 25.210000 -1.783080 -0.653170  
513 25.220000 -1.776562 -0.650327  
514 25.230000 -1.770073 -0.647498  
515 25.240000 -1.763612 -0.644682  
516 25.250000 -1.757179 -0.641879  
517 25.260000 -1.750775 -0.639089  
518 25.270000 -1.744398 -0.636312  
519 25.280000 -1.738048 -0.633548  
520 25.290000 -1.731727 -0.630798  
521 25.300000 -1.725432 -0.628060  
522 25.310000 -1.719165 -0.625336  
523 25.320000 -1.712926 -0.622624  
524 25.330000 -1.706713 -0.619926  
525 25.340000 -1.700527 -0.617241  
526 25.350000 -1.694368 -0.614569  
527 25.360000 -1.688236 -0.611910  
528 25.370000 -1.682130 -0.609263  
529 25.380000 -1.676050 -0.606630  
530 25.390000 -1.669997 -0.604010  
531 25.400000 -1.663970 -0.601402  
532 25.410000 -1.657969 -0.598808  
533 25.420000 -1.651994 -0.596226  
534 25.430000 -1.646044 -0.593657  
535 25.440000 -1.640121 -0.591101  
536 25.450000 -1.634222 -0.588557  
537 25.460000 -1.628350 -0.586026  
538 25.470000 -1.622502 -0.583508  
539 25.480000 -1.616679 -0.581002  
540 25.490000 -1.610882 -0.578509  
541 25.500000 -1.605109 -0.576029  
542 25.510000 -1.599361 -0.573561  
543 25.520000 -1.593638 -0.571105  
544 25.530000 -1.587939 -0.568662  
545 25.540000 -1.582265 -0.566231  
546 25.550000 -1.576614 -0.563812  
547 25.560000 -1.570988 -0.561406  
548 25.570000 -1.565386 -0.559012  
549 25.580000 -1.559808 -0.556630  
550 25.590000 -1.554254 -0.554260  
551 25.600000 -1.548723 -0.551903  
552 25.610000 -1.543215 -0.549557  
553 25.620000 -1.537732 -0.547223  
554 25.630000 -1.532271 -0.544902  
555 25.640000 -1.526833 -0.542592  
556 25.650000 -1.521419 -0.540294  
557 25.660000 -1.516028 -0.538008  
558 25.670000 -1.510659 -0.535733  
559 25.680000 -1.505313 -0.533470  
560 25.690000 -1.499989 -0.531219  
561 25.700000 -1.494688 -0.528980  
562 25.710000 -1.489410 -0.526751  
563 25.720000 -1.484153 -0.524535  
564 25.730000 -1.478919 -0.522330  
565 25.740000 -1.473707 -0.520136  
566 25.750000 -1.468516 -0.517953  
567 25.760000 -1.463348 -0.515782  
568 25.770000 -1.458201 -0.513622  
569 25.780000 -1.453075 -0.511473  
570 25.790000 -1.447971 -0.509335  
571 25.800000 -1.442888 -0.507209  
572 25.810000 -1.437827 -0.505093  
573 25.820000 -1.432787 -0.502988  
574 25.830000 -1.427767 -0.500894  
575 25.840000 -1.422769 -0.498811  
576 25.850000 -1.417791 -0.496739  
577 25.860000 -1.412834 -0.494677  
578 25.870000 -1.407897 -0.492626  
579 25.880000 -1.402981 -0.490586  
580 25.890000 -1.398086 -0.488556  
581 25.900000 -1.393210 -0.486537  
582 25.910000 -1.388355 -0.484528  
583 25.920000 -1.383519 -0.482530  
584 25.930000 -1.378704 -0.480542  
585 25.940000 -1.373909 -0.478564  
586 25.950000 -1.369133 -0.476597  
587 25.960000 -1.364377 -0.474639  
588 25.970000 -1.359640 -0.472692  
589 25.980000 -1.354923 -0.470755  
590 25.990000 -1.350225 -0.468828  
591 26.000000 -1.345546 -0.466911  
592 26.010000 -1.340887 -0.465004  
593 26.020000 -1.336246 -0.463106  
594 26.030000 -1.331624 -0.461219  
595 26.040000 -1.327022 -0.459341  
596 26.050000 -1.322438 -0.457473  
597 26.060000 -1.317872 -0.455614  
598 26.070000 -1.313325 -0.453765  
599 26.080000 -1.308797 -0.451926  
600 26.090000 -1.304287 -0.450096  
601 26.100000 -1.299795 -0.448276  
602 26.110000 -1.295321 -0.446464  
603 26.120000 -1.290866 -0.444663  
604 26.130000 -1.286428 -0.442870  
605 26.140000 -1.282008 -0.441087  
606 26.150000 -1.277606 -0.439313  
607 26.160000 -1.273222 -0.437548  
608 26.170000 -1.268855 -0.435792  
609 26.180000 -1.264506 -0.434045  
610 26.190000 -1.260174 -0.432307  
611 26.200000 -1.255860 -0.430578  
612 26.210000 -1.251563 -0.428858  
613 26.220000 -1.247283 -0.427147  
614 26.230000 -1.243020 -0.425445  
615 26.240000 -1.238774 -0.423751  
616 26.250000 -1.234545 -0.422066  
617 26.260000 -1.230332 -0.420389  
618 26.270000 -1.226137 -0.418721  
619 26.280000 -1.221958 -0.417062  
620 26.290000 -1.217795 -0.415411  
621 26.300000 -1.213650 -0.413768  
622 26.310000 -1.209520 -0.412134  
623 26.320000 -1.205407 -0.410508  
624 26.330000 -1.201310 -0.408891  
625 26.340000 -1.197229 -0.407281  
626 26.350000 -1.193164 -0.405680  
627 26.360000 -1.189115 -0.404087  
628 26.370000 -1.185082 -0.402502  
629 26.380000 -1.181065 -0.400925  
630 26.390000 -1.177064 -0.399356  
631 26.400000 -1.173078 -0.397795  
632 26.410000 -1.169108 -0.396242  
633 26.420000 -1.165153 -0.394697  
634 26.430000 -1.161214 -0.393160  
635 26.440000 -1.157290 -0.391630  
636 26.450000 -1.153381 -0.390108  
637 26.460000 -1.149488 -0.388594  
638 26.470000 -1.145610 -0.387087  
639 26.480000 -1.141746 -0.385588  
640 26.490000 -1.137898 -0.384097  
641 26.500000 -1.134064 -0.382613  
642 26.510000 -1.130245 -0.381136  
643 26.520000 -1.126441 -0.379667  
644 26.530000 -1.122652 -0.378205  
645 26.540000 -1.118877 -0.376751  
646 26.550000 -1.115117 -0.375303  
647 26.560000 -1.111371 -0.373864  
648 26.570000 -1.107640 -0.372431  
649 26.580000 -1.103923 -0.371005  
650 26.590000 -1.100220 -0.369587  
651 26.600000 -1.096531 -0.368175  
652 26.610000 -1.092856 -0.366771  
653 26.620000 -1.089195 -0.365373  
654 26.630000 -1.085549 -0.363983  
655 26.640000 -1.081916 -0.362599  
656 26.650000 -1.078297 -0.361223  
657 26.660000 -1.074691 -0.359853  
658 26.670000 -1.071100 -0.358490  
659 26.680000 -1.067521 -0.357133  
660 26.690000 -1.063957 -0.355784  
661 26.700000 -1.060406 -0.354441  
662 26.710000 -1.056868 -0.353104  
663 26.720000 -1.053344 -0.351774  
664 26.730000 -1.049833 -0.350451  
665 26.740000 -1.046335 -0.349135  
666 26.750000 -1.042850 -0.347824  
667 26.760000 -1.039378 -0.346520  
668 26.770000 -1.035919 -0.345223  
669 26.780000 -1.032474 -0.343932  
670 26.790000 -1.029041 -0.342647  
671 26.800000 -1.025621 -0.341369  
672 26.810000 -1.022213 -0.340097  
673 26.820000 -1.018819 -0.338830  
674 26.830000 -1.015437 -0.337571  
675 26.840000 -1.012067 -0.336317  
676 26.850000 -1.008710 -0.335069  
677 26.860000 -1.005366 -0.333828  
678 26.870000 -1.002034 -0.332592  
679 26.880000 -0.998714 -0.331363  
680 26.890000 -0.995406 -0.330139  
681 26.900000 -0.992111 -0.328922  
682 26.910000 -0.988828 -0.327710  
683 26.920000 -0.985557 -0.326504  
684 26.930000 -0.982298 -0.325304  
685 26.940000 -0.979051 -0.324110  
686 26.950000 -0.975816 -0.322921  
687 26.960000 -0.972592 -0.321738  
688 26.970000 -0.969381 -0.320561  
689 26.980000 -0.966181 -0.319390  
690 26.990000 -0.962993 -0.318224  
691 27.000000 -0.959817 -0.317064  
692 27.010000 -0.956652 -0.315909  
693 27.020000 -0.953498 -0.314760  
694 27.030000 -0.950357 -0.313616  
695 27.040000 -0.947226 -0.312478  
696 27.050000 -0.944107 -0.311345  
697 27.060000 -0.940999 -0.310218  
698 27.070000 -0.937903 -0.309096  
699 27.080000 -0.934817 -0.307979  
700 27.090000 -0.931743 -0.306868  
701 27.100000 -0.928680 -0.305762  
702 27.110000 -0.925628 -0.304661  
703 27.120000 -0.922587 -0.303565  
704 27.130000 -0.919556 -0.302475  
705 27.140000 -0.916537 -0.301389  
706 27.150000 -0.913529 -0.300309  
707 27.160000 -0.910531 -0.299234  
708 27.170000 -0.907544 -0.298164  
709 27.180000 -0.904568 -0.297099  
710 27.190000 -0.901602 -0.296039  
711 27.200000 -0.898647 -0.294984  
712 27.210000 -0.895702 -0.293934  
713 27.220000 -0.892768 -0.292889  
714 27.230000 -0.889844 -0.291849  
715 27.240000 -0.886931 -0.290813  
716 27.250000 -0.884028 -0.289783  
717 27.260000 -0.881135 -0.288757  
718 27.270000 -0.878253 -0.287736  
719 27.280000 -0.875381 -0.286720  
720 27.290000 -0.872519 -0.285708  
721 27.300000 -0.869667 -0.284701  
722 27.310000 -0.866825 -0.283699  
723 27.320000 -0.863993 -0.282702  
724 27.330000 -0.861171 -0.281709  
725 27.340000 -0.858358 -0.280721  
726 27.350000 -0.855556 -0.279737  
727 27.360000 -0.852764 -0.278758  
728 27.370000 -0.849981 -0.277783  
729 27.380000 -0.847208 -0.276813  
730 27.390000 -0.844445 -0.275847  
731 27.400000 -0.841691 -0.274886  
732 27.410000 -0.838947 -0.273929  
733 27.420000 -0.836212 -0.272977  
734 27.430000 -0.833487 -0.272028  
735 27.440000 -0.830772 -0.271085  
736 27.450000 -0.828066 -0.270145  
737 27.460000 -0.825369 -0.269210  
738 27.470000 -0.822681 -0.268279  
739 27.480000 -0.820003 -0.267353  
740 27.490000 -0.817334 -0.266430  
741 27.500000 -0.814675 -0.265512  
742 27.510000 -0.812024 -0.264598  
743 27.520000 -0.809383 -0.263688  
744 27.530000 -0.806750 -0.262782  
745 27.540000 -0.804127 -0.261880  
746 27.550000 -0.801513 -0.260983  
747 27.560000 -0.798907 -0.260089  
748 27.570000 -0.796311 -0.259200  
749 27.580000 -0.793723 -0.258314  
750 27.590000 -0.791145 -0.257433  
751 27.600000 -0.788575 -0.256555  
752 27.610000 -0.786014 -0.255681  
753 27.620000 -0.783461 -0.254812  
754 27.630000 -0.780917 -0.253946  
755 27.640000 -0.778382 -0.253084  
756 27.650000 -0.775856 -0.252226  
757 27.660000 -0.773338 -0.251372  
758 27.670000 -0.770828 -0.250521  
759 27.680000 -0.768327 -0.249675  
760 27.690000 -0.765835 -0.248832  
761 27.700000 -0.763351 -0.247993  
762 27.710000 -0.760875 -0.247157  
763 27.720000 -0.758407 -0.246326  
764 27.730000 -0.755948 -0.245498  
765 27.740000 -0.753497 -0.244673  
766 27.750000 -0.751055 -0.243853  
767 27.760000 -0.748620 -0.243036  
768 27.770000 -0.746194 -0.242222  
769 27.780000 -0.743776 -0.241412  
770 27.790000 -0.741366 -0.240606  
771 27.800000 -0.738964 -0.239803  
772 27.810000 -0.736570 -0.239004  
773 27.820000 -0.734184 -0.238208  
774 27.830000 -0.731806 -0.237416  
775 27.840000 -0.729435 -0.236628  
776 27.850000 -0.727073 -0.235842  
777 27.860000 -0.724718 -0.235060  
778 27.870000 -0.722372 -0.234282  
779 27.880000 -0.720033 -0.233507  
780 27.890000 -0.717702 -0.232735  
781 27.900000 -0.715378 -0.231967  
782 27.910000 -0.713062 -0.231202  
783 27.920000 -0.710754 -0.230441  
784 27.930000 -0.708453 -0.229682  
785 27.940000 -0.706160 -0.228927  
786 27.950000 -0.703875 -0.228175  
787 27.960000 -0.701597 -0.227427  
788 27.970000 -0.699326 -0.226682  
789 27.980000 -0.697063 -0.225940  
790 27.990000 -0.694808 -0.225201  
791 28.000000 -0.692559 -0.224465  
792 28.010000 -0.690318 -0.223733  
793 28.020000 -0.688085 -0.223003  
794 28.030000 -0.685858 -0.222277  
795 28.040000 -0.683639 -0.221554  
796 28.050000 -0.681427 -0.220834  
797 28.060000 -0.679222 -0.220117  
798 28.070000 -0.677025 -0.219403  
799 28.080000 -0.674834 -0.218692  
800 28.090000 -0.672651 -0.217985  
801 28.100000 -0.670475 -0.217280  
802 28.110000 -0.668305 -0.216578  
803 28.120000 -0.666143 -0.215879  
804 28.130000 -0.663988 -0.215184  
805 28.140000 -0.661839 -0.214491  
806 28.150000 -0.659698 -0.213801  
807 28.160000 -0.657563 -0.213114  
808 28.170000 -0.655436 -0.212430  
809 28.180000 -0.653315 -0.211749  
810 28.190000 -0.651201 -0.211070  
811 28.200000 -0.649093 -0.210395  
812 28.210000 -0.646993 -0.209722  
813 28.220000 -0.644899 -0.209052  
814 28.230000 -0.642812 -0.208385  
815 28.240000 -0.640731 -0.207721  
816 28.250000 -0.638657 -0.207060  
817 28.260000 -0.636590 -0.206401  
818 28.270000 -0.634529 -0.205745  
819 28.280000 -0.632475 -0.205092  
820 28.290000 -0.630427 -0.204442  
821 28.300000 -0.628386 -0.203794  
822 28.310000 -0.626351 -0.203149  
823 28.320000 -0.624323 -0.202507  
824 28.330000 -0.622301 -0.201868  
825 28.340000 -0.620286 -0.201231  
826 28.350000 -0.618277 -0.200596  
827 28.360000 -0.616274 -0.199965  
828 28.370000 -0.614277 -0.199336  
829 28.380000 -0.612287 -0.198709  
830 28.390000 -0.610303 -0.198085  
831 28.400000 -0.608325 -0.197464  
832 28.410000 -0.606354 -0.196845  
833 28.420000 -0.604388 -0.196229  
834 28.430000 -0.602429 -0.195616  
835 28.440000 -0.600476 -0.195005  
836 28.450000 -0.598529 -0.194396  
837 28.460000 -0.596588 -0.193790  
838 28.470000 -0.594653 -0.193186  
839 28.480000 -0.592724 -0.192585  
840 28.490000 -0.590802 -0.191986  
841 28.500000 -0.588885 -0.191390  
842 28.510000 -0.586974 -0.190796  
843 28.520000 -0.585069 -0.190205  
844 28.530000 -0.583170 -0.189616  
845 28.540000 -0.581276 -0.189030  
846 28.550000 -0.579389 -0.188445  
847 28.560000 -0.577508 -0.187864  
848 28.570000 -0.575632 -0.187284  
849 28.580000 -0.573762 -0.186707  
850 28.590000 -0.571898 -0.186132  
851 28.600000 -0.570039 -0.185560  
852 28.610000 -0.568186 -0.184990  
853 28.620000 -0.566339 -0.184422  
854 28.630000 -0.564498 -0.183856  
855 28.640000 -0.562662 -0.183293  
856 28.650000 -0.560832 -0.182732  
857 28.660000 -0.559008 -0.182174  
858 28.670000 -0.557189 -0.181617  
859 28.680000 -0.555375 -0.181063  
860 28.690000 -0.553567 -0.180511  
861 28.700000 -0.551765 -0.179961  
862 28.710000 -0.549968 -0.179413  
863 28.720000 -0.548177 -0.178868  
864 28.730000 -0.546391 -0.178325  
865 28.740000 -0.544610 -0.177784  
866 28.750000 -0.542835 -0.177245  
867 28.760000 -0.541065 -0.176708  
868 28.770000 -0.539301 -0.176173  
869 28.780000 -0.537542 -0.175641  
870 28.790000 -0.535788 -0.175110  
871 28.800000 -0.534040 -0.174582  
872 28.810000 -0.532296 -0.174056  
873 28.820000 -0.530559 -0.173532  
874 28.830000 -0.528826 -0.173010  
875 28.840000 -0.527098 -0.172490  
876 28.850000 -0.525376 -0.171972  
877 28.860000 -0.523659 -0.171456  
878 28.870000 -0.521947 -0.170942  
879 28.880000 -0.520240 -0.170430  
880 28.890000 -0.518538 -0.169920  
881 28.900000 -0.516842 -0.169413  
882 28.910000 -0.515150 -0.168907  
883 28.920000 -0.513463 -0.168403  
884 28.930000 -0.511782 -0.167901  
885 28.940000 -0.510105 -0.167401  
886 28.950000 -0.508434 -0.166903  
887 28.960000 -0.506767 -0.166407  
888 28.970000 -0.505106 -0.165913  
889 28.980000 -0.503449 -0.165421  
890 28.990000 -0.501797 -0.164931  
891 29.000000 -0.500150 -0.164442  
892 29.010000 -0.498508 -0.163956  
893 29.020000 -0.496871 -0.163471  
894 29.030000 -0.495239 -0.162989  
895 29.040000 -0.493612 -0.162508  
896 29.050000 -0.491989 -0.162029  
897 29.060000 -0.490371 -0.161552  
898 29.070000 -0.488758 -0.161076  
899 29.080000 -0.487149 -0.160603  
900 29.090000 -0.485546 -0.160131  
901 29.100000 -0.483947 -0.159662  
902 29.110000 -0.482353 -0.159194  
903 29.120000 -0.480763 -0.158727  
904 29.130000 -0.479178 -0.158263  
905 29.140000 -0.477598 -0.157800  
906 29.150000 -0.476022 -0.157339  
907 29.160000 -0.474451 -0.156880  
908 29.170000 -0.472884 -0.156423  
909 29.180000 -0.471322 -0.155967  
910 29.190000 -0.469765 -0.155514  
911 29.200000 -0.468212 -0.155062  
912 29.210000 -0.466664 -0.154611  
913 29.220000 -0.465120 -0.154162  
914 29.230000 -0.463581 -0.153715  
915 29.240000 -0.462046 -0.153270  
916 29.250000 -0.460515 -0.152827  
917 29.260000 -0.458989 -0.152385  
918 29.270000 -0.457467 -0.151944  
919 29.280000 -0.455950 -0.151506  
920 29.290000 -0.454437 -0.151069  
921 29.300000 -0.452929 -0.150634  
922 29.310000 -0.451425 -0.150200  
923 29.320000 -0.449925 -0.149768  
924 29.330000 -0.448429 -0.149338  
925 29.340000 -0.446938 -0.148909  
926 29.350000 -0.445451 -0.148482  
927 29.360000 -0.443968 -0.148056  
928 29.370000 -0.442490 -0.147632  
929 29.380000 -0.441016 -0.147210  
930 29.390000 -0.439546 -0.146789  
931 29.400000 -0.438080 -0.146370  
932 29.410000 -0.436618 -0.145952  
933 29.420000 -0.435161 -0.145536  
934 29.430000 -0.433708 -0.145122  
935 29.440000 -0.432258 -0.144709  
936 29.450000 -0.430813 -0.144297  
937 29.460000 -0.429372 -0.143887  
938 29.470000 -0.427936 -0.143479  
939 29.480000 -0.426503 -0.143072  
940 29.490000 -0.425074 -0.142667  
941 29.500000 -0.423650 -0.142263  
942 29.510000 -0.422229 -0.141861  
943 29.520000 -0.420812 -0.141460  
944 29.530000 -0.419400 -0.141060  
945 29.540000 -0.417991 -0.140662  
946 29.550000 -0.416586 -0.140266  
947 29.560000 -0.415186 -0.139871  
948 29.570000 -0.413789 -0.139477  
949 29.580000 -0.412396 -0.139085  
950 29.590000 -0.411007 -0.138695  
951 29.600000 -0.409622 -0.138305  
952 29.610000 -0.408241 -0.137918  
953 29.620000 -0.406864 -0.137531  
954 29.630000 -0.405491 -0.137146  
955 29.640000 -0.404121 -0.136763  
956 29.650000 -0.402755 -0.136381  
957 29.660000 -0.401393 -0.136000  
958 29.670000 -0.400035 -0.135620  
959 29.680000 -0.398681 -0.135242  
960 29.690000 -0.397330 -0.134866  
961 29.700000 -0.395984 -0.134491  
962 29.710000 -0.394641 -0.134117  
963 29.720000 -0.393301 -0.133744  
964 29.730000 -0.391966 -0.133373  
965 29.740000 -0.390634 -0.133003  
966 29.750000 -0.389306 -0.132635  
967 29.760000 -0.387981 -0.132268  
968 29.770000 -0.386660 -0.131902  
969 29.780000 -0.385343 -0.131537  
970 29.790000 -0.384030 -0.131174  
971 29.800000 -0.382720 -0.130812  
972 29.810000 -0.381413 -0.130452  
973 29.820000 -0.380111 -0.130092  
974 29.830000 -0.378812 -0.129734  
975 29.840000 -0.377516 -0.129378  
976 29.850000 -0.376224 -0.129022  
977 29.860000 -0.374936 -0.128668  
978 29.870000 -0.373651 -0.128315  
979 29.880000 -0.372369 -0.127963  
980 29.890000 -0.371091 -0.127613  
981 29.900000 -0.369817 -0.127264  
982 29.910000 -0.368546 -0.126916  
983 29.920000 -0.367279 -0.126569  
984 29.930000 -0.366015 -0.126224  
985 29.940000 -0.364754 -0.125880  
986 29.950000 -0.363497 -0.125537  
987 29.960000 -0.362243 -0.125195  
988 29.970000 -0.360993 -0.124855  
989 29.980000 -0.359746 -0.124515  
990 29.990000 -0.358503 -0.124177  
991 30.000000 -0.357263 -0.123840  
992 30.010000 -0.356026 -0.123504  
993 30.020000 -0.354793 -0.123170  
994 30.030000 -0.353563 -0.122837  
995 30.040000 -0.352336 -0.122504  
996 30.050000 -0.351113 -0.122173  
997 30.060000 -0.349892 -0.121844  
998 30.070000 -0.348676 -0.121515  
999 30.080000 -0.347462 -0.121187  
1000 30.090000 -0.346252 -0.120861  
1001 30.100000 -0.345045 -0.120536  
1002 30.110000 -0.343841 -0.120212  
1003 30.120000 -0.342641 -0.119889  
1004 30.130000 -0.341443 -0.119567  
1005 30.140000 -0.340249 -0.119246  
1006 30.150000 -0.339058 -0.118926  
1007 30.160000 -0.337871 -0.118608  
1008 30.170000 -0.336686 -0.118291  
1009 30.180000 -0.335505 -0.117974  
1010 30.190000 -0.334327 -0.117659  
1011 30.200000 -0.333152 -0.117345  
1012 30.210000 -0.331980 -0.117032  
1013 30.220000 -0.330811 -0.116720  
1014 30.230000 -0.329646 -0.116409  
1015 30.240000 -0.328483 -0.116100  
1016 30.250000 -0.327324 -0.115791  
1017 30.260000 -0.326167 -0.115483  
1018 30.270000 -0.325014 -0.115177  
1019 30.280000 -0.323864 -0.114871  
1020 30.290000 -0.322716 -0.114567  
1021 30.300000 -0.321572 -0.114264  
1022 30.310000 -0.320431 -0.113961  
1023 30.320000 -0.319293 -0.113660  
1024 30.330000 -0.318158 -0.113360  
1025 30.340000 -0.317026 -0.113061  
1026 30.350000 -0.315897 -0.112762  
1027 30.360000 -0.314771 -0.112465  
1028 30.370000 -0.313647 -0.112169  
1029 30.380000 -0.312527 -0.111874  
1030 30.390000 -0.311410 -0.111580  
1031 30.400000 -0.310296 -0.111287  
1032 30.410000 -0.309184 -0.110995  
1033 30.420000 -0.308076 -0.110703  
1034 30.430000 -0.306970 -0.110413  
1035 30.440000 -0.305867 -0.110124  
1036 30.450000 -0.304768 -0.109836  
1037 30.460000 -0.303671 -0.109549  
1038 30.470000 -0.302577 -0.109263  
1039 30.480000 -0.301485 -0.108977  
1040 30.490000 -0.300397 -0.108693  
1041 30.500000 -0.299312 -0.108410  
1042 30.510000 -0.298229 -0.108128  
1043 30.520000 -0.297149 -0.107846  
1044 30.530000 -0.296072 -0.107566  
1045 30.540000 -0.294998 -0.107286  
1046 30.550000 -0.293926 -0.107008  
1047 30.560000 -0.292858 -0.106730  
1048 30.570000 -0.291792 -0.106453  
1049 30.580000 -0.290728 -0.106178  
1050 30.590000 -0.289668 -0.105903  
1051 30.600000 -0.288610 -0.105629  
1052 30.610000 -0.287556 -0.105356  
1053 30.620000 -0.286503 -0.105084  
1054 30.630000 -0.285454 -0.104813  
1055 30.640000 -0.284407 -0.104542  
1056 30.650000 -0.283363 -0.104273  
1057 30.660000 -0.282322 -0.104005  
1058 30.670000 -0.281283 -0.103737  
1059 30.680000 -0.280247 -0.103470  
1060 30.690000 -0.279213 -0.103205  
1061 30.700000 -0.278183 -0.102940  
1062 30.710000 -0.277155 -0.102676  
1063 30.720000 -0.276129 -0.102413  
1064 30.730000 -0.275106 -0.102151  
1065 30.740000 -0.274086 -0.101889  
1066 30.750000 -0.273069 -0.101629  
1067 30.760000 -0.272054 -0.101369  
1068 30.770000 -0.271041 -0.101110  
1069 30.780000 -0.270031 -0.100852  
1070 30.790000 -0.269024 -0.100595  
1071 30.800000 -0.268020 -0.100339  
1072 30.810000 -0.267017 -0.100084  
1073 30.820000 -0.266018 -0.099829  
1074 30.830000 -0.265021 -0.099575  
1075 30.840000 -0.264026 -0.099323  
1076 30.850000 -0.263034 -0.099071  
1077 30.860000 -0.262045 -0.098819  
1078 30.870000 -0.261058 -0.098569  
1079 30.880000 -0.260074 -0.098319  
1080 30.890000 -0.259092 -0.098071  
1081 30.900000 -0.258112 -0.097823  
1082 30.910000 -0.257135 -0.097576  
1083 30.920000 -0.256161 -0.097329  
1084 30.930000 -0.255189 -0.097084  
1085 30.940000 -0.254219 -0.096839  
1086 30.950000 -0.253252 -0.096595  
1087 30.960000 -0.252287 -0.096352  
1088 30.970000 -0.251325 -0.096110  
1089 30.980000 -0.250365 -0.095868  
1090 30.990000 -0.249407 -0.095628  
1091 31.000000 -0.248452 -0.095388  
1092 31.010000 -0.247500 -0.095149  
1093 31.020000 -0.246549 -0.094910  
1094 31.030000 -0.245601 -0.094673  
1095 31.040000 -0.244656 -0.094436  
1096 31.050000 -0.243713 -0.094200  
1097 31.060000 -0.242772 -0.093964  
1098 31.070000 -0.241833 -0.093730  
1099 31.080000 -0.240897 -0.093496  
1100 31.090000 -0.239963 -0.093263  
1101 31.100000 -0.239032 -0.093031  
1102 31.110000 -0.238103 -0.092799  
1103 31.120000 -0.237176 -0.092568  
1104 31.130000 -0.236251 -0.092338  
1105 31.140000 -0.235329 -0.092109  
1106 31.150000 -0.234409 -0.091880  
1107 31.160000 -0.233492 -0.091653  
1108 31.170000 -0.232576 -0.091425  
1109 31.180000 -0.231663 -0.091199  
1110 31.190000 -0.230752 -0.090973  
1111 31.200000 -0.229844 -0.090748  
1112 31.210000 -0.228937 -0.090524  
1113 31.220000 -0.228033 -0.090301  
1114 31.230000 -0.227131 -0.090078  
1115 31.240000 -0.226232 -0.089856  
1116 31.250000 -0.225334 -0.089634  
1117 31.260000 -0.224439 -0.089414  
1118 31.270000 -0.223546 -0.089194  
1119 31.280000 -0.222655 -0.088975  
1120 31.290000 -0.221766 -0.088756  
1121 31.300000 -0.220880 -0.088538  
1122 31.310000 -0.219996 -0.088321  
1123 31.320000 -0.219113 -0.088104  
1124 31.330000 -0.218234 -0.087889  
1125 31.340000 -0.217356 -0.087674  
1126 31.350000 -0.216480 -0.087459  
1127 31.360000 -0.215607 -0.087245  
1128 31.370000 -0.214735 -0.087032  
1129 31.380000 -0.213866 -0.086820  
1130 31.390000 -0.212999 -0.086608  
1131 31.400000 -0.212134 -0.086397  
1132 31.410000 -0.211271 -0.086187  
1133 31.420000 -0.210410 -0.085977  
1134 31.430000 -0.209551 -0.085768  
1135 31.440000 -0.208695 -0.085559  
1136 31.450000 -0.207840 -0.085351  
1137 31.460000 -0.206988 -0.085144  
1138 31.470000 -0.206137 -0.084938  
1139 31.480000 -0.205289 -0.084732  
1140 31.490000 -0.204443 -0.084527  
1141 31.500000 -0.203598 -0.084322  
1142 31.510000 -0.202756 -0.084118  
1143 31.520000 -0.201916 -0.083915  
1144 31.530000 -0.201078 -0.083712  
1145 31.540000 -0.200242 -0.083510  
1146 31.550000 -0.199408 -0.083309  
1147 31.560000 -0.198575 -0.083108  
1148 31.570000 -0.197745 -0.082908  
1149 31.580000 -0.196917 -0.082708  
1150 31.590000 -0.196091 -0.082510  
1151 31.600000 -0.195267 -0.082311  
1152 31.610000 -0.194445 -0.082114  
1153 31.620000 -0.193625 -0.081917  
1154 31.630000 -0.192807 -0.081720  
1155 31.640000 -0.191990 -0.081524  
1156 31.650000 -0.191176 -0.081329  
1157 31.660000 -0.190364 -0.081134  
1158 31.670000 -0.189553 -0.080940  
1159 31.680000 -0.188745 -0.080747  
1160 31.690000 -0.187939 -0.080554  
1161 31.700000 -0.187134 -0.080362  
1162 31.710000 -0.186331 -0.080170  
1163 31.720000 -0.185531 -0.079979  
1164 31.730000 -0.184732 -0.079789  
1165 31.740000 -0.183935 -0.079599  
1166 31.750000 -0.183140 -0.079410  
1167 31.760000 -0.182347 -0.079221  
1168 31.770000 -0.181555 -0.079033  
1169 31.780000 -0.180766 -0.078845  
1170 31.790000 -0.179978 -0.078658  
1171 31.800000 -0.179193 -0.078472  
1172 31.810000 -0.178409 -0.078286  
1173 31.820000 -0.177627 -0.078101  
1174 31.830000 -0.176847 -0.077916  
1175 31.840000 -0.176069 -0.077732  
1176 31.850000 -0.175292 -0.077548  
1177 31.860000 -0.174518 -0.077365  
1178 31.870000 -0.173745 -0.077183  
1179 31.880000 -0.172974 -0.077001  
1180 31.890000 -0.172205 -0.076819  
1181 31.900000 -0.171438 -0.076638  
1182 31.910000 -0.170672 -0.076458  
1183 31.920000 -0.169909 -0.076278  
1184 31.930000 -0.169147 -0.076099  
1185 31.940000 -0.168387 -0.075920  
1186 31.950000 -0.167628 -0.075742  
1187 31.960000 -0.166872 -0.075565  
1188 31.970000 -0.166117 -0.075388  
1189 31.980000 -0.165364 -0.075211  
1190 31.990000 -0.164613 -0.075035  
1191 32.000000 -0.163863 -0.074860  
1192 32.010000 -0.163116 -0.074685  
1193 32.020000 -0.162370 -0.074511  
1194 32.030000 -0.161625 -0.074337  
1195 32.040000 -0.160883 -0.074163  
1196 32.050000 -0.160142 -0.073991  
1197 32.060000 -0.159403 -0.073818  
1198 32.070000 -0.158666 -0.073646  
1199 32.080000 -0.157930 -0.073475  
1200 32.090000 -0.157196 -0.073304  
1201 32.100000 -0.156464 -0.073134  
1202 32.110000 -0.155734 -0.072964  
1203 32.120000 -0.155005 -0.072795  
1204 32.130000 -0.154278 -0.072626  
1205 32.140000 -0.153552 -0.072458  
1206 32.150000 -0.152828 -0.072290  
1207 32.160000 -0.152106 -0.072123  
1208 32.170000 -0.151386 -0.071956  
1209 32.180000 -0.150667 -0.071790  
1210 32.190000 -0.149950 -0.071625  
1211 32.200000 -0.149235 -0.071459  
1212 32.210000 -0.148521 -0.071295  
1213 32.220000 -0.147809 -0.071130  
1214 32.230000 -0.147098 -0.070966  
1215 32.240000 -0.146390 -0.070803  
1216 32.250000 -0.145682 -0.070640  
1217 32.260000 -0.144977 -0.070478  
1218 32.270000 -0.144273 -0.070316  
1219 32.280000 -0.143570 -0.070155  
1220 32.290000 -0.142870 -0.069994  
1221 32.300000 -0.142171 -0.069833  
1222 32.310000 -0.141473 -0.069673  
1223 32.320000 -0.140777 -0.069514  
1224 32.330000 -0.140083 -0.069355  
1225 32.340000 -0.139390 -0.069196  
1226 32.350000 -0.138699 -0.069038  
1227 32.360000 -0.138009 -0.068881  
1228 32.370000 -0.137321 -0.068724  
1229 32.380000 -0.136635 -0.068567  
1230 32.390000 -0.135950 -0.068411  
1231 32.400000 -0.135267 -0.068255  
1232 32.410000 -0.134585 -0.068099  
1233 32.420000 -0.133905 -0.067945  
1234 32.430000 -0.133226 -0.067790  
1235 32.440000 -0.132549 -0.067636  
1236 32.450000 -0.131873 -0.067483  
1237 32.460000 -0.131199 -0.067330  
1238 32.470000 -0.130527 -0.067177  
1239 32.480000 -0.129856 -0.067025  
1240 32.490000 -0.129186 -0.066873  
1241 32.500000 -0.128518 -0.066722  
1242 32.510000 -0.127852 -0.066571  
1243 32.520000 -0.127187 -0.066420  
1244 32.530000 -0.126523 -0.066270  
1245 32.540000 -0.125861 -0.066121  
1246 32.550000 -0.125201 -0.065972  
1247 32.560000 -0.124542 -0.065823  
1248 32.570000 -0.123884 -0.065675  
1249 32.580000 -0.123228 -0.065527  
1250 32.590000 -0.122574 -0.065380  
1251 32.600000 -0.121921 -0.065233  
1252 32.610000 -0.121269 -0.065086  
1253 32.620000 -0.120619 -0.064940  
1254 32.630000 -0.119970 -0.064794  
1255 32.640000 -0.119323 -0.064649  
1256 32.650000 -0.118677 -0.064504  
1257 32.660000 -0.118033 -0.064360  
1258 32.670000 -0.117390 -0.064216  
1259 32.680000 -0.116749 -0.064072  
1260 32.690000 -0.116109 -0.063929  
1261 32.700000 -0.115470 -0.063786  
1262 32.710000 -0.114833 -0.063643  
1263 32.720000 -0.114197 -0.063501  
1264 32.730000 -0.113563 -0.063360  
1265 32.740000 -0.112930 -0.063219  
1266 32.750000 -0.112299 -0.063078  
1267 32.760000 -0.111668 -0.062938  
1268 32.770000 -0.111040 -0.062798  
1269 32.780000 -0.110413 -0.062658  
1270 32.790000 -0.109787 -0.062519  
1271 32.800000 -0.109162 -0.062380  
1272 32.810000 -0.108539 -0.062242  
1273 32.820000 -0.107917 -0.062104  
1274 32.830000 -0.107297 -0.061966  
1275 32.840000 -0.106678 -0.061829  
1276 32.850000 -0.106060 -0.061692  
1277 32.860000 -0.105444 -0.061556  
1278 32.870000 -0.104829 -0.061419  
1279 32.880000 -0.104216 -0.061284  
1280 32.890000 -0.103604 -0.061149  
1281 32.900000 -0.102993 -0.061014  
1282 32.910000 -0.102383 -0.060879  
1283 32.920000 -0.101775 -0.060745  
1284 32.930000 -0.101168 -0.060611  
1285 32.940000 -0.100563 -0.060478  
1286 32.950000 -0.099959 -0.060345  
1287 32.960000 -0.099356 -0.060212  
1288 32.970000 -0.098755 -0.060080  
1289 32.980000 -0.098154 -0.059948  
1290 32.990000 -0.097556 -0.059816  
1291 33.000000 -0.096958 -0.059685  
1292 33.010000 -0.096362 -0.059555  
1293 33.020000 -0.095767 -0.059424  
1294 33.030000 -0.095173 -0.059294  
1295 33.040000 -0.094581 -0.059164  
1296 33.050000 -0.093990 -0.059035  
1297 33.060000 -0.093400 -0.058906  
1298 33.070000 -0.092812 -0.058778  
1299 33.080000 -0.092225 -0.058649  
1300 33.090000 -0.091639 -0.058521  
1301 33.100000 -0.091055 -0.058394  
1302 33.110000 -0.090471 -0.058267  
1303 33.120000 -0.089889 -0.058140  
1304 33.130000 -0.089308 -0.058013  
1305 33.140000 -0.088729 -0.057887  
1306 33.150000 -0.088151 -0.057762  
1307 33.160000 -0.087574 -0.057636  
1308 33.170000 -0.086998 -0.057511  
1309 33.180000 -0.086423 -0.057386  
1310 33.190000 -0.085850 -0.057262  
1311 33.200000 -0.085278 -0.057138  
1312 33.210000 -0.084707 -0.057014  
1313 33.220000 -0.084138 -0.056891  
1314 33.230000 -0.083570 -0.056768  
1315 33.240000 -0.083003 -0.056645  
1316 33.250000 -0.082437 -0.056523  
1317 33.260000 -0.081872 -0.056401  
1318 33.270000 -0.081309 -0.056279  
1319 33.280000 -0.080747 -0.056158  
1320 33.290000 -0.080186 -0.056037  
1321 33.300000 -0.079626 -0.055916  
1322 33.310000 -0.079067 -0.055796  
1323 33.320000 -0.078510 -0.055676  
1324 33.330000 -0.077954 -0.055556  
1325 33.340000 -0.077399 -0.055437  
1326 33.350000 -0.076845 -0.055318  
1327 33.360000 -0.076292 -0.055199  
1328 33.370000 -0.075741 -0.055081  
1329 33.380000 -0.075191 -0.054963  
1330 33.390000 -0.074642 -0.054845  
1331 33.400000 -0.074094 -0.054728  
1332 33.410000 -0.073547 -0.054611  
1333 33.420000 -0.073002 -0.054494  
1334 33.430000 -0.072457 -0.054378  
1335 33.440000 -0.071914 -0.054262  
1336 33.450000 -0.071372 -0.054146  
1337 33.460000 -0.070831 -0.054030  
1338 33.470000 -0.070291 -0.053915  
1339 33.480000 -0.069753 -0.053800  
1340 33.490000 -0.069215 -0.053686  
1341 33.500000 -0.068679 -0.053572  
1342 33.510000 -0.068144 -0.053458  
1343 33.520000 -0.067610 -0.053344  
1344 33.530000 -0.067077 -0.053231  
1345 33.540000 -0.066545 -0.053118  
1346 33.550000 -0.066015 -0.053005  
1347 33.560000 -0.065485 -0.052893  
1348 33.570000 -0.064957 -0.052781  
1349 33.580000 -0.064430 -0.052669  
1350 33.590000 -0.063903 -0.052558  
1351 33.600000 -0.063378 -0.052446  
1352 33.610000 -0.062855 -0.052336  
1353 33.620000 -0.062332 -0.052225  
1354 33.630000 -0.061810 -0.052115  
1355 33.640000 -0.061289 -0.052005  
1356 33.650000 -0.060770 -0.051895  
1357 33.660000 -0.060252 -0.051786  
1358 33.670000 -0.059734 -0.051677  
1359 33.680000 -0.059218 -0.051568  
1360 33.690000 -0.058703 -0.051459  
1361 33.700000 -0.058189 -0.051351  
1362 33.710000 -0.057676 -0.051243  
1363 33.720000 -0.057164 -0.051136  
1364 33.730000 -0.056653 -0.051028  
1365 33.740000 -0.056143 -0.050921  
1366 33.750000 -0.055635 -0.050814  
1367 33.760000 -0.055127 -0.050708  
1368 33.770000 -0.054621 -0.050602  
1369 33.780000 -0.054115 -0.050496  
1370 33.790000 -0.053611 -0.050390  
1371 33.800000 -0.053107 -0.050285  
1372 33.810000 -0.052605 -0.050180  
1373 33.820000 -0.052104 -0.050075  
1374 33.830000 -0.051603 -0.049971  
1375 33.840000 -0.051104 -0.049866  
1376 33.850000 -0.050606 -0.049762  
1377 33.860000 -0.050109 -0.049659  
1378 33.870000 -0.049613 -0.049555  
1379 33.880000 -0.049118 -0.049452  
1380 33.890000 -0.048624 -0.049349  
1381 33.900000 -0.048131 -0.049247  
1382 33.910000 -0.047639 -0.049144  
1383 33.920000 -0.047148 -0.049042  
1384 33.930000 -0.046658 -0.048941  
1385 33.940000 -0.046169 -0.048839  
1386 33.950000 -0.045681 -0.048738  
1387 33.960000 -0.045194 -0.048637  
1388 33.970000 -0.044709 -0.048536  
1389 33.980000 -0.044224 -0.048436  
1390 33.990000 -0.043740 -0.048336  
1391 34.000000 -0.043257 -0.048236  
1392 34.010000 -0.042775 -0.048136  
1393 34.020000 -0.042294 -0.048037  
1394 34.030000 -0.041814 -0.047938  
1395 34.040000 -0.041336 -0.047839  
1396 34.050000 -0.040858 -0.047740  
1397 34.060000 -0.040381 -0.047642  
1398 34.070000 -0.039905 -0.047544  
1399 34.080000 -0.039430 -0.047446  
1400 34.090000 -0.038956 -0.047348  
1401 34.100000 -0.038483 -0.047251  
1402 34.110000 -0.038011 -0.047154  
1403 34.120000 -0.037540 -0.047057  
1404 34.130000 -0.037070 -0.046961  
1405 34.140000 -0.036601 -0.046864  
1406 34.150000 -0.036132 -0.046768  
1407 34.160000 -0.035665 -0.046672  
1408 34.170000 -0.035199 -0.046577  
1409 34.180000 -0.034734 -0.046482  
1410 34.190000 -0.034269 -0.046387  
1411 34.200000 -0.033806 -0.046292  
1412 34.210000 -0.033344 -0.046197  
1413 34.220000 -0.032882 -0.046103  
1414 34.230000 -0.032421 -0.046009  
1415 34.240000 -0.031962 -0.045915  
1416 34.250000 -0.031503 -0.045821  
1417 34.260000 -0.031045 -0.045728  
1418 34.270000 -0.030589 -0.045635  
1419 34.280000 -0.030133 -0.045542  
1420 34.290000 -0.029678 -0.045449  
1421 34.300000 -0.029224 -0.045357  
1422 34.310000 -0.028771 -0.045265  
1423 34.320000 -0.028318 -0.045173  
1424 34.330000 -0.027867 -0.045081  
1425 34.340000 -0.027417 -0.044990  
1426 34.350000 -0.026967 -0.044899  
1427 34.360000 -0.026519 -0.044808  
1428 34.370000 -0.026071 -0.044717  
1429 34.380000 -0.025624 -0.044627  
1430 34.390000 -0.025179 -0.044536  
1431 34.400000 -0.024734 -0.044446  
1432 34.410000 -0.024290 -0.044357  
1433 34.420000 -0.023847 -0.044267  
1434 34.430000 -0.023404 -0.044178  
1435 34.440000 -0.022963 -0.044089  
1436 34.450000 -0.022523 -0.044000  
1437 34.460000 -0.022083 -0.043911  
1438 34.470000 -0.021644 -0.043823  
1439 34.480000 -0.021207 -0.043734  
1440 34.490000 -0.020770 -0.043647  
1441 34.500000 -0.020334 -0.043559  
1442 34.510000 -0.019899 -0.043471  
1443 34.520000 -0.019464 -0.043384  
1444 34.530000 -0.019031 -0.043297  
1445 34.540000 -0.018598 -0.043210  
1446 34.550000 -0.018167 -0.043123  
1447 34.560000 -0.017736 -0.043037  
1448 34.570000 -0.017306 -0.042951  
1449 34.580000 -0.016877 -0.042865  
1450 34.590000 -0.016449 -0.042779  
1451 34.600000 -0.016021 -0.042694  
1452 34.610000 -0.015595 -0.042608  
1453 34.620000 -0.015169 -0.042523  
1454 34.630000 -0.014744 -0.042438  
1455 34.640000 -0.014320 -0.042354  
1456 34.650000 -0.013897 -0.042269  
1457 34.660000 -0.013475 -0.042185  
1458 34.670000 -0.013054 -0.042101  
1459 34.680000 -0.012633 -0.042017  
1460 34.690000 -0.012213 -0.041934  
1461 34.700000 -0.011794 -0.041850  
1462 34.710000 -0.011376 -0.041767  
1463 34.720000 -0.010959 -0.041684  
1464 34.730000 -0.010542 -0.041601  
1465 34.740000 -0.010127 -0.041519  
1466 34.750000 -0.009712 -0.041436  
1467 34.760000 -0.009298 -0.041354  
1468 34.770000 -0.008885 -0.041272  
1469 34.780000 -0.008473 -0.041191  
1470 34.790000 -0.008061 -0.041109  
1471 34.800000 -0.007651 -0.041028  
1472 34.810000 -0.007241 -0.040947  
1473 34.820000 -0.006832 -0.040866  
1474 34.830000 -0.006423 -0.040785  
1475 34.840000 -0.006016 -0.040705  
1476 34.850000 -0.005609 -0.040624  
1477 34.860000 -0.005203 -0.040544  
1478 34.870000 -0.004798 -0.040464  
1479 34.880000 -0.004394 -0.040385  
1480 34.890000 -0.003991 -0.040305  
1481 34.900000 -0.003588 -0.040226  
1482 34.910000 -0.003186 -0.040147  
1483 34.920000 -0.002785 -0.040068  
1484 34.930000 -0.002385 -0.039989  
1485 34.940000 -0.001985 -0.039911  
1486 34.950000 -0.001587 -0.039832  
1487 34.960000 -0.001189 -0.039754  
1488 34.970000 -0.000792 -0.039676  
1489 34.980000 -0.000395 -0.039598  
1490 34.990000 0.000000 -0.039521  
