1 20.100000 142845187345767.062500 12864066927654218.000000  
2 20.110000 60546392528843.281250 4957185188127524.000000  
3 20.120000 27653375788751.160156 2075550569759448.250000  
4 20.130000 13447645005157.548828 931742964187475.500000  
5 20.140000 6898286506284.534180 443846944180120.750000  
6 20.150000 3705351948665.123047 222528185551739.281250  
7 20.160000 2071706868003.541992 116649235706266.156250  
8 20.170000 1199845467837.894043 63588224310411.859375  
9 20.180000 716919882592.751099 35886006194637.007812  
10 20.190000 440451841818.992981 20888079750072.894531  
11 20.200000 277439728529.600830 12500258601557.640625  
12 20.210000 178740445786.389709 7670267582292.136719  
13 20.220000 117530435134.117508 4814611423013.255859  
14 20.230000 78733948863.003937 3085278393754.686523  
15 20.240000 53649981111.578285 2014860804865.285645  
16 20.250000 37133763382.810760 1338881702895.402588  
17 20.260000 26075179758.632149 904052644365.915039  
18 20.270000 18555474656.615910 619547410203.023804  
19 20.280000 13368487372.979244 430444279580.895508  
20 20.290000 9742743777.456291 302902195418.450623  
21 20.300000 7176799002.739316 215702450206.680450  
22 20.310000 5339809305.570910 155323079359.516968  
23 20.320000 4010423227.431801 113015635468.806641  
24 20.330000 3038600990.340146 83039433759.773560  
25 20.340000 2321389977.647390 61577230177.566788  
26 20.350000 1787332226.309245 46058999324.392975  
27 20.360000 1386291647.468434 34734066745.227898  
28 20.370000 1082732384.491637 26396672287.757339  
29 20.380000 851224087.592290 20207673356.721806  
30 20.390000 673402217.811987 15577298626.885136  
31 20.400000 535890323.651410 12087161302.477558  
32 20.410000 428865447.633565 9437821461.123926  
33 20.420000 345058066.894183 7413163732.448886  
34 20.430000 279048586.432638 5855961198.995576  
35 20.440000 226768154.102368 4650956839.575330  
36 20.450000 185141531.699200 3713046107.450700  
37 20.460000 151829586.869373 2978952967.981423  
38 20.470000 125042223.632534 2401319485.747385  
39 20.480000 103401510.102937 1944476903.239622  
40 20.490000 85840847.847702 1581397608.911417  
41 20.500000 71530205.434997 1291482801.410407  
42 20.510000 59820330.664084 1058945912.909265  
43 20.520000 50200873.389607 871623736.401660  
44 20.530000 42268768.797928 720096683.327373  
45 20.540000 35704234.788590 597033920.059495  
46 20.550000 30252452.643526 496703113.616571  
47 20.560000 25709513.605756 414601391.836615  
48 20.570000 21911584.770847 347176077.751315  
49 20.580000 18726517.102166 291612281.909722  
50 20.590000 16047315.290190 245670552.480343  
51 20.600000 13787033.917509 207562197.850925  
52 20.610000 11874771.370753 175853101.904200  
53 20.620000 10252512.429818 149389192.577924  
54 20.630000 8872629.830135 127238442.430111  
55 20.640000 7695899.649315 108645547.811362  
56 20.650000 6689918.969762 92996373.619444  
57 20.660000 5827839.724703 79789951.493189  
58 20.670000 5087352.006921 68616344.163106  
59 20.680000 4449864.925271 59139083.525320  
60 20.690000 3899844.457597 51081188.369059  
61 20.700000 3424276.505587 44213994.114427  
62 20.710000 3012230.132108 38348199.468997  
63 20.720000 2654501.223108 33326666.940496  
64 20.730000 2343320.917620 29018615.562386  
65 20.740000 2072116.358000 25314922.393495  
66 20.750000 1835313.831488 22124309.879621  
67 20.760000 1628176.358405 19370243.179020  
68 20.770000 1446669.350496 16988398.199648  
69 20.780000 1287349.206335 14924589.757780  
70 20.790000 1147270.699631 13133071.759003  
71 20.800000 1023909.805247 11575139.009003  
72 20.810000 915099.239002 10217974.244740  
73 20.820000 818974.493920 9033695.053274  
74 20.830000 733928.563237 7998564.145974  
75 20.840000 658573.869408 7092333.468161  
76 20.850000 591710.184521 6297698.227584  
77 20.860000 532297.543393 5599841.414979  
78 20.870000 479433.326224 4986052.997269  
79 20.880000 432332.830818 4445410.869871  
80 20.890000 390312.771358 3968513.001425  
81 20.900000 352777.236587 3547252.104390  
82 20.910000 319205.718882 3174625.707172  
83 20.920000 289142.890534 2844575.758143  
84 20.930000 262189.856879 2551852.915066  
85 20.940000 237996.660135 2291901.509771  
86 20.950000 216255.844315 2060761.862922  
87 20.960000 196696.921960 1854987.186191  
88 20.970000 179081.608672 1671572.771775  
89 20.980000 163199.712445 1507895.550726  
90 20.990000 148865.582364 1361662.416657  
91 21.000000 135915.035937 1230865.972258  
92 21.010000 124202.696615 1113746.572451  
93 21.020000 113599.683408 1008759.717754  
94 21.030000 103991.603191 914548.001174  
95 21.040000 95276.803625 829916.936773  
96 21.050000 87364.850773 753814.102398  
97 21.060000 80175.200771 685311.116407  
98 21.070000 73636.039266 623588.041437  
99 21.080000 67683.266155 567919.869829  
100 21.090000 62259.606302 517664.797007  
101 21.100000 57313.829632 472254.032809  
102 21.110000 52800.066339 431182.937529  
103 21.120000 48677.204864 394003.300591  
104 21.130000 44908.362044 360316.606126  
105 21.140000 41460.416229 329768.152078  
106 21.150000 38303.595424 302041.908448  
107 21.160000 35411.113573 276856.016444  
108 21.170000 32758.848998 253958.844044  
109 21.180000 30325.059812 233125.525232  
110 21.190000 28090.131783 214154.920164  
111 21.200000 26036.354726 196866.942124  
112 21.210000 24147.723983 181100.204439  
113 21.220000 22409.764011 166709.946851  
114 21.230000 20809.371452 153566.206222  
115 21.240000 19334.675406 141552.201121  
116 21.250000 17974.912901 130562.903823  
117 21.260000 16720.317801 120503.776731  
118 21.270000 15562.021617 111289.653165  
119 21.280000 14491.964852 102843.745081  
120 21.290000 13502.817709 95096.762474  
121 21.300000 12587.909099 87986.131166  
122 21.310000 11741.163027 81455.297346  
123 21.320000 10957.041540 75453.108672  
124 21.330000 10230.493527 69933.263020  
125 21.340000 9556.908715 64853.817043  
126 21.350000 8932.076322 60176.747686  
127 21.360000 8352.147840 55867.560596  
128 21.370000 7813.603539 51894.940136  
129 21.380000 7313.222269 48230.436305  
130 21.390000 6848.054232 44848.184461  
131 21.400000 6415.396409 41724.654193  
132 21.410000 6012.770359 38838.424137  
133 21.420000 5637.902165 36169.979905  
134 21.430000 5288.704278 33701.532599  
135 21.440000 4963.259102 31416.855703  
136 21.450000 4659.804108 29301.138379  
137 21.460000 4376.718355 27340.853408  
138 21.470000 4112.510258 25523.638247  
139 21.480000 3865.806481 23838.187808  
140 21.490000 3635.341864 22274.157735  
141 21.500000 3419.950250 20822.077102  
142 21.510000 3218.556159 19473.269547  
143 21.520000 3030.167199 18219.781985  
144 21.530000 2853.867167 17054.320124  
145 21.540000 2688.809751 15970.190107  
146 21.550000 2534.212801 14961.245645  
147 21.560000 2389.353092 14021.840111  
148 21.570000 2253.561550 13146.783093  
149 21.580000 2126.218890 12331.300966  
150 21.590000 2006.751629 11571.001095  
151 21.600000 1894.628443 10861.839303  
152 21.610000 1789.356833 10200.090304  
153 21.620000 1690.480068 9582.320803  
154 21.630000 1597.574398 9005.365011  
155 21.640000 1510.246483 8466.302343  
156 21.650000 1428.131049 7962.437105  
157 21.660000 1350.888735 7491.279960  
158 21.670000 1278.204109 7050.531030  
159 21.680000 1209.783857 6638.064465  
160 21.690000 1145.355114 6251.914356  
161 21.700000 1084.663926 5890.261853  
162 21.710000 1027.473844 5551.423400  
163 21.720000 973.564621 5233.839960  
164 21.730000 922.731021 4936.067163  
165 21.740000 874.781716 4656.766279  
166 21.750000 829.538270 4394.695950  
167 21.760000 786.834209 4148.704610  
168 21.770000 746.514152 3917.723531  
169 21.780000 708.433020 3700.760450  
170 21.790000 672.455296 3496.893712  
171 21.800000 638.454353 3305.266888  
172 21.810000 606.311819 3125.083841  
173 21.820000 575.917004 2955.604178  
174 21.830000 547.166359 2796.139071  
175 21.840000 519.962982 2646.047419  
176 21.850000 494.216160 2504.732302  
177 21.860000 469.840939 2371.637723  
178 21.870000 446.757734 2246.245607  
179 21.880000 424.891965 2128.073030  
180 21.890000 404.173713 2016.669666  
181 21.900000 384.537411 1911.615432  
182 21.910000 365.921550 1812.518313  
183 21.920000 348.268410 1719.012353  
184 21.930000 331.523808 1630.755803  
185 21.940000 315.636863 1547.429405  
186 21.950000 300.559782 1468.734806  
187 21.960000 286.247659 1394.393096  
188 21.970000 272.658282 1324.143446  
189 21.980000 259.751965 1257.741860  
190 21.990000 247.491381 1194.960003  
191 22.000000 235.841413 1135.584133  
192 22.010000 224.769013 1079.414098  
193 22.020000 214.243071 1026.262408  
194 22.030000 204.234291 975.953386  
195 22.040000 194.715078 928.322361  
196 22.050000 185.659433 883.214936  
197 22.060000 177.042851 840.486301  
198 22.070000 168.842231 800.000591  
199 22.080000 161.035789 761.630300  
200 22.090000 153.602974 725.255726  
201 22.100000 146.524397 690.764463  
202 22.110000 139.781759 658.050921  
203 22.120000 133.357784 627.015887  
204 22.130000 127.236158 597.566108  
205 22.140000 121.401471 569.613913  
206 22.150000 115.839163 543.076851  
207 22.160000 110.535476 517.877360  
208 22.170000 105.477401 493.942455  
209 22.180000 100.652641 471.203442  
210 22.190000 96.049562 449.595642  
211 22.200000 91.657161 429.058146  
212 22.210000 87.465023 409.533575  
213 22.220000 83.463293 390.967864  
214 22.230000 79.642640 373.310055  
215 22.240000 75.994226 356.512106  
216 22.250000 72.509683 340.528713  
217 22.260000 69.181079 325.317142  
218 22.270000 66.000902 310.837073  
219 22.280000 62.962027 297.050455  
220 22.290000 60.057701 283.921368  
221 22.300000 57.281521 271.415896  
222 22.310000 54.627411 259.502007  
223 22.320000 52.089610 248.149438  
224 22.330000 49.662647 237.329597  
225 22.340000 47.341332 227.015458  
226 22.350000 45.120738 217.181470  
227 22.360000 42.996183 207.803476  
228 22.370000 40.963224 198.858624  
229 22.380000 39.017639 190.325296  
230 22.390000 37.155415 182.183037  
231 22.400000 35.372739 174.412485  
232 22.410000 33.665988 166.995311  
233 22.420000 32.031713 159.914158  
234 22.430000 30.466639 153.152589  
235 22.440000 28.967648 146.695031  
236 22.450000 27.531774 140.526727  
237 22.460000 26.156196 134.633693  
238 22.470000 24.838227 129.002672  
239 22.480000 23.575311 123.621094  
240 22.490000 22.365014 118.477039  
241 22.500000 21.205017 113.559200  
242 22.510000 20.093112 108.856847  
243 22.520000 19.027195 104.359801  
244 22.530000 18.005263 100.058399  
245 22.540000 17.025406 95.943467  
246 22.550000 16.085802 92.006295  
247 22.560000 15.184715 88.238611  
248 22.570000 14.320491 84.632555  
249 22.580000 13.491550 81.180662  
250 22.590000 12.696387 77.875837  
251 22.600000 11.933566 74.711335  
252 22.610000 11.201714 71.680746  
253 22.620000 10.499525 68.777973  
254 22.630000 9.825748 65.997219  
255 22.640000 9.179192 63.332969  
256 22.650000 8.558718 60.779977  
257 22.660000 7.963238 58.333250  
258 22.670000 7.391714 55.988038  
259 22.680000 6.843154 53.739816  
260 22.690000 6.316609 51.584279  
261 22.700000 5.811173 49.517326  
262 22.710000 5.325980 47.535051  
263 22.720000 4.860203 45.633733  
264 22.730000 4.413048 43.809829  
265 22.740000 3.983759 42.059960  
266 22.750000 3.571613 40.380907  
267 22.760000 3.175915 38.769601  
268 22.770000 2.796004 37.223115  
269 22.780000 2.431246 35.738660  
270 22.790000 2.081033 34.313573  
271 22.800000 1.744785 32.945318  
272 22.810000 1.421946 31.631471  
273 22.820000 1.111982 30.369722  
274 22.830000 0.814385 29.157866  
275 22.840000 0.528666 27.993796  
276 22.850000 0.254356 26.875503  
277 22.860000 -0.008991 25.801068  
278 22.870000 -0.261805 24.768658  
279 22.880000 -0.504498 23.776523  
280 22.890000 -0.737464 22.822990  
281 22.900000 -0.961081 21.906462  
282 22.910000 -1.175712 21.025411  
283 22.920000 -1.381703 20.178379  
284 22.930000 -1.579388 19.363971  
285 22.940000 -1.769087 18.580853  
286 22.950000 -1.951105 17.827751  
287 22.960000 -2.125738 17.103445  
288 22.970000 -2.293266 16.406769  
289 22.980000 -2.453961 15.736607  
290 22.990000 -2.608083 15.091892  
291 23.000000 -2.755881 14.471603  
292 23.010000 -2.897593 13.874763  
293 23.020000 -3.033451 13.300437  
294 23.030000 -3.163674 12.747728  
295 23.040000 -3.288475 12.215779  
296 23.050000 -3.408056 11.703771  
297 23.060000 -3.522614 11.210916  
298 23.070000 -3.632336 10.736461  
299 23.080000 -3.737402 10.279686  
300 23.090000 -3.837986 9.839899  
301 23.100000 -3.934254 9.416438  
302 23.110000 -4.026367 9.008669  
303 23.120000 -4.114478 8.615983  
304 23.130000 -4.198735 8.237798  
305 23.140000 -4.279280 7.873555  
306 23.150000 -4.356251 7.522717  
307 23.160000 -4.429778 7.184772  
308 23.170000 -4.499988 6.859225  
309 23.180000 -4.567002 6.545605  
310 23.190000 -4.630938 6.243458  
311 23.200000 -4.691908 5.952349  
312 23.210000 -4.750020 5.671861  
313 23.220000 -4.805379 5.401592  
314 23.230000 -4.858085 5.141159  
315 23.240000 -4.908234 4.890192  
316 23.250000 -4.955919 4.648337  
317 23.260000 -5.001230 4.415254  
318 23.270000 -5.044252 4.190616  
319 23.280000 -5.085069 3.974109  
320 23.290000 -5.123761 3.765433  
321 23.300000 -5.160403 3.564297  
322 23.310000 -5.195071 3.370424  
323 23.320000 -5.227835 3.183547  
324 23.330000 -5.258764 3.003409  
325 23.340000 -5.287925 2.829763  
326 23.350000 -5.315380 2.662372  
327 23.360000 -5.341192 2.501008  
328 23.370000 -5.365420 2.345452  
329 23.380000 -5.388120 2.195494  
330 23.390000 -5.409348 2.050930  
331 23.400000 -5.429156 1.911567  
332 23.410000 -5.447596 1.777217  
333 23.420000 -5.464716 1.647700  
334 23.430000 -5.480565 1.522842  
335 23.440000 -5.495188 1.402476  
336 23.450000 -5.508629 1.286443  
337 23.460000 -5.520931 1.174588  
338 23.470000 -5.532135 1.066762  
339 23.480000 -5.542279 0.962823  
340 23.490000 -5.551403 0.862632  
341 23.500000 -5.559544 0.766058  
342 23.510000 -5.566736 0.672972  
343 23.520000 -5.573015 0.583253  
344 23.530000 -5.578412 0.496780  
345 23.540000 -5.582961 0.413442  
346 23.550000 -5.586691 0.333128  
347 23.560000 -5.589633 0.255733  
348 23.570000 -5.591815 0.181154  
349 23.580000 -5.593265 0.109294  
350 23.590000 -5.594010 0.040058  
351 23.600000 -5.594075 -0.026644  
352 23.610000 -5.593485 -0.090901  
353 23.620000 -5.592265 -0.152797  
354 23.630000 -5.590437 -0.212413  
355 23.640000 -5.588024 -0.269828  
356 23.650000 -5.585047 -0.325118  
357 23.660000 -5.581528 -0.378355  
358 23.670000 -5.577487 -0.429611  
359 23.680000 -5.572942 -0.478952  
360 23.690000 -5.567914 -0.526444  
361 23.700000 -5.562419 -0.572151  
362 23.710000 -5.556477 -0.616132  
363 23.720000 -5.550102 -0.658448  
364 23.730000 -5.543313 -0.699154  
365 23.740000 -5.536124 -0.738306  
366 23.750000 -5.528552 -0.775955  
367 23.760000 -5.520610 -0.812152  
368 23.770000 -5.512313 -0.846948  
369 23.780000 -5.503676 -0.880389  
370 23.790000 -5.494710 -0.912520  
371 23.800000 -5.485429 -0.943387  
372 23.810000 -5.475846 -0.973031  
373 23.820000 -5.465973 -1.001493  
374 23.830000 -5.455820 -1.028814  
375 23.840000 -5.445400 -1.055032  
376 23.850000 -5.434723 -1.080183  
377 23.860000 -5.423800 -1.104304  
378 23.870000 -5.412640 -1.127428  
379 23.880000 -5.401255 -1.149590  
380 23.890000 -5.389652 -1.170821  
381 23.900000 -5.377841 -1.191152  
382 23.910000 -5.365832 -1.210614  
383 23.920000 -5.353632 -1.229236  
384 23.930000 -5.341250 -1.247045  
385 23.940000 -5.328693 -1.264068  
386 23.950000 -5.315971 -1.280333  
387 23.960000 -5.303089 -1.295863  
388 23.970000 -5.290056 -1.310684  
389 23.980000 -5.276878 -1.324819  
390 23.990000 -5.263562 -1.338291  
391 24.000000 -5.250114 -1.351122  
392 24.010000 -5.236541 -1.363333  
393 24.020000 -5.222849 -1.374945  
394 24.030000 -5.209044 -1.385978  
395 24.040000 -5.195132 -1.396451  
396 24.050000 -5.181117 -1.406382  
397 24.060000 -5.167006 -1.415791  
398 24.070000 -5.152803 -1.424693  
399 24.080000 -5.138514 -1.433107  
400 24.090000 -5.124143 -1.441047  
401 24.100000 -5.109694 -1.448531  
402 24.110000 -5.095173 -1.455573  
403 24.120000 -5.080584 -1.462188  
404 24.130000 -5.065931 -1.468390  
405 24.140000 -5.051218 -1.474193  
406 24.150000 -5.036448 -1.479611  
407 24.160000 -5.021627 -1.484656  
408 24.170000 -5.006756 -1.489340  
409 24.180000 -4.991841 -1.493677  
410 24.190000 -4.976884 -1.497676  
411 24.200000 -4.961889 -1.501351  
412 24.210000 -4.946858 -1.504712  
413 24.220000 -4.931795 -1.507768  
414 24.230000 -4.916704 -1.510532  
415 24.240000 -4.901586 -1.513012  
416 24.250000 -4.886444 -1.515218  
417 24.260000 -4.871282 -1.517159  
418 24.270000 -4.856102 -1.518845  
419 24.280000 -4.840906 -1.520284  
420 24.290000 -4.825697 -1.521485  
421 24.300000 -4.810477 -1.522455  
422 24.310000 -4.795249 -1.523202  
423 24.320000 -4.780014 -1.523735  
424 24.330000 -4.764775 -1.524061  
425 24.340000 -4.749533 -1.524187  
426 24.350000 -4.734292 -1.524119  
427 24.360000 -4.719052 -1.523864  
428 24.370000 -4.703815 -1.523430  
429 24.380000 -4.688584 -1.522822  
430 24.390000 -4.673359 -1.522046  
431 24.400000 -4.658143 -1.521109  
432 24.410000 -4.642937 -1.520015  
433 24.420000 -4.627743 -1.518771  
434 24.430000 -4.612563 -1.517382  
435 24.440000 -4.597396 -1.515853  
436 24.450000 -4.582246 -1.514189  
437 24.460000 -4.567113 -1.512396  
438 24.470000 -4.551998 -1.510477  
439 24.480000 -4.536904 -1.508437  
440 24.490000 -4.521830 -1.506281  
441 24.500000 -4.506779 -1.504013  
442 24.510000 -4.491750 -1.501637  
443 24.520000 -4.476746 -1.499157  
444 24.530000 -4.461767 -1.496578  
445 24.540000 -4.446815 -1.493902  
446 24.550000 -4.431890 -1.491134  
447 24.560000 -4.416993 -1.488277  
448 24.570000 -4.402124 -1.485334  
449 24.580000 -4.387286 -1.482310  
450 24.590000 -4.372478 -1.479206  
451 24.600000 -4.357702 -1.476027  
452 24.610000 -4.342958 -1.472775  
453 24.620000 -4.328247 -1.469453  
454 24.630000 -4.313569 -1.466063  
455 24.640000 -4.298926 -1.462610  
456 24.650000 -4.284317 -1.459095  
457 24.660000 -4.269744 -1.455521  
458 24.670000 -4.255207 -1.451890  
459 24.680000 -4.240707 -1.448206  
460 24.690000 -4.226243 -1.444469  
461 24.700000 -4.211817 -1.440683  
462 24.710000 -4.197430 -1.436850  
463 24.720000 -4.183081 -1.432972  
464 24.730000 -4.168770 -1.429050  
465 24.740000 -4.154500 -1.425088  
466 24.750000 -4.140269 -1.421086  
467 24.760000 -4.126078 -1.417047  
468 24.770000 -4.111928 -1.412973  
469 24.780000 -4.097819 -1.408864  
470 24.790000 -4.083751 -1.404724  
471 24.800000 -4.069724 -1.400554  
472 24.810000 -4.055740 -1.396354  
473 24.820000 -4.041797 -1.392128  
474 24.830000 -4.027897 -1.387876  
475 24.840000 -4.014040 -1.383599  
476 24.850000 -4.000225 -1.379300  
477 24.860000 -3.986454 -1.374979  
478 24.870000 -3.972726 -1.370638  
479 24.880000 -3.959041 -1.366278  
480 24.890000 -3.945400 -1.361901  
481 24.900000 -3.931803 -1.357507  
482 24.910000 -3.918250 -1.353098  
483 24.920000 -3.904741 -1.348675  
484 24.930000 -3.891277 -1.344238  
485 24.940000 -3.877857 -1.339790  
486 24.950000 -3.864481 -1.335330  
487 24.960000 -3.851150 -1.330861  
488 24.970000 -3.837864 -1.326382  
489 24.980000 -3.824622 -1.321896  
490 24.990000 -3.811426 -1.317402  
491 25.000000 -3.798274 -1.312901  
492 25.010000 -3.785168 -1.308396  
493 25.020000 -3.772107 -1.303885  
494 25.030000 -3.759090 -1.299370  
495 25.040000 -3.746119 -1.294853  
496 25.050000 -3.733193 -1.290332  
497 25.060000 -3.720313 -1.285810  
498 25.070000 -3.707477 -1.281287  
499 25.080000 -3.694687 -1.276763  
500 25.090000 -3.681942 -1.272240  
501 25.100000 -3.669242 -1.267717  
502 25.110000 -3.656587 -1.263196  
503 25.120000 -3.643978 -1.258677  
504 25.130000 -3.631414 -1.254160  
505 25.140000 -3.618895 -1.249647  
506 25.150000 -3.606421 -1.245137  
507 25.160000 -3.593992 -1.240631  
508 25.170000 -3.581608 -1.236130  
509 25.180000 -3.569269 -1.231634  
510 25.190000 -3.556976 -1.227143  
511 25.200000 -3.544727 -1.222658  
512 25.210000 -3.532522 -1.218180  
513 25.220000 -3.520363 -1.213708  
514 25.230000 -3.508248 -1.209244  
515 25.240000 -3.496178 -1.204787  
516 25.250000 -3.484152 -1.200338  
517 25.260000 -3.472171 -1.195897  
518 25.270000 -3.460235 -1.191465  
519 25.280000 -3.448342 -1.187041  
520 25.290000 -3.436494 -1.182627  
521 25.300000 -3.424689 -1.178223  
522 25.310000 -3.412929 -1.173828  
523 25.320000 -3.401213 -1.169443  
524 25.330000 -3.389540 -1.165069  
525 25.340000 -3.377911 -1.160705  
526 25.350000 -3.366326 -1.156352  
527 25.360000 -3.354784 -1.152010  
528 25.370000 -3.343286 -1.147680  
529 25.380000 -3.331831 -1.143361  
530 25.390000 -3.320419 -1.139054  
531 25.400000 -3.309050 -1.134758  
532 25.410000 -3.297723 -1.130475  
533 25.420000 -3.286440 -1.126205  
534 25.430000 -3.275199 -1.121946  
535 25.440000 -3.264001 -1.117701  
536 25.450000 -3.252845 -1.113468  
537 25.460000 -3.241732 -1.109248  
538 25.470000 -3.230660 -1.105041  
539 25.480000 -3.219631 -1.100848  
540 25.490000 -3.208643 -1.096668  
541 25.500000 -3.197697 -1.092501  
542 25.510000 -3.186793 -1.088348  
543 25.520000 -3.175930 -1.084209  
544 25.530000 -3.165109 -1.080084  
545 25.540000 -3.154329 -1.075973  
546 25.550000 -3.143589 -1.071875  
547 25.560000 -3.132891 -1.067792  
548 25.570000 -3.122234 -1.063724  
549 25.580000 -3.111617 -1.059669  
550 25.590000 -3.101040 -1.055629  
551 25.600000 -3.090504 -1.051604  
552 25.610000 -3.080008 -1.047593  
553 25.620000 -3.069552 -1.043596  
554 25.630000 -3.059136 -1.039615  
555 25.640000 -3.048760 -1.035648  
556 25.650000 -3.038423 -1.031696  
557 25.660000 -3.028126 -1.027758  
558 25.670000 -3.017868 -1.023836  
559 25.680000 -3.007649 -1.019928  
560 25.690000 -2.997469 -1.016036  
561 25.700000 -2.987328 -1.012158  
562 25.710000 -2.977226 -1.008296  
563 25.720000 -2.967162 -1.004448  
564 25.730000 -2.957137 -1.000616  
565 25.740000 -2.947150 -0.996798  
566 25.750000 -2.937201 -0.992996  
567 25.760000 -2.927290 -0.989209  
568 25.770000 -2.917417 -0.985437  
569 25.780000 -2.907581 -0.981680  
570 25.790000 -2.897783 -0.977938  
571 25.800000 -2.888022 -0.974212  
572 25.810000 -2.878299 -0.970500  
573 25.820000 -2.868612 -0.966804  
574 25.830000 -2.858963 -0.963123  
575 25.840000 -2.849350 -0.959457  
576 25.850000 -2.839773 -0.955806  
577 25.860000 -2.830234 -0.952171  
578 25.870000 -2.820730 -0.948550  
579 25.880000 -2.811263 -0.944945  
580 25.890000 -2.801831 -0.941355  
581 25.900000 -2.792435 -0.937779  
582 25.910000 -2.783075 -0.934219  
583 25.920000 -2.773751 -0.930674  
584 25.930000 -2.764462 -0.927144  
585 25.940000 -2.755208 -0.923629  
586 25.950000 -2.745989 -0.920129  
587 25.960000 -2.736805 -0.916644  
588 25.970000 -2.727656 -0.913174  
589 25.980000 -2.718542 -0.909718  
590 25.990000 -2.709462 -0.906278  
591 26.000000 -2.700416 -0.902852  
592 26.010000 -2.691405 -0.899441  
593 26.020000 -2.682427 -0.896045  
594 26.030000 -2.673484 -0.892664  
595 26.040000 -2.664574 -0.889297  
596 26.050000 -2.655698 -0.885945  
597 26.060000 -2.646855 -0.882608  
598 26.070000 -2.638046 -0.879285  
599 26.080000 -2.629269 -0.875977  
600 26.090000 -2.620526 -0.872683  
601 26.100000 -2.611816 -0.869404  
602 26.110000 -2.603138 -0.866139  
603 26.120000 -2.594493 -0.862889  
604 26.130000 -2.585880 -0.859653  
605 26.140000 -2.577300 -0.856431  
606 26.150000 -2.568751 -0.853224  
607 26.160000 -2.560235 -0.850030  
608 26.170000 -2.551751 -0.846851  
609 26.180000 -2.543298 -0.843686  
610 26.190000 -2.534877 -0.840535  
611 26.200000 -2.526487 -0.837398  
612 26.210000 -2.518129 -0.834275  
613 26.220000 -2.509802 -0.831166  
614 26.230000 -2.501506 -0.828071  
615 26.240000 -2.493240 -0.824990  
616 26.250000 -2.485006 -0.821922  
617 26.260000 -2.476802 -0.818868  
618 26.270000 -2.468628 -0.815828  
619 26.280000 -2.460485 -0.812802  
620 26.290000 -2.452372 -0.809789  
621 26.300000 -2.444289 -0.806789  
622 26.310000 -2.436236 -0.803803  
623 26.320000 -2.428213 -0.800830  
624 26.330000 -2.420220 -0.797871  
625 26.340000 -2.412256 -0.794925  
626 26.350000 -2.404321 -0.791993  
627 26.360000 -2.396416 -0.789073  
628 26.370000 -2.388540 -0.786167  
629 26.380000 -2.380693 -0.783274  
630 26.390000 -2.372874 -0.780393  
631 26.400000 -2.365085 -0.777526  
632 26.410000 -2.357324 -0.774672  
633 26.420000 -2.349591 -0.771830  
634 26.430000 -2.341887 -0.769002  
635 26.440000 -2.334211 -0.766186  
636 26.450000 -2.326563 -0.763383  
637 26.460000 -2.318943 -0.760592  
638 26.470000 -2.311351 -0.757814  
639 26.480000 -2.303787 -0.755049  
640 26.490000 -2.296250 -0.752296  
641 26.500000 -2.288741 -0.749556  
642 26.510000 -2.281259 -0.746828  
643 26.520000 -2.273804 -0.744112  
644 26.530000 -2.266377 -0.741409  
645 26.540000 -2.258976 -0.738718  
646 26.550000 -2.251602 -0.736039  
647 26.560000 -2.244255 -0.733372  
648 26.570000 -2.236935 -0.730717  
649 26.580000 -2.229641 -0.728074  
650 26.590000 -2.222373 -0.725443  
651 26.600000 -2.215132 -0.722824  
652 26.610000 -2.207917 -0.720217  
653 26.620000 -2.200728 -0.717621  
654 26.630000 -2.193565 -0.715037  
655 26.640000 -2.186427 -0.712465  
656 26.650000 -2.179315 -0.709905  
657 26.660000 -2.172229 -0.707356  
658 26.670000 -2.165168 -0.704818  
659 26.680000 -2.158132 -0.702292  
660 26.690000 -2.151122 -0.699778  
661 26.700000 -2.144137 -0.697274  
662 26.710000 -2.137177 -0.694782  
663 26.720000 -2.130241 -0.692302  
664 26.730000 -2.123331 -0.689832  
665 26.740000 -2.116445 -0.687374  
666 26.750000 -2.109583 -0.684926  
667 26.760000 -2.102746 -0.682490  
668 26.770000 -2.095933 -0.680064  
669 26.780000 -2.089145 -0.677650  
670 26.790000 -2.082380 -0.675246  
671 26.800000 -2.075640 -0.672853  
672 26.810000 -2.068923 -0.670471  
673 26.820000 -2.062230 -0.668100  
674 26.830000 -2.055561 -0.665739  
675 26.840000 -2.048915 -0.663389  
676 26.850000 -2.042293 -0.661049  
677 26.860000 -2.035694 -0.658720  
678 26.870000 -2.029119 -0.656401  
679 26.880000 -2.022566 -0.654093  
680 26.890000 -2.016037 -0.651795  
681 26.900000 -2.009530 -0.649507  
682 26.910000 -2.003047 -0.647230  
683 26.920000 -1.996586 -0.644962  
684 26.930000 -1.990147 -0.642705  
685 26.940000 -1.983732 -0.640458  
686 26.950000 -1.977338 -0.638221  
687 26.960000 -1.970967 -0.635994  
688 26.970000 -1.964618 -0.633776  
689 26.980000 -1.958292 -0.631569  
690 26.990000 -1.951987 -0.629371  
691 27.000000 -1.945704 -0.627184  
692 27.010000 -1.939443 -0.625006  
693 27.020000 -1.933204 -0.622837  
694 27.030000 -1.926986 -0.620679  
695 27.040000 -1.920790 -0.618529  
696 27.050000 -1.914616 -0.616390  
697 27.060000 -1.908463 -0.614260  
698 27.070000 -1.902331 -0.612139  
699 27.080000 -1.896220 -0.610028  
700 27.090000 -1.890130 -0.607926  
701 27.100000 -1.884061 -0.605833  
702 27.110000 -1.878013 -0.603750  
703 27.120000 -1.871986 -0.601675  
704 27.130000 -1.865980 -0.599610  
705 27.140000 -1.859994 -0.597554  
706 27.150000 -1.854029 -0.595507  
707 27.160000 -1.848084 -0.593470  
708 27.170000 -1.842159 -0.591441  
709 27.180000 -1.836255 -0.589421  
710 27.190000 -1.830371 -0.587409  
711 27.200000 -1.824507 -0.585407  
712 27.210000 -1.818663 -0.583414  
713 27.220000 -1.812838 -0.581429  
714 27.230000 -1.807034 -0.579453  
715 27.240000 -1.801249 -0.577485  
716 27.250000 -1.795484 -0.575526  
717 27.260000 -1.789739 -0.573576  
718 27.270000 -1.784013 -0.571634  
719 27.280000 -1.778306 -0.569701  
720 27.290000 -1.772619 -0.567776  
721 27.300000 -1.766951 -0.565860  
722 27.310000 -1.761301 -0.563952  
723 27.320000 -1.755671 -0.562052  
724 27.330000 -1.750060 -0.560160  
725 27.340000 -1.744468 -0.558277  
726 27.350000 -1.738895 -0.556402  
727 27.360000 -1.733340 -0.554535  
728 27.370000 -1.727804 -0.552676  
729 27.380000 -1.722287 -0.550825  
730 27.390000 -1.716788 -0.548982  
731 27.400000 -1.711307 -0.547147  
732 27.410000 -1.705845 -0.545320  
733 27.420000 -1.700401 -0.543501  
734 27.430000 -1.694975 -0.541690  
735 27.440000 -1.689567 -0.539886  
736 27.450000 -1.684177 -0.538091  
737 27.460000 -1.678805 -0.536303  
738 27.470000 -1.673451 -0.534522  
739 27.480000 -1.668114 -0.532750  
740 27.490000 -1.662796 -0.530985  
741 27.500000 -1.657495 -0.529227  
742 27.510000 -1.652211 -0.527477  
743 27.520000 -1.646945 -0.525735  
744 27.530000 -1.641696 -0.524000  
745 27.540000 -1.636465 -0.522272  
746 27.550000 -1.631251 -0.520552  
747 27.560000 -1.626054 -0.518839  
748 27.570000 -1.620874 -0.517134  
749 27.580000 -1.615711 -0.515436  
750 27.590000 -1.610565 -0.513745  
751 27.600000 -1.605436 -0.512061  
752 27.610000 -1.600324 -0.510384  
753 27.620000 -1.595229 -0.508715  
754 27.630000 -1.590150 -0.507052  
755 27.640000 -1.585088 -0.505397  
756 27.650000 -1.580042 -0.503748  
757 27.660000 -1.575013 -0.502107  
758 27.670000 -1.570000 -0.500472  
759 27.680000 -1.565003 -0.498845  
760 27.690000 -1.560023 -0.497224  
761 27.700000 -1.555059 -0.495610  
762 27.710000 -1.550111 -0.494003  
763 27.720000 -1.545179 -0.492403  
764 27.730000 -1.540263 -0.490809  
765 27.740000 -1.535362 -0.489222  
766 27.750000 -1.530478 -0.487642  
767 27.760000 -1.525610 -0.486068  
768 27.770000 -1.520757 -0.484501  
769 27.780000 -1.515919 -0.482941  
770 27.790000 -1.511098 -0.481387  
771 27.800000 -1.506292 -0.479839  
772 27.810000 -1.501501 -0.478298  
773 27.820000 -1.496726 -0.476764  
774 27.830000 -1.491966 -0.475235  
775 27.840000 -1.487221 -0.473714  
776 27.850000 -1.482491 -0.472198  
777 27.860000 -1.477777 -0.470689  
778 27.870000 -1.473078 -0.469186  
779 27.880000 -1.468393 -0.467689  
780 27.890000 -1.463724 -0.466199  
781 27.900000 -1.459069 -0.464715  
782 27.910000 -1.454430 -0.463236  
783 27.920000 -1.449805 -0.461764  
784 27.930000 -1.445194 -0.460298  
785 27.940000 -1.440599 -0.458839  
786 27.950000 -1.436017 -0.457385  
787 27.960000 -1.431451 -0.455937  
788 27.970000 -1.426899 -0.454495  
789 27.980000 -1.422361 -0.453059  
790 27.990000 -1.417837 -0.451629  
791 28.000000 -1.413328 -0.450204  
792 28.010000 -1.408833 -0.448786  
793 28.020000 -1.404353 -0.447373  
794 28.030000 -1.399886 -0.445967  
795 28.040000 -1.395433 -0.444566  
796 28.050000 -1.390995 -0.443170  
797 28.060000 -1.386570 -0.441781  
798 28.070000 -1.382159 -0.440397  
799 28.080000 -1.377762 -0.439018  
800 28.090000 -1.373379 -0.437646  
801 28.100000 -1.369009 -0.436278  
802 28.110000 -1.364653 -0.434917  
803 28.120000 -1.360311 -0.433561  
804 28.130000 -1.355982 -0.432210  
805 28.140000 -1.351666 -0.430865  
806 28.150000 -1.347364 -0.429526  
807 28.160000 -1.343076 -0.428191  
808 28.170000 -1.338801 -0.426863  
809 28.180000 -1.334539 -0.425539  
810 28.190000 -1.330290 -0.424221  
811 28.200000 -1.326054 -0.422908  
812 28.210000 -1.321832 -0.421601  
813 28.220000 -1.317622 -0.420298  
814 28.230000 -1.313426 -0.419001  
815 28.240000 -1.309242 -0.417710  
816 28.250000 -1.305071 -0.416423  
817 28.260000 -1.300914 -0.415141  
818 28.270000 -1.296769 -0.413865  
819 28.280000 -1.292636 -0.412594  
820 28.290000 -1.288517 -0.411328  
821 28.300000 -1.284410 -0.410067  
822 28.310000 -1.280315 -0.408810  
823 28.320000 -1.276233 -0.407559  
824 28.330000 -1.272164 -0.406313  
825 28.340000 -1.268107 -0.405072  
826 28.350000 -1.264063 -0.403836  
827 28.360000 -1.260030 -0.402605  
828 28.370000 -1.256011 -0.401378  
829 28.380000 -1.252003 -0.400157  
830 28.390000 -1.248007 -0.398940  
831 28.400000 -1.244024 -0.397728  
832 28.410000 -1.240053 -0.396521  
833 28.420000 -1.236094 -0.395319  
834 28.430000 -1.232146 -0.394121  
835 28.440000 -1.228211 -0.392928  
836 28.450000 -1.224288 -0.391740  
837 28.460000 -1.220376 -0.390557  
838 28.470000 -1.216477 -0.389378  
839 28.480000 -1.212589 -0.388204  
840 28.490000 -1.208713 -0.387034  
841 28.500000 -1.204848 -0.385869  
842 28.510000 -1.200995 -0.384708  
843 28.520000 -1.197154 -0.383553  
844 28.530000 -1.193324 -0.382401  
845 28.540000 -1.189506 -0.381254  
846 28.550000 -1.185699 -0.380112  
847 28.560000 -1.181904 -0.378974  
848 28.570000 -1.178120 -0.377840  
849 28.580000 -1.174347 -0.376711  
850 28.590000 -1.170585 -0.375586  
851 28.600000 -1.166835 -0.374466  
852 28.610000 -1.163096 -0.373350  
853 28.620000 -1.159368 -0.372238  
854 28.630000 -1.155651 -0.371131  
855 28.640000 -1.151945 -0.370028  
856 28.650000 -1.148251 -0.368929  
857 28.660000 -1.144567 -0.367834  
858 28.670000 -1.140894 -0.366744  
859 28.680000 -1.137232 -0.365658  
860 28.690000 -1.133581 -0.364576  
861 28.700000 -1.129940 -0.363498  
862 28.710000 -1.126311 -0.362425  
863 28.720000 -1.122692 -0.361355  
864 28.730000 -1.119084 -0.360290  
865 28.740000 -1.115486 -0.359228  
866 28.750000 -1.111899 -0.358171  
867 28.760000 -1.108323 -0.357118  
868 28.770000 -1.104757 -0.356068  
869 28.780000 -1.101201 -0.355023  
870 28.790000 -1.097656 -0.353982  
871 28.800000 -1.094122 -0.352945  
872 28.810000 -1.090597 -0.351912  
873 28.820000 -1.087083 -0.350882  
874 28.830000 -1.083580 -0.349857  
875 28.840000 -1.080086 -0.348835  
876 28.850000 -1.076603 -0.347818  
877 28.860000 -1.073130 -0.346804  
878 28.870000 -1.069667 -0.345794  
879 28.880000 -1.066214 -0.344788  
880 28.890000 -1.062771 -0.343785  
881 28.900000 -1.059338 -0.342787  
882 28.910000 -1.055915 -0.341792  
883 28.920000 -1.052502 -0.340801  
884 28.930000 -1.049099 -0.339814  
885 28.940000 -1.045706 -0.338830  
886 28.950000 -1.042323 -0.337850  
887 28.960000 -1.038949 -0.336874  
888 28.970000 -1.035585 -0.335902  
889 28.980000 -1.032231 -0.334933  
890 28.990000 -1.028887 -0.333967  
891 29.000000 -1.025552 -0.333006  
892 29.010000 -1.022226 -0.332048  
893 29.020000 -1.018911 -0.331093  
894 29.030000 -1.015605 -0.330143  
895 29.040000 -1.012308 -0.329195  
896 29.050000 -1.009021 -0.328251  
897 29.060000 -1.005743 -0.327311  
898 29.070000 -1.002474 -0.326374  
899 29.080000 -0.999215 -0.325441  
900 29.090000 -0.995966 -0.324511  
901 29.100000 -0.992725 -0.323585  
902 29.110000 -0.989494 -0.322662  
903 29.120000 -0.986272 -0.321742  
904 29.130000 -0.983059 -0.320826  
905 29.140000 -0.979855 -0.319914  
906 29.150000 -0.976661 -0.319004  
907 29.160000 -0.973475 -0.318098  
908 29.170000 -0.970299 -0.317196  
909 29.180000 -0.967131 -0.316296  
910 29.190000 -0.963973 -0.315400  
911 29.200000 -0.960823 -0.314508  
912 29.210000 -0.957683 -0.313618  
913 29.220000 -0.954551 -0.312732  
914 29.230000 -0.951428 -0.311849  
915 29.240000 -0.948314 -0.310969  
916 29.250000 -0.945209 -0.310093  
917 29.260000 -0.942112 -0.309220  
918 29.270000 -0.939024 -0.308350  
919 29.280000 -0.935945 -0.307483  
920 29.290000 -0.932874 -0.306619  
921 29.300000 -0.929813 -0.305758  
922 29.310000 -0.926759 -0.304901  
923 29.320000 -0.923715 -0.304047  
924 29.330000 -0.920678 -0.303195  
925 29.340000 -0.917651 -0.302347  
926 29.350000 -0.914631 -0.301502  
927 29.360000 -0.911621 -0.300660  
928 29.370000 -0.908618 -0.299821  
929 29.380000 -0.905624 -0.298986  
930 29.390000 -0.902638 -0.298153  
931 29.400000 -0.899661 -0.297323  
932 29.410000 -0.896692 -0.296496  
933 29.420000 -0.893731 -0.295672  
934 29.430000 -0.890779 -0.294851  
935 29.440000 -0.887834 -0.294033  
936 29.450000 -0.884898 -0.293218  
937 29.460000 -0.881970 -0.292406  
938 29.470000 -0.879050 -0.291597  
939 29.480000 -0.876138 -0.290791  
940 29.490000 -0.873234 -0.289988  
941 29.500000 -0.870338 -0.289187  
942 29.510000 -0.867450 -0.288389  
943 29.520000 -0.864570 -0.287595  
944 29.530000 -0.861698 -0.286803  
945 29.540000 -0.858834 -0.286014  
946 29.550000 -0.855978 -0.285227  
947 29.560000 -0.853130 -0.284444  
948 29.570000 -0.850289 -0.283663  
949 29.580000 -0.847456 -0.282885  
950 29.590000 -0.844631 -0.282110  
951 29.600000 -0.841814 -0.281338  
952 29.610000 -0.839005 -0.280568  
953 29.620000 -0.836203 -0.279801  
954 29.630000 -0.833409 -0.279037  
955 29.640000 -0.830622 -0.278276  
956 29.650000 -0.827843 -0.277517  
957 29.660000 -0.825072 -0.276761  
958 29.670000 -0.822308 -0.276007  
959 29.680000 -0.819551 -0.275257  
960 29.690000 -0.816803 -0.274508  
961 29.700000 -0.814061 -0.273763  
962 29.710000 -0.811327 -0.273020  
963 29.720000 -0.808601 -0.272280  
964 29.730000 -0.805882 -0.271542  
965 29.740000 -0.803170 -0.270807  
966 29.750000 -0.800466 -0.270075  
967 29.760000 -0.797769 -0.269345  
968 29.770000 -0.795079 -0.268617  
969 29.780000 -0.792396 -0.267892  
970 29.790000 -0.789721 -0.267170  
971 29.800000 -0.787053 -0.266450  
972 29.810000 -0.784392 -0.265733  
973 29.820000 -0.781738 -0.265018  
974 29.830000 -0.779092 -0.264306  
975 29.840000 -0.776452 -0.263596  
976 29.850000 -0.773820 -0.262889  
977 29.860000 -0.771194 -0.262184  
978 29.870000 -0.768576 -0.261482  
979 29.880000 -0.765965 -0.260782  
980 29.890000 -0.763360 -0.260084  
981 29.900000 -0.760763 -0.259389  
982 29.910000 -0.758172 -0.258696  
983 29.920000 -0.755589 -0.258006  
984 29.930000 -0.753012 -0.257318  
985 29.940000 -0.750443 -0.256632  
986 29.950000 -0.747880 -0.255949  
987 29.960000 -0.745324 -0.255268  
988 29.970000 -0.742774 -0.254590  
989 29.980000 -0.740232 -0.253913  
990 29.990000 -0.737696 -0.253240  
991 30.000000 -0.735167 -0.252568  
992 30.010000 -0.732645 -0.251899  
993 30.020000 -0.730129 -0.251232  
994 30.030000 -0.727620 -0.250567  
995 30.040000 -0.725118 -0.249905  
996 30.050000 -0.722622 -0.249245  
997 30.060000 -0.720133 -0.248587  
998 30.070000 -0.717650 -0.247931  
999 30.080000 -0.715174 -0.247278  
1000 30.090000 -0.712705 -0.246627  
1001 30.100000 -0.710242 -0.245978  
1002 30.110000 -0.707785 -0.245331  
1003 30.120000 -0.705335 -0.244686  
1004 30.130000 -0.702891 -0.244044  
1005 30.140000 -0.700454 -0.243404  
1006 30.150000 -0.698023 -0.242766  
1007 30.160000 -0.695599 -0.242130  
1008 30.170000 -0.693181 -0.241496  
1009 30.180000 -0.690769 -0.240865  
1010 30.190000 -0.688363 -0.240235  
1011 30.200000 -0.685964 -0.239608  
1012 30.210000 -0.683571 -0.238983  
1013 30.220000 -0.681184 -0.238360  
1014 30.230000 -0.678804 -0.237739  
1015 30.240000 -0.676430 -0.237120  
1016 30.250000 -0.674062 -0.236503  
1017 30.260000 -0.671700 -0.235888  
1018 30.270000 -0.669344 -0.235276  
1019 30.280000 -0.666994 -0.234665  
1020 30.290000 -0.664650 -0.234057  
1021 30.300000 -0.662313 -0.233450  
1022 30.310000 -0.659981 -0.232846  
1023 30.320000 -0.657656 -0.232243  
1024 30.330000 -0.655337 -0.231643  
1025 30.340000 -0.653023 -0.231044  
1026 30.350000 -0.650716 -0.230448  
1027 30.360000 -0.648414 -0.229853  
1028 30.370000 -0.646119 -0.229261  
1029 30.380000 -0.643829 -0.228670  
1030 30.390000 -0.641545 -0.228082  
1031 30.400000 -0.639267 -0.227495  
1032 30.410000 -0.636995 -0.226911  
1033 30.420000 -0.634729 -0.226328  
1034 30.430000 -0.632469 -0.225747  
1035 30.440000 -0.630214 -0.225168  
1036 30.450000 -0.627965 -0.224591  
1037 30.460000 -0.625722 -0.224016  
1038 30.470000 -0.623485 -0.223443  
1039 30.480000 -0.621253 -0.222872  
1040 30.490000 -0.619028 -0.222303  
1041 30.500000 -0.616807 -0.221735  
1042 30.510000 -0.614593 -0.221170  
1043 30.520000 -0.612384 -0.220606  
1044 30.530000 -0.610181 -0.220044  
1045 30.540000 -0.607983 -0.219484  
1046 30.550000 -0.605791 -0.218926  
1047 30.560000 -0.603605 -0.218369  
1048 30.570000 -0.601424 -0.217815  
1049 30.580000 -0.599248 -0.217262  
1050 30.590000 -0.597078 -0.216711  
1051 30.600000 -0.594914 -0.216162  
1052 30.610000 -0.592755 -0.215615  
1053 30.620000 -0.590602 -0.215069  
1054 30.630000 -0.588454 -0.214525  
1055 30.640000 -0.586311 -0.213983  
1056 30.650000 -0.584174 -0.213443  
1057 30.660000 -0.582042 -0.212905  
1058 30.670000 -0.579916 -0.212368  
1059 30.680000 -0.577795 -0.211833  
1060 30.690000 -0.575679 -0.211300  
1061 30.700000 -0.573569 -0.210768  
1062 30.710000 -0.571464 -0.210239  
1063 30.720000 -0.569364 -0.209711  
1064 30.730000 -0.567270 -0.209184  
1065 30.740000 -0.565181 -0.208660  
1066 30.750000 -0.563097 -0.208137  
1067 30.760000 -0.561018 -0.207615  
1068 30.770000 -0.558944 -0.207096  
1069 30.780000 -0.556876 -0.206578  
1070 30.790000 -0.554813 -0.206062  
1071 30.800000 -0.552755 -0.205547  
1072 30.810000 -0.550702 -0.205034  
1073 30.820000 -0.548654 -0.204523  
1074 30.830000 -0.546611 -0.204013  
1075 30.840000 -0.544574 -0.203505  
1076 30.850000 -0.542541 -0.202999  
1077 30.860000 -0.540514 -0.202494  
1078 30.870000 -0.538491 -0.201991  
1079 30.880000 -0.536474 -0.201490  
1080 30.890000 -0.534461 -0.200990  
1081 30.900000 -0.532454 -0.200491  
1082 30.910000 -0.530452 -0.199995  
1083 30.920000 -0.528454 -0.199500  
1084 30.930000 -0.526462 -0.199006  
1085 30.940000 -0.524474 -0.198514  
1086 30.950000 -0.522491 -0.198024  
1087 30.960000 -0.520514 -0.197535  
1088 30.970000 -0.518541 -0.197047  
1089 30.980000 -0.516573 -0.196562  
1090 30.990000 -0.514609 -0.196077  
1091 31.000000 -0.512651 -0.195595  
1092 31.010000 -0.510698 -0.195114  
1093 31.020000 -0.508749 -0.194634  
1094 31.030000 -0.506805 -0.194156  
1095 31.040000 -0.504866 -0.193679  
1096 31.050000 -0.502931 -0.193204  
1097 31.060000 -0.501002 -0.192731  
1098 31.070000 -0.499077 -0.192258  
1099 31.080000 -0.497156 -0.191788  
1100 31.090000 -0.495241 -0.191319  
1101 31.100000 -0.493330 -0.190851  
1102 31.110000 -0.491424 -0.190385  
1103 31.120000 -0.489522 -0.189920  
1104 31.130000 -0.487625 -0.189457  
1105 31.140000 -0.485733 -0.188995  
1106 31.150000 -0.483846 -0.188535  
1107 31.160000 -0.481962 -0.188076  
1108 31.170000 -0.480084 -0.187618  
1109 31.180000 -0.478210 -0.187162  
1110 31.190000 -0.476341 -0.186708  
1111 31.200000 -0.474476 -0.186254  
1112 31.210000 -0.472616 -0.185803  
1113 31.220000 -0.470760 -0.185352  
1114 31.230000 -0.468909 -0.184903  
1115 31.240000 -0.467062 -0.184456  
1116 31.250000 -0.465220 -0.184009  
1117 31.260000 -0.463382 -0.183565  
1118 31.270000 -0.461548 -0.183121  
1119 31.280000 -0.459719 -0.182679  
1120 31.290000 -0.457895 -0.182239  
1121 31.300000 -0.456074 -0.181799  
1122 31.310000 -0.454259 -0.181361  
1123 31.320000 -0.452447 -0.180925  
1124 31.330000 -0.450640 -0.180489  
1125 31.340000 -0.448837 -0.180056  
1126 31.350000 -0.447039 -0.179623  
1127 31.360000 -0.445245 -0.179192  
1128 31.370000 -0.443455 -0.178762  
1129 31.380000 -0.441670 -0.178333  
1130 31.390000 -0.439889 -0.177906  
1131 31.400000 -0.438112 -0.177480  
1132 31.410000 -0.436339 -0.177055  
1133 31.420000 -0.434570 -0.176632  
1134 31.430000 -0.432806 -0.176210  
1135 31.440000 -0.431046 -0.175789  
1136 31.450000 -0.429290 -0.175370  
1137 31.460000 -0.427539 -0.174952  
1138 31.470000 -0.425791 -0.174535  
1139 31.480000 -0.424048 -0.174119  
1140 31.490000 -0.422309 -0.173705  
1141 31.500000 -0.420574 -0.173292  
1142 31.510000 -0.418843 -0.172880  
1143 31.520000 -0.417116 -0.172470  
1144 31.530000 -0.415394 -0.172060  
1145 31.540000 -0.413675 -0.171652  
1146 31.550000 -0.411961 -0.171245  
1147 31.560000 -0.410250 -0.170840  
1148 31.570000 -0.408544 -0.170436  
1149 31.580000 -0.406842 -0.170032  
1150 31.590000 -0.405143 -0.169631  
1151 31.600000 -0.403449 -0.169230  
1152 31.610000 -0.401759 -0.168830  
1153 31.620000 -0.400072 -0.168432  
1154 31.630000 -0.398390 -0.168035  
1155 31.640000 -0.396712 -0.167639  
1156 31.650000 -0.395037 -0.167245  
1157 31.660000 -0.393367 -0.166851  
1158 31.670000 -0.391700 -0.166459  
1159 31.680000 -0.390038 -0.166068  
1160 31.690000 -0.388379 -0.165678  
1161 31.700000 -0.386724 -0.165289  
1162 31.710000 -0.385073 -0.164902  
1163 31.720000 -0.383426 -0.164515  
1164 31.730000 -0.381783 -0.164130  
1165 31.740000 -0.380143 -0.163746  
1166 31.750000 -0.378508 -0.163363  
1167 31.760000 -0.376876 -0.162981  
1168 31.770000 -0.375248 -0.162601  
1169 31.780000 -0.373624 -0.162221  
1170 31.790000 -0.372004 -0.161843  
1171 31.800000 -0.370387 -0.161466  
1172 31.810000 -0.368774 -0.161089  
1173 31.820000 -0.367165 -0.160714  
1174 31.830000 -0.365560 -0.160341  
1175 31.840000 -0.363959 -0.159968  
1176 31.850000 -0.362361 -0.159596  
1177 31.860000 -0.360767 -0.159226  
1178 31.870000 -0.359176 -0.158856  
1179 31.880000 -0.357590 -0.158488  
1180 31.890000 -0.356007 -0.158121  
1181 31.900000 -0.354427 -0.157755  
1182 31.910000 -0.352851 -0.157389  
1183 31.920000 -0.351279 -0.157026  
1184 31.930000 -0.349711 -0.156663  
1185 31.940000 -0.348146 -0.156301  
1186 31.950000 -0.346585 -0.155940  
1187 31.960000 -0.345027 -0.155580  
1188 31.970000 -0.343473 -0.155222  
1189 31.980000 -0.341923 -0.154864  
1190 31.990000 -0.340376 -0.154508  
1191 32.000000 -0.338833 -0.154152  
1192 32.010000 -0.337293 -0.153798  
1193 32.020000 -0.335757 -0.153444  
1194 32.030000 -0.334224 -0.153092  
1195 32.040000 -0.332695 -0.152741  
1196 32.050000 -0.331169 -0.152390  
1197 32.060000 -0.329647 -0.152041  
1198 32.070000 -0.328128 -0.151693  
1199 32.080000 -0.326613 -0.151346  
1200 32.090000 -0.325102 -0.151000  
1201 32.100000 -0.323593 -0.150655  
1202 32.110000 -0.322088 -0.150310  
1203 32.120000 -0.320587 -0.149967  
1204 32.130000 -0.319089 -0.149625  
1205 32.140000 -0.317595 -0.149284  
1206 32.150000 -0.316103 -0.148944  
1207 32.160000 -0.314616 -0.148605  
1208 32.170000 -0.313131 -0.148266  
1209 32.180000 -0.311650 -0.147929  
1210 32.190000 -0.310173 -0.147593  
1211 32.200000 -0.308698 -0.147258  
1212 32.210000 -0.307228 -0.146924  
1213 32.220000 -0.305760 -0.146590  
1214 32.230000 -0.304296 -0.146258  
1215 32.240000 -0.302835 -0.145927  
1216 32.250000 -0.301377 -0.145596  
1217 32.260000 -0.299923 -0.145267  
1218 32.270000 -0.298472 -0.144938  
1219 32.280000 -0.297024 -0.144611  
1220 32.290000 -0.295580 -0.144284  
1221 32.300000 -0.294138 -0.143959  
1222 32.310000 -0.292700 -0.143634  
1223 32.320000 -0.291266 -0.143310  
1224 32.330000 -0.289834 -0.142987  
1225 32.340000 -0.288406 -0.142665  
1226 32.350000 -0.286981 -0.142344  
1227 32.360000 -0.285559 -0.142024  
1228 32.370000 -0.284140 -0.141705  
1229 32.380000 -0.282725 -0.141387  
1230 32.390000 -0.281313 -0.141070  
1231 32.400000 -0.279904 -0.140753  
1232 32.410000 -0.278498 -0.140438  
1233 32.420000 -0.277095 -0.140123  
1234 32.430000 -0.275695 -0.139809  
1235 32.440000 -0.274299 -0.139497  
1236 32.450000 -0.272905 -0.139185  
1237 32.460000 -0.271515 -0.138874  
1238 32.470000 -0.270128 -0.138564  
1239 32.480000 -0.268744 -0.138254  
1240 32.490000 -0.267363 -0.137946  
1241 32.500000 -0.265985 -0.137639  
1242 32.510000 -0.264610 -0.137332  
1243 32.520000 -0.263238 -0.137026  
1244 32.530000 -0.261869 -0.136721  
1245 32.540000 -0.260504 -0.136417  
1246 32.550000 -0.259141 -0.136114  
1247 32.560000 -0.257781 -0.135812  
1248 32.570000 -0.256425 -0.135511  
1249 32.580000 -0.255071 -0.135210  
1250 32.590000 -0.253721 -0.134910  
1251 32.600000 -0.252373 -0.134611  
1252 32.610000 -0.251028 -0.134313  
1253 32.620000 -0.249687 -0.134016  
1254 32.630000 -0.248348 -0.133720  
1255 32.640000 -0.247012 -0.133424  
1256 32.650000 -0.245680 -0.133130  
1257 32.660000 -0.244350 -0.132836  
1258 32.670000 -0.243023 -0.132543  
1259 32.680000 -0.241699 -0.132251  
1260 32.690000 -0.240378 -0.131959  
1261 32.700000 -0.239060 -0.131669  
1262 32.710000 -0.237744 -0.131379  
1263 32.720000 -0.236432 -0.131090  
1264 32.730000 -0.235123 -0.130802  
1265 32.740000 -0.233816 -0.130515  
1266 32.750000 -0.232512 -0.130228  
1267 32.760000 -0.231211 -0.129943  
1268 32.770000 -0.229913 -0.129658  
1269 32.780000 -0.228618 -0.129374  
1270 32.790000 -0.227326 -0.129090  
1271 32.800000 -0.226036 -0.128808  
1272 32.810000 -0.224750 -0.128526  
1273 32.820000 -0.223466 -0.128245  
1274 32.830000 -0.222185 -0.127965  
1275 32.840000 -0.220907 -0.127686  
1276 32.850000 -0.219631 -0.127407  
1277 32.860000 -0.218359 -0.127129  
1278 32.870000 -0.217089 -0.126852  
1279 32.880000 -0.215821 -0.126576  
1280 32.890000 -0.214557 -0.126301  
1281 32.900000 -0.213295 -0.126026  
1282 32.910000 -0.212037 -0.125752  
1283 32.920000 -0.210780 -0.125479  
1284 32.930000 -0.209527 -0.125206  
1285 32.940000 -0.208276 -0.124934  
1286 32.950000 -0.207028 -0.124663  
1287 32.960000 -0.205783 -0.124393  
1288 32.970000 -0.204540 -0.124124  
1289 32.980000 -0.203301 -0.123855  
1290 32.990000 -0.202063 -0.123587  
1291 33.000000 -0.200829 -0.123320  
1292 33.010000 -0.199597 -0.123053  
1293 33.020000 -0.198368 -0.122788  
1294 33.030000 -0.197141 -0.122523  
1295 33.040000 -0.195917 -0.122258  
1296 33.050000 -0.194696 -0.121995  
1297 33.060000 -0.193477 -0.121732  
1298 33.070000 -0.192261 -0.121470  
1299 33.080000 -0.191048 -0.121208  
1300 33.090000 -0.189837 -0.120948  
1301 33.100000 -0.188629 -0.120688  
1302 33.110000 -0.187423 -0.120428  
1303 33.120000 -0.186220 -0.120170  
1304 33.130000 -0.185020 -0.119912  
1305 33.140000 -0.183822 -0.119655  
1306 33.150000 -0.182627 -0.119398  
1307 33.160000 -0.181434 -0.119143  
1308 33.170000 -0.180244 -0.118887  
1309 33.180000 -0.179056 -0.118633  
1310 33.190000 -0.177871 -0.118379  
1311 33.200000 -0.176689 -0.118127  
1312 33.210000 -0.175509 -0.117874  
1313 33.220000 -0.174331 -0.117623  
1314 33.230000 -0.173156 -0.117372  
1315 33.240000 -0.171984 -0.117121  
1316 33.250000 -0.170814 -0.116872  
1317 33.260000 -0.169647 -0.116623  
1318 33.270000 -0.168482 -0.116375  
1319 33.280000 -0.167319 -0.116127  
1320 33.290000 -0.166159 -0.115880  
1321 33.300000 -0.165001 -0.115634  
1322 33.310000 -0.163846 -0.115389  
1323 33.320000 -0.162694 -0.115144  
1324 33.330000 -0.161543 -0.114900  
1325 33.340000 -0.160396 -0.114656  
1326 33.350000 -0.159250 -0.114413  
1327 33.360000 -0.158107 -0.114171  
1328 33.370000 -0.156967 -0.113929  
1329 33.380000 -0.155829 -0.113688  
1330 33.390000 -0.154693 -0.113448  
1331 33.400000 -0.153560 -0.113209  
1332 33.410000 -0.152429 -0.112970  
1333 33.420000 -0.151300 -0.112731  
1334 33.430000 -0.150174 -0.112493  
1335 33.440000 -0.149051 -0.112256  
1336 33.450000 -0.147929 -0.112020  
1337 33.460000 -0.146810 -0.111784  
1338 33.470000 -0.145694 -0.111549  
1339 33.480000 -0.144579 -0.111314  
1340 33.490000 -0.143467 -0.111080  
1341 33.500000 -0.142358 -0.110847  
1342 33.510000 -0.141250 -0.110615  
1343 33.520000 -0.140145 -0.110382  
1344 33.530000 -0.139043 -0.110151  
1345 33.540000 -0.137942 -0.109920  
1346 33.550000 -0.136844 -0.109690  
1347 33.560000 -0.135748 -0.109460  
1348 33.570000 -0.134655 -0.109231  
1349 33.580000 -0.133564 -0.109003  
1350 33.590000 -0.132475 -0.108775  
1351 33.600000 -0.131388 -0.108548  
1352 33.610000 -0.130304 -0.108322  
1353 33.620000 -0.129222 -0.108096  
1354 33.630000 -0.128142 -0.107870  
1355 33.640000 -0.127064 -0.107646  
1356 33.650000 -0.125989 -0.107421  
1357 33.660000 -0.124916 -0.107198  
1358 33.670000 -0.123845 -0.106975  
1359 33.680000 -0.122777 -0.106752  
1360 33.690000 -0.121710 -0.106531  
1361 33.700000 -0.120646 -0.106309  
1362 33.710000 -0.119584 -0.106089  
1363 33.720000 -0.118524 -0.105869  
1364 33.730000 -0.117467 -0.105649  
1365 33.740000 -0.116411 -0.105430  
1366 33.750000 -0.115358 -0.105212  
1367 33.760000 -0.114307 -0.104994  
1368 33.770000 -0.113258 -0.104777  
1369 33.780000 -0.112211 -0.104561  
1370 33.790000 -0.111167 -0.104345  
1371 33.800000 -0.110124 -0.104129  
1372 33.810000 -0.109084 -0.103914  
1373 33.820000 -0.108046 -0.103700  
1374 33.830000 -0.107010 -0.103486  
1375 33.840000 -0.105976 -0.103273  
1376 33.850000 -0.104945 -0.103060  
1377 33.860000 -0.103915 -0.102848  
1378 33.870000 -0.102888 -0.102637  
1379 33.880000 -0.101863 -0.102426  
1380 33.890000 -0.100839 -0.102215  
1381 33.900000 -0.099818 -0.102005  
1382 33.910000 -0.098799 -0.101796  
1383 33.920000 -0.097782 -0.101587  
1384 33.930000 -0.096767 -0.101379  
1385 33.940000 -0.095755 -0.101171  
1386 33.950000 -0.094744 -0.100964  
1387 33.960000 -0.093735 -0.100757  
1388 33.970000 -0.092729 -0.100551  
1389 33.980000 -0.091724 -0.100346  
1390 33.990000 -0.090722 -0.100141  
1391 34.000000 -0.089722 -0.099936  
1392 34.010000 -0.088723 -0.099732  
1393 34.020000 -0.087727 -0.099529  
1394 34.030000 -0.086733 -0.099326  
1395 34.040000 -0.085740 -0.099123  
1396 34.050000 -0.084750 -0.098921  
1397 34.060000 -0.083762 -0.098720  
1398 34.070000 -0.082776 -0.098519  
1399 34.080000 -0.081792 -0.098319  
1400 34.090000 -0.080809 -0.098119  
1401 34.100000 -0.079829 -0.097920  
1402 34.110000 -0.078851 -0.097721  
1403 34.120000 -0.077875 -0.097523  
1404 34.130000 -0.076901 -0.097325  
1405 34.140000 -0.075928 -0.097128  
1406 34.150000 -0.074958 -0.096931  
1407 34.160000 -0.073990 -0.096735  
1408 34.170000 -0.073023 -0.096539  
1409 34.180000 -0.072059 -0.096344  
1410 34.190000 -0.071096 -0.096149  
1411 34.200000 -0.070136 -0.095955  
1412 34.210000 -0.069177 -0.095761  
1413 34.220000 -0.068221 -0.095568  
1414 34.230000 -0.067266 -0.095375  
1415 34.240000 -0.066313 -0.095183  
1416 34.250000 -0.065362 -0.094991  
1417 34.260000 -0.064413 -0.094800  
1418 34.270000 -0.063466 -0.094609  
1419 34.280000 -0.062521 -0.094419  
1420 34.290000 -0.061578 -0.094229  
1421 34.300000 -0.060637 -0.094040  
1422 34.310000 -0.059697 -0.093851  
1423 34.320000 -0.058760 -0.093663  
1424 34.330000 -0.057824 -0.093475  
1425 34.340000 -0.056890 -0.093287  
1426 34.350000 -0.055958 -0.093100  
1427 34.360000 -0.055028 -0.092914  
1428 34.370000 -0.054100 -0.092728  
1429 34.380000 -0.053174 -0.092543  
1430 34.390000 -0.052249 -0.092358  
1431 34.400000 -0.051326 -0.092173  
1432 34.410000 -0.050406 -0.091989  
1433 34.420000 -0.049487 -0.091805  
1434 34.430000 -0.048569 -0.091622  
1435 34.440000 -0.047654 -0.091439  
1436 34.450000 -0.046741 -0.091257  
1437 34.460000 -0.045829 -0.091075  
1438 34.470000 -0.044919 -0.090894  
1439 34.480000 -0.044011 -0.090713  
1440 34.490000 -0.043105 -0.090533  
1441 34.500000 -0.042200 -0.090353  
1442 34.510000 -0.041298 -0.090173  
1443 34.520000 -0.040397 -0.089994  
1444 34.530000 -0.039498 -0.089816  
1445 34.540000 -0.038601 -0.089637  
1446 34.550000 -0.037705 -0.089460  
1447 34.560000 -0.036811 -0.089282  
1448 34.570000 -0.035920 -0.089106  
1449 34.580000 -0.035029 -0.088929  
1450 34.590000 -0.034141 -0.088753  
1451 34.600000 -0.033254 -0.088578  
1452 34.610000 -0.032369 -0.088403  
1453 34.620000 -0.031486 -0.088228  
1454 34.630000 -0.030605 -0.088054  
1455 34.640000 -0.029725 -0.087880  
1456 34.650000 -0.028847 -0.087707  
1457 34.660000 -0.027971 -0.087534  
1458 34.670000 -0.027097 -0.087362  
1459 34.680000 -0.026224 -0.087190  
1460 34.690000 -0.025353 -0.087018  
1461 34.700000 -0.024483 -0.086847  
1462 34.710000 -0.023616 -0.086676  
1463 34.720000 -0.022750 -0.086506  
1464 34.730000 -0.021886 -0.086336  
1465 34.740000 -0.021023 -0.086166  
1466 34.750000 -0.020162 -0.085997  
1467 34.760000 -0.019303 -0.085829  
1468 34.770000 -0.018446 -0.085661  
1469 34.780000 -0.017590 -0.085493  
1470 34.790000 -0.016736 -0.085325  
1471 34.800000 -0.015884 -0.085158  
1472 34.810000 -0.015033 -0.084992  
1473 34.820000 -0.014184 -0.084826  
1474 34.830000 -0.013336 -0.084660  
1475 34.840000 -0.012490 -0.084495  
1476 34.850000 -0.011646 -0.084330  
1477 34.860000 -0.010804 -0.084165  
1478 34.870000 -0.009963 -0.084001  
1479 34.880000 -0.009124 -0.083838  
1480 34.890000 -0.008286 -0.083674  
1481 34.900000 -0.007450 -0.083511  
1482 34.910000 -0.006616 -0.083349  
1483 34.920000 -0.005783 -0.083187  
1484 34.930000 -0.004952 -0.083025  
1485 34.940000 -0.004123 -0.082864  
1486 34.950000 -0.003295 -0.082703  
1487 34.960000 -0.002469 -0.082543  
1488 34.970000 -0.001644 -0.082382  
1489 34.980000 -0.000821 -0.082223  
1490 34.990000 0.000000 -0.082063  
