1 10.100000 418598328113426688.000000 2348045450311842816.000000 
2 10.110000 177325822026825344.000000 904187915958601600.000000 
3 10.120000 80943750827681760.000000 378306552508160832.000000 
4 10.130000 39339831193483536.000000 169701347756107200.000000 
5 10.140000 20168713460168596.000000 80777918480523616.000000 
6 10.150000 10827215229384300.000000 40467495453936408.000000 
7 10.160000 6050142050632974.000000 21196135519373576.000000 
8 10.170000 3501967937771539.500000 11545070342967704.000000 
9 10.180000 2091253507961805.250000 6510010759733532.000000 
10 10.190000 1284054086418776.500000 3786024115379332.000000 
11 10.200000 808354738818307.625000 2263725248019622.500000 
12 10.210000 520480239979321.812500 1387799278286217.250000 
13 10.220000 342042006330801.625000 870322810442359.875000 
14 10.230000 229001562813052.718750 557196024207973.687500 
15 10.240000 155952706328761.500000 363533769423370.062500 
16 10.250000 107879482900534.562500 241334548370708.375000 
17 10.260000 75708277771879.968750 162794639493214.406250 
18 10.270000 53843577319690.242188 111450368157632.187500 
19 10.280000 38769438099484.562500 77352786697960.968750 
20 10.290000 28237973847899.484375 54375713910136.703125 
21 10.300000 20788715822369.398438 38680546974241.664062 
22 10.310000 15458482912605.183594 27822742247236.613281 
23 10.320000 11603130752197.445312 20221822869264.324219 
24 10.330000 8786221029402.902344 14841417467724.718750 
25 10.340000 6708410608072.428711 10992887105977.843750 
26 10.350000 5162017976426.931641 8212929564596.123047 
27 10.360000 4001392369466.567383 6186180165876.998047 
28 10.370000 3123342258894.442383 4695596485579.919922 
29 10.380000 2454052691937.965332 3590243205434.229492 
30 10.390000 1940240920328.123291 2764120411963.333984 
31 10.400000 1543113182031.467529 2142089710227.136230 
32 10.410000 1234193577825.145752 1670416866411.496582 
33 10.420000 992417415988.453491 1310351162789.238037 
34 10.430000 802087219253.240356 1033723754130.828979 
35 10.440000 651422898494.071411 819902091325.191284 
36 10.450000 531524886748.612854 653663992448.878906 
37 10.460000 435626776298.991394 523701157123.606567 
38 10.470000 358552585304.885437 421557291682.436462 
39 10.480000 296319802245.521667 340868841712.791077 
40 10.490000 245847063859.247589 276818113395.657227 
41 10.500000 204737475370.302765 225736607131.900970 
42 10.510000 171116991266.215607 184815369812.033447 
43 10.520000 143513139629.747742 151892129331.820801 
44 10.530000 120763493858.978088 125293889761.947342 
45 10.540000 101946211980.539124 103719845994.977356 
46 10.550000 86327042011.347092 86153792846.584015 
47 10.560000 73318682666.436478 71798239047.943268 
48 10.570000 62449465010.188026 60024585794.594887 
49 10.580000 53339102451.562950 50335261168.449570 
50 10.590000 45679827733.469658 42334800127.433319 
51 10.600000 39221655348.925941 35707652183.264305 
52 10.610000 33760817990.404900 30201073913.549835 
53 10.620000 29130656039.347939 25611883066.782063 
54 10.630000 25194411123.660896 21776158882.073467 
55 10.640000 21839503839.938808 18561200302.992443 
56 10.650000 18972973041.947048 15859222073.569298 
57 10.660000 16517827793.999786 13582394075.770790 
58 10.670000 14410119154.648241 11658923097.577442 
59 10.680000 12596581794.978422 10029946766.530769 
60 10.690000 11032728325.038998 8647062658.787220 
61 10.700000 9681304524.214823 7470355999.525642 
62 10.710000 8511033256.480346 6466820143.656219 
63 10.720000 7495590057.189600 5609087557.447098 
64 10.730000 6612765227.492502 4874407086.637826 
65 10.740000 5843776539.709409 4243817217.718903 
66 10.750000 5172703930.126228 3701475806.598541 
67 10.760000 4586023283.207417 3234115107.213505 
68 10.770000 4072220936.529938 2830597443.521851 
69 10.780000 3621474122.674705 2481551957.347092 
70 10.790000 3225385416.354065 2179076855.397837 
71 10.800000 2876761529.676399 1916494718.525752 
72 10.810000 2569428617.937622 1688150914.171504 
73 10.820000 2298077717.956348 1489247114.474150 
74 10.830000 2058135115.206126 1315703479.909929 
75 10.840000 1845653383.234998 1164044308.432164 
76 10.850000 1657219605.028456 1031302940.338888 
77 10.860000 1489877907.294270 914942502.017105 
78 10.870000 1341063943.793043 812789708.335049 
79 10.880000 1208549375.549572 722979455.927617 
80 10.890000 1090394732.152668 643908353.213148 
81 10.900000 984909313.821918 574195667.605885 
82 10.910000 890617020.036918 512650441.786515 
83 10.920000 806227176.550184 458243751.536229 
84 10.930000 730609585.984223 410085257.437274 
85 10.940000 662773153.949566 367403349.591362 
86 10.950000 601847547.562263 329528304.711664 
87 10.960000 547067430.313831 295877973.553327 
88 10.970000 497758889.642058 265945597.713877 
89 10.980000 453327733.860874 239289421.618444 
90 10.990000 413249385.446032 215523820.634095 
91 11.000000 377060139.769494 194311711.857897 
92 11.010000 344349593.643106 175358051.914939 
93 11.020000 314754077.633509 158404257.483318 
94 11.030000 287950950.999247 143223410.368932 
95 11.040000 263653639.064585 129616130.710783 
96 11.050000 241607310.531965 117407020.064222 
97 11.060000 221585107.183067 106441591.304456 
98 11.070000 203384851.072266 96583615.024186 
99 11.080000 186826165.045210 87712822.784647 
100 11.090000 171747951.526347 79722916.562513 
101 11.100000 158006182.268632 72519841.299563 
102 11.110000 145471958.359638 66020283.842005 
103 11.120000 134029805.409662 60150366.945756 
104 11.130000 123576173.658439 54844511.583738 
105 11.140000 114018116.853335 50044444.654834 
106 11.150000 105272127.278471 45698332.472747 
107 11.160000 97263107.339998 41760023.199264 
108 11.170000 89923460.712226 38188383.757702 
109 11.180000 83192288.285556 34946718.783147 
110 11.190000 77014676.083540 32002260.890856 
111 11.200000 71341063.977845 29325723.018016 
112 11.210000 66126685.464806 26890904.855382 
113 11.220000 61331070.007946 24674346.465981 
114 11.230000 56917600.525014 22655023.115327 
115 11.240000 52853119.529104 20814076.134105 
116 11.250000 49107578.241430 19134575.319375 
117 11.260000 45653723.695301 17601308.970393 
118 11.270000 42466819.461454 16200598.163823 
119 11.280000 39524396.156595 14920132.312279 
120 11.290000 36806028.360551 13748823.429665 
121 11.300000 34293134.971943 12676676.855153 
122 11.310000 31968800.385712 11694676.472139 
123 11.320000 29817614.184910 10794682.705130 
124 11.330000 27825527.309787 9969341.791745 
125 11.340000 25979722.904332 9212005.013052 
126 11.350000 24268500.248482 8516656.727446 
127 11.360000 22681170.366916 7877850.194249 
128 11.370000 21207962.065892 7290650.296163 
129 11.380000 19839937.290939 6750582.377012 
130 11.390000 18568914.822570 6253586.504905 
131 11.400000 17387401.436936 5795976.552928 
132 11.410000 16288529.755063 5374403.561191 
133 11.420000 15266002.089819 4985822.906909 
134 11.430000 14314039.675262 4627464.864303 
135 11.440000 13427336.729886 4296808.184469 
136 11.450000 12601018.864431 3991556.367890 
137 11.460000 11830605.397382 3709616.339596 
138 11.470000 11111975.187776 3449079.269910 
139 11.480000 10441335.636256 3208203.312648 
140 11.490000 9815194.541955 2985398.058225 
141 11.500000 9230334.535447 2779210.521619 
142 11.510000 8683789.837003 2588312.505098 
143 11.520000 8172825.115247 2411489.193159 
144 11.530000 7694916.244330 2247628.852734 
145 11.540000 7247732.778318 2095713.525464 
146 11.550000 6829121.979794 1954810.611092 
147 11.560000 6437094.256080 1824065.251789 
148 11.570000 6069809.871127 1702693.436913 
149 11.580000 5725566.814213 1589975.756151 
150 11.590000 5402789.718339 1485251.736644 
151 11.600000 5100019.731685 1387914.706395 
152 11.610000 4815905.254958 1297407.132278 
153 11.620000 4549193.465855 1213216.386319 
154 11.630000 4298722.559514 1134870.898675 
155 11.640000 4063414.640574 1061936.659982 
156 11.650000 3842269.208662 994014.039557 
157 11.660000 3634357.184568 930734.889319 
158 11.670000 3438815.429375 871759.906302 
159 11.680000 3254841.713272 816776.229382 
160 11.690000 3081690.094769 765495.248236 
161 11.700000 2918666.674722 717650.604728 
162 11.710000 2765125.692790 672996.368865 
163 11.720000 2620465.936967 631305.373228 
164 11.730000 2484127.439441 592367.691305 
165 11.740000 2355588.434500 555989.246621 
166 11.750000 2234362.556366 521990.540761 
167 11.760000 2119996.256811 490205.489563 
168 11.770000 2012066.424224 460480.357767 
169 11.780000 1910178.187390 432672.783302 
170 11.790000 1813962.888736 406650.883267 
171 11.800000 1723076.213135 382292.434361 
172 11.810000 1637196.459541 359484.121226 
173 11.820000 1556022.943876 338120.846751 
174 11.830000 1479274.522539 318105.098947 
175 11.840000 1406688.226847 299346.369484 
176 11.850000 1338017.999550 281760.619449 
177 11.860000 1273033.525273 265269.788265 
178 11.870000 1211519.147478 249801.342090 
179 11.880000 1153272.865113 235287.858347 
180 11.890000 1098105.402723 221666.643332 
181 11.900000 1045839.348283 208879.380112 
182 11.910000 996308.353514 196871.804189 
183 11.920000 949356.391856 185593.404611 
184 11.930000 904837.069671 174997.148422 
185 11.940000 862612.986617 165039.226531 
186 11.950000 822555.141451 155678.819238 
187 11.960000 784542.379824 146877.879814 
188 11.970000 748460.880919 138600.934660 
189 11.980000 714203.680009 130814.898721 
190 11.990000 681670.224272 123488.904903 
191 12.000000 650765.959385 116594.146394 
192 12.010000 621401.944638 110103.730836 
193 12.020000 593494.494461 103992.545432 
194 12.030000 566964.844447 98237.132099 
195 12.040000 541738.840073 92815.571894 
196 12.050000 517746.646496 87707.377981 
197 12.060000 494922.477882 82893.396467 
198 12.070000 473204.344892 78355.714505 
199 12.080000 452533.819007 74077.575100 
200 12.090000 432855.812508 70043.298093 
201 12.100000 414118.373005 66238.206870 
202 12.110000 396272.491479 62648.560331 
203 12.120000 379271.922907 59261.489748 
204 12.130000 363073.018574 56064.940124 
205 12.140000 347634.569277 53047.615718 
206 12.150000 332917.658657 50198.929427 
207 12.160000 318885.525967 47508.955736 
208 12.170000 305503.437627 44968.386968 
209 12.180000 292738.566970 42568.492592 
210 12.190000 280559.881620 40301.081364 
211 12.200000 268938.037988 38158.466092 
212 12.210000 257845.282403 36133.430831 
213 12.220000 247255.358443 34219.200338 
214 12.230000 237143.420035 32409.411615 
215 12.240000 227485.949965 30698.087392 
216 12.250000 218260.683414 29079.611418 
217 12.260000 209446.536211 27548.705413 
218 12.270000 201023.537478 26100.407585 
219 12.280000 192972.766392 24730.052578 
220 12.290000 185276.292789 23433.252774 
221 12.300000 177917.121359 22205.880824 
222 12.310000 170879.139213 21044.053354 
223 12.320000 164147.066589 19944.115737 
224 12.330000 157706.410512 18902.627877 
225 12.340000 151543.421205 17916.350912 
226 12.350000 145645.051090 16982.234803 
227 12.360000 139998.916207 16097.406717 
228 12.370000 134593.259901 15259.160171 
229 12.380000 129416.918638 14464.944875 
230 12.390000 124459.289810 13712.357230 
231 12.400000 119710.301414 12999.131433 
232 12.410000 115160.383486 12323.131155 
233 12.420000 110800.441174 11682.341745 
234 12.430000 106621.829367 11074.862932 
235 12.440000 102616.328763 10498.901981 
236 12.450000 98776.123308 9952.767293 
237 12.460000 95093.778912 9434.862396 
238 12.470000 91562.223364 8943.680313 
239 12.480000 88174.727381 8477.798289 
240 12.490000 84924.886720 8035.872833 
241 12.500000 81806.605285 7616.635082 
242 12.510000 78814.079173 7218.886434 
243 12.520000 75941.781612 6841.494466 
244 12.530000 73184.448719 6483.389090 
245 12.540000 70537.066049 6143.558949 
246 12.550000 67994.855878 5821.048031 
247 12.560000 65553.265180 5514.952491 
248 12.570000 63207.954256 5224.417660 
249 12.580000 60954.785984 4948.635238 
250 12.590000 58789.815642 4686.840656 
251 12.600000 56709.281282 4438.310591 
252 12.610000 54709.594620 4202.360637 
253 12.620000 52787.332411 3978.343107 
254 12.630000 50939.228280 3765.644969 
255 12.640000 49162.164991 3563.685905 
256 12.650000 47453.167120 3371.916479 
257 12.660000 45809.394112 3189.816422 
258 12.670000 44228.133706 3016.893006 
259 12.680000 42706.795702 2852.679520 
260 12.690000 41242.906049 2696.733835 
261 12.700000 39834.101241 2548.637048 
262 12.710000 38478.123005 2407.992206 
263 12.720000 37172.813262 2274.423107 
264 12.730000 35916.109338 2147.573165 
265 12.740000 34706.039433 2027.104341 
266 12.750000 33540.718309 1912.696138 
267 12.760000 32418.343206 1804.044650 
268 12.770000 31337.189956 1700.861666 
269 12.780000 30295.609300 1602.873825 
270 12.790000 29292.023384 1509.821818 
271 12.800000 28324.922436 1421.459639 
272 12.810000 27392.861602 1337.553867 
273 12.820000 26494.457946 1257.883002 
274 12.830000 25628.387594 1182.236830 
275 12.840000 24793.383022 1110.415823 
276 12.850000 23988.230472 1042.230577 
277 12.860000 23211.767502 977.501273 
278 12.870000 22462.880650 916.057181 
279 12.880000 21740.503217 857.736175 
280 12.890000 21043.613148 802.384288 
281 12.900000 20371.231027 749.855285 
282 12.910000 19722.418162 700.010260 
283 12.920000 19096.274765 652.717252 
284 12.930000 18491.938212 607.850893 
285 12.940000 17908.581398 565.292060 
286 12.950000 17345.411160 524.927556 
287 12.960000 16801.666780 486.649803 
288 12.970000 16276.618558 450.356557 
289 12.980000 15769.566447 415.950632 
290 12.990000 15279.838764 383.339644 
291 13.000000 14806.790947 352.435762 
292 13.010000 14349.804380 323.155481 
293 13.020000 13908.285271 295.419401 
294 13.030000 13481.663577 269.152016 
295 13.040000 13069.391983 244.281522 
296 13.050000 12670.944930 220.739629 
297 13.060000 12285.817681 198.461380 
298 13.070000 11913.525438 177.384990 
299 13.080000 11553.602488 157.451683 
300 13.090000 11205.601402 138.605542 
301 13.100000 10869.092259 120.793369 
302 13.110000 10543.661909 103.964544 
303 13.120000 10228.913271 88.070904 
304 13.130000 9924.464658 73.066615 
305 13.140000 9629.949138 58.908061 
306 13.150000 9345.013920 45.553730 
307 13.160000 9069.319766 32.964116 
308 13.170000 8802.540432 21.101614 
309 13.180000 8544.362133 9.930432 
310 13.190000 8294.483030 -0.583503 
311 13.200000 8052.612743 -10.472622 
312 13.210000 7818.471880 -19.767804 
313 13.220000 7591.791594 -28.498443 
314 13.230000 7372.313149 -36.692526 
315 13.240000 7159.787519 -44.376697 
316 13.250000 6953.974987 -51.576325 
317 13.260000 6754.644777 -58.315568 
318 13.270000 6561.574695 -64.617425 
319 13.280000 6374.550782 -70.503798 
320 13.290000 6193.366988 -75.995543 
321 13.300000 6017.824861 -81.112518 
322 13.310000 5847.733237 -85.873635 
323 13.320000 5682.907961 -90.296904 
324 13.330000 5523.171606 -94.399475 
325 13.340000 5368.353210 -98.197679 
326 13.350000 5218.288022 -101.707070 
327 13.360000 5072.817258 -104.942460 
328 13.370000 4931.787873 -107.917953 
329 13.380000 4795.052333 -110.646982 
330 13.390000 4662.468404 -113.142340 
331 13.400000 4533.898948 -115.416208 
332 13.410000 4409.211724 -117.480187 
333 13.420000 4288.279203 -119.345323 
334 13.430000 4170.978384 -121.022137 
335 13.440000 4057.190626 -122.520645 
336 13.450000 3946.801474 -123.850386 
337 13.460000 3839.700511 -125.020441 
338 13.470000 3735.781193 -126.039459 
339 13.480000 3634.940714 -126.915672 
340 13.490000 3537.079855 -127.656920 
341 13.500000 3442.102858 -128.270664 
342 13.510000 3349.917289 -128.764009 
343 13.520000 3260.433919 -129.143718 
344 13.530000 3173.566602 -129.416228 
345 13.540000 3089.232163 -129.587665 
346 13.550000 3007.350282 -129.663861 
347 13.560000 2927.843398 -129.650364 
348 13.570000 2850.636596 -129.552456 
349 13.580000 2775.657520 -129.375160 
350 13.590000 2702.836272 -129.123256 
351 13.600000 2632.105326 -128.801292 
352 13.610000 2563.399441 -128.413594 
353 13.620000 2496.655575 -127.964275 
354 13.630000 2431.812810 -127.457248 
355 13.640000 2368.812270 -126.896233 
356 13.650000 2307.597051 -126.284766 
357 13.660000 2248.112151 -125.626210 
358 13.670000 2190.304396 -124.923761 
359 13.680000 2134.122380 -124.180456 
360 13.690000 2079.516400 -123.399179 
361 13.700000 2026.438395 -122.582672 
362 13.710000 1974.841889 -121.733539 
363 13.720000 1924.681933 -120.854252 
364 13.730000 1875.915053 -119.947158 
365 13.740000 1828.499194 -119.014485 
366 13.750000 1782.393676 -118.058348 
367 13.760000 1737.559142 -117.080753 
368 13.770000 1693.957512 -116.083603 
369 13.780000 1651.551940 -115.068702 
370 13.790000 1610.306769 -114.037760 
371 13.800000 1570.187491 -112.992400 
372 13.810000 1531.160707 -111.934157 
373 13.820000 1493.194088 -110.864486 
374 13.830000 1456.256339 -109.784763 
375 13.840000 1420.317165 -108.696292 
376 13.850000 1385.347232 -107.600307 
377 13.860000 1351.318140 -106.497973 
378 13.870000 1318.202385 -105.390393 
379 13.880000 1285.973334 -104.278608 
380 13.890000 1254.605192 -103.163602 
381 13.900000 1224.072976 -102.046302 
382 13.910000 1194.352485 -100.927584 
383 13.920000 1165.420276 -99.808274 
384 13.930000 1137.253636 -98.689150 
385 13.940000 1109.830560 -97.570944 
386 13.950000 1083.129727 -96.454344 
387 13.960000 1057.130475 -95.339999 
388 13.970000 1031.812781 -94.228518 
389 13.980000 1007.157240 -93.120471 
390 13.990000 983.145044 -92.016395 
391 14.000000 959.757960 -90.916791 
392 14.010000 936.978315 -89.822129 
393 14.020000 914.788975 -88.732848 
394 14.030000 893.173330 -87.649359 
395 14.040000 872.115271 -86.572043 
396 14.050000 851.599181 -85.501256 
397 14.060000 831.609913 -84.437330 
398 14.070000 812.132780 -83.380571 
399 14.080000 793.153534 -82.331264 
400 14.090000 774.658357 -81.289672 
401 14.100000 756.633845 -80.256037 
402 14.110000 739.066994 -79.230582 
403 14.120000 721.945190 -78.213513 
404 14.130000 705.256192 -77.205016 
405 14.140000 688.988125 -76.205262 
406 14.150000 673.129463 -75.214406 
407 14.160000 657.669022 -74.232588 
408 14.170000 642.595950 -73.259934 
409 14.180000 627.899711 -72.296555 
410 14.190000 613.570081 -71.342552 
411 14.200000 599.597134 -70.398012 
412 14.210000 585.971235 -69.463012 
413 14.220000 572.683029 -68.537616 
414 14.230000 559.723435 -67.621880 
415 14.240000 547.083633 -66.715850 
416 14.250000 534.755062 -65.819561 
417 14.260000 522.729405 -64.933042 
418 14.270000 510.998587 -64.056312 
419 14.280000 499.554765 -63.189382 
420 14.290000 488.390322 -62.332258 
421 14.300000 477.497857 -61.484938 
422 14.310000 466.870182 -60.647412 
423 14.320000 456.500315 -59.819666 
424 14.330000 446.381471 -59.001680 
425 14.340000 436.507059 -58.193427 
426 14.350000 426.870674 -57.394878 
427 14.360000 417.466093 -56.605996 
428 14.370000 408.287267 -55.826742 
429 14.380000 399.328319 -55.057071 
430 14.390000 390.583537 -54.296936 
431 14.400000 382.047367 -53.546285 
432 14.410000 373.714415 -52.805064 
433 14.420000 365.579432 -52.073213 
434 14.430000 357.637319 -51.350673 
435 14.440000 349.883117 -50.637379 
436 14.450000 342.312006 -49.933265 
437 14.460000 334.919299 -49.238262 
438 14.470000 327.700437 -48.552301 
439 14.480000 320.650989 -47.875309 
440 14.490000 313.766644 -47.207210 
441 14.500000 307.043210 -46.547929 
442 14.510000 300.476610 -45.897388 
443 14.520000 294.062878 -45.255509 
444 14.530000 287.798158 -44.622211 
445 14.540000 281.678696 -43.997412 
446 14.550000 275.700842 -43.381031 
447 14.560000 269.861044 -42.772984 
448 14.570000 264.155847 -42.173188 
449 14.580000 258.581889 -41.581557 
450 14.590000 253.135899 -40.998006 
451 14.600000 247.814692 -40.422451 
452 14.610000 242.615170 -39.854804 
453 14.620000 237.534319 -39.294980 
454 14.630000 232.569204 -38.742891 
455 14.640000 227.716968 -38.198451 
456 14.650000 222.974831 -37.661572 
457 14.660000 218.340086 -37.132169 
458 14.670000 213.810100 -36.610154 
459 14.680000 209.382306 -36.095440 
460 14.690000 205.054208 -35.587940 
461 14.700000 200.823374 -35.087569 
462 14.710000 196.687437 -34.594239 
463 14.720000 192.644092 -34.107864 
464 14.730000 188.691093 -33.628360 
465 14.740000 184.826254 -33.155640 
466 14.750000 181.047445 -32.689620 
467 14.760000 177.352594 -32.230215 
468 14.770000 173.739680 -31.777341 
469 14.780000 170.206736 -31.330915 
470 14.790000 166.751845 -30.890853 
471 14.800000 163.373140 -30.457074 
472 14.810000 160.068802 -30.029494 
473 14.820000 156.837060 -29.608034 
474 14.830000 153.676186 -29.192611 
475 14.840000 150.584498 -28.783147 
476 14.850000 147.560357 -28.379561 
477 14.860000 144.602166 -27.981775 
478 14.870000 141.708368 -27.589711 
479 14.880000 138.877446 -27.203292 
480 14.890000 136.107921 -26.822440 
481 14.900000 133.398352 -26.447081 
482 14.910000 130.747335 -26.077138 
483 14.920000 128.153501 -25.712537 
484 14.930000 125.615515 -25.353205 
485 14.940000 123.132075 -24.999068 
486 14.950000 120.701914 -24.650055 
487 14.960000 118.323794 -24.306093 
488 14.970000 115.996511 -23.967113 
489 14.980000 113.718888 -23.633044 
490 14.990000 111.489779 -23.303817 
491 15.000000 109.308067 -22.979364 
492 15.010000 107.172661 -22.659617 
493 15.020000 105.082498 -22.344509 
494 15.030000 103.036542 -22.033975 
495 15.040000 101.033781 -21.727949 
496 15.050000 99.073229 -21.426367 
497 15.060000 97.153925 -21.129164 
498 15.070000 95.274929 -20.836279 
499 15.080000 93.435326 -20.547648 
500 15.090000 91.634225 -20.263211 
501 15.100000 89.870752 -19.982907 
502 15.110000 88.144059 -19.706676 
503 15.120000 86.453315 -19.434459 
504 15.130000 84.797713 -19.166198 
505 15.140000 83.176462 -18.901835 
506 15.150000 81.588793 -18.641313 
507 15.160000 80.033952 -18.384576 
508 15.170000 78.511207 -18.131569 
509 15.180000 77.019841 -17.882238 
510 15.190000 75.559157 -17.636528 
511 15.200000 74.128471 -17.394386 
512 15.210000 72.727117 -17.155759 
513 15.220000 71.354447 -16.920597 
514 15.230000 70.009826 -16.688848 
515 15.240000 68.692634 -16.460461 
516 15.250000 67.402267 -16.235388 
517 15.260000 66.138135 -16.013579 
518 15.270000 64.899662 -15.794985 
519 15.280000 63.686285 -15.579560 
520 15.290000 62.497455 -15.367256 
521 15.300000 61.332635 -15.158026 
522 15.310000 60.191302 -14.951827 
523 15.320000 59.072944 -14.748612 
524 15.330000 57.977062 -14.548336 
525 15.340000 56.903168 -14.350958 
526 15.350000 55.850786 -14.156432 
527 15.360000 54.819451 -13.964717 
528 15.370000 53.808707 -13.775771 
529 15.380000 52.818112 -13.589553 
530 15.390000 51.847231 -13.406022 
531 15.400000 50.895641 -13.225138 
532 15.410000 49.962929 -13.046862 
533 15.420000 49.048690 -12.871154 
534 15.430000 48.152528 -12.697976 
535 15.440000 47.274060 -12.527291 
536 15.450000 46.412907 -12.359061 
537 15.460000 45.568700 -12.193250 
538 15.470000 44.741082 -12.029821 
539 15.480000 43.929699 -11.868739 
540 15.490000 43.134207 -11.709969 
541 15.500000 42.354272 -11.553476 
542 15.510000 41.589565 -11.399226 
543 15.520000 40.839765 -11.247186 
544 15.530000 40.104559 -11.097322 
545 15.540000 39.383641 -10.949602 
546 15.550000 38.676710 -10.803995 
547 15.560000 37.983475 -10.660468 
548 15.570000 37.303648 -10.518990 
549 15.580000 36.636952 -10.379531 
550 15.590000 35.983111 -10.242060 
551 15.600000 35.341858 -10.106548 
552 15.610000 34.712934 -9.972966 
553 15.620000 34.096081 -9.841284 
554 15.630000 33.491050 -9.711475 
555 15.640000 32.897597 -9.583510 
556 15.650000 32.315483 -9.457362 
557 15.660000 31.744474 -9.333003 
558 15.670000 31.184343 -9.210407 
559 15.680000 30.634865 -9.089548 
560 15.690000 30.095823 -8.970400 
561 15.700000 29.567003 -8.852936 
562 15.710000 29.048196 -8.737133 
563 15.720000 28.539197 -8.622965 
564 15.730000 28.039808 -8.510408 
565 15.740000 27.549832 -8.399438 
566 15.750000 27.069079 -8.290031 
567 15.760000 26.597361 -8.182165 
568 15.770000 26.134495 -8.075815 
569 15.780000 25.680303 -7.970960 
570 15.790000 25.234609 -7.867577 
571 15.800000 24.797243 -7.765644 
572 15.810000 24.368037 -7.665141 
573 15.820000 23.946826 -7.566045 
574 15.830000 23.533451 -7.468335 
575 15.840000 23.127754 -7.371992 
576 15.850000 22.729582 -7.276995 
577 15.860000 22.338785 -7.183324 
578 15.870000 21.955216 -7.090959 
579 15.880000 21.578730 -6.999881 
580 15.890000 21.209187 -6.910071 
581 15.900000 20.846450 -6.821510 
582 15.910000 20.490383 -6.734179 
583 15.920000 20.140854 -6.648062 
584 15.930000 19.797734 -6.563138 
585 15.940000 19.460897 -6.479392 
586 15.950000 19.130219 -6.396805 
587 15.960000 18.805579 -6.315361 
588 15.970000 18.486858 -6.235043 
589 15.980000 18.173940 -6.155833 
590 15.990000 17.866712 -6.077716 
591 16.000000 17.565062 -6.000676 
592 16.010000 17.268881 -5.924697 
593 16.020000 16.978063 -5.849763 
594 16.030000 16.692503 -5.775859 
595 16.040000 16.412099 -5.702970 
596 16.050000 16.136751 -5.631081 
597 16.060000 15.866361 -5.560177 
598 16.070000 15.600833 -5.490244 
599 16.080000 15.340073 -5.421267 
600 16.090000 15.083989 -5.353233 
601 16.100000 14.832491 -5.286128 
602 16.110000 14.585490 -5.219939 
603 16.120000 14.342901 -5.154651 
604 16.130000 14.104638 -5.090252 
605 16.140000 13.870619 -5.026729 
606 16.150000 13.640762 -4.964069 
607 16.160000 13.414988 -4.902260 
608 16.170000 13.193219 -4.841289 
609 16.180000 12.975379 -4.781144 
610 16.190000 12.761392 -4.721813 
611 16.200000 12.551187 -4.663284 
612 16.210000 12.344690 -4.605546 
613 16.220000 12.141832 -4.548587 
614 16.230000 11.942544 -4.492395 
615 16.240000 11.746759 -4.436961 
616 16.250000 11.554409 -4.382272 
617 16.260000 11.365432 -4.328319 
618 16.270000 11.179762 -4.275090 
619 16.280000 10.997339 -4.222574 
620 16.290000 10.818100 -4.170763 
621 16.300000 10.641987 -4.119645 
622 16.310000 10.468941 -4.069211 
623 16.320000 10.298904 -4.019451 
624 16.330000 10.131821 -3.970354 
625 16.340000 9.967637 -3.921913 
626 16.350000 9.806297 -3.874116 
627 16.360000 9.647748 -3.826956 
628 16.370000 9.491940 -3.780422 
629 16.380000 9.338820 -3.734506 
630 16.390000 9.188340 -3.689200 
631 16.400000 9.040450 -3.644493 
632 16.410000 8.895103 -3.600379 
633 16.420000 8.752252 -3.556848 
634 16.430000 8.611850 -3.513892 
635 16.440000 8.473854 -3.471503 
636 16.450000 8.338218 -3.429673 
637 16.460000 8.204899 -3.388394 
638 16.470000 8.073856 -3.347657 
639 16.480000 7.945046 -3.307457 
640 16.490000 7.818428 -3.267784 
641 16.500000 7.693963 -3.228631 
642 16.510000 7.571611 -3.189991 
643 16.520000 7.451335 -3.151858 
644 16.530000 7.333095 -3.114222 
645 16.540000 7.216856 -3.077079 
646 16.550000 7.102581 -3.040420 
647 16.560000 6.990235 -3.004238 
648 16.570000 6.879782 -2.968528 
649 16.580000 6.771189 -2.933283 
650 16.590000 6.664421 -2.898495 
651 16.600000 6.559447 -2.864159 
652 16.610000 6.456234 -2.830268 
653 16.620000 6.354750 -2.796816 
654 16.630000 6.254964 -2.763797 
655 16.640000 6.156846 -2.731205 
656 16.650000 6.060366 -2.699033 
657 16.660000 5.965494 -2.667277 
658 16.670000 5.872203 -2.635930 
659 16.680000 5.780464 -2.604986 
660 16.690000 5.690249 -2.574440 
661 16.700000 5.601531 -2.544286 
662 16.710000 5.514284 -2.514520 
663 16.720000 5.428481 -2.485135 
664 16.730000 5.344097 -2.456126 
665 16.740000 5.261108 -2.427488 
666 16.750000 5.179487 -2.399216 
667 16.760000 5.099212 -2.371305 
668 16.770000 5.020258 -2.343750 
669 16.780000 4.942602 -2.316546 
670 16.790000 4.866222 -2.289688 
671 16.800000 4.791094 -2.263171 
672 16.810000 4.717198 -2.236991 
673 16.820000 4.644511 -2.211143 
674 16.830000 4.573013 -2.185622 
675 16.840000 4.502682 -2.160425 
676 16.850000 4.433498 -2.135546 
677 16.860000 4.365441 -2.110981 
678 16.870000 4.298492 -2.086726 
679 16.880000 4.232632 -2.062777 
680 16.890000 4.167841 -2.039129 
681 16.900000 4.104100 -2.015779 
682 16.910000 4.041393 -1.992722 
683 16.920000 3.979700 -1.969954 
684 16.930000 3.919005 -1.947472 
685 16.940000 3.859290 -1.925272 
686 16.950000 3.800538 -1.903349 
687 16.960000 3.742733 -1.881700 
688 16.970000 3.685859 -1.860321 
689 16.980000 3.629898 -1.839209 
690 16.990000 3.574837 -1.818360 
691 17.000000 3.520659 -1.797770 
692 17.010000 3.467349 -1.777436 
693 17.020000 3.414892 -1.757355 
694 17.030000 3.363274 -1.737522 
695 17.040000 3.312481 -1.717936 
696 17.050000 3.262498 -1.698592 
697 17.060000 3.213313 -1.679487 
698 17.070000 3.164910 -1.660618 
699 17.080000 3.117277 -1.641982 
700 17.090000 3.070401 -1.623575 
701 17.100000 3.024269 -1.605396 
702 17.110000 2.978868 -1.587439 
703 17.120000 2.934187 -1.569704 
704 17.130000 2.890212 -1.552186 
705 17.140000 2.846933 -1.534883 
706 17.150000 2.804337 -1.517791 
707 17.160000 2.762412 -1.500909 
708 17.170000 2.721149 -1.484233 
709 17.180000 2.680535 -1.467761 
710 17.190000 2.640559 -1.451489 
711 17.200000 2.601212 -1.435416 
712 17.210000 2.562482 -1.419539 
713 17.220000 2.524359 -1.403854 
714 17.230000 2.486833 -1.388360 
715 17.240000 2.449894 -1.373054 
716 17.250000 2.413532 -1.357933 
717 17.260000 2.377738 -1.342995 
718 17.270000 2.342502 -1.328238 
719 17.280000 2.307816 -1.313659 
720 17.290000 2.273669 -1.299256 
721 17.300000 2.240053 -1.285027 
722 17.310000 2.206960 -1.270969 
723 17.320000 2.174380 -1.257080 
724 17.330000 2.142305 -1.243358 
725 17.340000 2.110727 -1.229801 
726 17.350000 2.079638 -1.216406 
727 17.360000 2.049029 -1.203172 
728 17.370000 2.018893 -1.190096 
729 17.380000 1.989222 -1.177176 
730 17.390000 1.960008 -1.164411 
731 17.400000 1.931244 -1.151798 
732 17.410000 1.902922 -1.139335 
733 17.420000 1.875036 -1.127020 
734 17.430000 1.847578 -1.114852 
735 17.440000 1.820541 -1.102829 
736 17.450000 1.793919 -1.090948 
737 17.460000 1.767704 -1.079208 
738 17.470000 1.741890 -1.067606 
739 17.480000 1.716470 -1.056143 
740 17.490000 1.691439 -1.044814 
741 17.500000 1.666789 -1.033619 
742 17.510000 1.642515 -1.022556 
743 17.520000 1.618611 -1.011624 
744 17.530000 1.595070 -1.000820 
745 17.540000 1.571886 -0.990143 
746 17.550000 1.549055 -0.979591 
747 17.560000 1.526570 -0.969164 
748 17.570000 1.504426 -0.958858 
749 17.580000 1.482617 -0.948673 
750 17.590000 1.461138 -0.938607 
751 17.600000 1.439984 -0.928658 
752 17.610000 1.419149 -0.918826 
753 17.620000 1.398628 -0.909108 
754 17.630000 1.378417 -0.899504 
755 17.640000 1.358510 -0.890011 
756 17.650000 1.338902 -0.880628 
757 17.660000 1.319589 -0.871354 
758 17.670000 1.300567 -0.862188 
759 17.680000 1.281829 -0.853128 
760 17.690000 1.263373 -0.844173 
761 17.700000 1.245193 -0.835321 
762 17.710000 1.227285 -0.826572 
763 17.720000 1.209645 -0.817923 
764 17.730000 1.192268 -0.809374 
765 17.740000 1.175151 -0.800923 
766 17.750000 1.158289 -0.792570 
767 17.760000 1.141678 -0.784312 
768 17.770000 1.125315 -0.776150 
769 17.780000 1.109195 -0.768081 
770 17.790000 1.093314 -0.760104 
771 17.800000 1.077669 -0.752218 
772 17.810000 1.062257 -0.744423 
773 17.820000 1.047073 -0.736716 
774 17.830000 1.032114 -0.729098 
775 17.840000 1.017376 -0.721566 
776 17.850000 1.002856 -0.714120 
777 17.860000 0.988551 -0.706759 
778 17.870000 0.974457 -0.699481 
779 17.880000 0.960571 -0.692285 
780 17.890000 0.946890 -0.685172 
781 17.900000 0.933410 -0.678138 
782 17.910000 0.920128 -0.671185 
783 17.920000 0.907042 -0.664310 
784 17.930000 0.894148 -0.657512 
785 17.940000 0.881443 -0.650791 
786 17.950000 0.868924 -0.644146 
787 17.960000 0.856589 -0.637576 
788 17.970000 0.844435 -0.631079 
789 17.980000 0.832458 -0.624655 
790 17.990000 0.820657 -0.618304 
791 18.000000 0.809028 -0.612023 
792 18.010000 0.797569 -0.605813 
793 18.020000 0.786277 -0.599673 
794 18.030000 0.775149 -0.593601 
795 18.040000 0.764184 -0.587596 
796 18.050000 0.753378 -0.581659 
797 18.060000 0.742729 -0.575788 
798 18.070000 0.732235 -0.569982 
799 18.080000 0.721894 -0.564240 
800 18.090000 0.711702 -0.558563 
801 18.100000 0.701658 -0.552948 
802 18.110000 0.691760 -0.547395 
803 18.120000 0.682005 -0.541904 
804 18.130000 0.672391 -0.536474 
805 18.140000 0.662916 -0.531104 
806 18.150000 0.653578 -0.525793 
807 18.160000 0.644375 -0.520540 
808 18.170000 0.635304 -0.515345 
809 18.180000 0.626364 -0.510208 
810 18.190000 0.617553 -0.505127 
811 18.200000 0.608869 -0.500101 
812 18.210000 0.600309 -0.495131 
813 18.220000 0.591873 -0.490216 
814 18.230000 0.583558 -0.485354 
815 18.240000 0.575362 -0.480545 
816 18.250000 0.567283 -0.475789 
817 18.260000 0.559320 -0.471085 
818 18.270000 0.551472 -0.466432 
819 18.280000 0.543735 -0.461829 
820 18.290000 0.536110 -0.457277 
821 18.300000 0.528593 -0.452774 
822 18.310000 0.521184 -0.448320 
823 18.320000 0.513880 -0.443915 
824 18.330000 0.506680 -0.439557 
825 18.340000 0.499583 -0.435246 
826 18.350000 0.492588 -0.430982 
827 18.360000 0.485691 -0.426764 
828 18.370000 0.478893 -0.422592 
829 18.380000 0.472191 -0.418464 
830 18.390000 0.465585 -0.414381 
831 18.400000 0.459072 -0.410342 
832 18.410000 0.452652 -0.406347 
833 18.420000 0.446323 -0.402394 
834 18.430000 0.440083 -0.398484 
835 18.440000 0.433932 -0.394615 
836 18.450000 0.427868 -0.390788 
837 18.460000 0.421889 -0.387002 
838 18.470000 0.415995 -0.383257 
839 18.480000 0.410185 -0.379551 
840 18.490000 0.404456 -0.375885 
841 18.500000 0.398808 -0.372258 
842 18.510000 0.393240 -0.368669 
843 18.520000 0.387750 -0.365119 
844 18.530000 0.382337 -0.361607 
845 18.540000 0.377000 -0.358131 
846 18.550000 0.371739 -0.354693 
847 18.560000 0.366551 -0.351291 
848 18.570000 0.361437 -0.347925 
849 18.580000 0.356394 -0.344595 
850 18.590000 0.351422 -0.341299 
851 18.600000 0.346519 -0.338039 
852 18.610000 0.341686 -0.334813 
853 18.620000 0.336919 -0.331621 
854 18.630000 0.332220 -0.328462 
855 18.640000 0.327586 -0.325337 
856 18.650000 0.323018 -0.322244 
857 18.660000 0.318512 -0.319184 
858 18.670000 0.314070 -0.316156 
859 18.680000 0.309690 -0.313159 
860 18.690000 0.305371 -0.310194 
861 18.700000 0.301112 -0.307260 
862 18.710000 0.296913 -0.304357 
863 18.720000 0.292772 -0.301484 
864 18.730000 0.288688 -0.298640 
865 18.740000 0.284661 -0.295827 
866 18.750000 0.280691 -0.293042 
867 18.760000 0.276775 -0.290287 
868 18.770000 0.272914 -0.287560 
869 18.780000 0.269107 -0.284861 
870 18.790000 0.265352 -0.282191 
871 18.800000 0.261649 -0.279548 
872 18.810000 0.257998 -0.276932 
873 18.820000 0.254397 -0.274343 
874 18.830000 0.250846 -0.271781 
875 18.840000 0.247344 -0.269246 
876 18.850000 0.243891 -0.266736 
877 18.860000 0.240485 -0.264252 
878 18.870000 0.237127 -0.261794 
879 18.880000 0.233814 -0.259361 
880 18.890000 0.230548 -0.256953 
881 18.900000 0.227327 -0.254570 
882 18.910000 0.224150 -0.252211 
883 18.920000 0.221016 -0.249876 
884 18.930000 0.217926 -0.247566 
885 18.940000 0.214879 -0.245278 
886 18.950000 0.211873 -0.243014 
887 18.960000 0.208909 -0.240773 
888 18.970000 0.205986 -0.238555 
889 18.980000 0.203102 -0.236360 
890 18.990000 0.200259 -0.234186 
891 19.000000 0.197454 -0.232035 
892 19.010000 0.194688 -0.229906 
893 19.020000 0.191960 -0.227798 
894 19.030000 0.189269 -0.225711 
895 19.040000 0.186616 -0.223646 
896 19.050000 0.183998 -0.221601 
897 19.060000 0.181417 -0.219578 
898 19.070000 0.178870 -0.217574 
899 19.080000 0.176359 -0.215591 
900 19.090000 0.173882 -0.213627 
901 19.100000 0.171439 -0.211684 
902 19.110000 0.169029 -0.209760 
903 19.120000 0.166652 -0.207855 
904 19.130000 0.164308 -0.205969 
905 19.140000 0.161996 -0.204102 
906 19.150000 0.159715 -0.202254 
907 19.160000 0.157465 -0.200424 
908 19.170000 0.155246 -0.198613 
909 19.180000 0.153058 -0.196820 
910 19.190000 0.150899 -0.195044 
911 19.200000 0.148769 -0.193287 
912 19.210000 0.146669 -0.191546 
913 19.220000 0.144597 -0.189823 
914 19.230000 0.142553 -0.188117 
915 19.240000 0.140538 -0.186429 
916 19.250000 0.138549 -0.184756 
917 19.260000 0.136588 -0.183101 
918 19.270000 0.134653 -0.181461 
919 19.280000 0.132745 -0.179838 
920 19.290000 0.130862 -0.178231 
921 19.300000 0.129005 -0.176640 
922 19.310000 0.127174 -0.175065 
923 19.320000 0.125367 -0.173505 
924 19.330000 0.123585 -0.171960 
925 19.340000 0.121826 -0.170431 
926 19.350000 0.120092 -0.168916 
927 19.360000 0.118381 -0.167417 
928 19.370000 0.116694 -0.165932 
929 19.380000 0.115029 -0.164462 
930 19.390000 0.113387 -0.163006 
931 19.400000 0.111767 -0.161564 
932 19.410000 0.110169 -0.160136 
933 19.420000 0.108592 -0.158723 
934 19.430000 0.107037 -0.157323 
935 19.440000 0.105503 -0.155936 
936 19.450000 0.103990 -0.154564 
937 19.460000 0.102497 -0.153204 
938 19.470000 0.101025 -0.151858 
939 19.480000 0.099572 -0.150525 
940 19.490000 0.098139 -0.149205 
941 19.500000 0.096725 -0.147897 
942 19.510000 0.095331 -0.146602 
943 19.520000 0.093955 -0.145320 
944 19.530000 0.092598 -0.144050 
945 19.540000 0.091259 -0.142792 
946 19.550000 0.089938 -0.141547 
947 19.560000 0.088635 -0.140313 
948 19.570000 0.087350 -0.139092 
949 19.580000 0.086082 -0.137882 
950 19.590000 0.084831 -0.136684 
951 19.600000 0.083597 -0.135497 
952 19.610000 0.082379 -0.134321 
953 19.620000 0.081178 -0.133157 
954 19.630000 0.079993 -0.132004 
955 19.640000 0.078824 -0.130862 
956 19.650000 0.077671 -0.129731 
957 19.660000 0.076534 -0.128611 
958 19.670000 0.075412 -0.127501 
959 19.680000 0.074304 -0.126402 
960 19.690000 0.073212 -0.125314 
961 19.700000 0.072135 -0.124236 
962 19.710000 0.071072 -0.123168 
963 19.720000 0.070023 -0.122110 
964 19.730000 0.068989 -0.121062 
965 19.740000 0.067968 -0.120024 
966 19.750000 0.066961 -0.118996 
967 19.760000 0.065968 -0.117978 
968 19.770000 0.064988 -0.116969 
969 19.780000 0.064021 -0.115970 
970 19.790000 0.063067 -0.114980 
971 19.800000 0.062126 -0.114000 
972 19.810000 0.061198 -0.113029 
973 19.820000 0.060282 -0.112067 
974 19.830000 0.059379 -0.111114 
975 19.840000 0.058488 -0.110170 
976 19.850000 0.057609 -0.109234 
977 19.860000 0.056741 -0.108308 
978 19.870000 0.055885 -0.107390 
979 19.880000 0.055041 -0.106481 
980 19.890000 0.054208 -0.105581 
981 19.900000 0.053387 -0.104688 
982 19.910000 0.052576 -0.103804 
983 19.920000 0.051776 -0.102929 
984 19.930000 0.050987 -0.102061 
985 19.940000 0.050209 -0.101202 
986 19.950000 0.049441 -0.100350 
987 19.960000 0.048684 -0.099507 
988 19.970000 0.047936 -0.098671 
989 19.980000 0.047199 -0.097843 
990 19.990000 0.046472 -0.097023 
991 20.000000 0.045754 -0.096210 
992 20.010000 0.045047 -0.095405 
993 20.020000 0.044348 -0.094608 
994 20.030000 0.043659 -0.093817 
995 20.040000 0.042980 -0.093034 
996 20.050000 0.042309 -0.092258 
997 20.060000 0.041648 -0.091490 
998 20.070000 0.040995 -0.090728 
999 20.080000 0.040351 -0.089974 
1000 20.090000 0.039716 -0.089226 
1001 20.100000 0.039090 -0.088485 
1002 20.110000 0.038472 -0.087751 
1003 20.120000 0.037862 -0.087024 
1004 20.130000 0.037261 -0.086303 
1005 20.140000 0.036667 -0.085589 
1006 20.150000 0.036082 -0.084882 
1007 20.160000 0.035505 -0.084181 
1008 20.170000 0.034935 -0.083486 
1009 20.180000 0.034373 -0.082798 
1010 20.190000 0.033819 -0.082116 
1011 20.200000 0.033272 -0.081440 
1012 20.210000 0.032732 -0.080770 
1013 20.220000 0.032200 -0.080106 
1014 20.230000 0.031675 -0.079449 
1015 20.240000 0.031157 -0.078797 
1016 20.250000 0.030646 -0.078152 
1017 20.260000 0.030142 -0.077512 
1018 20.270000 0.029645 -0.076878 
1019 20.280000 0.029155 -0.076249 
1020 20.290000 0.028671 -0.075627 
1021 20.300000 0.028194 -0.075009 
1022 20.310000 0.027723 -0.074398 
1023 20.320000 0.027259 -0.073792 
1024 20.330000 0.026800 -0.073191 
1025 20.340000 0.026349 -0.072596 
1026 20.350000 0.025903 -0.072006 
1027 20.360000 0.025463 -0.071422 
1028 20.370000 0.025030 -0.070843 
1029 20.380000 0.024602 -0.070269 
1030 20.390000 0.024180 -0.069700 
1031 20.400000 0.023763 -0.069136 
1032 20.410000 0.023353 -0.068577 
1033 20.420000 0.022948 -0.068023 
1034 20.430000 0.022548 -0.067474 
1035 20.440000 0.022154 -0.066930 
1036 20.450000 0.021766 -0.066391 
1037 20.460000 0.021382 -0.065857 
1038 20.470000 0.021004 -0.065327 
1039 20.480000 0.020631 -0.064802 
1040 20.490000 0.020263 -0.064282 
1041 20.500000 0.019900 -0.063767 
1042 20.510000 0.019542 -0.063256 
1043 20.520000 0.019189 -0.062749 
1044 20.530000 0.018841 -0.062247 
1045 20.540000 0.018498 -0.061749 
1046 20.550000 0.018159 -0.061256 
1047 20.560000 0.017825 -0.060767 
1048 20.570000 0.017496 -0.060283 
1049 20.580000 0.017171 -0.059802 
1050 20.590000 0.016850 -0.059326 
1051 20.600000 0.016534 -0.058855 
1052 20.610000 0.016222 -0.058387 
1053 20.620000 0.015915 -0.057923 
1054 20.630000 0.015612 -0.057464 
1055 20.640000 0.015313 -0.057008 
1056 20.650000 0.015018 -0.056557 
1057 20.660000 0.014727 -0.056109 
1058 20.670000 0.014440 -0.055665 
1059 20.680000 0.014157 -0.055226 
1060 20.690000 0.013878 -0.054790 
1061 20.700000 0.013603 -0.054358 
1062 20.710000 0.013332 -0.053929 
1063 20.720000 0.013064 -0.053505 
1064 20.730000 0.012800 -0.053084 
1065 20.740000 0.012540 -0.052666 
1066 20.750000 0.012284 -0.052253 
1067 20.760000 0.012031 -0.051843 
1068 20.770000 0.011781 -0.051436 
1069 20.780000 0.011535 -0.051033 
1070 20.790000 0.011293 -0.050633 
1071 20.800000 0.011054 -0.050237 
1072 20.810000 0.010818 -0.049845 
1073 20.820000 0.010585 -0.049456 
1074 20.830000 0.010356 -0.049070 
1075 20.840000 0.010130 -0.048687 
1076 20.850000 0.009907 -0.048308 
1077 20.860000 0.009687 -0.047932 
1078 20.870000 0.009470 -0.047559 
1079 20.880000 0.009257 -0.047189 
1080 20.890000 0.009046 -0.046823 
1081 20.900000 0.008838 -0.046460 
1082 20.910000 0.008634 -0.046100 
1083 20.920000 0.008432 -0.045743 
1084 20.930000 0.008233 -0.045389 
1085 20.940000 0.008037 -0.045038 
1086 20.950000 0.007843 -0.044690 
1087 20.960000 0.007652 -0.044345 
1088 20.970000 0.007464 -0.044003 
1089 20.980000 0.007279 -0.043663 
1090 20.990000 0.007097 -0.043327 
1091 21.000000 0.006916 -0.042994 
1092 21.010000 0.006739 -0.042663 
1093 21.020000 0.006564 -0.042335 
1094 21.030000 0.006392 -0.042011 
1095 21.040000 0.006222 -0.041688 
1096 21.050000 0.006054 -0.041369 
1097 21.060000 0.005889 -0.041052 
1098 21.070000 0.005726 -0.040738 
1099 21.080000 0.005566 -0.040426 
1100 21.090000 0.005407 -0.040118 
1101 21.100000 0.005252 -0.039811 
1102 21.110000 0.005098 -0.039508 
1103 21.120000 0.004947 -0.039207 
1104 21.130000 0.004797 -0.038908 
1105 21.140000 0.004650 -0.038612 
1106 21.150000 0.004506 -0.038319 
1107 21.160000 0.004363 -0.038028 
1108 21.170000 0.004222 -0.037739 
1109 21.180000 0.004083 -0.037453 
1110 21.190000 0.003947 -0.037169 
1111 21.200000 0.003812 -0.036888 
1112 21.210000 0.003680 -0.036608 
1113 21.220000 0.003549 -0.036332 
1114 21.230000 0.003420 -0.036057 
1115 21.240000 0.003293 -0.035785 
1116 21.250000 0.003168 -0.035515 
1117 21.260000 0.003045 -0.035248 
1118 21.270000 0.002924 -0.034982 
1119 21.280000 0.002804 -0.034719 
1120 21.290000 0.002686 -0.034458 
1121 21.300000 0.002570 -0.034199 
1122 21.310000 0.002456 -0.033943 
1123 21.320000 0.002344 -0.033688 
1124 21.330000 0.002233 -0.033436 
1125 21.340000 0.002123 -0.033185 
1126 21.350000 0.002016 -0.032937 
1127 21.360000 0.001910 -0.032691 
1128 21.370000 0.001806 -0.032446 
1129 21.380000 0.001703 -0.032204 
1130 21.390000 0.001602 -0.031964 
1131 21.400000 0.001502 -0.031726 
1132 21.410000 0.001404 -0.031490 
1133 21.420000 0.001307 -0.031255 
1134 21.430000 0.001212 -0.031023 
1135 21.440000 0.001118 -0.030793 
1136 21.450000 0.001026 -0.030564 
1137 21.460000 0.000935 -0.030337 
1138 21.470000 0.000845 -0.030112 
1139 21.480000 0.000757 -0.029889 
1140 21.490000 0.000671 -0.029668 
1141 21.500000 0.000585 -0.029449 
1142 21.510000 0.000501 -0.029231 
1143 21.520000 0.000418 -0.029015 
1144 21.530000 0.000337 -0.028801 
1145 21.540000 0.000257 -0.028589 
1146 21.550000 0.000178 -0.028379 
1147 21.560000 0.000100 -0.028170 
1148 21.570000 0.000024 -0.027963 
1149 21.580000 -0.000051 -0.027757 
1150 21.590000 -0.000125 -0.027553 
1151 21.600000 -0.000198 -0.027351 
1152 21.610000 -0.000270 -0.027151 
1153 21.620000 -0.000340 -0.026952 
1154 21.630000 -0.000410 -0.026754 
1155 21.640000 -0.000478 -0.026559 
1156 21.650000 -0.000545 -0.026365 
1157 21.660000 -0.000611 -0.026172 
1158 21.670000 -0.000676 -0.025981 
1159 21.680000 -0.000740 -0.025792 
1160 21.690000 -0.000803 -0.025604 
1161 21.700000 -0.000865 -0.025417 
1162 21.710000 -0.000926 -0.025232 
1163 21.720000 -0.000986 -0.025049 
1164 21.730000 -0.001045 -0.024867 
1165 21.740000 -0.001103 -0.024687 
1166 21.750000 -0.001159 -0.024508 
1167 21.760000 -0.001215 -0.024330 
1168 21.770000 -0.001270 -0.024154 
1169 21.780000 -0.001325 -0.023979 
1170 21.790000 -0.001378 -0.023806 
1171 21.800000 -0.001430 -0.023634 
1172 21.810000 -0.001481 -0.023463 
1173 21.820000 -0.001532 -0.023294 
1174 21.830000 -0.001581 -0.023126 
1175 21.840000 -0.001630 -0.022959 
1176 21.850000 -0.001678 -0.022794 
1177 21.860000 -0.001725 -0.022630 
1178 21.870000 -0.001771 -0.022468 
1179 21.880000 -0.001817 -0.022306 
1180 21.890000 -0.001862 -0.022146 
1181 21.900000 -0.001905 -0.021987 
1182 21.910000 -0.001949 -0.021830 
1183 21.920000 -0.001991 -0.021674 
1184 21.930000 -0.002032 -0.021518 
1185 21.940000 -0.002073 -0.021365 
1186 21.950000 -0.002113 -0.021212 
1187 21.960000 -0.002153 -0.021061 
1188 21.970000 -0.002191 -0.020910 
1189 21.980000 -0.002229 -0.020761 
1190 21.990000 -0.002266 -0.020614 
1191 22.000000 -0.002303 -0.020467 
1192 22.010000 -0.002339 -0.020321 
1193 22.020000 -0.002374 -0.020177 
1194 22.030000 -0.002408 -0.020034 
1195 22.040000 -0.002442 -0.019892 
1196 22.050000 -0.002475 -0.019751 
1197 22.060000 -0.002508 -0.019611 
1198 22.070000 -0.002540 -0.019472 
1199 22.080000 -0.002571 -0.019334 
1200 22.090000 -0.002602 -0.019197 
1201 22.100000 -0.002632 -0.019062 
1202 22.110000 -0.002662 -0.018927 
1203 22.120000 -0.002690 -0.018794 
1204 22.130000 -0.002719 -0.018661 
1205 22.140000 -0.002747 -0.018530 
1206 22.150000 -0.002774 -0.018400 
1207 22.160000 -0.002800 -0.018270 
1208 22.170000 -0.002827 -0.018142 
1209 22.180000 -0.002852 -0.018014 
1210 22.190000 -0.002877 -0.017888 
1211 22.200000 -0.002902 -0.017763 
1212 22.210000 -0.002926 -0.017638 
1213 22.220000 -0.002949 -0.017515 
1214 22.230000 -0.002972 -0.017392 
1215 22.240000 -0.002995 -0.017271 
1216 22.250000 -0.003017 -0.017150 
1217 22.260000 -0.003038 -0.017030 
1218 22.270000 -0.003059 -0.016912 
1219 22.280000 -0.003080 -0.016794 
1220 22.290000 -0.003100 -0.016677 
1221 22.300000 -0.003119 -0.016561 
1222 22.310000 -0.003139 -0.016445 
1223 22.320000 -0.003157 -0.016331 
1224 22.330000 -0.003176 -0.016218 
1225 22.340000 -0.003193 -0.016105 
1226 22.350000 -0.003211 -0.015994 
1227 22.360000 -0.003228 -0.015883 
1228 22.370000 -0.003245 -0.015773 
1229 22.380000 -0.003261 -0.015664 
1230 22.390000 -0.003277 -0.015555 
1231 22.400000 -0.003292 -0.015448 
1232 22.410000 -0.003307 -0.015341 
1233 22.420000 -0.003322 -0.015235 
1234 22.430000 -0.003336 -0.015130 
1235 22.440000 -0.003350 -0.015026 
1236 22.450000 -0.003363 -0.014923 
1237 22.460000 -0.003376 -0.014820 
1238 22.470000 -0.003389 -0.014718 
1239 22.480000 -0.003401 -0.014617 
1240 22.490000 -0.003413 -0.014517 
1241 22.500000 -0.003425 -0.014417 
1242 22.510000 -0.003437 -0.014318 
1243 22.520000 -0.003448 -0.014220 
1244 22.530000 -0.003458 -0.014123 
1245 22.540000 -0.003469 -0.014027 
1246 22.550000 -0.003479 -0.013931 
1247 22.560000 -0.003489 -0.013836 
1248 22.570000 -0.003498 -0.013741 
1249 22.580000 -0.003507 -0.013647 
1250 22.590000 -0.003516 -0.013554 
1251 22.600000 -0.003524 -0.013462 
1252 22.610000 -0.003533 -0.013371 
1253 22.620000 -0.003541 -0.013280 
1254 22.630000 -0.003548 -0.013189 
1255 22.640000 -0.003556 -0.013100 
1256 22.650000 -0.003563 -0.013011 
1257 22.660000 -0.003570 -0.012923 
1258 22.670000 -0.003576 -0.012835 
1259 22.680000 -0.003582 -0.012748 
1260 22.690000 -0.003588 -0.012662 
1261 22.700000 -0.003594 -0.012576 
1262 22.710000 -0.003600 -0.012491 
1263 22.720000 -0.003605 -0.012407 
1264 22.730000 -0.003610 -0.012323 
1265 22.740000 -0.003615 -0.012240 
1266 22.750000 -0.003619 -0.012158 
1267 22.760000 -0.003624 -0.012076 
1268 22.770000 -0.003628 -0.011995 
1269 22.780000 -0.003631 -0.011914 
1270 22.790000 -0.003635 -0.011834 
1271 22.800000 -0.003638 -0.011755 
1272 22.810000 -0.003642 -0.011676 
1273 22.820000 -0.003645 -0.011598 
1274 22.830000 -0.003647 -0.011520 
1275 22.840000 -0.003650 -0.011443 
1276 22.850000 -0.003652 -0.011366 
1277 22.860000 -0.003654 -0.011290 
1278 22.870000 -0.003656 -0.011215 
1279 22.880000 -0.003658 -0.011140 
1280 22.890000 -0.003659 -0.011066 
1281 22.900000 -0.003661 -0.010992 
1282 22.910000 -0.003662 -0.010919 
1283 22.920000 -0.003663 -0.010846 
1284 22.930000 -0.003664 -0.010774 
1285 22.940000 -0.003664 -0.010702 
1286 22.950000 -0.003665 -0.010631 
1287 22.960000 -0.003665 -0.010561 
1288 22.970000 -0.003665 -0.010491 
1289 22.980000 -0.003665 -0.010421 
1290 22.990000 -0.003665 -0.010352 
1291 23.000000 -0.003664 -0.010284 
1292 23.010000 -0.003664 -0.010215 
1293 23.020000 -0.003663 -0.010148 
1294 23.030000 -0.003662 -0.010081 
1295 23.040000 -0.003661 -0.010014 
1296 23.050000 -0.003660 -0.009948 
1297 23.060000 -0.003659 -0.009883 
1298 23.070000 -0.003657 -0.009818 
1299 23.080000 -0.003656 -0.009753 
1300 23.090000 -0.003654 -0.009689 
1301 23.100000 -0.003652 -0.009625 
1302 23.110000 -0.003650 -0.009562 
1303 23.120000 -0.003648 -0.009499 
1304 23.130000 -0.003645 -0.009437 
1305 23.140000 -0.003643 -0.009375 
1306 23.150000 -0.003640 -0.009314 
1307 23.160000 -0.003638 -0.009253 
1308 23.170000 -0.003635 -0.009192 
1309 23.180000 -0.003632 -0.009132 
1310 23.190000 -0.003629 -0.009072 
1311 23.200000 -0.003626 -0.009013 
1312 23.210000 -0.003622 -0.008954 
1313 23.220000 -0.003619 -0.008896 
1314 23.230000 -0.003615 -0.008838 
1315 23.240000 -0.003612 -0.008781 
1316 23.250000 -0.003608 -0.008723 
1317 23.260000 -0.003604 -0.008667 
1318 23.270000 -0.003600 -0.008610 
1319 23.280000 -0.003596 -0.008554 
1320 23.290000 -0.003592 -0.008499 
1321 23.300000 -0.003588 -0.008444 
1322 23.310000 -0.003584 -0.008389 
1323 23.320000 -0.003579 -0.008335 
1324 23.330000 -0.003575 -0.008281 
1325 23.340000 -0.003570 -0.008227 
1326 23.350000 -0.003565 -0.008174 
1327 23.360000 -0.003561 -0.008121 
1328 23.370000 -0.003556 -0.008069 
1329 23.380000 -0.003551 -0.008017 
1330 23.390000 -0.003546 -0.007965 
1331 23.400000 -0.003540 -0.007914 
1332 23.410000 -0.003535 -0.007863 
1333 23.420000 -0.003530 -0.007813 
1334 23.430000 -0.003525 -0.007762 
1335 23.440000 -0.003519 -0.007712 
1336 23.450000 -0.003514 -0.007663 
1337 23.460000 -0.003508 -0.007614 
1338 23.470000 -0.003502 -0.007565 
1339 23.480000 -0.003497 -0.007517 
1340 23.490000 -0.003491 -0.007468 
1341 23.500000 -0.003485 -0.007421 
1342 23.510000 -0.003479 -0.007373 
1343 23.520000 -0.003473 -0.007326 
1344 23.530000 -0.003467 -0.007279 
1345 23.540000 -0.003461 -0.007233 
1346 23.550000 -0.003455 -0.007187 
1347 23.560000 -0.003448 -0.007141 
1348 23.570000 -0.003442 -0.007096 
1349 23.580000 -0.003436 -0.007050 
1350 23.590000 -0.003429 -0.007006 
1351 23.600000 -0.003423 -0.006961 
1352 23.610000 -0.003416 -0.006917 
1353 23.620000 -0.003410 -0.006873 
1354 23.630000 -0.003403 -0.006829 
1355 23.640000 -0.003396 -0.006786 
1356 23.650000 -0.003389 -0.006743 
1357 23.660000 -0.003383 -0.006701 
1358 23.670000 -0.003376 -0.006658 
1359 23.680000 -0.003369 -0.006616 
1360 23.690000 -0.003362 -0.006574 
1361 23.700000 -0.003355 -0.006533 
1362 23.710000 -0.003348 -0.006492 
1363 23.720000 -0.003341 -0.006451 
1364 23.730000 -0.003334 -0.006410 
1365 23.740000 -0.003327 -0.006370 
1366 23.750000 -0.003320 -0.006330 
1367 23.760000 -0.003312 -0.006290 
1368 23.770000 -0.003305 -0.006250 
1369 23.780000 -0.003298 -0.006211 
1370 23.790000 -0.003290 -0.006172 
1371 23.800000 -0.003283 -0.006133 
1372 23.810000 -0.003276 -0.006095 
1373 23.820000 -0.003268 -0.006057 
1374 23.830000 -0.003261 -0.006019 
1375 23.840000 -0.003253 -0.005981 
1376 23.850000 -0.003246 -0.005944 
1377 23.860000 -0.003238 -0.005907 
1378 23.870000 -0.003231 -0.005870 
1379 23.880000 -0.003223 -0.005833 
1380 23.890000 -0.003215 -0.005797 
1381 23.900000 -0.003208 -0.005761 
1382 23.910000 -0.003200 -0.005725 
1383 23.920000 -0.003192 -0.005689 
1384 23.930000 -0.003184 -0.005654 
1385 23.940000 -0.003177 -0.005619 
1386 23.950000 -0.003169 -0.005584 
1387 23.960000 -0.003161 -0.005549 
1388 23.970000 -0.003153 -0.005515 
1389 23.980000 -0.003145 -0.005481 
1390 23.990000 -0.003137 -0.005447 
1391 24.000000 -0.003130 -0.005413 
1392 24.010000 -0.003122 -0.005380 
1393 24.020000 -0.003114 -0.005346 
1394 24.030000 -0.003106 -0.005313 
1395 24.040000 -0.003098 -0.005281 
1396 24.050000 -0.003090 -0.005248 
1397 24.060000 -0.003082 -0.005216 
1398 24.070000 -0.003074 -0.005184 
1399 24.080000 -0.003066 -0.005152 
1400 24.090000 -0.003058 -0.005120 
1401 24.100000 -0.003050 -0.005088 
1402 24.110000 -0.003042 -0.005057 
1403 24.120000 -0.003033 -0.005026 
1404 24.130000 -0.003025 -0.004995 
1405 24.140000 -0.003017 -0.004965 
1406 24.150000 -0.003009 -0.004934 
1407 24.160000 -0.003001 -0.004904 
1408 24.170000 -0.002993 -0.004874 
1409 24.180000 -0.002985 -0.004844 
1410 24.190000 -0.002977 -0.004815 
1411 24.200000 -0.002968 -0.004785 
1412 24.210000 -0.002960 -0.004756 
1413 24.220000 -0.002952 -0.004727 
1414 24.230000 -0.002944 -0.004698 
1415 24.240000 -0.002936 -0.004670 
1416 24.250000 -0.002928 -0.004641 
1417 24.260000 -0.002919 -0.004613 
1418 24.270000 -0.002911 -0.004585 
1419 24.280000 -0.002903 -0.004557 
1420 24.290000 -0.002895 -0.004529 
1421 24.300000 -0.002886 -0.004502 
1422 24.310000 -0.002878 -0.004474 
1423 24.320000 -0.002870 -0.004447 
1424 24.330000 -0.002862 -0.004420 
1425 24.340000 -0.002854 -0.004394 
1426 24.350000 -0.002845 -0.004367 
1427 24.360000 -0.002837 -0.004341 
1428 24.370000 -0.002829 -0.004314 
1429 24.380000 -0.002821 -0.004288 
1430 24.390000 -0.002812 -0.004262 
1431 24.400000 -0.002804 -0.004237 
1432 24.410000 -0.002796 -0.004211 
1433 24.420000 -0.002788 -0.004186 
1434 24.430000 -0.002780 -0.004161 
1435 24.440000 -0.002771 -0.004136 
1436 24.450000 -0.002763 -0.004111 
1437 24.460000 -0.002755 -0.004086 
1438 24.470000 -0.002747 -0.004062 
1439 24.480000 -0.002739 -0.004037 
1440 24.490000 -0.002730 -0.004013 
1441 24.500000 -0.002722 -0.003989 
1442 24.510000 -0.002714 -0.003965 
1443 24.520000 -0.002706 -0.003941 
1444 24.530000 -0.002698 -0.003918 
1445 24.540000 -0.002689 -0.003894 
1446 24.550000 -0.002681 -0.003871 
1447 24.560000 -0.002673 -0.003848 
1448 24.570000 -0.002665 -0.003825 
1449 24.580000 -0.002657 -0.003802 
1450 24.590000 -0.002649 -0.003779 
1451 24.600000 -0.002641 -0.003757 
1452 24.610000 -0.002632 -0.003735 
1453 24.620000 -0.002624 -0.003712 
1454 24.630000 -0.002616 -0.003690 
1455 24.640000 -0.002608 -0.003668 
1456 24.650000 -0.002600 -0.003647 
1457 24.660000 -0.002592 -0.003625 
1458 24.670000 -0.002584 -0.003603 
1459 24.680000 -0.002576 -0.003582 
1460 24.690000 -0.002568 -0.003561 
1461 24.700000 -0.002560 -0.003540 
1462 24.710000 -0.002552 -0.003519 
1463 24.720000 -0.002544 -0.003498 
1464 24.730000 -0.002536 -0.003477 
1465 24.740000 -0.002528 -0.003457 
1466 24.750000 -0.002520 -0.003436 
1467 24.760000 -0.002512 -0.003416 
1468 24.770000 -0.002504 -0.003396 
1469 24.780000 -0.002496 -0.003376 
1470 24.790000 -0.002488 -0.003356 
1471 24.800000 -0.002480 -0.003336 
1472 24.810000 -0.002472 -0.003317 
1473 24.820000 -0.002464 -0.003297 
1474 24.830000 -0.002456 -0.003278 
1475 24.840000 -0.002448 -0.003259 
1476 24.850000 -0.002440 -0.003240 
1477 24.860000 -0.002432 -0.003221 
1478 24.870000 -0.002424 -0.003202 
1479 24.880000 -0.002417 -0.003183 
1480 24.890000 -0.002409 -0.003164 
1481 24.900000 -0.002401 -0.003146 
1482 24.910000 -0.002393 -0.003128 
1483 24.920000 -0.002385 -0.003109 
1484 24.930000 -0.002378 -0.003091 
1485 24.940000 -0.002370 -0.003073 
1486 24.950000 -0.002362 -0.003055 
1487 24.960000 -0.002354 -0.003037 
1488 24.970000 -0.002347 -0.003020 
1489 24.980000 -0.002339 -0.003002 
1490 24.990000 -0.002331 -0.002985 
