2.625000, 16.438245 
2.700000, 10.913584 
2.775000, 7.256462 
2.850000, 4.822235 
2.925000, 3.194852 
3.000000, 2.103407 
3.075000, 1.370060 
3.150000, 0.877192 
3.225000, 0.546483 
3.300000, 0.325466 
3.375000, 0.178804 
3.450000, 0.082582 
3.525000, 0.020556 
3.600000, -0.018343 
3.675000, -0.041675 
3.750000, -0.054610 
3.825000, -0.060682 
3.900000, -0.062305 
3.975000, -0.061121 
4.050000, -0.058242 
4.125000, -0.054417 
4.200000, -0.050141 
4.275000, -0.045736 
4.350000, -0.041408 
4.425000, -0.037281 
4.500000, -0.033425 
4.575000, -0.029874 
4.650000, -0.026638 
4.725000, -0.023712 
4.800000, -0.021082 
4.875000, -0.018728 
4.950000, -0.016629 
5.025000, -0.014761 
5.100000, -0.013103 
5.175000, -0.011633 
5.250000, -0.010331 
5.325000, -0.009178 
5.400000, -0.008158 
5.475000, -0.007256 
5.550000, -0.006457 
5.625000, -0.005751 
5.700000, -0.005125 
5.775000, -0.004571 
5.850000, -0.004081 
5.925000, -0.003646 
6.000000, -0.003260 
6.075000, -0.002918 
6.150000, -0.002613 
6.225000, -0.002343 
6.300000, -0.002102 
6.375000, -0.001888 
6.450000, -0.001697 
6.525000, -0.001527 
6.600000, -0.001375 
6.675000, -0.001240 
6.750000, -0.001118 
6.825000, -0.001010 
6.900000, -0.000913 
6.975000, -0.000825 
7.050000, -0.000747 
7.125000, -0.000677 
7.200000, -0.000614 
7.275000, -0.000557 
7.350000, -0.000506 
7.425000, -0.000460 
7.500000, -0.000419 
7.575000, -0.000381 
7.650000, -0.000347 
7.725000, -0.000317 
7.800000, -0.000289 
7.875000, -0.000264 
7.950000, -0.000241 
8.025000, -0.000221 
8.100000, -0.000202 
8.175000, -0.000185 
8.250000, -0.000170 
8.325000, -0.000155 
8.400000, -0.000143 
8.475000, -0.000131 
8.550000, -0.000120 
8.625000, -0.000111 
8.700000, -0.000102 
8.775000, -0.000094 
8.850000, -0.000087 
8.925000, -0.000080 
9.000000, -0.000074 
9.075000, -0.000068 
9.150000, -0.000063 
9.225000, -0.000058 
9.300000, -0.000054 
9.375000, -0.000050 
9.450000, -0.000046 
9.525000, -0.000043 
9.600000, -0.000039 
9.675000, -0.000037 
9.750000, -0.000034 
9.825000, -0.000032 
9.900000, -0.000029 
9.975000, -0.000027 
10.050000, -0.000025 
10.125000, -0.000024 
10.200000, -0.000022 
10.275000, -0.000020 
10.350000, -0.000019 
10.425000, -0.000018 
10.500000, -0.000017 
10.575000, -0.000015 
10.650000, -0.000014 
10.725000, -0.000013 
10.800000, -0.000013 
10.875000, -0.000012 
10.950000, -0.000011 
11.025000, -0.000010 
11.100000, -0.000010 
11.175000, -0.000009 
11.250000, -0.000008 
11.325000, -0.000008 
11.400000, -0.000007 
11.475000, -0.000007 
11.550000, -0.000007 
11.625000, -0.000006 
11.700000, -0.000006 
11.775000, -0.000005 
11.850000, -0.000005 
11.925000, -0.000005 
12.000000, -0.000004 
12.075000, -0.000004 
12.150000, -0.000004 
12.225000, -0.000004 
12.300000, -0.000004 
12.375000, -0.000003 
12.450000, -0.000003 
12.525000, -0.000003 
12.600000, -0.000003 
12.675000, -0.000003 
12.750000, -0.000002 
12.825000, -0.000002 
12.900000, -0.000002 
12.975000, -0.000002 
13.050000, -0.000002 
13.125000, -0.000002 
13.200000, -0.000002 
13.275000, -0.000002 
13.350000, -0.000002 
13.425000, -0.000001 
13.500000, -0.000001 
13.575000, -0.000001 
13.650000, -0.000001 
13.725000, -0.000001 
13.800000, -0.000001 
13.875000, -0.000001 
13.950000, -0.000001 
14.025000, -0.000001 
14.100000, -0.000001 
14.175000, -0.000001 
14.250000, -0.000001 
14.325000, -0.000001 
14.400000, -0.000001 
14.475000, -0.000001 
14.550000, -0.000001 
14.625000, -0.000001 
14.700000, -0.000001 
14.775000, -0.000001 
14.850000, -0.000001 
14.925000, -0.000001 
