1 10.100000 22231304087097737216.000000 1862601511403904565248.000000 
2 10.110000 9415517621159272448.000000 717401304907952029696.000000 
3 10.120000 4296960276960223744.000000 300224358640780902400.000000 
4 10.130000 2087936671851138816.000000 134708358007711121408.000000 
5 10.140000 1070214569342149760.000000 64138336580847116288.000000 
6 10.150000 574405086690939136.000000 32140730534095925248.000000 
7 10.160000 320905328686163200.000000 16839883835346098176.000000 
8 10.170000 185709607803715264.000000 9175306548933524480.000000 
9 10.180000 110876812892273312.000000 5175542946450834432.000000 
10 10.190000 68065995476513280.000000 3011039255808822784.000000 
11 10.200000 42841304346391960.000000 1801043551057968640.000000 
12 10.210000 27579077152720696.000000 1104595447622120832.000000 
13 10.220000 18120521124813468.000000 693013492593406208.000000 
14 10.230000 12129597742766228.000000 443877072396584000.000000 
15 10.240000 8258830143613637.000000 289735358919307648.000000 
16 10.250000 5711932740527163.000000 192436272734074848.000000 
17 10.260000 4007810158062172.000000 129875403450010720.000000 
18 10.270000 2849824753158822.000000 88960326506579120.000000 
19 10.280000 2051611601821451.250000 61777106922846256.000000 
20 10.290000 1494037410330374.500000 43451223936257400.000000 
21 10.300000 1099711594406190.250000 30927427561227972.000000 
22 10.310000 817602296329711.750000 22259427622527972.000000 
23 10.320000 613585926333427.625000 16188475815320058.000000 
24 10.330000 464545405501548.250000 11888891938919008.000000 
25 10.340000 354627477225812.375000 8811845175044902.000000 
26 10.350000 272834827591541.500000 6587961372106800.000000 
27 10.360000 211455906996367.437500 4965719021489009.000000 
28 10.370000 165027937729736.218750 3771948611268279.500000 
29 10.380000 129643816239769.390625 2886177852551569.000000 
30 10.390000 102483609628819.718750 2223766667790298.500000 
31 10.400000 81494473070284.390625 1724692915719290.500000 
32 10.410000 65169750152737.445312 1346014381556301.500000 
33 10.420000 52395056752556.320312 1056749616580254.000000 
34 10.430000 42340058184573.351562 834367416989519.000000 
35 10.440000 34381714527061.792969 662357047469015.000000 
36 10.450000 28049394676085.199219 528531603438234.937500 
37 10.460000 22985319642217.890625 423833308009223.437500 
38 10.470000 18915839839191.511719 341485481932773.562500 
39 10.480000 15630429656907.148438 276385965570597.968750 
40 10.490000 12966220596973.187500 224670059645767.031250 
41 10.500000 10796537951365.201172 183393396465568.250000 
42 10.510000 9022351378435.173828 150300283252037.968750 
43 10.520000 7565860302533.209961 123653389132196.625000 
44 10.530000 6365653264295.237305 102107756314771.968750 
45 10.540000 5373034757729.379883 84617045742858.906250 
46 10.550000 4549223113981.891602 70363371176858.265625 
47 10.560000 3863201910211.699219 58704498176707.132812 
48 10.570000 3290064351140.263184 49133900165802.554688 
49 10.580000 2809731448245.886230 41250386810332.265625 
50 10.590000 2405955052470.444824 34734897274571.906250 
51 10.600000 2065539009414.147705 29332684046696.457031 
52 10.610000 1777728117556.067627 24839572601840.808594 
53 10.620000 1533726759617.134033 21091317633748.031250 
54 10.630000 1326318177290.727295 17955322787742.574219 
55 10.640000 1149562186848.519043 15324172465101.410156 
56 10.650000 998554279738.679321 13110558952507.470703 
57 10.660000 869232949905.482788 11243288487187.804688 
58 10.670000 758225054492.991211 9664125001905.339844 
59 10.680000 662721279809.003662 8325286801950.645508 
60 10.690000 580375522314.776978 7187454114905.163086 
61 10.700000 509223333150.686096 6218177841773.882812 
62 10.710000 447615610048.163025 5390604513375.887695 
63 10.720000 394164524238.158875 4682451331408.587891 
64 10.730000 347699296262.112488 4075179669359.985352 
65 10.740000 307229924364.862854 3553326583200.041992 
66 10.750000 271917353500.942810 3103962528339.459961 
67 10.760000 241048875634.372620 2716250193807.424805 
68 10.770000 214017791113.647766 2381084596969.481934 
69 10.780000 190306550408.979858 2090798673426.188232 
70 10.790000 169472746165.801514 1838921806445.023926 
71 10.800000 151137445681.797424 1619981266479.604492 
72 10.810000 134975450018.367783 1429338525823.622314 
73 10.820000 120707143047.224380 1263053992963.746582 
74 10.830000 108091655744.768463 1117774965806.957520 
75 10.840000 96921121066.845871 990642602392.005371 
76 10.850000 87015835191.508606 879214506109.767700 
77 10.860000 78220173721.814575 781400162046.214844 
78 10.870000 70399138109.102127 695406974801.585815 
79 10.880000 63435429291.146111 619695071878.350830 
80 10.890000 57226963295.103050 552939370789.928345 
81 10.900000 51684758094.806313 493997678443.351562 
82 10.910000 46731132945.752388 441883810758.916809 
83 10.920000 42298171238.243065 395744898950.544250 
84 10.930000 38326406002.801895 354842194383.395264 
85 10.940000 34763693889.210457 318534802812.422791 
86 10.950000 31564248977.325260 286265876169.007935 
87 10.960000 28687812371.617825 257550869973.755737 
88 10.970000 26098937350.451797 231967540180.647308 
89 10.980000 23766373022.394558 209147407431.747589 
90 10.990000 21662532096.973534 188768461444.555267 
91 11.000000 19763030597.490761 170548915282.186462 
92 11.010000 18046289203.434479 154241849959.819366 
93 11.020000 16493187471.012274 139630615348.954590 
94 11.030000 15086763492.721020 126524874572.700912 
95 11.040000 13811952662.191566 114757196790.181870 
96 11.050000 12655360143.067091 104180118058.856644 
97 11.060000 11605062428.708187 94663602341.470917 
98 11.070000 10650434046.563351 86092845101.267380 
99 11.080000 9781996026.574442 78366370643.197876 
100 11.090000 8991283233.210104 71394381688.887573 
101 11.100000 8270728069.139906 65097325848.994186 
102 11.110000 7613558406.437163 59404648868.430222 
103 11.120000 7013707897.948892 54253708925.131050 
104 11.130000 6465737074.979291 49588829992.253227 
105 11.140000 5964763854.313962 45360475435.437119 
106 11.150000 5506402263.414363 41524525701.375542 
107 11.160000 5086708352.014084 38041646236.780876 
108 11.170000 4702132395.286849 34876733720.851753 
109 11.180000 4349476611.550600 31998430352.116199 
110 11.190000 4025857718.936849 29378697346.224098 
111 11.200000 3728673742.960546 26992440011.831631 
112 11.210000 3455574562.494958 24817177808.323944 
113 11.220000 3204435746.992611 22832753677.887043 
114 11.230000 2973335294.356195 21021077707.471420 
115 11.240000 2760532927.887291 19365900832.092804 
116 11.250000 2564451653.281250 17852614855.440849 
117 11.260000 2383661313.595730 16468075550.255383 
118 11.270000 2216863912.264340 15200446020.657043 
119 11.280000 2062880502.217330 14039057871.199997 
120 11.290000 1920639463.570117 12974288040.982922 
121 11.300000 1789166013.632684 11997449432.656555 
122 11.310000 1667572811.593498 11100693701.508886 
123 11.320000 1555051536.498287 10276924774.037819 
124 11.330000 1450865331.384639 9519721842.847157 
125 11.340000 1354342018.912232 8823270739.002876 
126 11.350000 1264868004.775948 8182302717.330672 
127 11.360000 1181882794.801009 7592039807.215109 
128 11.370000 1104874060.068159 7048145983.609441 
129 11.380000 1033373191.850099 6546683502.174396 
130 11.390000 966951294.685695 6084073820.447687 
131 11.400000 905215571.688751 5657062595.193619 
132 11.410000 847806061.278008 5262688305.855235 
133 11.420000 794392689.010615 4898254106.444551 
134 11.430000 744672602.173896 4561302554.198727 
135 11.440000 698367758.305346 4249592903.735845 
136 11.450000 655222741.922286 3961080690.964972 
137 11.460000 615002786.500543 3693899362.268648 
138 11.470000 577491981.186976 3446343732.009551 
139 11.480000 542491643.901943 3216855075.690107 
140 11.490000 509818844.416190 3004007687.511512 
141 11.500000 479305062.701523 2806496749.994929 
142 11.510000 450794969.380410 2623127380.046756 
143 11.520000 424145316.458281 2452804730.638210 
144 11.530000 399223927.733344 2294525040.364210 
145 11.540000 375908779.358638 2147367534.747305 
146 11.550000 354087161.994946 2010487093.439805 
147 11.560000 333654916.854341 1883107606.608009 
148 11.570000 314515738.703700 1764515951.890275 
149 11.580000 296580539.586039 1654056530.528495 
150 11.590000 279766867.633835 1551126307.683233 
151 11.600000 263998375.900651 1455170307.650076 
152 11.610000 249204336.632207 1365677519.778085 
153 11.620000 235319196.842146 1282177175.424189 
154 11.630000 222282171.456227 1204235360.320407 
155 11.640000 210036870.646643 1131451930.340497 
156 11.650000 198530958.300091 1063457701.878099 
157 11.660000 187715838.852539 999911890.931266 
158 11.670000 177546369.984232 940499777.567883 
159 11.680000 167980598.903104 884930574.755840 
160 11.690000 158979520.156165 832935482.610176 
161 11.700000 150506853.099169 784265910.964314 
162 11.710000 142528837.326863 738691854.835600 
163 11.720000 135014044.521493 696000408.848802 
164 11.730000 127933205.317561 655994408.022192 
165 11.740000 121259049.907662 618491183.526119 
166 11.750000 114966161.229009 583321423.108070 
167 11.760000 109030839.674065 550328126.853513 
168 11.770000 103430978.362722 519365649.829990 
169 11.780000 98145948.098687 490298823.953380 
170 11.790000 93156491.209947 463002152.128364 
171 11.800000 88444623.543256 437359068.358632 
172 11.810000 83993543.946144 413261258.103089 
173 11.820000 79787550.627711 390608033.678635 
174 11.830000 75811963.841883 369305759.984040 
175 11.840000 72053054.384538 349267326.247746 
176 11.850000 68497977.439208 330411659.889975 
177 11.860000 65134711.345600 312663278.940267 
178 11.870000 61952000.901039 295951879.769150 
179 11.880000 58939304.837701 280211957.180430 
180 11.890000 56086747.148318 265382454.171498 
181 11.900000 53385071.960229 251406438.905637 
182 11.910000 50825601.682460 238230806.655075 
183 11.920000 48400198.173159 225806004.668473 
184 11.930000 46101226.695400 214085778.093680 
185 11.940000 43921522.448232 203026935.247549 
186 11.950000 41854359.477142 192589130.670991 
187 11.960000 39893421.783878 182734664.540614 
188 11.970000 38032776.470010 173428297.129527 
189 11.980000 36266848.761850 164637077.120268 
190 11.990000 34590398.776433 156330182.673402 
191 12.000000 32998499.899370 148478774.247004 
192 12.010000 31486518.655543 141055858.245862 
193 12.020000 30050095.962907 134036160.655509 
194 12.030000 28685129.668266 127396009.885834 
195 12.040000 27387758.271667 121113228.112606 
196 12.050000 26154345.753322 115167030.463340 
197 12.060000 24981467.423534 109537931.447034 
198 12.070000 23865896.722216 104207658.075893 
199 12.080000 22804592.900148 99159069.171533 
200 12.090000 21794689.519299 94376080.388861 
201 12.100000 20833483.714209 89843594.528021 
202 12.110000 19918426.160834 85547436.738939 
203 12.120000 19047111.703228 81474294.254198 
204 12.130000 18217270.592130 77611660.314673 
205 12.140000 17426760.292944 73947781.978601 
206 12.150000 16673557.823705 70471611.528898 
207 12.160000 15955752.586528 67172761.215631 
208 12.170000 15271539.658716 64041461.090920 
209 12.180000 14619213.512133 61068519.712164 
210 12.190000 13997162.131750 58245287.506696 
211 12.200000 13403861.506342 55563622.606689 
212 12.210000 12837870.466275 53015858.977695 
213 12.220000 12297825.845106 50594776.677505 
214 12.230000 11782437.943355 48293574.094322 
215 12.240000 11290486.274379 46105842.024558 
216 12.250000 10820815.573650 44025539.460964 
217 12.260000 10372332.054089 42046970.971414 
218 12.270000 9943999.891297 40164765.557525 
219 12.280000 9534837.923653 38373856.890431 
220 12.290000 9143916.553308 36669464.828575 
221 12.300000 8770354.835033 35047078.129322 
222 12.310000 8413317.740821 33502438.272612 
223 12.320000 8072013.588921 32031524.320785 
224 12.330000 7745691.626810 30630538.744189 
225 12.340000 7433639.758257 29295894.147229 
226 12.350000 7135182.405363 28024200.834191 
227 12.360000 6849678.497024 26812255.158490 
228 12.370000 6576519.575865 25657028.602992 
229 12.380000 6315128.016220 24555657.542757 
230 12.390000 6064955.346213 23505433.644965 
231 12.400000 5825480.667478 22503794.863963 
232 12.410000 5596209.166454 21548316.992313 
233 12.420000 5376670.711622 20636705.731411 
234 12.430000 5166418.531391 19766789.247806 
235 12.440000 4965027.967696 18936511.183660 
236 12.450000 4772095.300699 18143924.091949 
237 12.460000 4587236.640270 17387183.269053 
238 12.470000 4410086.880207 16664540.959193 
239 12.480000 4240298.711423 15974340.906961 
240 12.490000 4077541.690545 15315013.235753 
241 12.500000 3921501.360630 14685069.631421 
242 12.510000 3771878.420881 14083098.811874 
243 12.520000 3628387.942460 13507762.264589 
244 12.530000 3490758.627675 12957790.235260 
245 12.540000 3358732.109983 12431977.951864 
246 12.550000 3232062.292419 11929182.069508 
247 12.560000 3110514.722205 11448317.322359 
248 12.570000 2993865.999429 10988353.369857 
249 12.580000 2881903.217819 10548311.825263 
250 12.590000 2774423.435763 10127263.455357 
251 12.600000 2671233.175831 9724325.540829 
252 12.610000 2572147.951154 9338659.387580 
253 12.620000 2476991.817141 8969467.979791 
254 12.630000 2385596.947089 8615993.766186 
255 12.640000 2297803.230314 8277516.571473 
256 12.650000 2213457.891553 7953351.625456 
257 12.660000 2132415.130424 7642847.702796 
258 12.670000 2054535.779822 7345385.366807 
259 12.680000 1979686.982198 7060375.311148 
260 12.690000 1907741.882713 6787256.793599 
261 12.700000 1838579.338345 6525496.156504 
262 12.710000 1772083.642053 6274585.428808 
263 12.720000 1708144.261176 6034041.004889 
264 12.730000 1646655.589286 5803402.395736 
265 12.740000 1587516.710748 5582231.048260 
266 12.750000 1530631.177313 5370109.228789 
267 12.760000 1475906.796069 5166638.967068 
268 12.770000 1423255.428151 4971441.057257 
269 12.780000 1372592.797618 4784154.112688 
270 12.790000 1323838.309963 4604433.671306 
271 12.800000 1276914.879721 4431951.348904 
272 12.810000 1231748.766710 4266394.037454 
273 12.820000 1188269.420432 4107463.145981 
274 12.830000 1146409.332199 3954873.881590 
275 12.840000 1106103.894594 3808354.568386 
276 12.850000 1067291.267850 3667646.002178 
277 12.860000 1029912.252820 3532500.838970 
278 12.870000 993910.170158 3402683.015357 
279 12.880000 959230.745415 3277967.199067 
280 12.890000 925821.999722 3158138.267992 
281 12.900000 893634.145785 3042990.816120 
282 12.910000 862619.488913 2932328.684924 
283 12.920000 832732.332808 2825964.518792 
284 12.930000 803928.889899 2723719.343205 
285 12.940000 776167.195958 2625422.164419 
286 12.950000 749407.028804 2530909.589503 
287 12.960000 723609.830869 2440025.465614 
288 12.970000 698738.635445 2352620.537495 
289 12.980000 674757.996412 2268552.122209 
290 12.990000 651633.921291 2187683.800198 
291 13.000000 629333.807427 2109885.121789 
292 13.010000 607826.381179 2035031.328328 
293 13.020000 587081.639941 1963003.087185 
294 13.030000 567070.796859 1893686.239875 
295 13.040000 547766.228126 1826971.562620 
296 13.050000 529141.422704 1762754.538707 
297 13.060000 511170.934371 1700935.142006 
298 13.070000 493830.335972 1641417.631084 
299 13.080000 477096.175769 1584110.353364 
300 13.090000 460945.935781 1528925.558799 
301 13.100000 445357.992029 1475779.222580 
302 13.110000 430311.576579 1424590.876416 
303 13.120000 415786.741316 1375283.447932 
304 13.130000 401764.323337 1327783.107789 
305 13.140000 388225.911918 1282019.124120 
306 13.150000 375153.816953 1237923.723917 
307 13.160000 362531.038813 1195431.961010 
308 13.170000 350341.239539 1154481.590320 
309 13.180000 338568.715332 1115012.948048 
310 13.190000 327198.370246 1076968.837526 
311 13.200000 316215.691058 1040294.420431 
312 13.210000 305606.723238 1004937.113099 
313 13.220000 295358.047980 970846.487689 
314 13.230000 285456.760238 937974.177951 
315 13.240000 275890.447718 906273.789375 
316 13.250000 266647.170797 875700.813503 
317 13.260000 257715.443300 846212.546200 
318 13.270000 249084.214121 817768.009690 
319 13.280000 240742.849636 790327.878175 
320 13.290000 232681.116867 763854.406857 
321 13.300000 224889.167380 738311.364202 
322 13.310000 217357.521862 713663.967298 
323 13.320000 210077.055368 689878.820134 
324 13.330000 203038.983187 666923.854683 
325 13.340000 196234.847312 644768.274643 
326 13.350000 189656.503486 623382.501714 
327 13.360000 183296.108790 602738.124278 
328 13.370000 177146.109760 582807.848387 
329 13.380000 171199.230994 563565.450937 
330 13.390000 165448.464249 544985.734918 
331 13.400000 159887.057983 527044.486665 
332 13.410000 154508.507336 509718.434989 
333 13.420000 149306.544532 492985.212120 
334 13.430000 144275.129668 476823.316369 
335 13.440000 139408.441898 461212.076425 
336 13.450000 134700.870967 446131.617219 
337 13.460000 130147.009101 431562.827282 
338 13.470000 125741.643228 417487.327517 
339 13.480000 121479.747518 403887.441331 
340 13.490000 117356.476219 390746.166064 
341 13.500000 113367.156801 378047.145648 
342 13.510000 109507.283359 365774.644445 
343 13.520000 105772.510299 353913.522210 
344 13.530000 102158.646268 342449.210126 
345 13.540000 98661.648335 331367.687865 
346 13.550000 95277.616401 320655.461623 
347 13.560000 92002.787836 310299.543096 
348 13.570000 88833.532328 300287.429339 
349 13.580000 85766.346940 290607.083482 
350 13.590000 82797.851360 281246.916259 
351 13.600000 79924.783341 272195.768315 
352 13.610000 77143.994323 263442.893248 
353 13.620000 74452.445224 254977.941375 
354 13.630000 71847.202398 246790.944161 
355 13.640000 69325.433754 238872.299306 
356 13.650000 66884.405023 231212.756446 
357 13.660000 64521.476175 223803.403451 
358 13.670000 62234.097970 216635.653285 
359 13.680000 60019.808649 209701.231411 
360 13.690000 57876.230747 202992.163711 
361 13.700000 55801.068036 196500.764901 
362 13.710000 53792.102582 190219.627425 
363 13.720000 51847.191913 184141.610797 
364 13.730000 49964.266301 178259.831378 
365 13.740000 48141.326143 172567.652569 
366 13.750000 46376.439448 167058.675401 
367 13.760000 44667.739411 161726.729505 
368 13.770000 43013.422088 156565.864443 
369 13.780000 41411.744157 151570.341395 
370 13.790000 39861.020755 146734.625173 
371 13.800000 38359.623412 142053.376554 
372 13.810000 36905.978049 137521.444924 
373 13.820000 35498.563059 133133.861209 
374 13.830000 34135.907456 128885.831093 
375 13.840000 32816.589099 124772.728500 
376 13.850000 31539.232971 120790.089335 
377 13.860000 30302.509535 116933.605472 
378 13.870000 29105.133141 113199.118979 
379 13.880000 27945.860502 109582.616567 
380 13.890000 26823.489211 106080.224260 
381 13.900000 25736.856331 102688.202273 
382 13.910000 24684.837022 99402.940085 
383 13.920000 23666.343229 96220.951707 
384 13.930000 22680.322408 93138.871137 
385 13.940000 21725.756308 90153.447980 
386 13.950000 20801.659792 87261.543252 
387 13.960000 19907.079700 84460.125332 
388 13.970000 19041.093761 81746.266077 
389 13.980000 18202.809530 79117.137084 
390 13.990000 17391.363382 76570.006097 
391 14.000000 16605.919524 74102.233544 
392 14.010000 15845.669056 71711.269220 
393 14.020000 15109.829060 69394.649076 
394 14.030000 14397.641720 67149.992150 
395 14.040000 13708.373476 64974.997601 
396 14.050000 13041.314213 62867.441859 
397 14.060000 12395.776466 60825.175880 
398 14.070000 11771.094665 58846.122511 
399 14.080000 11166.624404 56928.273945 
400 14.090000 10581.741733 55069.689277 
401 14.100000 10015.842473 53268.492148 
402 14.110000 9468.341567 51522.868478 
403 14.120000 8938.672435 49831.064284 
404 14.130000 8426.286372 48191.383578 
405 14.140000 7930.651950 46602.186343 
406 14.150000 7451.254449 45061.886583 
407 14.160000 6987.595312 43568.950444 
408 14.170000 6539.191608 42121.894409 
409 14.180000 6105.575519 40719.283551 
410 14.190000 5686.293850 39359.729860 
411 14.200000 5280.907547 38041.890618 
412 14.210000 4888.991238 36764.466848 
413 14.220000 4510.132785 35526.201810 
414 14.230000 4143.932856 34325.879551 
415 14.240000 3790.004507 33162.323511 
416 14.250000 3447.972784 32034.395184 
417 14.260000 3117.474334 30940.992812 
418 14.270000 2798.157029 29881.050146 
419 14.280000 2489.679606 28853.535233 
420 14.290000 2191.711317 27857.449261 
421 14.300000 1903.931592 26891.825433 
422 14.310000 1626.029712 25955.727894 
423 14.320000 1357.704497 25048.250682 
424 14.330000 1098.663994 24168.516730 
425 14.340000 848.625192 23315.676894 
426 14.350000 607.313731 22488.909018 
427 14.360000 374.463629 21687.417034 
428 14.370000 149.817016 20910.430091 
429 14.380000 -66.876121 20157.201716 
430 14.390000 -275.858189 19427.009005 
431 14.400000 -477.364227 18719.151840 
432 14.410000 -671.622140 18032.952138 
433 14.420000 -858.852922 17367.753118 
434 14.430000 -1039.270874 16722.918606 
435 14.440000 -1213.083813 16097.832347 
436 14.450000 -1380.493275 15491.897361 
437 14.460000 -1541.694713 14904.535305 
438 14.470000 -1696.877684 14335.185862 
439 14.480000 -1846.226035 13783.306157 
440 14.490000 -1989.918079 13248.370184 
441 14.500000 -2128.126770 12729.868260 
442 14.510000 -2261.019865 12227.306491 
443 14.520000 -2388.760087 11740.206261 
444 14.530000 -2511.505282 11268.103742 
445 14.540000 -2629.408565 10810.549408 
446 14.550000 -2742.618472 10367.107579 
447 14.560000 -2851.279097 9937.355975 
448 14.570000 -2955.530228 9520.885281 
449 14.580000 -3055.507483 9117.298735 
450 14.590000 -3151.342433 8726.211725 
451 14.600000 -3243.162730 8347.251398 
452 14.610000 -3331.092224 7980.056287 
453 14.620000 -3415.251079 7624.275948 
454 14.630000 -3495.755888 7279.570605 
455 14.640000 -3572.719779 6945.610819 
456 14.650000 -3646.252523 6622.077151 
457 14.660000 -3716.460630 6308.659853 
458 14.670000 -3783.447457 6005.058557 
459 14.680000 -3847.313294 5710.981979 
460 14.690000 -3908.155464 5426.147636 
461 14.700000 -3966.068408 5150.281567 
462 14.710000 -4021.143774 4883.118065 
463 14.720000 -4073.470501 4624.399418 
464 14.730000 -4123.134900 4373.875660 
465 14.740000 -4170.220731 4131.304328 
466 14.750000 -4214.809284 3896.450229 
467 14.760000 -4256.979450 3669.085210 
468 14.770000 -4296.807791 3448.987944 
469 14.780000 -4334.368614 3235.943715 
470 14.790000 -4369.734036 3029.744212 
471 14.800000 -4402.974049 2830.187334 
472 14.810000 -4434.156582 2637.076993 
473 14.820000 -4463.347567 2450.222935 
474 14.830000 -4490.610992 2269.440555 
475 14.840000 -4516.008965 2094.550724 
476 14.850000 -4539.601766 1925.379621 
477 14.860000 -4561.447900 1761.758574 
478 14.870000 -4581.604152 1603.523895 
479 14.880000 -4600.125639 1450.516732 
480 14.890000 -4617.065855 1302.582922 
481 14.900000 -4632.476723 1159.572845 
482 14.910000 -4646.408637 1021.341288 
483 14.920000 -4658.910513 887.747309 
484 14.930000 -4670.029824 758.654109 
485 14.940000 -4679.812652 633.928906 
486 14.950000 -4688.303721 513.442813 
487 14.960000 -4695.546440 397.070718 
488 14.970000 -4701.582942 284.691174 
489 14.980000 -4706.454121 176.186286 
490 14.990000 -4710.199667 71.441606 
491 15.000000 -4712.858101 -29.653975 
492 15.010000 -4714.466812 -127.208322 
493 15.020000 -4715.062085 -221.326158 
494 15.030000 -4714.679140 -312.109152 
495 15.040000 -4713.352156 -399.656019 
496 15.050000 -4711.114304 -484.062601 
497 15.060000 -4707.997780 -565.421956 
498 15.070000 -4704.033826 -643.824439 
499 15.080000 -4699.252764 -719.357785 
500 15.090000 -4693.684019 -792.107186 
501 15.100000 -4687.356145 -862.155364 
502 15.110000 -4680.296855 -929.582649 
503 15.120000 -4672.533038 -994.467045 
504 15.130000 -4664.090788 -1056.884303 
505 15.140000 -4654.995424 -1116.907982 
506 15.150000 -4645.271516 -1174.609522 
507 15.160000 -4634.942902 -1230.058298 
508 15.170000 -4624.032712 -1283.321685 
509 15.180000 -4612.563390 -1334.465119 
510 15.190000 -4600.556707 -1383.552146 
511 15.200000 -4588.033789 -1430.644488 
512 15.210000 -4575.015129 -1475.802088 
513 15.220000 -4561.520608 -1519.083165 
514 15.230000 -4547.569513 -1560.544265 
515 15.240000 -4533.180552 -1600.240311 
516 15.250000 -4518.371872 -1638.224646 
517 15.260000 -4503.161075 -1674.549083 
518 15.270000 -4487.565233 -1709.263949 
519 15.280000 -4471.600905 -1742.418125 
520 15.290000 -4455.284148 -1774.059092 
521 15.300000 -4438.630535 -1804.232971 
522 15.310000 -4421.655168 -1832.984559 
523 15.320000 -4404.372690 -1860.357372 
524 15.330000 -4386.797299 -1886.393678 
525 15.340000 -4368.942762 -1911.134536 
526 15.350000 -4350.822423 -1934.619830 
527 15.360000 -4332.449223 -1956.888300 
528 15.370000 -4313.835702 -1977.977580 
529 15.380000 -4294.994017 -1997.924227 
530 15.390000 -4275.935953 -2016.763752 
531 15.400000 -4256.672927 -2034.530651 
532 15.410000 -4237.216008 -2051.258431 
533 15.420000 -4217.575920 -2066.979645 
534 15.430000 -4197.763052 -2081.725910 
535 15.440000 -4177.787473 -2095.527944 
536 15.450000 -4157.658935 -2108.415583 
537 15.460000 -4137.386885 -2120.417811 
538 15.470000 -4116.980475 -2131.562783 
539 15.480000 -4096.448566 -2141.877849 
540 15.490000 -4075.799742 -2151.389578 
541 15.500000 -4055.042312 -2160.123775 
542 15.510000 -4034.184323 -2168.105511 
543 15.520000 -4013.233564 -2175.359136 
544 15.530000 -3992.197575 -2181.908306 
545 15.540000 -3971.083654 -2187.775997 
546 15.550000 -3949.898862 -2192.984529 
547 15.560000 -3928.650034 -2197.555580 
548 15.570000 -3907.343780 -2201.510210 
549 15.580000 -3885.986497 -2204.868873 
550 15.590000 -3864.584370 -2207.651437 
551 15.600000 -3843.143381 -2209.877198 
552 15.610000 -3821.669316 -2211.564902 
553 15.620000 -3800.167765 -2212.732752 
554 15.630000 -3778.644135 -2213.398432 
555 15.640000 -3757.103650 -2213.579114 
556 15.650000 -3735.551358 -2213.291477 
557 15.660000 -3713.992136 -2212.551722 
558 15.670000 -3692.430694 -2211.375579 
559 15.680000 -3670.871583 -2209.778327 
560 15.690000 -3649.319194 -2207.774805 
561 15.700000 -3627.777769 -2205.379421 
562 15.710000 -3606.251398 -2202.606169 
563 15.720000 -3584.744032 -2199.468635 
564 15.730000 -3563.259479 -2195.980014 
565 15.740000 -3541.801413 -2192.153119 
566 15.750000 -3520.373376 -2188.000389 
567 15.760000 -3498.978782 -2183.533904 
568 15.770000 -3477.620922 -2178.765391 
569 15.780000 -3456.302966 -2173.706236 
570 15.790000 -3435.027965 -2168.367493 
571 15.800000 -3413.798860 -2162.759896 
572 15.810000 -3392.618479 -2156.893861 
573 15.820000 -3371.489543 -2150.779502 
574 15.830000 -3350.414670 -2144.426637 
575 15.840000 -3329.396376 -2137.844795 
576 15.850000 -3308.437081 -2131.043224 
577 15.860000 -3287.539108 -2124.030903 
578 15.870000 -3266.704687 -2116.816542 
579 15.880000 -3245.935961 -2109.408597 
580 15.890000 -3225.234982 -2101.815274 
581 15.900000 -3204.603722 -2094.044534 
582 15.910000 -3184.044068 -2086.104103 
583 15.920000 -3163.557827 -2078.001476 
584 15.930000 -3143.146732 -2069.743928 
585 15.940000 -3122.812437 -2061.338512 
586 15.950000 -3102.556527 -2052.792074 
587 15.960000 -3082.380513 -2044.111253 
588 15.970000 -3062.285841 -2035.302488 
589 15.980000 -3042.273887 -2026.372025 
590 15.990000 -3022.345966 -2017.325923 
591 16.000000 -3002.503327 -2008.170054 
592 16.010000 -2982.747161 -1998.910114 
593 16.020000 -2963.078600 -1989.551627 
594 16.030000 -2943.498717 -1980.099947 
595 16.040000 -2924.008532 -1970.560263 
596 16.050000 -2904.609010 -1960.937609 
597 16.060000 -2885.301064 -1951.236859 
598 16.070000 -2866.085557 -1941.462741 
599 16.080000 -2846.963303 -1931.619835 
600 16.090000 -2827.935069 -1921.712578 
601 16.100000 -2809.001575 -1911.745270 
602 16.110000 -2790.163497 -1901.722078 
603 16.120000 -2771.421468 -1891.647035 
604 16.130000 -2752.776080 -1881.524050 
605 16.140000 -2734.227883 -1871.356907 
606 16.150000 -2715.777389 -1861.149271 
607 16.160000 -2697.425071 -1850.904690 
608 16.170000 -2679.171365 -1840.626598 
609 16.180000 -2661.016673 -1830.318321 
610 16.190000 -2642.961360 -1819.983074 
611 16.200000 -2625.005761 -1809.623973 
612 16.210000 -2607.150175 -1799.244029 
613 16.220000 -2589.394872 -1788.846155 
614 16.230000 -2571.740091 -1778.433170 
615 16.240000 -2554.186041 -1768.007800 
616 16.250000 -2536.732904 -1757.572678 
617 16.260000 -2519.380834 -1747.130354 
618 16.270000 -2502.129958 -1736.683287 
619 16.280000 -2484.980378 -1726.233859 
620 16.290000 -2467.932170 -1715.784366 
621 16.300000 -2450.985387 -1705.337029 
622 16.310000 -2434.140059 -1694.893993 
623 16.320000 -2417.396193 -1684.457327 
624 16.330000 -2400.753774 -1674.029030 
625 16.340000 -2384.212769 -1663.611030 
626 16.350000 -2367.773119 -1653.205188 
627 16.360000 -2351.434752 -1642.813299 
628 16.370000 -2335.197572 -1632.437093 
629 16.380000 -2319.061469 -1622.078240 
630 16.390000 -2303.026311 -1611.738345 
631 16.400000 -2287.091954 -1601.418960 
632 16.410000 -2271.258233 -1591.121577 
633 16.420000 -2255.524972 -1580.847631 
634 16.430000 -2239.891976 -1570.598506 
635 16.440000 -2224.359037 -1560.375533 
636 16.450000 -2208.925932 -1550.179991 
637 16.460000 -2193.592427 -1540.013111 
638 16.470000 -2178.358272 -1529.876075 
639 16.480000 -2163.223207 -1519.770019 
640 16.490000 -2148.186958 -1509.696035 
641 16.500000 -2133.249239 -1499.655168 
642 16.510000 -2118.409756 -1489.648423 
643 16.520000 -2103.668201 -1479.676763 
644 16.530000 -2089.024258 -1469.741110 
645 16.540000 -2074.477600 -1459.842348 
646 16.550000 -2060.027891 -1449.981323 
647 16.560000 -2045.674785 -1440.158843 
648 16.570000 -2031.417928 -1430.375682 
649 16.580000 -2017.256959 -1420.632579 
650 16.590000 -2003.191508 -1410.930237 
651 16.600000 -1989.221196 -1401.269331 
652 16.610000 -1975.345638 -1391.650499 
653 16.620000 -1961.564444 -1382.074352 
654 16.630000 -1947.877213 -1372.541470 
655 16.640000 -1934.283542 -1363.052405 
656 16.650000 -1920.783020 -1353.607678 
657 16.660000 -1907.375229 -1344.207786 
658 16.670000 -1894.059749 -1334.853198 
659 16.680000 -1880.836152 -1325.544358 
660 16.690000 -1867.704006 -1316.281685 
661 16.700000 -1854.662874 -1307.065573 
662 16.710000 -1841.712316 -1297.896395 
663 16.720000 -1828.851886 -1288.774498 
664 16.730000 -1816.081135 -1279.700209 
665 16.740000 -1803.399611 -1270.673834 
666 16.750000 -1790.806857 -1261.695658 
667 16.760000 -1778.302413 -1252.765946 
668 16.770000 -1765.885818 -1243.884943 
669 16.780000 -1753.556606 -1235.052876 
670 16.790000 -1741.314309 -1226.269953 
671 16.800000 -1729.158457 -1217.536366 
672 16.810000 -1717.088576 -1208.852287 
673 16.820000 -1705.104193 -1200.217875 
674 16.830000 -1693.204830 -1191.633271 
675 16.840000 -1681.390009 -1183.098601 
676 16.850000 -1669.659251 -1174.613975 
677 16.860000 -1658.012072 -1166.179490 
678 16.870000 -1646.447992 -1157.795228 
679 16.880000 -1634.966526 -1149.461258 
680 16.890000 -1623.567188 -1141.177636 
681 16.900000 -1612.249494 -1132.944404 
682 16.910000 -1601.012957 -1124.761592 
683 16.920000 -1589.857089 -1116.629221 
684 16.930000 -1578.781404 -1108.547296 
685 16.940000 -1567.785413 -1100.515814 
686 16.950000 -1556.868628 -1092.534761 
687 16.960000 -1546.030562 -1084.604111 
688 16.970000 -1535.270724 -1076.723830 
689 16.980000 -1524.588629 -1068.893873 
690 16.990000 -1513.983787 -1061.114186 
691 17.000000 -1503.455711 -1053.384706 
692 17.010000 -1493.003913 -1045.705361 
693 17.020000 -1482.627907 -1038.076072 
694 17.030000 -1472.327207 -1030.496751 
695 17.040000 -1462.101326 -1022.967301 
696 17.050000 -1451.949780 -1015.487620 
697 17.060000 -1441.872085 -1008.057596 
698 17.070000 -1431.867758 -1000.677114 
699 17.080000 -1421.936316 -993.346047 
700 17.090000 -1412.077278 -986.064266 
701 17.100000 -1402.290164 -978.831634 
702 17.110000 -1392.574495 -971.648008 
703 17.120000 -1382.929794 -964.513240 
704 17.130000 -1373.355583 -957.427175 
705 17.140000 -1363.851388 -950.389654 
706 17.150000 -1354.416735 -943.400514 
707 17.160000 -1345.051152 -936.459584 
708 17.170000 -1335.754168 -929.566691 
709 17.180000 -1326.525315 -922.721657 
710 17.190000 -1317.364123 -915.924298 
711 17.200000 -1308.270128 -909.174429 
712 17.210000 -1299.242865 -902.471858 
713 17.220000 -1290.281872 -895.816391 
714 17.230000 -1281.386688 -889.207831 
715 17.240000 -1272.556854 -882.645975 
716 17.250000 -1263.791914 -876.130619 
717 17.260000 -1255.091411 -869.661555 
718 17.270000 -1246.454893 -863.238574 
719 17.280000 -1237.881909 -856.861460 
720 17.290000 -1229.372009 -850.529998 
721 17.300000 -1220.924747 -844.243970 
722 17.310000 -1212.539676 -838.003154 
723 17.320000 -1204.216353 -831.807326 
724 17.330000 -1195.954338 -825.656262 
725 17.340000 -1187.753193 -819.549734 
726 17.350000 -1179.612479 -813.487512 
727 17.360000 -1171.531762 -807.469365 
728 17.370000 -1163.510610 -801.495060 
729 17.380000 -1155.548593 -795.564363 
730 17.390000 -1147.645282 -789.677037 
731 17.400000 -1139.800253 -783.832846 
732 17.410000 -1132.013080 -778.031550 
733 17.420000 -1124.283344 -772.272911 
734 17.430000 -1116.610625 -766.556686 
735 17.440000 -1108.994506 -760.882635 
736 17.450000 -1101.434574 -755.250514 
737 17.460000 -1093.930415 -749.660080 
738 17.470000 -1086.481621 -744.111088 
739 17.480000 -1079.087783 -738.603294 
740 17.490000 -1071.748497 -733.136451 
741 17.500000 -1064.463361 -727.710314 
742 17.510000 -1057.231973 -722.324636 
743 17.520000 -1050.053936 -716.979170 
744 17.530000 -1042.928855 -711.673669 
745 17.540000 -1035.856335 -706.407885 
746 17.550000 -1028.835987 -701.181571 
747 17.560000 -1021.867421 -695.994478 
748 17.570000 -1014.950252 -690.846358 
749 17.580000 -1008.084096 -685.736965 
750 17.590000 -1001.268572 -680.666049 
751 17.600000 -994.503300 -675.633363 
752 17.610000 -987.787905 -670.638660 
753 17.620000 -981.122012 -665.681691 
754 17.630000 -974.505250 -660.762210 
755 17.640000 -967.937248 -655.879970 
756 17.650000 -961.417641 -651.034724 
757 17.660000 -954.946064 -646.226226 
758 17.670000 -948.522154 -641.454230 
759 17.680000 -942.145551 -636.718490 
760 17.690000 -935.815899 -632.018762 
761 17.700000 -929.532842 -627.354802 
762 17.710000 -923.296028 -622.726365 
763 17.720000 -917.105106 -618.133208 
764 17.730000 -910.959729 -613.575090 
765 17.740000 -904.859550 -609.051767 
766 17.750000 -898.804227 -604.562999 
767 17.760000 -892.793419 -600.108546 
768 17.770000 -886.826786 -595.688167 
769 17.780000 -880.903994 -591.301623 
770 17.790000 -875.024708 -586.948677 
771 17.800000 -869.188596 -582.629092 
772 17.810000 -863.395329 -578.342629 
773 17.820000 -857.644581 -574.089055 
774 17.830000 -851.936026 -569.868134 
775 17.840000 -846.269343 -565.679633 
776 17.850000 -840.644210 -561.523319 
777 17.860000 -835.060311 -557.398959 
778 17.870000 -829.517330 -553.306323 
779 17.880000 -824.014953 -549.245181 
780 17.890000 -818.552870 -545.215305 
781 17.900000 -813.130771 -541.216465 
782 17.910000 -807.748350 -537.248437 
783 17.920000 -802.405303 -533.310992 
784 17.930000 -797.101328 -529.403908 
785 17.940000 -791.836123 -525.526960 
786 17.950000 -786.609393 -521.679925 
787 17.960000 -781.420840 -517.862583 
788 17.970000 -776.270173 -514.074713 
789 17.980000 -771.157098 -510.316096 
790 17.990000 -766.081328 -506.586513 
791 18.000000 -761.042575 -502.885748 
792 18.010000 -756.040554 -499.213586 
793 18.020000 -751.074983 -495.569811 
794 18.030000 -746.145580 -491.954210 
795 18.040000 -741.252068 -488.366571 
796 18.050000 -736.394170 -484.806683 
797 18.060000 -731.571610 -481.274336 
798 18.070000 -726.784118 -477.769322 
799 18.080000 -722.031423 -474.291432 
800 18.090000 -717.313256 -470.840462 
801 18.100000 -712.629350 -467.416205 
802 18.110000 -707.979443 -464.018458 
803 18.120000 -703.363271 -460.647018 
804 18.130000 -698.780575 -457.301684 
805 18.140000 -694.231095 -453.982256 
806 18.150000 -689.714576 -450.688535 
807 18.160000 -685.230763 -447.420323 
808 18.170000 -680.779404 -444.177424 
809 18.180000 -676.360248 -440.959642 
810 18.190000 -671.973047 -437.766784 
811 18.200000 -667.617554 -434.598657 
812 18.210000 -663.293525 -431.455069 
813 18.220000 -659.000715 -428.335831 
814 18.230000 -654.738885 -425.240752 
815 18.240000 -650.507795 -422.169646 
816 18.250000 -646.307208 -419.122325 
817 18.260000 -642.136887 -416.098605 
818 18.270000 -637.996601 -413.098301 
819 18.280000 -633.886116 -410.121231 
820 18.290000 -629.805203 -407.167212 
821 18.300000 -625.753633 -404.236065 
822 18.310000 -621.731180 -401.327610 
823 18.320000 -617.737620 -398.441670 
824 18.330000 -613.772728 -395.578067 
825 18.340000 -609.836284 -392.736626 
826 18.350000 -605.928069 -389.917173 
827 18.360000 -602.047864 -387.119534 
828 18.370000 -598.195454 -384.343539 
829 18.380000 -594.370623 -381.589015 
830 18.390000 -590.573160 -378.855795 
831 18.400000 -586.802854 -376.143709 
832 18.410000 -583.059494 -373.452590 
833 18.420000 -579.342873 -370.782273 
834 18.430000 -575.652785 -368.132593 
835 18.440000 -571.989026 -365.503387 
836 18.450000 -568.351392 -362.894492 
837 18.460000 -564.739682 -360.305747 
838 18.470000 -561.153698 -357.736992 
839 18.480000 -557.593239 -355.188068 
840 18.490000 -554.058111 -352.658818 
841 18.500000 -550.548117 -350.149085 
842 18.510000 -547.063065 -347.658715 
843 18.520000 -543.602762 -345.187552 
844 18.530000 -540.167019 -342.735444 
845 18.540000 -536.755645 -340.302238 
846 18.550000 -533.368455 -337.887786 
847 18.560000 -530.005261 -335.491935 
848 18.570000 -526.665880 -333.114539 
849 18.580000 -523.350129 -330.755449 
850 18.590000 -520.057825 -328.414520 
851 18.600000 -516.788789 -326.091607 
852 18.610000 -513.542843 -323.786564 
853 18.620000 -510.319809 -321.499250 
854 18.630000 -507.119510 -319.229522 
855 18.640000 -503.941774 -316.977240 
856 18.650000 -500.786427 -314.742264 
857 18.660000 -497.653296 -312.524455 
858 18.670000 -494.542213 -310.323675 
859 18.680000 -491.453008 -308.139789 
860 18.690000 -488.385513 -305.972661 
861 18.700000 -485.339562 -303.822156 
862 18.710000 -482.314991 -301.688141 
863 18.720000 -479.311635 -299.570484 
864 18.730000 -476.329333 -297.469053 
865 18.740000 -473.367923 -295.383719 
866 18.750000 -470.427247 -293.314351 
867 18.760000 -467.507144 -291.260821 
868 18.770000 -464.607459 -289.223003 
869 18.780000 -461.728035 -287.200770 
870 18.790000 -458.868718 -285.193997 
871 18.800000 -456.029355 -283.202559 
872 18.810000 -453.209792 -281.226334 
873 18.820000 -450.409880 -279.265198 
874 18.830000 -447.629469 -277.319032 
875 18.840000 -444.868409 -275.387713 
876 18.850000 -442.126554 -273.471123 
877 18.860000 -439.403757 -271.569144 
878 18.870000 -436.699874 -269.681658 
879 18.880000 -434.014761 -267.808547 
880 18.890000 -431.348274 -265.949697 
881 18.900000 -428.700273 -264.104993 
882 18.910000 -426.070617 -262.274322 
883 18.920000 -423.459166 -260.457569 
884 18.930000 -420.865783 -258.654623 
885 18.940000 -418.290331 -256.865373 
886 18.950000 -415.732673 -255.089709 
887 18.960000 -413.192674 -253.327521 
888 18.970000 -410.670202 -251.578701 
889 18.980000 -408.165123 -249.843142 
890 18.990000 -405.677305 -248.120737 
891 19.000000 -403.206618 -246.411379 
892 19.010000 -400.752933 -244.714964 
893 19.020000 -398.316121 -243.031388 
894 19.030000 -395.896054 -241.360547 
895 19.040000 -393.492606 -239.702340 
896 19.050000 -391.105652 -238.056664 
897 19.060000 -388.735067 -236.423418 
898 19.070000 -386.380727 -234.802503 
899 19.080000 -384.042511 -233.193819 
900 19.090000 -381.720297 -231.597269 
901 19.100000 -379.413964 -230.012754 
902 19.110000 -377.123392 -228.440178 
903 19.120000 -374.848464 -226.879445 
904 19.130000 -372.589062 -225.330459 
905 19.140000 -370.345068 -223.793127 
906 19.150000 -368.116368 -222.267354 
907 19.160000 -365.902847 -220.753049 
908 19.170000 -363.704389 -219.250117 
909 19.180000 -361.520884 -217.758469 
910 19.190000 -359.352218 -216.278014 
911 19.200000 -357.198280 -214.808662 
912 19.210000 -355.058960 -213.350324 
913 19.220000 -352.934149 -211.902910 
914 19.230000 -350.823738 -210.466335 
915 19.240000 -348.727619 -209.040510 
916 19.250000 -346.645687 -207.625350 
917 19.260000 -344.577834 -206.220769 
918 19.270000 -342.523955 -204.826682 
919 19.280000 -340.483947 -203.443006 
920 19.290000 -338.457706 -202.069656 
921 19.300000 -336.445129 -200.706550 
922 19.310000 -334.446115 -199.353606 
923 19.320000 -332.460563 -198.010743 
924 19.330000 -330.488372 -196.677880 
925 19.340000 -328.529443 -195.354936 
926 19.350000 -326.583678 -194.041833 
927 19.360000 -324.650979 -192.738492 
928 19.370000 -322.731248 -191.444835 
929 19.380000 -320.824390 -190.160784 
930 19.390000 -318.930310 -188.886262 
931 19.400000 -317.048911 -187.621194 
932 19.410000 -315.180102 -186.365504 
933 19.420000 -313.323787 -185.119117 
934 19.430000 -311.479876 -183.881959 
935 19.440000 -309.648275 -182.653956 
936 19.450000 -307.828895 -181.435036 
937 19.460000 -306.021645 -180.225125 
938 19.470000 -304.226436 -179.024152 
939 19.480000 -302.443177 -177.832045 
940 19.490000 -300.671783 -176.648735 
941 19.500000 -298.912164 -175.474150 
942 19.510000 -297.164235 -174.308223 
943 19.520000 -295.427909 -173.150882 
944 19.530000 -293.703101 -172.002062 
945 19.540000 -291.989726 -170.861692 
946 19.550000 -290.287701 -169.729707 
947 19.560000 -288.596942 -168.606040 
948 19.570000 -286.917365 -167.490624 
949 19.580000 -285.248891 -166.383395 
950 19.590000 -283.591436 -165.284287 
951 19.600000 -281.944920 -164.193235 
952 19.610000 -280.309263 -163.110176 
953 19.620000 -278.684386 -162.035047 
954 19.630000 -277.070209 -160.967784 
955 19.640000 -275.466656 -159.908326 
956 19.650000 -273.873647 -158.856609 
957 19.660000 -272.291106 -157.812575 
958 19.670000 -270.718958 -156.776160 
959 19.680000 -269.157125 -155.747305 
960 19.690000 -267.605532 -154.725951 
961 19.700000 -266.064107 -153.712038 
962 19.710000 -264.532773 -152.705507 
963 19.720000 -263.011458 -151.706300 
964 19.730000 -261.500089 -150.714359 
965 19.740000 -259.998594 -149.729626 
966 19.750000 -258.506902 -148.752046 
967 19.760000 -257.024940 -147.781561 
968 19.770000 -255.552639 -146.818116 
969 19.780000 -254.089928 -145.861655 
970 19.790000 -252.636738 -144.912123 
971 19.800000 -251.193001 -143.969466 
972 19.810000 -249.758647 -143.033629 
973 19.820000 -248.333609 -142.104559 
974 19.830000 -246.917820 -141.182203 
975 19.840000 -245.511213 -140.266508 
976 19.850000 -244.113722 -139.357422 
977 19.860000 -242.725280 -138.454892 
978 19.870000 -241.345824 -137.558868 
979 19.880000 -239.975287 -136.669298 
980 19.890000 -238.613606 -135.786132 
981 19.900000 -237.260718 -134.909319 
982 19.910000 -235.916559 -134.038810 
983 19.920000 -234.581066 -133.174556 
984 19.930000 -233.254177 -132.316507 
985 19.940000 -231.935831 -131.464616 
986 19.950000 -230.625966 -130.618833 
987 19.960000 -229.324521 -129.779111 
988 19.970000 -228.031437 -128.945403 
989 19.980000 -226.746653 -128.117663 
990 19.990000 -225.470110 -127.295842 
991 20.000000 -224.201749 -126.479896 
992 20.010000 -222.941512 -125.669778 
993 20.020000 -221.689341 -124.865443 
994 20.030000 -220.445178 -124.066847 
995 20.040000 -219.208966 -123.273943 
996 20.050000 -217.980649 -122.486689 
997 20.060000 -216.760170 -121.705040 
998 20.070000 -215.547474 -120.928952 
999 20.080000 -214.342505 -120.158383 
1000 20.090000 -213.145208 -119.393290 
1001 20.100000 -211.955529 -118.633629 
1002 20.110000 -210.773415 -117.879360 
1003 20.120000 -209.598810 -117.130440 
1004 20.130000 -208.431663 -116.386827 
1005 20.140000 -207.271920 -115.648481 
1006 20.150000 -206.119529 -114.915362 
1007 20.160000 -204.974437 -114.187427 
1008 20.170000 -203.836594 -113.464638 
1009 20.180000 -202.705948 -112.746955 
1010 20.190000 -201.582449 -112.034338 
1011 20.200000 -200.466045 -111.326748 
1012 20.210000 -199.356688 -110.624147 
1013 20.220000 -198.254326 -109.926495 
1014 20.230000 -197.158912 -109.233756 
1015 20.240000 -196.070396 -108.545890 
1016 20.250000 -194.988730 -107.862860 
1017 20.260000 -193.913865 -107.184630 
1018 20.270000 -192.845754 -106.511162 
1019 20.280000 -191.784350 -105.842420 
1020 20.290000 -190.729605 -105.178368 
1021 20.300000 -189.681473 -104.518968 
1022 20.310000 -188.639907 -103.864187 
1023 20.320000 -187.604862 -103.213988 
1024 20.330000 -186.576292 -102.568336 
1025 20.340000 -185.554152 -101.927196 
1026 20.350000 -184.538397 -101.290535 
1027 20.360000 -183.528981 -100.658317 
1028 20.370000 -182.525862 -100.030508 
1029 20.380000 -181.528995 -99.407076 
1030 20.390000 -180.538337 -98.787985 
1031 20.400000 -179.553844 -98.173205 
1032 20.410000 -178.575474 -97.562700 
1033 20.420000 -177.603184 -96.956440 
1034 20.430000 -176.636932 -96.354391 
1035 20.440000 -175.676675 -95.756522 
1036 20.450000 -174.722373 -95.162800 
1037 20.460000 -173.773984 -94.573194 
1038 20.470000 -172.831467 -93.987673 
1039 20.480000 -171.894781 -93.406206 
1040 20.490000 -170.963887 -92.828761 
1041 20.500000 -170.038743 -92.255310 
1042 20.510000 -169.119311 -91.685820 
1043 20.520000 -168.205551 -91.120262 
1044 20.530000 -167.297423 -90.558607 
1045 20.540000 -166.394890 -90.000824 
1046 20.550000 -165.497912 -89.446884 
1047 20.560000 -164.606451 -88.896760 
1048 20.570000 -163.720469 -88.350420 
1049 20.580000 -162.839929 -87.807838 
1050 20.590000 -161.964793 -87.268984 
1051 20.600000 -161.095024 -86.733830 
1052 20.610000 -160.230585 -86.202349 
1053 20.620000 -159.371440 -85.674513 
1054 20.630000 -158.517552 -85.150294 
1055 20.640000 -157.668886 -84.629665 
1056 20.650000 -156.825405 -84.112599 
1057 20.660000 -155.987075 -83.599070 
1058 20.670000 -155.153859 -83.089050 
1059 20.680000 -154.325724 -82.582514 
1060 20.690000 -153.502634 -82.079434 
1061 20.700000 -152.684555 -81.579787 
1062 20.710000 -151.871453 -81.083544 
1063 20.720000 -151.063293 -80.590682 
1064 20.730000 -150.260043 -80.101175 
1065 20.740000 -149.461669 -79.614997 
1066 20.750000 -148.668138 -79.132123 
1067 20.760000 -147.879417 -78.652530 
1068 20.770000 -147.095473 -78.176193 
1069 20.780000 -146.316274 -77.703086 
1070 20.790000 -145.541787 -77.233187 
1071 20.800000 -144.771981 -76.766470 
1072 20.810000 -144.006825 -76.302913 
1073 20.820000 -143.246286 -75.842492 
1074 20.830000 -142.490333 -75.385184 
1075 20.840000 -141.738936 -74.930965 
1076 20.850000 -140.992063 -74.479812 
1077 20.860000 -140.249685 -74.031703 
1078 20.870000 -139.511770 -73.586615 
1079 20.880000 -138.778290 -73.144526 
1080 20.890000 -138.049213 -72.705413 
1081 20.900000 -137.324511 -72.269255 
1082 20.910000 -136.604153 -71.836028 
1083 20.920000 -135.888111 -71.405713 
1084 20.930000 -135.176356 -70.978287 
1085 20.940000 -134.468859 -70.553728 
1086 20.950000 -133.765591 -70.132016 
1087 20.960000 -133.066525 -69.713130 
1088 20.970000 -132.371631 -69.297048 
1089 20.980000 -131.680883 -68.883751 
1090 20.990000 -130.994251 -68.473217 
1091 21.000000 -130.311710 -68.065426 
1092 21.010000 -129.633231 -67.660358 
1093 21.020000 -128.958788 -67.257993 
1094 21.030000 -128.288353 -66.858312 
1095 21.040000 -127.621900 -66.461293 
1096 21.050000 -126.959402 -66.066918 
1097 21.060000 -126.300833 -65.675168 
1098 21.070000 -125.646167 -65.286023 
1099 21.080000 -124.995377 -64.899464 
1100 21.090000 -124.348439 -64.515471 
1101 21.100000 -123.705327 -64.134027 
1102 21.110000 -123.066015 -63.755113 
1103 21.120000 -122.430477 -63.378710 
1104 21.130000 -121.798690 -63.004800 
1105 21.140000 -121.170628 -62.633364 
1106 21.150000 -120.546267 -62.264385 
1107 21.160000 -119.925582 -61.897844 
1108 21.170000 -119.308548 -61.533724 
1109 21.180000 -118.695143 -61.172007 
1110 21.190000 -118.085341 -60.812676 
1111 21.200000 -117.479119 -60.455714 
1112 21.210000 -116.876454 -60.101102 
1113 21.220000 -116.277321 -59.748824 
1114 21.230000 -115.681699 -59.398864 
1115 21.240000 -115.089564 -59.051203 
1116 21.250000 -114.500892 -58.705826 
1117 21.260000 -113.915661 -58.362717 
1118 21.270000 -113.333849 -58.021857 
1119 21.280000 -112.755433 -57.683232 
1120 21.290000 -112.180391 -57.346825 
1121 21.300000 -111.608701 -57.012621 
1122 21.310000 -111.040341 -56.680602 
1123 21.320000 -110.475289 -56.350754 
1124 21.330000 -109.913523 -56.023060 
1125 21.340000 -109.355023 -55.697506 
1126 21.350000 -108.799766 -55.374075 
1127 21.360000 -108.247732 -55.052753 
1128 21.370000 -107.698899 -54.733524 
1129 21.380000 -107.153247 -54.416373 
1130 21.390000 -106.610756 -54.101285 
1131 21.400000 -106.071403 -53.788246 
1132 21.410000 -105.535170 -53.477241 
1133 21.420000 -105.002036 -53.168254 
1134 21.430000 -104.471981 -52.861273 
1135 21.440000 -103.944984 -52.556281 
1136 21.450000 -103.421027 -52.253266 
1137 21.460000 -102.900088 -51.952212 
1138 21.470000 -102.382150 -51.653107 
1139 21.480000 -101.867192 -51.355935 
1140 21.490000 -101.355195 -51.060683 
1141 21.500000 -100.846140 -50.767338 
1142 21.510000 -100.340008 -50.475886 
1143 21.520000 -99.836781 -50.186312 
1144 21.530000 -99.336438 -49.898605 
1145 21.540000 -98.838963 -49.612750 
1146 21.550000 -98.344336 -49.328735 
1147 21.560000 -97.852539 -49.046546 
1148 21.570000 -97.363555 -48.766170 
1149 21.580000 -96.877364 -48.487595 
1150 21.590000 -96.393949 -48.210808 
1151 21.600000 -95.913292 -47.935795 
1152 21.610000 -95.435375 -47.662545 
1153 21.620000 -94.960182 -47.391045 
1154 21.630000 -94.487694 -47.121282 
1155 21.640000 -94.017894 -46.853245 
1156 21.650000 -93.550765 -46.586920 
1157 21.660000 -93.086290 -46.322297 
1158 21.670000 -92.624452 -46.059362 
1159 21.680000 -92.165234 -45.798104 
1160 21.690000 -91.708620 -45.538512 
1161 21.700000 -91.254593 -45.280573 
1162 21.710000 -90.803136 -45.024276 
1163 21.720000 -90.354233 -44.769608 
1164 21.730000 -89.907868 -44.516560 
1165 21.740000 -89.464025 -44.265119 
1166 21.750000 -89.022687 -44.015274 
1167 21.760000 -88.583839 -43.767014 
1168 21.770000 -88.147465 -43.520328 
1169 21.780000 -87.713550 -43.275204 
1170 21.790000 -87.282077 -43.031632 
1171 21.800000 -86.853032 -42.789601 
1172 21.810000 -86.426399 -42.549100 
1173 21.820000 -86.002162 -42.310118 
1174 21.830000 -85.580307 -42.072645 
1175 21.840000 -85.160819 -41.836670 
1176 21.850000 -84.743682 -41.602183 
1177 21.860000 -84.328883 -41.369174 
1178 21.870000 -83.916405 -41.137631 
1179 21.880000 -83.506235 -40.907545 
1180 21.890000 -83.098358 -40.678906 
1181 21.900000 -82.692759 -40.451704 
1182 21.910000 -82.289425 -40.225928 
1183 21.920000 -81.888341 -40.001569 
1184 21.930000 -81.489493 -39.778616 
1185 21.940000 -81.092866 -39.557061 
1186 21.950000 -80.698448 -39.336893 
1187 21.960000 -80.306224 -39.118103 
1188 21.970000 -79.916181 -38.900682 
1189 21.980000 -79.528304 -38.684618 
1190 21.990000 -79.142581 -38.469905 
1191 22.000000 -78.758998 -38.256531 
1192 22.010000 -78.377541 -38.044488 
1193 22.020000 -77.998198 -37.833767 
1194 22.030000 -77.620954 -37.624358 
1195 22.040000 -77.245798 -37.416252 
1196 22.050000 -76.872716 -37.209441 
1197 22.060000 -76.501695 -37.003916 
1198 22.070000 -76.132722 -36.799667 
1199 22.080000 -75.765785 -36.596685 
1200 22.090000 -75.400871 -36.394963 
1201 22.100000 -75.037968 -36.194492 
1202 22.110000 -74.677063 -35.995262 
1203 22.120000 -74.318143 -35.797266 
1204 22.130000 -73.961196 -35.600494 
1205 22.140000 -73.606211 -35.404940 
1206 22.150000 -73.253175 -35.210593 
1207 22.160000 -72.902076 -35.017446 
1208 22.170000 -72.552902 -34.825491 
1209 22.180000 -72.205641 -34.634719 
1210 22.190000 -71.860282 -34.445123 
1211 22.200000 -71.516812 -34.256695 
1212 22.210000 -71.175220 -34.069426 
1213 22.220000 -70.835495 -33.883308 
1214 22.230000 -70.497625 -33.698334 
1215 22.240000 -70.161599 -33.514496 
1216 22.250000 -69.827404 -33.331786 
1217 22.260000 -69.495031 -33.150197 
1218 22.270000 -69.164468 -32.969721 
1219 22.280000 -68.835704 -32.790350 
1220 22.290000 -68.508728 -32.612077 
1221 22.300000 -68.183528 -32.434894 
1222 22.310000 -67.860095 -32.258794 
1223 22.320000 -67.538416 -32.083770 
1224 22.330000 -67.218483 -31.909814 
1225 22.340000 -66.900283 -31.736920 
1226 22.350000 -66.583806 -31.565079 
1227 22.360000 -66.269043 -31.394285 
1228 22.370000 -65.955982 -31.224531 
1229 22.380000 -65.644612 -31.055810 
1230 22.390000 -65.334925 -30.888115 
1231 22.400000 -65.026909 -30.721438 
1232 22.410000 -64.720554 -30.555773 
1233 22.420000 -64.415851 -30.391114 
1234 22.430000 -64.112789 -30.227453 
1235 22.440000 -63.811358 -30.064784 
1236 22.450000 -63.511549 -29.903100 
1237 22.460000 -63.213351 -29.742394 
1238 22.470000 -62.916755 -29.582660 
1239 22.480000 -62.621752 -29.423892 
1240 22.490000 -62.328331 -29.266082 
1241 22.500000 -62.036483 -29.109225 
1242 22.510000 -61.746199 -28.953314 
1243 22.520000 -61.457468 -28.798343 
1244 22.530000 -61.170283 -28.644305 
1245 22.540000 -60.884633 -28.491194 
1246 22.550000 -60.600509 -28.339005 
1247 22.560000 -60.317902 -28.187730 
1248 22.570000 -60.036803 -28.037364 
1249 22.580000 -59.757203 -27.887901 
1250 22.590000 -59.479093 -27.739335 
1251 22.600000 -59.202464 -27.591659 
1252 22.610000 -58.927307 -27.444868 
1253 22.620000 -58.653613 -27.298956 
1254 22.630000 -58.381373 -27.153918 
1255 22.640000 -58.110580 -27.009746 
1256 22.650000 -57.841223 -26.866437 
1257 22.660000 -57.573295 -26.723983 
1258 22.670000 -57.306787 -26.582379 
1259 22.680000 -57.041691 -26.441619 
1260 22.690000 -56.777998 -26.301699 
1261 22.700000 -56.515699 -26.162612 
1262 22.710000 -56.254788 -26.024353 
1263 22.720000 -55.995254 -25.886917 
1264 22.730000 -55.737090 -25.750297 
1265 22.740000 -55.480289 -25.614489 
1266 22.750000 -55.224841 -25.479488 
1267 22.760000 -54.970739 -25.345287 
1268 22.770000 -54.717975 -25.211882 
1269 22.780000 -54.466540 -25.079267 
1270 22.790000 -54.216428 -24.947438 
1271 22.800000 -53.967630 -24.816389 
1272 22.810000 -53.720138 -24.686115 
1273 22.820000 -53.473945 -24.556610 
1274 22.830000 -53.229042 -24.427871 
1275 22.840000 -52.985424 -24.299891 
1276 22.850000 -52.743081 -24.172666 
1277 22.860000 -52.502006 -24.046191 
1278 22.870000 -52.262192 -23.920461 
1279 22.880000 -52.023632 -23.795471 
1280 22.890000 -51.786318 -23.671216 
1281 22.900000 -51.550242 -23.547692 
1282 22.910000 -51.315398 -23.424893 
1283 22.920000 -51.081778 -23.302816 
1284 22.930000 -50.849375 -23.181455 
1285 22.940000 -50.618182 -23.060805 
1286 22.950000 -50.388191 -22.940862 
1287 22.960000 -50.159396 -22.821622 
1288 22.970000 -49.931791 -22.703080 
1289 22.980000 -49.705366 -22.585231 
1290 22.990000 -49.480117 -22.468070 
1291 23.000000 -49.256036 -22.351594 
1292 23.010000 -49.033116 -22.235798 
1293 23.020000 -48.811350 -22.120677 
1294 23.030000 -48.590732 -22.006227 
1295 23.040000 -48.371255 -21.892444 
1296 23.050000 -48.152912 -21.779324 
1297 23.060000 -47.935698 -21.666862 
1298 23.070000 -47.719604 -21.555053 
1299 23.080000 -47.504625 -21.443894 
1300 23.090000 -47.290754 -21.333381 
1301 23.100000 -47.077985 -21.223509 
1302 23.110000 -46.866311 -21.114274 
1303 23.120000 -46.655727 -21.005673 
1304 23.130000 -46.446225 -20.897700 
1305 23.140000 -46.237799 -20.790352 
1306 23.150000 -46.030444 -20.683626 
1307 23.160000 -45.824153 -20.577516 
1308 23.170000 -45.618920 -20.472019 
1309 23.180000 -45.414738 -20.367131 
1310 23.190000 -45.211602 -20.262849 
1311 23.200000 -45.009506 -20.159167 
1312 23.210000 -44.808444 -20.056083 
1313 23.220000 -44.608409 -19.953593 
1314 23.230000 -44.409396 -19.851693 
1315 23.240000 -44.211399 -19.750378 
1316 23.250000 -44.014412 -19.649646 
1317 23.260000 -43.818429 -19.549492 
1318 23.270000 -43.623445 -19.449914 
1319 23.280000 -43.429454 -19.350906 
1320 23.290000 -43.236450 -19.252466 
1321 23.300000 -43.044427 -19.154590 
1322 23.310000 -42.853381 -19.057275 
1323 23.320000 -42.663304 -18.960516 
1324 23.330000 -42.474192 -18.864311 
1325 23.340000 -42.286039 -18.768655 
1326 23.350000 -42.098840 -18.673546 
1327 23.360000 -41.912590 -18.578979 
1328 23.370000 -41.727282 -18.484952 
1329 23.380000 -41.542911 -18.391460 
1330 23.390000 -41.359473 -18.298501 
1331 23.400000 -41.176962 -18.206072 
1332 23.410000 -40.995372 -18.114168 
1333 23.420000 -40.814698 -18.022787 
1334 23.430000 -40.634936 -17.931925 
1335 23.440000 -40.456079 -17.841579 
1336 23.450000 -40.278123 -17.751745 
1337 23.460000 -40.101063 -17.662421 
1338 23.470000 -39.924894 -17.573603 
1339 23.480000 -39.749610 -17.485289 
1340 23.490000 -39.575206 -17.397474 
1341 23.500000 -39.401679 -17.310156 
1342 23.510000 -39.229021 -17.223331 
1343 23.520000 -39.057230 -17.136997 
1344 23.530000 -38.886299 -17.051151 
1345 23.540000 -38.716225 -16.965788 
1346 23.550000 -38.547001 -16.880908 
1347 23.560000 -38.378624 -16.796505 
1348 23.570000 -38.211088 -16.712578 
1349 23.580000 -38.044389 -16.629123 
1350 23.590000 -37.878522 -16.546138 
1351 23.600000 -37.713483 -16.463619 
1352 23.610000 -37.549266 -16.381563 
1353 23.620000 -37.385868 -16.299968 
1354 23.630000 -37.223283 -16.218831 
1355 23.640000 -37.061507 -16.138149 
1356 23.650000 -36.900535 -16.057919 
1357 23.660000 -36.740364 -15.978139 
1358 23.670000 -36.580988 -15.898804 
1359 23.680000 -36.422403 -15.819914 
1360 23.690000 -36.264605 -15.741464 
1361 23.700000 -36.107589 -15.663453 
1362 23.710000 -35.951350 -15.585877 
1363 23.720000 -35.795886 -15.508734 
1364 23.730000 -35.641190 -15.432021 
1365 23.740000 -35.487260 -15.355735 
1366 23.750000 -35.334090 -15.279875 
1367 23.760000 -35.181676 -15.204436 
1368 23.770000 -35.030015 -15.129417 
1369 23.780000 -34.879102 -15.054815 
1370 23.790000 -34.728932 -14.980627 
1371 23.800000 -34.579503 -14.906851 
1372 23.810000 -34.430809 -14.833484 
1373 23.820000 -34.282846 -14.760525 
1374 23.830000 -34.135611 -14.687969 
1375 23.840000 -33.989100 -14.615815 
1376 23.850000 -33.843308 -14.544060 
1377 23.860000 -33.698231 -14.472703 
1378 23.870000 -33.553866 -14.401739 
1379 23.880000 -33.410209 -14.331168 
1380 23.890000 -33.267255 -14.260986 
1381 23.900000 -33.125001 -14.191191 
1382 23.910000 -32.983443 -14.121781 
1383 23.920000 -32.842577 -14.052754 
1384 23.930000 -32.702400 -13.984107 
1385 23.940000 -32.562907 -13.915837 
1386 23.950000 -32.424095 -13.847943 
1387 23.960000 -32.285960 -13.780422 
1388 23.970000 -32.148498 -13.713272 
1389 23.980000 -32.011705 -13.646490 
1390 23.990000 -31.875579 -13.580075 
1391 24.000000 -31.740115 -13.514024 
1392 24.010000 -31.605309 -13.448335 
1393 24.020000 -31.471159 -13.383006 
1394 24.030000 -31.337660 -13.318034 
1395 24.040000 -31.204809 -13.253417 
1396 24.050000 -31.072602 -13.189154 
1397 24.060000 -30.941036 -13.125242 
1398 24.070000 -30.810107 -13.061678 
1399 24.080000 -30.679813 -12.998462 
1400 24.090000 -30.550148 -12.935590 
1401 24.100000 -30.421111 -12.873061 
1402 24.110000 -30.292697 -12.810872 
1403 24.120000 -30.164903 -12.749021 
1404 24.130000 -30.037726 -12.687507 
1405 24.140000 -29.911163 -12.626328 
1406 24.150000 -29.785209 -12.565481 
1407 24.160000 -29.659862 -12.504964 
1408 24.170000 -29.535119 -12.444775 
1409 24.180000 -29.410976 -12.384913 
1410 24.190000 -29.287430 -12.325375 
1411 24.200000 -29.164478 -12.266160 
1412 24.210000 -29.042116 -12.207265 
1413 24.220000 -28.920341 -12.148689 
1414 24.230000 -28.799151 -12.090429 
1415 24.240000 -28.678541 -12.032484 
1416 24.250000 -28.558509 -11.974852 
1417 24.260000 -28.439053 -11.917531 
1418 24.270000 -28.320167 -11.860520 
1419 24.280000 -28.201850 -11.803815 
1420 24.290000 -28.084099 -11.747416 
1421 24.300000 -27.966910 -11.691320 
1422 24.310000 -27.850281 -11.635526 
1423 24.320000 -27.734208 -11.580033 
1424 24.330000 -27.618688 -11.524837 
1425 24.340000 -27.503719 -11.469938 
1426 24.350000 -27.389297 -11.415333 
1427 24.360000 -27.275420 -11.361021 
1428 24.370000 -27.162084 -11.307001 
1429 24.380000 -27.049287 -11.253269 
1430 24.390000 -26.937026 -11.199826 
1431 24.400000 -26.825298 -11.146668 
1432 24.410000 -26.714100 -11.093795 
1433 24.420000 -26.603430 -11.041204 
1434 24.430000 -26.493283 -10.988894 
1435 24.440000 -26.383659 -10.936863 
1436 24.450000 -26.274553 -10.885110 
1437 24.460000 -26.165964 -10.833633 
1438 24.470000 -26.057887 -10.782430 
1439 24.480000 -25.950322 -10.731499 
1440 24.490000 -25.843264 -10.680840 
1441 24.500000 -25.736712 -10.630450 
1442 24.510000 -25.630662 -10.580328 
1443 24.520000 -25.525112 -10.530472 
1444 24.530000 -25.420059 -10.480881 
1445 24.540000 -25.315501 -10.431553 
1446 24.550000 -25.211434 -10.382486 
1447 24.560000 -25.107857 -10.333680 
1448 24.570000 -25.004767 -10.285132 
1449 24.580000 -24.902161 -10.236841 
1450 24.590000 -24.800036 -10.188805 
1451 24.600000 -24.698391 -10.141024 
1452 24.610000 -24.597222 -10.093494 
1453 24.620000 -24.496527 -10.046216 
1454 24.630000 -24.396303 -9.999187 
1455 24.640000 -24.296549 -9.952407 
1456 24.650000 -24.197261 -9.905873 
1457 24.660000 -24.098437 -9.859584 
1458 24.670000 -24.000075 -9.813538 
1459 24.680000 -23.902172 -9.767735 
1460 24.690000 -23.804726 -9.722173 
1461 24.700000 -23.707734 -9.676851 
1462 24.710000 -23.611194 -9.631766 
1463 24.720000 -23.515104 -9.586918 
1464 24.730000 -23.419461 -9.542305 
1465 24.740000 -23.324263 -9.497926 
1466 24.750000 -23.229508 -9.453780 
1467 24.760000 -23.135193 -9.409865 
1468 24.770000 -23.041316 -9.366179 
1469 24.780000 -22.947874 -9.322723 
1470 24.790000 -22.854866 -9.279493 
1471 24.800000 -22.762289 -9.236489 
1472 24.810000 -22.670141 -9.193710 
1473 24.820000 -22.578420 -9.151154 
1474 24.830000 -22.487123 -9.108819 
1475 24.840000 -22.396248 -9.066706 
1476 24.850000 -22.305794 -9.024812 
1477 24.860000 -22.215757 -8.983136 
1478 24.870000 -22.126136 -8.941677 
1479 24.880000 -22.036928 -8.900433 
1480 24.890000 -21.948132 -8.859404 
1481 24.900000 -21.859744 -8.818587 
1482 24.910000 -21.771764 -8.777983 
1483 24.920000 -21.684189 -8.737589 
1484 24.930000 -21.597017 -8.697405 
1485 24.940000 -21.510245 -8.657429 
1486 24.950000 -21.423873 -8.617660 
1487 24.960000 -21.337896 -8.578096 
1488 24.970000 -21.252315 -8.538738 
1489 24.980000 -21.167126 -8.499583 
1490 24.990000 -21.082327 -8.460630 
