1 20.100000 4765.567167 
2 20.110000 4765.548503 
3 20.120000 4765.530317 
4 20.130000 4765.512642 
5 20.140000 4765.495508 
6 20.150000 4765.478942 
7 20.160000 4765.462973 
8 20.170000 4765.447624 
9 20.180000 4765.432921 
10 20.190000 4765.418885 
11 20.200000 4765.405538 
12 20.210000 4765.392901 
13 20.220000 4765.380991 
14 20.230000 4765.369827 
15 20.240000 4765.359426 
16 20.250000 4765.349801 
17 20.260000 4765.340968 
18 20.270000 4765.332940 
19 20.280000 4765.325729 
20 20.290000 4765.319346 
21 20.300000 4765.313802 
22 20.310000 4765.309105 
23 20.320000 4765.305265 
24 20.330000 4765.302289 
25 20.340000 4765.300183 
26 20.350000 4765.298954 
27 20.360000 4765.298608 
28 20.370000 4765.299147 
29 20.380000 4765.300578 
30 20.390000 4765.302901 
31 20.400000 4765.306121 
32 20.410000 4765.310238 
33 20.420000 4765.315255 
34 20.430000 4765.321171 
35 20.440000 4765.327987 
36 20.450000 4765.335702 
37 20.460000 4765.344315 
38 20.470000 4765.353826 
39 20.480000 4765.364231 
40 20.490000 4765.375528 
41 20.500000 4765.387715 
42 20.510000 4765.400789 
43 20.520000 4765.414745 
44 20.530000 4765.429579 
45 20.540000 4765.445287 
46 20.550000 4765.461865 
47 20.560000 4765.479307 
48 20.570000 4765.497607 
49 20.580000 4765.516760 
50 20.590000 4765.536760 
51 20.600000 4765.557600 
52 20.610000 4765.579275 
53 20.620000 4765.601776 
54 20.630000 4765.625096 
55 20.640000 4765.649230 
56 20.650000 4765.674168 
57 20.660000 4765.699903 
58 20.670000 4765.726427 
59 20.680000 4765.753733 
60 20.690000 4765.781811 
61 20.700000 4765.810654 
62 20.710000 4765.840252 
63 20.720000 4765.870597 
64 20.730000 4765.901680 
65 20.740000 4765.933492 
66 20.750000 4765.966023 
67 20.760000 4765.999266 
68 20.770000 4766.033209 
69 20.780000 4766.067845 
70 20.790000 4766.103162 
71 20.800000 4766.139153 
72 20.810000 4766.175806 
73 20.820000 4766.213113 
74 20.830000 4766.251064 
75 20.840000 4766.289648 
76 20.850000 4766.328857 
77 20.860000 4766.368679 
78 20.870000 4766.409105 
79 20.880000 4766.450126 
80 20.890000 4766.491731 
81 20.900000 4766.533910 
82 20.910000 4766.576653 
83 20.920000 4766.619951 
84 20.930000 4766.663792 
85 20.940000 4766.708168 
86 20.950000 4766.753069 
87 20.960000 4766.798484 
88 20.970000 4766.844403 
89 20.980000 4766.890816 
90 20.990000 4766.937714 
91 21.000000 4766.985087 
92 21.010000 4767.032925 
93 21.020000 4767.081218 
94 21.030000 4767.129956 
95 21.040000 4767.179130 
96 21.050000 4767.228729 
97 21.060000 4767.278745 
98 21.070000 4767.329168 
99 21.080000 4767.379988 
100 21.090000 4767.431195 
101 21.100000 4767.482781 
102 21.110000 4767.534735 
103 21.120000 4767.587049 
104 21.130000 4767.639714 
105 21.140000 4767.692720 
106 21.150000 4767.746057 
107 21.160000 4767.799718 
108 21.170000 4767.853693 
109 21.180000 4767.907973 
110 21.190000 4767.962549 
111 21.200000 4768.017413 
112 21.210000 4768.072556 
113 21.220000 4768.127969 
114 21.230000 4768.183644 
115 21.240000 4768.239572 
116 21.250000 4768.295745 
117 21.260000 4768.352154 
118 21.270000 4768.408792 
119 21.280000 4768.465651 
120 21.290000 4768.522722 
121 21.300000 4768.579996 
122 21.310000 4768.637468 
123 21.320000 4768.695128 
124 21.330000 4768.752969 
125 21.340000 4768.810983 
126 21.350000 4768.869163 
127 21.360000 4768.927501 
128 21.370000 4768.985990 
129 21.380000 4769.044623 
130 21.390000 4769.103392 
131 21.400000 4769.162290 
132 21.410000 4769.221311 
133 21.420000 4769.280447 
134 21.430000 4769.339692 
135 21.440000 4769.399038 
136 21.450000 4769.458479 
137 21.460000 4769.518009 
138 21.470000 4769.577621 
139 21.480000 4769.637308 
140 21.490000 4769.697065 
141 21.500000 4769.756884 
142 21.510000 4769.816760 
143 21.520000 4769.876687 
144 21.530000 4769.936659 
145 21.540000 4769.996669 
146 21.550000 4770.056713 
147 21.560000 4770.116784 
148 21.570000 4770.176876 
149 21.580000 4770.236985 
150 21.590000 4770.297104 
151 21.600000 4770.357228 
152 21.610000 4770.417352 
153 21.620000 4770.477470 
154 21.630000 4770.537579 
155 21.640000 4770.597671 
156 21.650000 4770.657743 
157 21.660000 4770.717789 
158 21.670000 4770.777805 
159 21.680000 4770.837786 
160 21.690000 4770.897727 
161 21.700000 4770.957624 
162 21.710000 4771.017471 
163 21.720000 4771.077266 
164 21.730000 4771.137002 
165 21.740000 4771.196677 
166 21.750000 4771.256285 
167 21.760000 4771.315823 
168 21.770000 4771.375287 
169 21.780000 4771.434672 
170 21.790000 4771.493975 
171 21.800000 4771.553191 
172 21.810000 4771.612318 
173 21.820000 4771.671351 
174 21.830000 4771.730286 
175 21.840000 4771.789121 
176 21.850000 4771.847851 
177 21.860000 4771.906474 
178 21.870000 4771.964985 
179 21.880000 4772.023381 
180 21.890000 4772.081660 
181 21.900000 4772.139818 
182 21.910000 4772.197852 
183 21.920000 4772.255759 
184 21.930000 4772.313536 
185 21.940000 4772.371180 
186 21.950000 4772.428689 
187 21.960000 4772.486058 
188 21.970000 4772.543287 
189 21.980000 4772.600371 
190 21.990000 4772.657309 
191 22.000000 4772.714098 
192 22.010000 4772.770735 
193 22.020000 4772.827218 
194 22.030000 4772.883545 
195 22.040000 4772.939713 
196 22.050000 4772.995720 
197 22.060000 4773.051564 
198 22.070000 4773.107242 
199 22.080000 4773.162753 
200 22.090000 4773.218094 
201 22.100000 4773.273264 
202 22.110000 4773.328261 
203 22.120000 4773.383082 
204 22.130000 4773.437726 
205 22.140000 4773.492191 
206 22.150000 4773.546475 
207 22.160000 4773.600576 
208 22.170000 4773.654494 
209 22.180000 4773.708226 
210 22.190000 4773.761770 
211 22.200000 4773.815126 
212 22.210000 4773.868292 
213 22.220000 4773.921266 
214 22.230000 4773.974046 
215 22.240000 4774.026633 
216 22.250000 4774.079024 
217 22.260000 4774.131217 
218 22.270000 4774.183213 
219 22.280000 4774.235009 
220 22.290000 4774.286605 
221 22.300000 4774.338000 
222 22.310000 4774.389191 
223 22.320000 4774.440180 
224 22.330000 4774.490963 
225 22.340000 4774.541541 
226 22.350000 4774.591913 
227 22.360000 4774.642077 
228 22.370000 4774.692033 
229 22.380000 4774.741781 
230 22.390000 4774.791319 
231 22.400000 4774.840646 
232 22.410000 4774.889762 
233 22.420000 4774.938667 
234 22.430000 4774.987359 
235 22.440000 4775.035838 
236 22.450000 4775.084104 
237 22.460000 4775.132155 
238 22.470000 4775.179993 
239 22.480000 4775.227615 
240 22.490000 4775.275021 
241 22.500000 4775.322212 
242 22.510000 4775.369187 
243 22.520000 4775.415944 
244 22.530000 4775.462485 
245 22.540000 4775.508809 
246 22.550000 4775.554915 
247 22.560000 4775.600804 
248 22.570000 4775.646474 
249 22.580000 4775.691927 
250 22.590000 4775.737160 
251 22.600000 4775.782176 
252 22.610000 4775.826973 
253 22.620000 4775.871551 
254 22.630000 4775.915910 
255 22.640000 4775.960051 
256 22.650000 4776.003972 
257 22.660000 4776.047675 
258 22.670000 4776.091158 
259 22.680000 4776.134423 
260 22.690000 4776.177469 
261 22.700000 4776.220297 
262 22.710000 4776.262906 
263 22.720000 4776.305296 
264 22.730000 4776.347468 
265 22.740000 4776.389421 
266 22.750000 4776.431157 
267 22.760000 4776.472674 
268 22.770000 4776.513974 
269 22.780000 4776.555057 
270 22.790000 4776.595922 
271 22.800000 4776.636571 
272 22.810000 4776.677002 
273 22.820000 4776.717217 
274 22.830000 4776.757217 
275 22.840000 4776.797000 
276 22.850000 4776.836568 
277 22.860000 4776.875921 
278 22.870000 4776.915059 
279 22.880000 4776.953983 
280 22.890000 4776.992693 
281 22.900000 4777.031189 
282 22.910000 4777.069472 
283 22.920000 4777.107543 
284 22.930000 4777.145401 
285 22.940000 4777.183047 
286 22.950000 4777.220482 
287 22.960000 4777.257707 
288 22.970000 4777.294721 
289 22.980000 4777.331525 
290 22.990000 4777.368119 
291 23.000000 4777.404505 
292 23.010000 4777.440683 
293 23.020000 4777.476653 
294 23.030000 4777.512415 
295 23.040000 4777.547971 
296 23.050000 4777.583321 
297 23.060000 4777.618466 
298 23.070000 4777.653405 
299 23.080000 4777.688141 
300 23.090000 4777.722673 
301 23.100000 4777.757001 
302 23.110000 4777.791128 
303 23.120000 4777.825052 
304 23.130000 4777.858775 
305 23.140000 4777.892298 
306 23.150000 4777.925621 
307 23.160000 4777.958745 
308 23.170000 4777.991671 
309 23.180000 4778.024398 
310 23.190000 4778.056928 
311 23.200000 4778.089262 
312 23.210000 4778.121401 
313 23.220000 4778.153344 
314 23.230000 4778.185093 
315 23.240000 4778.216648 
316 23.250000 4778.248010 
317 23.260000 4778.279180 
318 23.270000 4778.310158 
319 23.280000 4778.340946 
320 23.290000 4778.371544 
321 23.300000 4778.401953 
322 23.310000 4778.432173 
323 23.320000 4778.462205 
324 23.330000 4778.492050 
325 23.340000 4778.521709 
326 23.350000 4778.551183 
327 23.360000 4778.580472 
328 23.370000 4778.609576 
329 23.380000 4778.638498 
330 23.390000 4778.667237 
331 23.400000 4778.695795 
332 23.410000 4778.724171 
333 23.420000 4778.752368 
334 23.430000 4778.780385 
335 23.440000 4778.808224 
336 23.450000 4778.835885 
337 23.460000 4778.863370 
338 23.470000 4778.890678 
339 23.480000 4778.917810 
340 23.490000 4778.944769 
341 23.500000 4778.971553 
342 23.510000 4778.998165 
343 23.520000 4779.024604 
344 23.530000 4779.050872 
345 23.540000 4779.076970 
346 23.550000 4779.102897 
347 23.560000 4779.128656 
348 23.570000 4779.154247 
349 23.580000 4779.179670 
350 23.590000 4779.204927 
351 23.600000 4779.230019 
352 23.610000 4779.254945 
353 23.620000 4779.279708 
354 23.630000 4779.304307 
355 23.640000 4779.328743 
356 23.650000 4779.353018 
357 23.660000 4779.377133 
358 23.670000 4779.401087 
359 23.680000 4779.424882 
360 23.690000 4779.448519 
361 23.700000 4779.471998 
362 23.710000 4779.495320 
363 23.720000 4779.518487 
364 23.730000 4779.541498 
365 23.740000 4779.564355 
366 23.750000 4779.587058 
367 23.760000 4779.609609 
368 23.770000 4779.632008 
369 23.780000 4779.654256 
370 23.790000 4779.676353 
371 23.800000 4779.698301 
372 23.810000 4779.720100 
373 23.820000 4779.741751 
374 23.830000 4779.763256 
375 23.840000 4779.784614 
376 23.850000 4779.805826 
377 23.860000 4779.826894 
378 23.870000 4779.847818 
379 23.880000 4779.868599 
380 23.890000 4779.889237 
381 23.900000 4779.909734 
382 23.910000 4779.930091 
383 23.920000 4779.950307 
384 23.930000 4779.970384 
385 23.940000 4779.990323 
386 23.950000 4780.010124 
387 23.960000 4780.029789 
388 23.970000 4780.049317 
389 23.980000 4780.068710 
390 23.990000 4780.087969 
391 24.000000 4780.107094 
392 24.010000 4780.126086 
393 24.020000 4780.144946 
394 24.030000 4780.163674 
395 24.040000 4780.182272 
396 24.050000 4780.200740 
397 24.060000 4780.219079 
398 24.070000 4780.237290 
399 24.080000 4780.255373 
400 24.090000 4780.273329 
401 24.100000 4780.291159 
402 24.110000 4780.308864 
403 24.120000 4780.326444 
404 24.130000 4780.343901 
405 24.140000 4780.361234 
406 24.150000 4780.378445 
407 24.160000 4780.395534 
408 24.170000 4780.412503 
409 24.180000 4780.429351 
410 24.190000 4780.446080 
411 24.200000 4780.462690 
412 24.210000 4780.479182 
413 24.220000 4780.495557 
414 24.230000 4780.511815 
415 24.240000 4780.527957 
416 24.250000 4780.543985 
417 24.260000 4780.559898 
418 24.270000 4780.575697 
419 24.280000 4780.591383 
420 24.290000 4780.606957 
421 24.300000 4780.622420 
422 24.310000 4780.637771 
423 24.320000 4780.653013 
424 24.330000 4780.668144 
425 24.340000 4780.683167 
426 24.350000 4780.698082 
427 24.360000 4780.712890 
428 24.370000 4780.727590 
429 24.380000 4780.742185 
430 24.390000 4780.756674 
431 24.400000 4780.771058 
432 24.410000 4780.785339 
433 24.420000 4780.799515 
434 24.430000 4780.813589 
435 24.440000 4780.827561 
436 24.450000 4780.841432 
437 24.460000 4780.855202 
438 24.470000 4780.868871 
439 24.480000 4780.882441 
440 24.490000 4780.895913 
441 24.500000 4780.909286 
442 24.510000 4780.922561 
443 24.520000 4780.935740 
444 24.530000 4780.948822 
445 24.540000 4780.961809 
446 24.550000 4780.974700 
447 24.560000 4780.987497 
448 24.570000 4781.000200 
449 24.580000 4781.012811 
450 24.590000 4781.025328 
451 24.600000 4781.037753 
452 24.610000 4781.050088 
453 24.620000 4781.062331 
454 24.630000 4781.074484 
455 24.640000 4781.086548 
456 24.650000 4781.098523 
457 24.660000 4781.110409 
458 24.670000 4781.122208 
459 24.680000 4781.133919 
460 24.690000 4781.145544 
461 24.700000 4781.157082 
462 24.710000 4781.168536 
463 24.720000 4781.179904 
464 24.730000 4781.191188 
465 24.740000 4781.202388 
466 24.750000 4781.213506 
467 24.760000 4781.224540 
468 24.770000 4781.235493 
469 24.780000 4781.246364 
470 24.790000 4781.257154 
471 24.800000 4781.267863 
472 24.810000 4781.278493 
473 24.820000 4781.289044 
474 24.830000 4781.299515 
475 24.840000 4781.309909 
476 24.850000 4781.320225 
477 24.860000 4781.330463 
478 24.870000 4781.340625 
479 24.880000 4781.350711 
480 24.890000 4781.360722 
481 24.900000 4781.370657 
482 24.910000 4781.380518 
483 24.920000 4781.390304 
484 24.930000 4781.400018 
485 24.940000 4781.409658 
486 24.950000 4781.419226 
487 24.960000 4781.428721 
488 24.970000 4781.438145 
489 24.980000 4781.447499 
490 24.990000 4781.456781 
491 25.000000 4781.465994 
492 25.010000 4781.475137 
493 25.020000 4781.484211 
494 25.030000 4781.493217 
495 25.040000 4781.502154 
496 25.050000 4781.511024 
497 25.060000 4781.519827 
498 25.070000 4781.528563 
499 25.080000 4781.537233 
500 25.090000 4781.545837 
501 25.100000 4781.554376 
502 25.110000 4781.562850 
503 25.120000 4781.571260 
504 25.130000 4781.579605 
505 25.140000 4781.587888 
506 25.150000 4781.596107 
507 25.160000 4781.604264 
508 25.170000 4781.612359 
509 25.180000 4781.620392 
510 25.190000 4781.628364 
511 25.200000 4781.636275 
512 25.210000 4781.644126 
513 25.220000 4781.651917 
514 25.230000 4781.659648 
515 25.240000 4781.667321 
516 25.250000 4781.674934 
517 25.260000 4781.682490 
518 25.270000 4781.689988 
519 25.280000 4781.697428 
520 25.290000 4781.704811 
521 25.300000 4781.712138 
522 25.310000 4781.719408 
523 25.320000 4781.726623 
524 25.330000 4781.733783 
525 25.340000 4781.740887 
526 25.350000 4781.747937 
527 25.360000 4781.754933 
528 25.370000 4781.761875 
529 25.380000 4781.768763 
530 25.390000 4781.775599 
531 25.400000 4781.782382 
532 25.410000 4781.789113 
533 25.420000 4781.795792 
534 25.430000 4781.802419 
535 25.440000 4781.808995 
536 25.450000 4781.815521 
537 25.460000 4781.821996 
538 25.470000 4781.828421 
539 25.480000 4781.834797 
540 25.490000 4781.841123 
541 25.500000 4781.847401 
542 25.510000 4781.853630 
543 25.520000 4781.859810 
544 25.530000 4781.865943 
545 25.540000 4781.872028 
546 25.550000 4781.878066 
547 25.560000 4781.884058 
548 25.570000 4781.890003 
549 25.580000 4781.895902 
550 25.590000 4781.901755 
551 25.600000 4781.907562 
552 25.610000 4781.913325 
553 25.620000 4781.919042 
554 25.630000 4781.924716 
555 25.640000 4781.930345 
556 25.650000 4781.935930 
557 25.660000 4781.941472 
558 25.670000 4781.946971 
559 25.680000 4781.952427 
560 25.690000 4781.957841 
561 25.700000 4781.963212 
562 25.710000 4781.968541 
563 25.720000 4781.973829 
564 25.730000 4781.979076 
565 25.740000 4781.984281 
566 25.750000 4781.989446 
567 25.760000 4781.994571 
568 25.770000 4781.999655 
569 25.780000 4782.004700 
570 25.790000 4782.009706 
571 25.800000 4782.014672 
572 25.810000 4782.019599 
573 25.820000 4782.024488 
574 25.830000 4782.029339 
575 25.840000 4782.034151 
576 25.850000 4782.038926 
577 25.860000 4782.043664 
578 25.870000 4782.048364 
579 25.880000 4782.053027 
580 25.890000 4782.057654 
581 25.900000 4782.062245 
582 25.910000 4782.066799 
583 25.920000 4782.071318 
584 25.930000 4782.075801 
585 25.940000 4782.080249 
586 25.950000 4782.084662 
587 25.960000 4782.089040 
588 25.970000 4782.093384 
589 25.980000 4782.097693 
590 25.990000 4782.101969 
591 26.000000 4782.106211 
592 26.010000 4782.110419 
593 26.020000 4782.114595 
594 26.030000 4782.118737 
595 26.040000 4782.122847 
596 26.050000 4782.126925 
597 26.060000 4782.130970 
598 26.070000 4782.134983 
599 26.080000 4782.138965 
600 26.090000 4782.142915 
601 26.100000 4782.146834 
602 26.110000 4782.150722 
603 26.120000 4782.154579 
604 26.130000 4782.158406 
605 26.140000 4782.162202 
606 26.150000 4782.165969 
607 26.160000 4782.169705 
608 26.170000 4782.173412 
609 26.180000 4782.177090 
610 26.190000 4782.180739 
611 26.200000 4782.184358 
612 26.210000 4782.187949 
613 26.220000 4782.191512 
614 26.230000 4782.195046 
615 26.240000 4782.198552 
616 26.250000 4782.202030 
617 26.260000 4782.205481 
618 26.270000 4782.208904 
619 26.280000 4782.212301 
620 26.290000 4782.215670 
621 26.300000 4782.219012 
622 26.310000 4782.222328 
623 26.320000 4782.225617 
624 26.330000 4782.228881 
625 26.340000 4782.232118 
626 26.350000 4782.235330 
627 26.360000 4782.238516 
628 26.370000 4782.241676 
629 26.380000 4782.244812 
630 26.390000 4782.247922 
631 26.400000 4782.251008 
632 26.410000 4782.254069 
633 26.420000 4782.257106 
634 26.430000 4782.260118 
635 26.440000 4782.263106 
636 26.450000 4782.266071 
637 26.460000 4782.269012 
638 26.470000 4782.271929 
639 26.480000 4782.274824 
640 26.490000 4782.277695 
641 26.500000 4782.280543 
642 26.510000 4782.283368 
643 26.520000 4782.286171 
644 26.530000 4782.288951 
645 26.540000 4782.291709 
646 26.550000 4782.294445 
647 26.560000 4782.297159 
648 26.570000 4782.299852 
649 26.580000 4782.302523 
650 26.590000 4782.305172 
651 26.600000 4782.307800 
652 26.610000 4782.310407 
653 26.620000 4782.312994 
654 26.630000 4782.315559 
655 26.640000 4782.318104 
656 26.650000 4782.320629 
657 26.660000 4782.323133 
658 26.670000 4782.325617 
659 26.680000 4782.328082 
660 26.690000 4782.330526 
661 26.700000 4782.332951 
662 26.710000 4782.335357 
663 26.720000 4782.337743 
664 26.730000 4782.340110 
665 26.740000 4782.342458 
666 26.750000 4782.344787 
667 26.760000 4782.347097 
668 26.770000 4782.349389 
669 26.780000 4782.351662 
670 26.790000 4782.353917 
671 26.800000 4782.356154 
672 26.810000 4782.358373 
673 26.820000 4782.360574 
674 26.830000 4782.362757 
675 26.840000 4782.364923 
676 26.850000 4782.367071 
677 26.860000 4782.369202 
678 26.870000 4782.371315 
679 26.880000 4782.373412 
680 26.890000 4782.375492 
681 26.900000 4782.377555 
682 26.910000 4782.379601 
683 26.920000 4782.381631 
684 26.930000 4782.383645 
685 26.940000 4782.385642 
686 26.950000 4782.387623 
687 26.960000 4782.389588 
688 26.970000 4782.391537 
689 26.980000 4782.393471 
690 26.990000 4782.395389 
691 27.000000 4782.397291 
692 27.010000 4782.399178 
693 27.020000 4782.401050 
694 27.030000 4782.402906 
695 27.040000 4782.404748 
696 27.050000 4782.406575 
697 27.060000 4782.408387 
698 27.070000 4782.410184 
699 27.080000 4782.411967 
700 27.090000 4782.413735 
701 27.100000 4782.415489 
702 27.110000 4782.417228 
703 27.120000 4782.418954 
704 27.130000 4782.420666 
705 27.140000 4782.422363 
706 27.150000 4782.424047 
707 27.160000 4782.425718 
708 27.170000 4782.427375 
709 27.180000 4782.429018 
710 27.190000 4782.430648 
711 27.200000 4782.432265 
712 27.210000 4782.433868 
713 27.220000 4782.435459 
714 27.230000 4782.437037 
715 27.240000 4782.438602 
716 27.250000 4782.440154 
717 27.260000 4782.441694 
718 27.270000 4782.443221 
719 27.280000 4782.444736 
720 27.290000 4782.446238 
721 27.300000 4782.447728 
722 27.310000 4782.449206 
723 27.320000 4782.450672 
724 27.330000 4782.452126 
725 27.340000 4782.453569 
726 27.350000 4782.454999 
727 27.360000 4782.456418 
728 27.370000 4782.457825 
729 27.380000 4782.459221 
730 27.390000 4782.460606 
731 27.400000 4782.461979 
732 27.410000 4782.463341 
733 27.420000 4782.464692 
734 27.430000 4782.466032 
735 27.440000 4782.467361 
736 27.450000 4782.468679 
737 27.460000 4782.469987 
738 27.470000 4782.471284 
739 27.480000 4782.472570 
740 27.490000 4782.473846 
741 27.500000 4782.475111 
742 27.510000 4782.476366 
743 27.520000 4782.477611 
744 27.530000 4782.478845 
745 27.540000 4782.480070 
746 27.550000 4782.481284 
747 27.560000 4782.482489 
748 27.570000 4782.483684 
749 27.580000 4782.484869 
750 27.590000 4782.486044 
751 27.600000 4782.487210 
752 27.610000 4782.488366 
753 27.620000 4782.489513 
754 27.630000 4782.490650 
755 27.640000 4782.491778 
756 27.650000 4782.492897 
757 27.660000 4782.494006 
758 27.670000 4782.495107 
759 27.680000 4782.496199 
760 27.690000 4782.497281 
761 27.700000 4782.498355 
762 27.710000 4782.499420 
763 27.720000 4782.500476 
764 27.730000 4782.501524 
765 27.740000 4782.502563 
766 27.750000 4782.503594 
767 27.760000 4782.504616 
768 27.770000 4782.505629 
769 27.780000 4782.506635 
770 27.790000 4782.507632 
771 27.800000 4782.508621 
772 27.810000 4782.509602 
773 27.820000 4782.510575 
774 27.830000 4782.511540 
775 27.840000 4782.512497 
776 27.850000 4782.513446 
777 27.860000 4782.514387 
778 27.870000 4782.515321 
779 27.880000 4782.516246 
780 27.890000 4782.517165 
781 27.900000 4782.518076 
782 27.910000 4782.518979 
783 27.920000 4782.519875 
784 27.930000 4782.520763 
785 27.940000 4782.521644 
786 27.950000 4782.522518 
787 27.960000 4782.523385 
788 27.970000 4782.524245 
789 27.980000 4782.525097 
790 27.990000 4782.525943 
791 28.000000 4782.526782 
792 28.010000 4782.527613 
793 28.020000 4782.528438 
794 28.030000 4782.529257 
795 28.040000 4782.530068 
796 28.050000 4782.530873 
797 28.060000 4782.531671 
798 28.070000 4782.532462 
799 28.080000 4782.533247 
800 28.090000 4782.534026 
801 28.100000 4782.534798 
802 28.110000 4782.535564 
803 28.120000 4782.536323 
804 28.130000 4782.537076 
805 28.140000 4782.537823 
806 28.150000 4782.538564 
807 28.160000 4782.539299 
808 28.170000 4782.540028 
809 28.180000 4782.540750 
810 28.190000 4782.541467 
811 28.200000 4782.542178 
812 28.210000 4782.542883 
813 28.220000 4782.543582 
814 28.230000 4782.544275 
815 28.240000 4782.544963 
816 28.250000 4782.545645 
817 28.260000 4782.546321 
818 28.270000 4782.546992 
819 28.280000 4782.547657 
820 28.290000 4782.548317 
821 28.300000 4782.548971 
822 28.310000 4782.549620 
823 28.320000 4782.550264 
824 28.330000 4782.550902 
825 28.340000 4782.551535 
826 28.350000 4782.552162 
827 28.360000 4782.552785 
828 28.370000 4782.553402 
829 28.380000 4782.554015 
830 28.390000 4782.554622 
831 28.400000 4782.555224 
832 28.410000 4782.555821 
833 28.420000 4782.556413 
834 28.430000 4782.557001 
835 28.440000 4782.557583 
836 28.450000 4782.558161 
837 28.460000 4782.558734 
838 28.470000 4782.559302 
839 28.480000 4782.559866 
840 28.490000 4782.560424 
841 28.500000 4782.560979 
842 28.510000 4782.561528 
843 28.520000 4782.562073 
844 28.530000 4782.562614 
845 28.540000 4782.563150 
846 28.550000 4782.563681 
847 28.560000 4782.564209 
848 28.570000 4782.564731 
849 28.580000 4782.565250 
850 28.590000 4782.565764 
851 28.600000 4782.566274 
852 28.610000 4782.566780 
853 28.620000 4782.567281 
854 28.630000 4782.567779 
855 28.640000 4782.568272 
856 28.650000 4782.568761 
857 28.660000 4782.569246 
858 28.670000 4782.569727 
859 28.680000 4782.570204 
860 28.690000 4782.570677 
861 28.700000 4782.571147 
862 28.710000 4782.571612 
863 28.720000 4782.572073 
864 28.730000 4782.572531 
865 28.740000 4782.572985 
866 28.750000 4782.573435 
867 28.760000 4782.573881 
868 28.770000 4782.574324 
869 28.780000 4782.574763 
870 28.790000 4782.575198 
871 28.800000 4782.575630 
872 28.810000 4782.576058 
873 28.820000 4782.576482 
874 28.830000 4782.576903 
875 28.840000 4782.577321 
876 28.850000 4782.577735 
877 28.860000 4782.578145 
878 28.870000 4782.578553 
879 28.880000 4782.578956 
880 28.890000 4782.579357 
881 28.900000 4782.579754 
882 28.910000 4782.580148 
883 28.920000 4782.580538 
884 28.930000 4782.580925 
885 28.940000 4782.581309 
886 28.950000 4782.581690 
887 28.960000 4782.582068 
888 28.970000 4782.582442 
889 28.980000 4782.582814 
890 28.990000 4782.583182 
891 29.000000 4782.583547 
892 29.010000 4782.583910 
893 29.020000 4782.584269 
894 29.030000 4782.584625 
895 29.040000 4782.584978 
896 29.050000 4782.585329 
897 29.060000 4782.585676 
898 29.070000 4782.586021 
899 29.080000 4782.586362 
900 29.090000 4782.586701 
901 29.100000 4782.587037 
902 29.110000 4782.587370 
903 29.120000 4782.587700 
904 29.130000 4782.588028 
905 29.140000 4782.588353 
906 29.150000 4782.588675 
907 29.160000 4782.588995 
908 29.170000 4782.589311 
909 29.180000 4782.589626 
910 29.190000 4782.589937 
911 29.200000 4782.590246 
912 29.210000 4782.590552 
913 29.220000 4782.590856 
914 29.230000 4782.591158 
915 29.240000 4782.591456 
916 29.250000 4782.591753 
917 29.260000 4782.592046 
918 29.270000 4782.592338 
919 29.280000 4782.592627 
920 29.290000 4782.592913 
921 29.300000 4782.593197 
922 29.310000 4782.593479 
923 29.320000 4782.593758 
924 29.330000 4782.594035 
925 29.340000 4782.594310 
926 29.350000 4782.594583 
927 29.360000 4782.594853 
928 29.370000 4782.595121 
929 29.380000 4782.595386 
930 29.390000 4782.595650 
931 29.400000 4782.595911 
932 29.410000 4782.596170 
933 29.420000 4782.596427 
934 29.430000 4782.596682 
935 29.440000 4782.596934 
936 29.450000 4782.597185 
937 29.460000 4782.597433 
938 29.470000 4782.597680 
939 29.480000 4782.597924 
940 29.490000 4782.598166 
941 29.500000 4782.598406 
942 29.510000 4782.598644 
943 29.520000 4782.598881 
944 29.530000 4782.599115 
945 29.540000 4782.599347 
946 29.550000 4782.599577 
947 29.560000 4782.599806 
948 29.570000 4782.600032 
949 29.580000 4782.600257 
950 29.590000 4782.600480 
951 29.600000 4782.600700 
952 29.610000 4782.600919 
953 29.620000 4782.601136 
954 29.630000 4782.601352 
955 29.640000 4782.601565 
956 29.650000 4782.601777 
957 29.660000 4782.601987 
958 29.670000 4782.602195 
959 29.680000 4782.602402 
960 29.690000 4782.602606 
961 29.700000 4782.602809 
962 29.710000 4782.603011 
963 29.720000 4782.603210 
964 29.730000 4782.603408 
965 29.740000 4782.603604 
966 29.750000 4782.603799 
967 29.760000 4782.603992 
968 29.770000 4782.604183 
969 29.780000 4782.604373 
970 29.790000 4782.604561 
971 29.800000 4782.604748 
972 29.810000 4782.604933 
973 29.820000 4782.605117 
974 29.830000 4782.605299 
975 29.840000 4782.605479 
976 29.850000 4782.605658 
977 29.860000 4782.605835 
978 29.870000 4782.606011 
979 29.880000 4782.606186 
980 29.890000 4782.606359 
981 29.900000 4782.606530 
982 29.910000 4782.606700 
983 29.920000 4782.606869 
984 29.930000 4782.607036 
985 29.940000 4782.607202 
986 29.950000 4782.607366 
987 29.960000 4782.607529 
988 29.970000 4782.607691 
989 29.980000 4782.607851 
990 29.990000 4782.608010 
991 30.000000 4782.608168 
992 30.010000 4782.608324 
993 30.020000 4782.608479 
994 30.030000 4782.608633 
995 30.040000 4782.608785 
996 30.050000 4782.608936 
997 30.060000 4782.609086 
998 30.070000 4782.609235 
999 30.080000 4782.609382 
1000 30.090000 4782.609528 
1001 30.100000 4782.609673 
1002 30.110000 4782.609817 
1003 30.120000 4782.609959 
1004 30.130000 4782.610101 
1005 30.140000 4782.610241 
1006 30.150000 4782.610380 
1007 30.160000 4782.610517 
1008 30.170000 4782.610654 
1009 30.180000 4782.610789 
1010 30.190000 4782.610923 
1011 30.200000 4782.611057 
1012 30.210000 4782.611189 
1013 30.220000 4782.611319 
1014 30.230000 4782.611449 
1015 30.240000 4782.611578 
1016 30.250000 4782.611706 
1017 30.260000 4782.611832 
1018 30.270000 4782.611958 
1019 30.280000 4782.612082 
1020 30.290000 4782.612205 
1021 30.300000 4782.612328 
1022 30.310000 4782.612449 
1023 30.320000 4782.612569 
1024 30.330000 4782.612689 
1025 30.340000 4782.612807 
1026 30.350000 4782.612924 
1027 30.360000 4782.613040 
1028 30.370000 4782.613156 
1029 30.380000 4782.613270 
1030 30.390000 4782.613383 
1031 30.400000 4782.613496 
1032 30.410000 4782.613607 
1033 30.420000 4782.613718 
1034 30.430000 4782.613827 
1035 30.440000 4782.613936 
1036 30.450000 4782.614044 
1037 30.460000 4782.614151 
1038 30.470000 4782.614256 
1039 30.480000 4782.614361 
1040 30.490000 4782.614466 
1041 30.500000 4782.614569 
1042 30.510000 4782.614671 
1043 30.520000 4782.614773 
1044 30.530000 4782.614874 
1045 30.540000 4782.614973 
1046 30.550000 4782.615072 
1047 30.560000 4782.615170 
1048 30.570000 4782.615268 
1049 30.580000 4782.615364 
1050 30.590000 4782.615460 
1051 30.600000 4782.615555 
1052 30.610000 4782.615649 
1053 30.620000 4782.615742 
1054 30.630000 4782.615835 
1055 30.640000 4782.615926 
1056 30.650000 4782.616017 
1057 30.660000 4782.616108 
1058 30.670000 4782.616197 
1059 30.680000 4782.616286 
1060 30.690000 4782.616373 
1061 30.700000 4782.616461 
1062 30.710000 4782.616547 
1063 30.720000 4782.616633 
1064 30.730000 4782.616718 
1065 30.740000 4782.616802 
1066 30.750000 4782.616886 
1067 30.760000 4782.616968 
1068 30.770000 4782.617050 
1069 30.780000 4782.617132 
1070 30.790000 4782.617213 
1071 30.800000 4782.617293 
1072 30.810000 4782.617372 
1073 30.820000 4782.617451 
1074 30.830000 4782.617529 
1075 30.840000 4782.617606 
1076 30.850000 4782.617683 
1077 30.860000 4782.617759 
1078 30.870000 4782.617835 
1079 30.880000 4782.617909 
1080 30.890000 4782.617983 
1081 30.900000 4782.618057 
1082 30.910000 4782.618130 
1083 30.920000 4782.618202 
1084 30.930000 4782.618274 
1085 30.940000 4782.618345 
1086 30.950000 4782.618415 
1087 30.960000 4782.618485 
1088 30.970000 4782.618555 
1089 30.980000 4782.618623 
1090 30.990000 4782.618691 
1091 31.000000 4782.618759 
1092 31.010000 4782.618826 
1093 31.020000 4782.618892 
1094 31.030000 4782.618958 
1095 31.040000 4782.619024 
1096 31.050000 4782.619088 
1097 31.060000 4782.619152 
1098 31.070000 4782.619216 
1099 31.080000 4782.619279 
1100 31.090000 4782.619342 
1101 31.100000 4782.619404 
1102 31.110000 4782.619465 
1103 31.120000 4782.619526 
1104 31.130000 4782.619587 
1105 31.140000 4782.619647 
1106 31.150000 4782.619706 
1107 31.160000 4782.619765 
1108 31.170000 4782.619824 
1109 31.180000 4782.619882 
1110 31.190000 4782.619939 
1111 31.200000 4782.619996 
1112 31.210000 4782.620052 
1113 31.220000 4782.620108 
1114 31.230000 4782.620164 
1115 31.240000 4782.620219 
1116 31.250000 4782.620274 
1117 31.260000 4782.620328 
1118 31.270000 4782.620381 
1119 31.280000 4782.620435 
1120 31.290000 4782.620487 
1121 31.300000 4782.620540 
1122 31.310000 4782.620592 
1123 31.320000 4782.620643 
1124 31.330000 4782.620694 
1125 31.340000 4782.620745 
1126 31.350000 4782.620795 
1127 31.360000 4782.620845 
1128 31.370000 4782.620894 
1129 31.380000 4782.620943 
1130 31.390000 4782.620991 
1131 31.400000 4782.621039 
1132 31.410000 4782.621087 
1133 31.420000 4782.621134 
1134 31.430000 4782.621181 
1135 31.440000 4782.621227 
1136 31.450000 4782.621273 
1137 31.460000 4782.621319 
1138 31.470000 4782.621364 
1139 31.480000 4782.621409 
1140 31.490000 4782.621454 
1141 31.500000 4782.621498 
1142 31.510000 4782.621541 
1143 31.520000 4782.621585 
1144 31.530000 4782.621628 
1145 31.540000 4782.621670 
1146 31.550000 4782.621713 
1147 31.560000 4782.621755 
1148 31.570000 4782.621796 
1149 31.580000 4782.621837 
1150 31.590000 4782.621878 
1151 31.600000 4782.621919 
1152 31.610000 4782.621959 
1153 31.620000 4782.621999 
1154 31.630000 4782.622038 
1155 31.640000 4782.622077 
1156 31.650000 4782.622116 
1157 31.660000 4782.622155 
1158 31.670000 4782.622193 
1159 31.680000 4782.622231 
1160 31.690000 4782.622268 
1161 31.700000 4782.622305 
1162 31.710000 4782.622342 
1163 31.720000 4782.622379 
1164 31.730000 4782.622415 
1165 31.740000 4782.622451 
1166 31.750000 4782.622487 
1167 31.760000 4782.622522 
1168 31.770000 4782.622557 
1169 31.780000 4782.622592 
1170 31.790000 4782.622626 
1171 31.800000 4782.622660 
1172 31.810000 4782.622694 
1173 31.820000 4782.622728 
1174 31.830000 4782.622761 
1175 31.840000 4782.622794 
1176 31.850000 4782.622827 
1177 31.860000 4782.622859 
1178 31.870000 4782.622891 
1179 31.880000 4782.622923 
1180 31.890000 4782.622955 
1181 31.900000 4782.622986 
1182 31.910000 4782.623017 
1183 31.920000 4782.623048 
1184 31.930000 4782.623079 
1185 31.940000 4782.623109 
1186 31.950000 4782.623139 
1187 31.960000 4782.623169 
1188 31.970000 4782.623198 
1189 31.980000 4782.623227 
1190 31.990000 4782.623256 
1191 32.000000 4782.623285 
1192 32.010000 4782.623314 
1193 32.020000 4782.623342 
1194 32.030000 4782.623370 
1195 32.040000 4782.623398 
1196 32.050000 4782.623426 
1197 32.060000 4782.623453 
1198 32.070000 4782.623480 
1199 32.080000 4782.623507 
1200 32.090000 4782.623533 
1201 32.100000 4782.623560 
1202 32.110000 4782.623586 
1203 32.120000 4782.623612 
1204 32.130000 4782.623638 
1205 32.140000 4782.623663 
1206 32.150000 4782.623689 
1207 32.160000 4782.623714 
1208 32.170000 4782.623739 
1209 32.180000 4782.623763 
1210 32.190000 4782.623788 
1211 32.200000 4782.623812 
1212 32.210000 4782.623836 
1213 32.220000 4782.623860 
1214 32.230000 4782.623883 
1215 32.240000 4782.623907 
1216 32.250000 4782.623930 
1217 32.260000 4782.623953 
1218 32.270000 4782.623976 
1219 32.280000 4782.623999 
1220 32.290000 4782.624021 
1221 32.300000 4782.624043 
1222 32.310000 4782.624065 
1223 32.320000 4782.624087 
1224 32.330000 4782.624109 
1225 32.340000 4782.624130 
1226 32.350000 4782.624152 
1227 32.360000 4782.624173 
1228 32.370000 4782.624194 
1229 32.380000 4782.624215 
1230 32.390000 4782.624235 
1231 32.400000 4782.624256 
1232 32.410000 4782.624276 
1233 32.420000 4782.624296 
1234 32.430000 4782.624316 
1235 32.440000 4782.624336 
1236 32.450000 4782.624355 
1237 32.460000 4782.624375 
1238 32.470000 4782.624394 
1239 32.480000 4782.624413 
1240 32.490000 4782.624432 
1241 32.500000 4782.624451 
1242 32.510000 4782.624469 
1243 32.520000 4782.624488 
1244 32.530000 4782.624506 
1245 32.540000 4782.624524 
1246 32.550000 4782.624542 
1247 32.560000 4782.624560 
1248 32.570000 4782.624577 
1249 32.580000 4782.624595 
1250 32.590000 4782.624612 
1251 32.600000 4782.624629 
1252 32.610000 4782.624646 
1253 32.620000 4782.624663 
1254 32.630000 4782.624680 
1255 32.640000 4782.624697 
1256 32.650000 4782.624713 
1257 32.660000 4782.624730 
1258 32.670000 4782.624746 
1259 32.680000 4782.624762 
1260 32.690000 4782.624778 
1261 32.700000 4782.624794 
1262 32.710000 4782.624809 
1263 32.720000 4782.624825 
1264 32.730000 4782.624840 
1265 32.740000 4782.624855 
1266 32.750000 4782.624870 
1267 32.760000 4782.624885 
1268 32.770000 4782.624900 
1269 32.780000 4782.624915 
1270 32.790000 4782.624930 
1271 32.800000 4782.624944 
1272 32.810000 4782.624959 
1273 32.820000 4782.624973 
1274 32.830000 4782.624987 
1275 32.840000 4782.625001 
1276 32.850000 4782.625015 
1277 32.860000 4782.625029 
1278 32.870000 4782.625042 
1279 32.880000 4782.625056 
1280 32.890000 4782.625069 
1281 32.900000 4782.625082 
1282 32.910000 4782.625096 
1283 32.920000 4782.625109 
1284 32.930000 4782.625122 
1285 32.940000 4782.625134 
1286 32.950000 4782.625147 
1287 32.960000 4782.625160 
1288 32.970000 4782.625172 
1289 32.980000 4782.625185 
1290 32.990000 4782.625197 
1291 33.000000 4782.625209 
1292 33.010000 4782.625221 
1293 33.020000 4782.625233 
1294 33.030000 4782.625245 
1295 33.040000 4782.625257 
1296 33.050000 4782.625269 
1297 33.060000 4782.625280 
1298 33.070000 4782.625292 
1299 33.080000 4782.625303 
1300 33.090000 4782.625314 
1301 33.100000 4782.625326 
1302 33.110000 4782.625337 
1303 33.120000 4782.625348 
1304 33.130000 4782.625359 
1305 33.140000 4782.625369 
1306 33.150000 4782.625380 
1307 33.160000 4782.625391 
1308 33.170000 4782.625401 
1309 33.180000 4782.625412 
1310 33.190000 4782.625422 
1311 33.200000 4782.625432 
1312 33.210000 4782.625443 
1313 33.220000 4782.625453 
1314 33.230000 4782.625463 
1315 33.240000 4782.625473 
1316 33.250000 4782.625482 
1317 33.260000 4782.625492 
1318 33.270000 4782.625502 
1319 33.280000 4782.625511 
1320 33.290000 4782.625521 
1321 33.300000 4782.625530 
1322 33.310000 4782.625540 
1323 33.320000 4782.625549 
1324 33.330000 4782.625558 
1325 33.340000 4782.625567 
1326 33.350000 4782.625576 
1327 33.360000 4782.625585 
1328 33.370000 4782.625594 
1329 33.380000 4782.625603 
1330 33.390000 4782.625612 
1331 33.400000 4782.625620 
1332 33.410000 4782.625629 
1333 33.420000 4782.625637 
1334 33.430000 4782.625646 
1335 33.440000 4782.625654 
1336 33.450000 4782.625662 
1337 33.460000 4782.625671 
1338 33.470000 4782.625679 
1339 33.480000 4782.625687 
1340 33.490000 4782.625695 
1341 33.500000 4782.625703 
1342 33.510000 4782.625711 
1343 33.520000 4782.625718 
1344 33.530000 4782.625726 
1345 33.540000 4782.625734 
1346 33.550000 4782.625741 
1347 33.560000 4782.625749 
1348 33.570000 4782.625756 
1349 33.580000 4782.625764 
1350 33.590000 4782.625771 
1351 33.600000 4782.625778 
1352 33.610000 4782.625786 
1353 33.620000 4782.625793 
1354 33.630000 4782.625800 
1355 33.640000 4782.625807 
1356 33.650000 4782.625814 
1357 33.660000 4782.625821 
1358 33.670000 4782.625828 
1359 33.680000 4782.625834 
1360 33.690000 4782.625841 
1361 33.700000 4782.625848 
1362 33.710000 4782.625854 
1363 33.720000 4782.625861 
1364 33.730000 4782.625867 
1365 33.740000 4782.625874 
1366 33.750000 4782.625880 
1367 33.760000 4782.625887 
1368 33.770000 4782.625893 
1369 33.780000 4782.625899 
1370 33.790000 4782.625905 
1371 33.800000 4782.625911 
1372 33.810000 4782.625918 
1373 33.820000 4782.625924 
1374 33.830000 4782.625929 
1375 33.840000 4782.625935 
1376 33.850000 4782.625941 
1377 33.860000 4782.625947 
1378 33.870000 4782.625953 
1379 33.880000 4782.625959 
1380 33.890000 4782.625964 
1381 33.900000 4782.625970 
1382 33.910000 4782.625975 
1383 33.920000 4782.625981 
1384 33.930000 4782.625986 
1385 33.940000 4782.625992 
1386 33.950000 4782.625997 
1387 33.960000 4782.626003 
1388 33.970000 4782.626008 
1389 33.980000 4782.626013 
1390 33.990000 4782.626018 
1391 34.000000 4782.626023 
1392 34.010000 4782.626029 
1393 34.020000 4782.626034 
1394 34.030000 4782.626039 
1395 34.040000 4782.626044 
1396 34.050000 4782.626048 
1397 34.060000 4782.626053 
1398 34.070000 4782.626058 
1399 34.080000 4782.626063 
1400 34.090000 4782.626068 
1401 34.100000 4782.626073 
1402 34.110000 4782.626077 
1403 34.120000 4782.626082 
1404 34.130000 4782.626086 
1405 34.140000 4782.626091 
1406 34.150000 4782.626096 
1407 34.160000 4782.626100 
1408 34.170000 4782.626104 
1409 34.180000 4782.626109 
1410 34.190000 4782.626113 
1411 34.200000 4782.626118 
1412 34.210000 4782.626122 
1413 34.220000 4782.626126 
1414 34.230000 4782.626130 
1415 34.240000 4782.626135 
1416 34.250000 4782.626139 
1417 34.260000 4782.626143 
1418 34.270000 4782.626147 
1419 34.280000 4782.626151 
1420 34.290000 4782.626155 
1421 34.300000 4782.626159 
1422 34.310000 4782.626163 
1423 34.320000 4782.626167 
1424 34.330000 4782.626171 
1425 34.340000 4782.626174 
1426 34.350000 4782.626178 
1427 34.360000 4782.626182 
1428 34.370000 4782.626186 
1429 34.380000 4782.626189 
1430 34.390000 4782.626193 
1431 34.400000 4782.626197 
1432 34.410000 4782.626200 
1433 34.420000 4782.626204 
1434 34.430000 4782.626208 
1435 34.440000 4782.626211 
1436 34.450000 4782.626215 
1437 34.460000 4782.626218 
1438 34.470000 4782.626221 
1439 34.480000 4782.626225 
1440 34.490000 4782.626228 
1441 34.500000 4782.626232 
1442 34.510000 4782.626235 
1443 34.520000 4782.626238 
1444 34.530000 4782.626241 
1445 34.540000 4782.626245 
1446 34.550000 4782.626248 
1447 34.560000 4782.626251 
1448 34.570000 4782.626254 
1449 34.580000 4782.626257 
1450 34.590000 4782.626260 
1451 34.600000 4782.626263 
1452 34.610000 4782.626266 
1453 34.620000 4782.626270 
1454 34.630000 4782.626272 
1455 34.640000 4782.626275 
1456 34.650000 4782.626278 
1457 34.660000 4782.626281 
1458 34.670000 4782.626284 
1459 34.680000 4782.626287 
1460 34.690000 4782.626290 
1461 34.700000 4782.626293 
1462 34.710000 4782.626295 
1463 34.720000 4782.626298 
1464 34.730000 4782.626301 
1465 34.740000 4782.626304 
1466 34.750000 4782.626306 
1467 34.760000 4782.626309 
1468 34.770000 4782.626312 
1469 34.780000 4782.626314 
1470 34.790000 4782.626317 
1471 34.800000 4782.626319 
1472 34.810000 4782.626322 
1473 34.820000 4782.626325 
1474 34.830000 4782.626327 
1475 34.840000 4782.626330 
1476 34.850000 4782.626332 
1477 34.860000 4782.626334 
1478 34.870000 4782.626337 
1479 34.880000 4782.626339 
1480 34.890000 4782.626342 
1481 34.900000 4782.626344 
1482 34.910000 4782.626346 
1483 34.920000 4782.626349 
1484 34.930000 4782.626351 
1485 34.940000 4782.626353 
1486 34.950000 4782.626356 
1487 34.960000 4782.626358 
1488 34.970000 4782.626360 
1489 34.980000 4782.626362 
1490 34.990000 4782.626364 
