1 10.100000 129781018333075840.000000 2350339822052658176.000000 
2 10.110000 55132417440516896.000000 905257194928561664.000000 
3 10.120000 25236687632581056.000000 378839091663197504.000000 
4 10.130000 12299519929550572.000000 169981777442119744.000000 
5 10.140000 6323146361542440.000000 80932770221922992.000000 
6 10.150000 3403799474990264.000000 40556575445040448.000000 
7 10.160000 1907206744975333.500000 21249238698001596.000000 
8 10.170000 1106935405901904.125000 11577733595759662.000000 
9 10.180000 662807889301335.500000 6530666533517194.000000 
10 10.190000 408063919528873.750000 3799413594739357.500000 
11 10.200000 257575075733938.156250 2272599337470288.500000 
12 10.210000 166286193755118.156250 1393799688756028.000000 
13 10.220000 109565714622771.562500 874454481164452.875000 
14 10.230000 73547886971735.718750 560088412350520.312500 
15 10.240000 50217430294505.218750 365589478805577.562500 
16 10.250000 34827603131699.195312 242816057229487.500000 
17 10.260000 24504432896454.410156 163876099560001.312500 
18 10.270000 17472103861133.775391 112249209229826.531250 
19 10.280000 12612590907911.966797 77949381897180.000000 
20 10.290000 9209698031301.830078 54825839605549.343750 
21 10.300000 6797202007979.370117 39023410914247.578125 
22 10.310000 5067032482487.049805 28086237403507.070312 
23 10.320000 3812764704310.867188 20426015927761.109375 
24 10.330000 2894267631398.453613 15000896713012.005859 
25 10.340000 2215244857007.706055 11118362775011.820312 
26 10.350000 1708759679705.204102 8312337703312.209961 
27 10.360000 1327779241842.330566 6265452565815.095703 
28 10.370000 1038918554825.259521 4759203382651.483398 
29 10.380000 818251810291.760498 3641579615266.249512 
30 10.390000 648476044390.329102 2805783738978.653809 
31 10.400000 516969961428.779358 2176081003109.148438 
32 10.410000 414451931879.574646 1698287949351.627686 
33 10.420000 334043305436.922546 1333313057956.924316 
34 10.430000 270608662248.205505 1052727185899.871948 
35 10.440000 220287095768.195435 835697692791.182861 
36 10.450000 180156466911.377441 666847641678.656738 
37 10.460000 147991016549.641022 534748339837.995483 
38 10.470000 122085065085.763580 430849309591.776672 
39 10.480000 101123862450.793243 348712921160.821167 
40 10.490000 84088331002.752014 283462922259.295654 
41 10.500000 70184346716.506088 231384294113.590607 
42 10.510000 58789908288.772697 189630954585.799805 
43 10.520000 49415432192.256729 156010863371.387329 
44 10.530000 41673740338.074577 128827054325.078201 
45 10.540000 35257248524.978287 106759340315.874451 
46 10.550000 29920535671.209629 88775781199.333740 
47 10.560000 25466956383.651260 74066062196.789108 
48 10.570000 21738308250.173450 61991094833.889580 
49 10.580000 18606818953.408131 52044695815.957726 
50 10.590000 15968903926.500328 43824306210.979034 
51 10.600000 13740281851.464802 37008512184.836929 
52 10.610000 11852136348.147182 31339708409.554161 
53 10.620000 10248087356.986570 26610668544.727425 
54 10.630000 8881791902.469301 22654097841.309601 
55 10.640000 7715036132.978559 19334472100.450901 
56 10.650000 6716212394.248208 16541637158.701731 
57 10.660000 5859099255.559438 14185769697.057095 
58 10.670000 5121880812.749327 12193394971.489399 
59 10.680000 4486355672.427895 10504228361.670595 
60 10.690000 3937296838.838688 9068661496.907673 
61 10.700000 3461932068.616723 7845754583.514300 
62 10.710000 3049520720.137754 6801627691.702488 
63 10.720000 2691008147.000031 5908167576.071573 
64 10.730000 2378742604.210995 5141984893.592317 
65 10.740000 2106242704.450416 4483570782.540855 
66 10.750000 1868005873.210800 3916612675.454160 
67 10.760000 1659350152.933571 3427437690.993753 
68 10.770000 1476283210.326361 3004558551.406154 
69 10.780000 1315393594.686504 2638302134.367640 
70 10.790000 1173760245.300014 2320504817.747938 
71 10.800000 1048877004.766291 2044261963.169892 
72 10.810000 938589502.789899 1803721400.715026 
73 10.820000 841042263.071145 1593912770.012372 
74 10.830000 754634279.058379 1410606155.895885 
75 10.840000 677981621.838613 1250194717.802626 
76 10.850000 609885900.569798 1109597019.442293 
77 10.860000 549307604.624489 986175572.234500 
78 10.870000 495343526.547634 877668754.191396 
79 10.880000 447207603.597286 782133787.932827 
80 10.890000 404214629.063198 697898882.999048 
81 10.900000 365766377.557959 623522988.786417 
82 10.910000 331339764.903069 557761881.256318 
83 10.920000 300476726.183288 499539531.727209 
84 10.930000 272775547.506753 447923889.624057 
85 10.940000 247883429.996393 402106361.055860 
86 10.950000 225490100.175063 361384387.932228 
87 10.960000 205322310.510729 325146633.150854 
88 10.970000 187139098.529782 292860360.313080 
89 10.980000 170727693.458475 264060664.773916 
90 10.990000 155899976.526212 238341269.283033 
91 11.000000 142489415.442683 215346644.189889 
92 11.010000 130348405.620641 194765250.922967 
93 11.020000 119345960.849895 176323739.635368 
94 11.030000 109365704.658335 159781958.695867 
95 11.040000 100304120.788913 144928656.041811 
96 11.050000 92069027.297346 131577771.070791 
97 11.060000 84578243.915918 119565231.364492 
98 11.070000 77758426.685412 108746181.630045 
99 11.080000 71544047.555166 98992583.238239 
100 11.090000 65876499.795217 90191131.985696 
101 11.100000 60703312.741505 82241449.499870 
102 11.110000 55977461.678015 75054510.281082 
103 11.120000 51656760.609423 68551271.933556 
104 11.130000 47703327.345362 62661480.842276 
105 11.140000 44083111.745728 57322629.541442 
106 11.150000 40765479.201508 52479045.407242 
107 11.160000 37722842.477826 48081093.187761 
108 11.170000 34930335.950926 44084476.335459 
109 11.180000 32365527.050157 40449624.199109 
110 11.190000 30008160.388181 37141153.918178 
111 11.200000 27839930.642917 34127397.389894 
112 11.210000 25844280.756491 31379984.987036 
113 11.220000 24006222.450756 28873478.825787 
114 11.230000 22312176.435344 26585049.345598 
115 11.240000 20749830.010856 24494189.790559 
116 11.250000 19308010.053493 22582463.893948 
117 11.260000 17976569.614266 20833282.681404 
118 11.270000 16746286.580792 19231706.837705 
119 11.280000 15608773.037007 17764271.539564 
120 11.290000 14556394.119612 16418831.052464 
121 11.300000 13582195.312898 15184420.732078 
122 11.310000 12679837.248485 14051134.367732 
123 11.320000 11843537.185874 13010015.063037 
124 11.330000 11068016.445574 12052958.072647 
125 11.340000 10348453.150613 11172624.208766 
126 11.350000 9680439.706099 10362362.600550 
127 11.360000 9059944.511414 9616141.737203 
128 11.370000 8483277.456726 8928487.854498 
129 11.380000 7947058.805806 8294429.836959 
130 11.390000 7448191.111492 7709449.906348 
131 11.400000 6983833.849273 7169439.453203 
132 11.410000 6551380.489025 6670659.443572 
133 11.420000 6148437.755491 6209704.899217 
134 11.430000 5772806.855113 5783473.007610 
135 11.440000 5422466.470811 5389134.468983 
136 11.450000 5095557.347455 5024107.732541 
137 11.460000 4790368.309674 4686035.813366 
138 11.470000 4505323.570309 4372765.416300 
139 11.480000 4238971.202684 4082328.123703 
140 11.490000 3989972.663096 3812923.431024 
141 11.500000 3757093.261645 3562903.437965 
142 11.510000 3539193.490031 3330759.024134 
143 11.520000 3335221.124260 3115107.356738 
144 11.530000 3144204.028532 2914680.594364 
145 11.540000 2965243.594026 2728315.665565 
146 11.550000 2797508.752936 2554945.013935 
147 11.560000 2640230.514049 2393588.212860 
148 11.570000 2492696.971483 2243344.363394 
149 11.580000 2354248.742946 2103385.197776 
150 11.590000 2224274.798164 1972948.819201 
151 11.600000 2102208.641929 1851334.015667 
152 11.610000 1987524.819664 1737895.092122 
153 11.620000 1879735.716483 1632037.170863 
154 11.630000 1778388.623489 1533211.915229 
155 11.640000 1683063.047550 1440913.636197 
156 11.650000 1593368.243021 1354675.745563 
157 11.660000 1508940.945922 1274067.522996 
158 11.670000 1429443.292866 1198691.167560 
159 11.680000 1354560.908706 1128179.107155 
160 11.690000 1284001.148317 1062191.541991 
161 11.700000 1217491.479293 1000414.200507 
162 11.710000 1154777.993510 942556.288278 
163 11.720000 1095624.036629 888348.612308 
164 11.730000 1039808.945579 837541.864825 
165 11.740000 987126.884959 789905.052206 
166 11.750000 937385.774089 745224.056008 
167 11.760000 890406.297205 703300.314353 
168 11.770000 846020.989919 663949.612984 
169 11.780000 804073.395689 627000.976327 
170 11.790000 764417.286576 592295.649789 
171 11.800000 726915.943079 559686.165344 
172 11.810000 691441.488264 529035.483165 
173 11.820000 657874.271828 500216.202765 
174 11.830000 626102.300112 473109.837649 
175 11.840000 596020.708406 447606.148093 
176 11.850000 567531.272205 423602.527080 
177 11.860000 540541.954343 401003.434921 
178 11.870000 514966.485215 379719.878467 
179 11.880000 490723.973497 359668.931175 
180 11.890000 467738.545002 340773.290641 
181 11.900000 445939.007514 322960.870492 
182 11.910000 425258.539605 306164.423812 
183 11.920000 405634.401599 290321.195510 
184 11.930000 387007.667012 275372.601290 
185 11.940000 369322.972919 261263.931038 
186 11.950000 352528.287820 247944.074687 
187 11.960000 336574.695715 235365.268723 
188 11.970000 321416.195154 223482.861712 
189 11.980000 307009.512183 212255.097313 
190 11.990000 293313.926146 201642.913408 
191 12.000000 280291.107403 191609.756070 
192 12.010000 267904.966095 182121.407214 
193 12.020000 256121.511164 173145.824864 
194 12.030000 244908.718869 164652.995042 
195 12.040000 234236.410131 156614.794407 
196 12.050000 224076.136072 149004.862795 
197 12.060000 214401.071157 141798.484914 
198 12.070000 205185.913412 134972.480491 
199 12.080000 196406.791204 128505.102236 
200 12.090000 188041.176144 122375.941030 
201 12.100000 180067.801657 116565.837795 
202 12.110000 172466.586853 111056.801545 
203 12.120000 165218.565311 105831.933160 
204 12.130000 158305.818451 100875.354459 
205 12.140000 151711.413166 96172.142182 
206 12.150000 145419.343441 91708.266517 
207 12.160000 139414.475669 87470.533845 
208 12.170000 133682.497425 83446.533391 
209 12.180000 128209.869468 79624.587504 
210 12.190000 122983.780739 75993.705297 
211 12.200000 117992.106173 72543.539418 
212 12.210000 113223.367128 69264.345706 
213 12.220000 108666.694256 66146.945557 
214 12.230000 104311.792664 63182.690782 
215 12.240000 100148.909207 60363.430792 
216 12.250000 96168.801776 57681.481950 
217 12.260000 92362.710449 55129.598932 
218 12.270000 88722.330395 52700.947958 
219 12.280000 85239.786399 50389.081765 
220 12.290000 81907.608923 48187.916207 
221 12.300000 78718.711592 46091.708355 
222 12.310000 75666.370019 44095.036012 
223 12.320000 72744.201888 42192.778536 
224 12.330000 69946.148205 40380.098882 
225 12.340000 67266.455654 38652.426791 
226 12.350000 64699.659983 37005.443029 
227 12.360000 62240.570360 35435.064629 
228 12.370000 59884.254633 33937.431055 
229 12.380000 57626.025444 32508.891224 
230 12.390000 55461.427138 31145.991339 
231 12.400000 53386.223429 29845.463479 
232 12.410000 51396.385760 28604.214883 
233 12.420000 49488.082335 27419.317901 
234 12.430000 47657.667762 26288.000552 
235 12.440000 45901.673289 25207.637667 
236 12.450000 44216.797580 24175.742556 
237 12.460000 42599.898012 23189.959190 
238 12.470000 41047.982456 22248.054852 
239 12.480000 39558.201513 21347.913220 
240 12.490000 38127.841181 20487.527875 
241 12.500000 36754.315923 19664.996185 
242 12.510000 35435.162116 18878.513559 
243 12.520000 34168.031861 18126.368037 
244 12.530000 32950.687127 17406.935198 
245 12.540000 31780.994210 16718.673365 
246 12.550000 30656.918499 16060.119093 
247 12.560000 29576.519514 15429.882918 
248 12.570000 28537.946221 14826.645351 
249 12.580000 27539.432583 14249.153107 
250 12.590000 26579.293363 13696.215542 
251 12.600000 25655.920139 13166.701307 
252 12.610000 24767.777532 12659.535179 
253 12.620000 23913.399634 12173.695085 
254 12.630000 23091.386623 11708.209284 
255 12.640000 22300.401551 11262.153715 
256 12.650000 21539.167308 10834.649490 
257 12.660000 20806.463729 10424.860532 
258 12.670000 20101.124868 10031.991336 
259 12.680000 19422.036397 9655.284866 
260 12.690000 18768.133146 9294.020560 
261 12.700000 18138.396769 8947.512449 
262 12.710000 17531.853526 8615.107378 
263 12.720000 16947.572178 8296.183323 
264 12.730000 16384.661989 7990.147804 
265 12.740000 15842.270830 7696.436383 
266 12.750000 15319.583378 7414.511241 
267 12.760000 14815.819398 7143.859831 
268 12.770000 14330.232125 6883.993611 
269 12.780000 13862.106710 6634.446838 
270 12.790000 13410.758756 6394.775426 
271 12.800000 12975.532920 6164.555871 
272 12.810000 12555.801582 5943.384226 
273 12.820000 12150.963586 5730.875137 
274 12.830000 11760.443035 5526.660924 
275 12.840000 11383.688151 5330.390713 
276 12.850000 11020.170184 5141.729615 
277 12.860000 10669.382379 4960.357943 
278 12.870000 10330.838991 4785.970476 
279 12.880000 10004.074347 4618.275756 
280 12.890000 9688.641951 4456.995423 
281 12.900000 9384.113636 4301.863586 
282 12.910000 9090.078751 4152.626223 
283 12.920000 8806.143393 4009.040615 
284 12.930000 8531.929669 3870.874807 
285 12.940000 8267.074995 3737.907095 
286 12.950000 8011.231429 3609.925544 
287 12.960000 7764.065038 3486.727524 
288 12.970000 7525.255281 3368.119273 
289 12.980000 7294.494443 3253.915482 
290 12.990000 7071.487072 3143.938899 
291 13.000000 6855.949460 3038.019957 
292 13.010000 6647.609135 2935.996412 
293 13.020000 6446.204386 2837.713007 
294 13.030000 6251.483804 2743.021149 
295 13.040000 6063.205845 2651.778606 
296 13.050000 5881.138413 2563.849209 
297 13.060000 5705.058463 2479.102580 
298 13.070000 5534.751622 2397.413866 
299 13.080000 5370.011821 2318.663489 
300 13.090000 5210.640957 2242.736909 
301 13.100000 5056.448554 2169.524391 
302 13.110000 4907.251451 2098.920796 
303 13.120000 4762.873497 2030.825371 
304 13.130000 4623.145266 1965.141552 
305 13.140000 4487.903777 1901.776781 
306 13.150000 4356.992229 1840.642326 
307 13.160000 4230.259756 1781.653109 
308 13.170000 4107.561175 1724.727550 
309 13.180000 3988.756766 1669.787410 
310 13.190000 3873.712041 1616.757643 
311 13.200000 3762.297540 1565.566261 
312 13.210000 3654.388626 1516.144196 
313 13.220000 3549.865294 1468.425174 
314 13.230000 3448.611979 1422.345596 
315 13.240000 3350.517388 1377.844420 
316 13.250000 3255.474325 1334.863054 
317 13.260000 3163.379529 1293.345246 
318 13.270000 3074.133520 1253.236988 
319 13.280000 2987.640447 1214.486418 
320 13.290000 2903.807951 1177.043729 
321 13.300000 2822.547023 1140.861083 
322 13.310000 2743.771875 1105.892526 
323 13.320000 2667.399815 1072.093908 
324 13.330000 2593.351126 1039.422810 
325 13.340000 2521.548952 1007.838468 
326 13.350000 2451.919186 977.301706 
327 13.360000 2384.390366 947.774870 
328 13.370000 2318.893570 919.221762 
329 13.380000 2255.362323 891.607583 
330 13.390000 2193.732502 864.898872 
331 13.400000 2133.942246 839.063453 
332 13.410000 2075.931869 814.070382 
333 13.420000 2019.643781 789.889895 
334 13.430000 1965.022405 766.493362 
335 13.440000 1912.014104 743.853239 
336 13.450000 1860.567109 721.943023 
337 13.460000 1810.631444 700.737212 
338 13.470000 1762.158864 680.211265 
339 13.480000 1715.102791 660.341561 
340 13.490000 1669.418246 641.105362 
341 13.500000 1625.061799 622.480779 
342 13.510000 1581.991502 604.446739 
343 13.520000 1540.166841 586.982949 
344 13.530000 1499.548683 570.069868 
345 13.540000 1460.099221 553.688677 
346 13.550000 1421.781932 537.821248 
347 13.560000 1384.561523 522.450120 
348 13.570000 1348.403892 507.558470 
349 13.580000 1313.276083 493.130091 
350 13.590000 1279.146244 479.149363 
351 13.600000 1245.983587 465.601236 
352 13.610000 1213.758352 452.471204 
353 13.620000 1182.441768 439.745285 
354 13.630000 1152.006016 427.409999 
355 13.640000 1122.424201 415.452354 
356 13.650000 1093.670312 403.859821 
357 13.660000 1065.719196 392.620317 
358 13.670000 1038.546525 381.722193 
359 13.680000 1012.128768 371.154213 
360 13.690000 986.443161 360.905539 
361 13.700000 961.467683 350.965715 
362 13.710000 937.181028 341.324656 
363 13.720000 913.562581 331.972630 
364 13.730000 890.592392 322.900248 
365 13.740000 868.251157 314.098447 
366 13.750000 846.520189 305.558484 
367 13.760000 825.381404 297.271917 
368 13.770000 804.817296 289.230598 
369 13.780000 784.810917 281.426663 
370 13.790000 765.345859 273.852517 
371 13.800000 746.406237 266.500828 
372 13.810000 727.976666 259.364517 
373 13.820000 710.042250 252.436745 
374 13.830000 692.588563 245.710909 
375 13.840000 675.601631 239.180631 
376 13.850000 659.067920 232.839749 
377 13.860000 642.974318 226.682311 
378 13.870000 627.308125 220.702566 
379 13.880000 612.057035 214.894958 
380 13.890000 597.209124 209.254116 
381 13.900000 582.752840 203.774852 
382 13.910000 568.676986 198.452151 
383 13.920000 554.970711 193.281165 
384 13.930000 541.623498 188.257207 
385 13.940000 528.625155 183.375749 
386 13.950000 515.965800 178.632411 
387 13.960000 503.635853 174.022957 
388 13.970000 491.626028 169.543292 
389 13.980000 479.927320 165.189458 
390 13.990000 468.530998 160.957624 
391 14.000000 457.428594 156.844086 
392 14.010000 446.611898 152.845260 
393 14.020000 436.072946 148.957680 
394 14.030000 425.804014 145.177994 
395 14.040000 415.797610 141.502955 
396 14.050000 406.046466 137.929426 
397 14.060000 396.543530 134.454367 
398 14.070000 387.281962 131.074839 
399 14.080000 378.255124 127.787996 
400 14.090000 369.456576 124.591084 
401 14.100000 360.880067 121.481436 
402 14.110000 352.519533 118.456472 
403 14.120000 344.369085 115.513693 
404 14.130000 336.423011 112.650680 
405 14.140000 328.675765 109.865090 
406 14.150000 321.121961 107.154653 
407 14.160000 313.756375 104.517175 
408 14.170000 306.573930 101.950525 
409 14.180000 299.569701 99.452645 
410 14.190000 292.738904 97.021536 
411 14.200000 286.076892 94.655266 
412 14.210000 279.579154 92.351960 
413 14.220000 273.241310 90.109804 
414 14.230000 267.059103 87.927038 
415 14.240000 261.028400 85.801958 
416 14.250000 255.145186 83.732912 
417 14.260000 249.405561 81.718299 
418 14.270000 243.805735 79.756569 
419 14.280000 238.342027 77.846215 
420 14.290000 233.010860 75.985782 
421 14.300000 227.808759 74.173856 
422 14.310000 222.732345 72.409065 
423 14.320000 217.778337 70.690083 
424 14.330000 212.943545 69.015620 
425 14.340000 208.224868 67.384427 
426 14.350000 203.619293 65.795293 
427 14.360000 199.123891 64.247043 
428 14.370000 194.735814 62.738538 
429 14.380000 190.452294 61.268672 
430 14.390000 186.270640 59.836372 
431 14.400000 182.188234 58.440599 
432 14.410000 178.202534 57.080343 
433 14.420000 174.311064 55.754626 
434 14.430000 170.511419 54.462497 
435 14.440000 166.801258 53.203033 
436 14.450000 163.178308 51.975342 
437 14.460000 159.640353 50.778553 
438 14.470000 156.185242 49.611825 
439 14.480000 152.810880 48.474340 
440 14.490000 149.515231 47.365302 
441 14.500000 146.296312 46.283943 
442 14.510000 143.152196 45.229513 
443 14.520000 140.081006 44.201285 
444 14.530000 137.080918 43.198555 
445 14.540000 134.150154 42.220637 
446 14.550000 131.286988 41.266867 
447 14.560000 128.489737 40.336598 
448 14.570000 125.756764 39.429202 
449 14.580000 123.086476 38.544072 
450 14.590000 120.477322 37.680614 
451 14.600000 117.927793 36.838255 
452 14.610000 115.436419 36.016435 
453 14.620000 113.001771 35.214611 
454 14.630000 110.622455 34.432258 
455 14.640000 108.297115 33.668863 
456 14.650000 106.024433 32.923927 
457 14.660000 103.803122 32.196968 
458 14.670000 101.631931 31.487516 
459 14.680000 99.509642 30.795113 
460 14.690000 97.435067 30.119317 
461 14.700000 95.407050 29.459695 
462 14.710000 93.424466 28.815828 
463 14.720000 91.486218 28.187309 
464 14.730000 89.591239 27.573742 
465 14.740000 87.738487 26.974740 
466 14.750000 85.926949 26.389930 
467 14.760000 84.155638 25.818947 
468 14.770000 82.423592 25.261437 
469 14.780000 80.729874 24.717056 
470 14.790000 79.073570 24.185468 
471 14.800000 77.453791 23.666349 
472 14.810000 75.869670 23.159382 
473 14.820000 74.320362 22.664257 
474 14.830000 72.805043 22.180676 
475 14.840000 71.322912 21.708347 
476 14.850000 69.873185 21.246987 
477 14.860000 68.455100 20.796319 
478 14.870000 67.067916 20.356076 
479 14.880000 65.710906 19.925995 
480 14.890000 64.383366 19.505824 
481 14.900000 63.084606 19.095314 
482 14.910000 61.813957 18.694224 
483 14.920000 60.570763 18.302322 
484 14.930000 59.354386 17.919379 
485 14.940000 58.164206 17.545172 
486 14.950000 56.999614 17.179487 
487 14.960000 55.860021 16.822112 
488 14.970000 54.744848 16.472845 
489 14.980000 53.653534 16.131484 
490 14.990000 52.585530 15.797836 
491 15.000000 51.540302 15.471713 
492 15.010000 50.517326 15.152931 
493 15.020000 49.516095 14.841311 
494 15.030000 48.536112 14.536678 
495 15.040000 47.576893 14.238863 
496 15.050000 46.637964 13.947701 
497 15.060000 45.718866 13.663030 
498 15.070000 44.819148 13.384695 
499 15.080000 43.938371 13.112541 
500 15.090000 43.076108 12.846421 
501 15.100000 42.231941 12.586189 
502 15.110000 41.405462 12.331705 
503 15.120000 40.596274 12.082831 
504 15.130000 39.803988 11.839433 
505 15.140000 39.028225 11.601381 
506 15.150000 38.268617 11.368547 
507 15.160000 37.524801 11.140807 
508 15.170000 36.796426 10.918042 
509 15.180000 36.083147 10.700132 
510 15.190000 35.384631 10.486964 
511 15.200000 34.700548 10.278426 
512 15.210000 34.030579 10.074409 
513 15.220000 33.374411 9.874806 
514 15.230000 32.731741 9.679515 
515 15.240000 32.102271 9.488434 
516 15.250000 31.485709 9.301466 
517 15.260000 30.881773 9.118514 
518 15.270000 30.290185 8.939484 
519 15.280000 29.710674 8.764287 
520 15.290000 29.142978 8.592832 
521 15.300000 28.586837 8.425034 
522 15.310000 28.042000 8.260808 
523 15.320000 27.508220 8.100071 
524 15.330000 26.985258 7.942744 
525 15.340000 26.472879 7.788747 
526 15.350000 25.970853 7.638006 
527 15.360000 25.478957 7.490444 
528 15.370000 24.996972 7.345990 
529 15.380000 24.524683 7.204572 
530 15.390000 24.061883 7.066122 
531 15.400000 23.608368 6.930573 
532 15.410000 23.163938 6.797857 
533 15.420000 22.728398 6.667912 
534 15.430000 22.301559 6.540674 
535 15.440000 21.883234 6.416082 
536 15.450000 21.473241 6.294077 
537 15.460000 21.071405 6.174601 
538 15.470000 20.677550 6.057597 
539 15.480000 20.291508 5.943010 
540 15.490000 19.913113 5.830785 
541 15.500000 19.542202 5.720869 
542 15.510000 19.178619 5.613212 
543 15.520000 18.822208 5.507763 
544 15.530000 18.472818 5.404473 
545 15.540000 18.130301 5.303295 
546 15.550000 17.794513 5.204180 
547 15.560000 17.465313 5.107085 
548 15.570000 17.142563 5.011964 
549 15.580000 16.826128 4.918773 
550 15.590000 16.515876 4.827471 
551 15.600000 16.211678 4.738016 
552 15.610000 15.913408 4.650367 
553 15.620000 15.620943 4.564486 
554 15.630000 15.334163 4.480333 
555 15.640000 15.052948 4.397870 
556 15.650000 14.777185 4.317062 
557 15.660000 14.506761 4.237872 
558 15.670000 14.241565 4.160265 
559 15.680000 13.981489 4.084206 
560 15.690000 13.726428 4.009663 
561 15.700000 13.476280 3.936602 
562 15.710000 13.230943 3.864992 
563 15.720000 12.990319 3.794802 
564 15.730000 12.754311 3.726000 
565 15.740000 12.522824 3.658558 
566 15.750000 12.295768 3.592446 
567 15.760000 12.073051 3.527636 
568 15.770000 11.854584 3.464100 
569 15.780000 11.640283 3.401811 
570 15.790000 11.430062 3.340742 
571 15.800000 11.223838 3.280868 
572 15.810000 11.021531 3.222163 
573 15.820000 10.823061 3.164602 
574 15.830000 10.628351 3.108162 
575 15.840000 10.437326 3.052819 
576 15.850000 10.249910 2.998549 
577 15.860000 10.066032 2.945331 
578 15.870000 9.885621 2.893141 
579 15.880000 9.708607 2.841960 
580 15.890000 9.534922 2.791764 
581 15.900000 9.364499 2.742535 
582 15.910000 9.197274 2.694251 
583 15.920000 9.033183 2.646894 
584 15.930000 8.872162 2.600443 
585 15.940000 8.714152 2.554881 
586 15.950000 8.559093 2.510188 
587 15.960000 8.406926 2.466347 
588 15.970000 8.257593 2.423340 
589 15.980000 8.111039 2.381150 
590 15.990000 7.967209 2.339761 
591 16.000000 7.826048 2.299155 
592 16.010000 7.687506 2.259317 
593 16.020000 7.551529 2.220231 
594 16.030000 7.418068 2.181881 
595 16.040000 7.287073 2.144253 
596 16.050000 7.158496 2.107332 
597 16.060000 7.032290 2.071104 
598 16.070000 6.908408 2.035554 
599 16.080000 6.786805 2.000668 
600 16.090000 6.667436 1.966434 
601 16.100000 6.550259 1.932838 
602 16.110000 6.435229 1.899868 
603 16.120000 6.322307 1.867510 
604 16.130000 6.211450 1.835752 
605 16.140000 6.102619 1.804582 
606 16.150000 5.995775 1.773989 
607 16.160000 5.890879 1.743961 
608 16.170000 5.787894 1.714487 
609 16.180000 5.686782 1.685555 
610 16.190000 5.587508 1.657155 
611 16.200000 5.490037 1.629276 
612 16.210000 5.394333 1.601908 
613 16.220000 5.300364 1.575040 
614 16.230000 5.208095 1.548664 
615 16.240000 5.117494 1.522768 
616 16.250000 5.028530 1.497345 
617 16.260000 4.941171 1.472383 
618 16.270000 4.855386 1.447875 
619 16.280000 4.771146 1.423811 
620 16.290000 4.688421 1.400182 
621 16.300000 4.607183 1.376981 
622 16.310000 4.527402 1.354198 
623 16.320000 4.449053 1.331826 
624 16.330000 4.372106 1.309856 
625 16.340000 4.296537 1.288281 
626 16.350000 4.222319 1.267093 
627 16.360000 4.149426 1.246285 
628 16.370000 4.077834 1.225849 
629 16.380000 4.007518 1.205777 
630 16.390000 3.938454 1.186064 
631 16.400000 3.870619 1.166701 
632 16.410000 3.803990 1.147683 
633 16.420000 3.738543 1.129002 
634 16.430000 3.674258 1.110653 
635 16.440000 3.611111 1.092628 
636 16.450000 3.549083 1.074921 
637 16.460000 3.488152 1.057528 
638 16.470000 3.428297 1.040440 
639 16.480000 3.369500 1.023654 
640 16.490000 3.311739 1.007162 
641 16.500000 3.254996 0.990959 
642 16.510000 3.199252 0.975041 
643 16.520000 3.144489 0.959400 
644 16.530000 3.090688 0.944033 
645 16.540000 3.037832 0.928934 
646 16.550000 2.985903 0.914098 
647 16.560000 2.934884 0.899520 
648 16.570000 2.884758 0.885195 
649 16.580000 2.835510 0.871118 
650 16.590000 2.787122 0.857285 
651 16.600000 2.739579 0.843691 
652 16.610000 2.692866 0.830332 
653 16.620000 2.646967 0.817204 
654 16.630000 2.601867 0.804301 
655 16.640000 2.557553 0.791620 
656 16.650000 2.514009 0.779157 
657 16.660000 2.471221 0.766907 
658 16.670000 2.429177 0.754867 
659 16.680000 2.387861 0.743033 
660 16.690000 2.347262 0.731400 
661 16.700000 2.307365 0.719966 
662 16.710000 2.268159 0.708727 
663 16.720000 2.229631 0.697679 
664 16.730000 2.191768 0.686818 
665 16.740000 2.154559 0.676141 
666 16.750000 2.117991 0.665645 
667 16.760000 2.082053 0.655326 
668 16.770000 2.046734 0.645181 
669 16.780000 2.012023 0.635207 
670 16.790000 1.977909 0.625402 
671 16.800000 1.944380 0.615760 
672 16.810000 1.911427 0.606281 
673 16.820000 1.879039 0.596961 
674 16.830000 1.847206 0.587796 
675 16.840000 1.815918 0.578785 
676 16.850000 1.785166 0.569924 
677 16.860000 1.754940 0.561210 
678 16.870000 1.725230 0.552642 
679 16.880000 1.696027 0.544216 
680 16.890000 1.667322 0.535930 
681 16.900000 1.639107 0.527781 
682 16.910000 1.611372 0.519767 
683 16.920000 1.584110 0.511886 
684 16.930000 1.557311 0.504134 
685 16.940000 1.530968 0.496510 
686 16.950000 1.505073 0.489012 
687 16.960000 1.479617 0.481637 
688 16.970000 1.454593 0.474383 
689 16.980000 1.429993 0.467248 
690 16.990000 1.405810 0.460230 
691 17.000000 1.382036 0.453327 
692 17.010000 1.358664 0.446536 
693 17.020000 1.335688 0.439856 
694 17.030000 1.313100 0.433284 
695 17.040000 1.290893 0.426820 
696 17.050000 1.269061 0.420460 
697 17.060000 1.247597 0.414204 
698 17.070000 1.226495 0.408049 
699 17.080000 1.205748 0.401993 
700 17.090000 1.185351 0.396035 
701 17.100000 1.165296 0.390174 
702 17.110000 1.145579 0.384406 
703 17.120000 1.126193 0.378732 
704 17.130000 1.107132 0.373148 
705 17.140000 1.088391 0.367655 
706 17.150000 1.069965 0.362249 
707 17.160000 1.051847 0.356929 
708 17.170000 1.034033 0.351695 
709 17.180000 1.016517 0.346544 
710 17.190000 0.999294 0.341475 
711 17.200000 0.982359 0.336487 
712 17.210000 0.965708 0.331579 
713 17.220000 0.949334 0.326748 
714 17.230000 0.933233 0.321993 
715 17.240000 0.917402 0.317314 
716 17.250000 0.901834 0.312709 
717 17.260000 0.886526 0.308177 
718 17.270000 0.871473 0.303716 
719 17.280000 0.856670 0.299326 
720 17.290000 0.842114 0.295004 
721 17.300000 0.827800 0.290750 
722 17.310000 0.813724 0.286563 
723 17.320000 0.799881 0.282442 
724 17.330000 0.786269 0.278385 
725 17.340000 0.772883 0.274392 
726 17.350000 0.759719 0.270460 
727 17.360000 0.746773 0.266591 
728 17.370000 0.734042 0.262781 
729 17.380000 0.721521 0.259030 
730 17.390000 0.709208 0.255338 
731 17.400000 0.697099 0.251703 
732 17.410000 0.685191 0.248125 
733 17.420000 0.673479 0.244601 
734 17.430000 0.661961 0.241132 
735 17.440000 0.650633 0.237717 
736 17.450000 0.639493 0.234354 
737 17.460000 0.628536 0.231043 
738 17.470000 0.617761 0.227783 
739 17.480000 0.607163 0.224573 
740 17.490000 0.596740 0.221412 
741 17.500000 0.586489 0.218300 
742 17.510000 0.576406 0.215235 
743 17.520000 0.566490 0.212217 
744 17.530000 0.556738 0.209245 
745 17.540000 0.547146 0.206318 
746 17.550000 0.537711 0.203435 
747 17.560000 0.528432 0.200597 
748 17.570000 0.519306 0.197802 
749 17.580000 0.510330 0.195049 
750 17.590000 0.501501 0.192337 
751 17.600000 0.492817 0.189667 
752 17.610000 0.484276 0.187037 
753 17.620000 0.475875 0.184446 
754 17.630000 0.467613 0.181895 
755 17.640000 0.459486 0.179382 
756 17.650000 0.451492 0.176907 
757 17.660000 0.443629 0.174469 
758 17.670000 0.435895 0.172067 
759 17.680000 0.428289 0.169701 
760 17.690000 0.420807 0.167371 
761 17.700000 0.413447 0.165076 
762 17.710000 0.406208 0.162815 
763 17.720000 0.399088 0.160587 
764 17.730000 0.392084 0.158393 
765 17.740000 0.385195 0.156231 
766 17.750000 0.378419 0.154101 
767 17.760000 0.371754 0.152003 
768 17.770000 0.365198 0.149936 
769 17.780000 0.358749 0.147899 
770 17.790000 0.352406 0.145893 
771 17.800000 0.346166 0.143916 
772 17.810000 0.340029 0.141969 
773 17.820000 0.333992 0.140049 
774 17.830000 0.328053 0.138159 
775 17.840000 0.322212 0.136296 
776 17.850000 0.316466 0.134460 
777 17.860000 0.310814 0.132651 
778 17.870000 0.305255 0.130868 
779 17.880000 0.299786 0.129112 
780 17.890000 0.294407 0.127381 
781 17.900000 0.289116 0.125676 
782 17.910000 0.283911 0.123995 
783 17.920000 0.278791 0.122339 
784 17.930000 0.273755 0.120707 
785 17.940000 0.268802 0.119098 
786 17.950000 0.263929 0.117513 
787 17.960000 0.259136 0.115950 
788 17.970000 0.254421 0.114411 
789 17.980000 0.249783 0.112893 
790 17.990000 0.245221 0.111398 
791 18.000000 0.240733 0.109924 
792 18.010000 0.236319 0.108471 
793 18.020000 0.231977 0.107039 
794 18.030000 0.227706 0.105627 
795 18.040000 0.223505 0.104236 
796 18.050000 0.219372 0.102865 
797 18.060000 0.215307 0.101513 
798 18.070000 0.211308 0.100181 
799 18.080000 0.207375 0.098867 
800 18.090000 0.203506 0.097573 
801 18.100000 0.199701 0.096296 
802 18.110000 0.195957 0.095038 
803 18.120000 0.192275 0.093798 
804 18.130000 0.188653 0.092575 
805 18.140000 0.185091 0.091370 
806 18.150000 0.181586 0.090182 
807 18.160000 0.178139 0.089010 
808 18.170000 0.174749 0.087855 
809 18.180000 0.171414 0.086717 
810 18.190000 0.168133 0.085594 
811 18.200000 0.164907 0.084487 
812 18.210000 0.161733 0.083396 
813 18.220000 0.158611 0.082320 
814 18.230000 0.155541 0.081259 
815 18.240000 0.152521 0.080213 
816 18.250000 0.149550 0.079182 
817 18.260000 0.146628 0.078165 
818 18.270000 0.143754 0.077162 
819 18.280000 0.140928 0.076173 
820 18.290000 0.138147 0.075198 
821 18.300000 0.135413 0.074237 
822 18.310000 0.132723 0.073289 
823 18.320000 0.130078 0.072354 
824 18.330000 0.127476 0.071432 
825 18.340000 0.124917 0.070523 
826 18.350000 0.122400 0.069626 
827 18.360000 0.119924 0.068742 
828 18.370000 0.117490 0.067870 
829 18.380000 0.115095 0.067010 
830 18.390000 0.112740 0.066162 
831 18.400000 0.110424 0.065325 
832 18.410000 0.108146 0.064500 
833 18.420000 0.105906 0.063686 
834 18.430000 0.103702 0.062884 
835 18.440000 0.101536 0.062092 
836 18.450000 0.099405 0.061312 
837 18.460000 0.097309 0.060542 
838 18.470000 0.095248 0.059782 
839 18.480000 0.093221 0.059033 
840 18.490000 0.091228 0.058294 
841 18.500000 0.089268 0.057565 
842 18.510000 0.087340 0.056846 
843 18.520000 0.085445 0.056136 
844 18.530000 0.083581 0.055437 
845 18.540000 0.081748 0.054747 
846 18.550000 0.079945 0.054066 
847 18.560000 0.078173 0.053394 
848 18.570000 0.076430 0.052731 
849 18.580000 0.074716 0.052078 
850 18.590000 0.073031 0.051433 
851 18.600000 0.071374 0.050797 
852 18.610000 0.069744 0.050169 
853 18.620000 0.068142 0.049550 
854 18.630000 0.066567 0.048939 
855 18.640000 0.065018 0.048336 
856 18.650000 0.063496 0.047741 
857 18.660000 0.061998 0.047155 
858 18.670000 0.060526 0.046576 
859 18.680000 0.059079 0.046005 
860 18.690000 0.057656 0.045441 
861 18.700000 0.056257 0.044885 
862 18.710000 0.054882 0.044336 
863 18.720000 0.053530 0.043795 
864 18.730000 0.052201 0.043261 
865 18.740000 0.050894 0.042733 
866 18.750000 0.049610 0.042213 
867 18.760000 0.048347 0.041700 
868 18.770000 0.047106 0.041193 
869 18.780000 0.045886 0.040694 
870 18.790000 0.044686 0.040200 
871 18.800000 0.043507 0.039714 
872 18.810000 0.042348 0.039233 
873 18.820000 0.041209 0.038759 
874 18.830000 0.040090 0.038291 
875 18.840000 0.038989 0.037830 
876 18.850000 0.037908 0.037374 
877 18.860000 0.036845 0.036924 
878 18.870000 0.035800 0.036481 
879 18.880000 0.034774 0.036043 
880 18.890000 0.033765 0.035610 
881 18.900000 0.032773 0.035184 
882 18.910000 0.031799 0.034762 
883 18.920000 0.030841 0.034347 
884 18.930000 0.029900 0.033937 
885 18.940000 0.028976 0.033532 
886 18.950000 0.028067 0.033132 
887 18.960000 0.027175 0.032737 
888 18.970000 0.026298 0.032348 
889 18.980000 0.025436 0.031964 
890 18.990000 0.024589 0.031584 
891 19.000000 0.023757 0.031210 
892 19.010000 0.022940 0.030840 
893 19.020000 0.022137 0.030475 
894 19.030000 0.021349 0.030115 
895 19.040000 0.020574 0.029759 
896 19.050000 0.019813 0.029408 
897 19.060000 0.019065 0.029061 
898 19.070000 0.018331 0.028719 
899 19.080000 0.017610 0.028381 
900 19.090000 0.016902 0.028048 
901 19.100000 0.016206 0.027719 
902 19.110000 0.015523 0.027394 
903 19.120000 0.014852 0.027073 
904 19.130000 0.014193 0.026756 
905 19.140000 0.013546 0.026443 
906 19.150000 0.012910 0.026134 
907 19.160000 0.012286 0.025829 
908 19.170000 0.011674 0.025528 
909 19.180000 0.011072 0.025231 
910 19.190000 0.010482 0.024938 
911 19.200000 0.009902 0.024648 
912 19.210000 0.009333 0.024362 
913 19.220000 0.008774 0.024079 
914 19.230000 0.008226 0.023800 
915 19.240000 0.007688 0.023525 
916 19.250000 0.007159 0.023253 
917 19.260000 0.006641 0.022984 
918 19.270000 0.006132 0.022719 
919 19.280000 0.005632 0.022457 
920 19.290000 0.005142 0.022199 
921 19.300000 0.004661 0.021943 
922 19.310000 0.004189 0.021691 
923 19.320000 0.003726 0.021442 
924 19.330000 0.003272 0.021196 
925 19.340000 0.002826 0.020953 
926 19.350000 0.002389 0.020713 
927 19.360000 0.001960 0.020477 
928 19.370000 0.001540 0.020243 
929 19.380000 0.001127 0.020012 
930 19.390000 0.000722 0.019783 
931 19.400000 0.000325 0.019558 
932 19.410000 -0.000064 0.019335 
933 19.420000 -0.000445 0.019116 
934 19.430000 -0.000819 0.018899 
935 19.440000 -0.001186 0.018684 
936 19.450000 -0.001546 0.018472 
937 19.460000 -0.001898 0.018263 
938 19.470000 -0.002244 0.018056 
939 19.480000 -0.002583 0.017852 
940 19.490000 -0.002915 0.017651 
941 19.500000 -0.003240 0.017452 
942 19.510000 -0.003559 0.017255 
943 19.520000 -0.003871 0.017061 
944 19.530000 -0.004177 0.016869 
945 19.540000 -0.004477 0.016679 
946 19.550000 -0.004770 0.016492 
947 19.560000 -0.005058 0.016307 
948 19.570000 -0.005340 0.016124 
949 19.580000 -0.005616 0.015944 
950 19.590000 -0.005886 0.015766 
951 19.600000 -0.006150 0.015589 
952 19.610000 -0.006409 0.015415 
953 19.620000 -0.006663 0.015244 
954 19.630000 -0.006911 0.015074 
955 19.640000 -0.007153 0.014906 
956 19.650000 -0.007391 0.014740 
957 19.660000 -0.007623 0.014576 
958 19.670000 -0.007851 0.014415 
959 19.680000 -0.008073 0.014255 
960 19.690000 -0.008291 0.014097 
961 19.700000 -0.008504 0.013941 
962 19.710000 -0.008712 0.013787 
963 19.720000 -0.008915 0.013635 
964 19.730000 -0.009114 0.013484 
965 19.740000 -0.009309 0.013335 
966 19.750000 -0.009499 0.013189 
967 19.760000 -0.009684 0.013043 
968 19.770000 -0.009866 0.012900 
969 19.780000 -0.010043 0.012758 
970 19.790000 -0.010216 0.012618 
971 19.800000 -0.010385 0.012480 
972 19.810000 -0.010550 0.012343 
973 19.820000 -0.010711 0.012208 
974 19.830000 -0.010868 0.012075 
975 19.840000 -0.011022 0.011943 
976 19.850000 -0.011171 0.011813 
977 19.860000 -0.011317 0.011684 
978 19.870000 -0.011460 0.011557 
979 19.880000 -0.011599 0.011431 
980 19.890000 -0.011734 0.011307 
981 19.900000 -0.011866 0.011184 
982 19.910000 -0.011994 0.011063 
983 19.920000 -0.012119 0.010943 
984 19.930000 -0.012241 0.010824 
985 19.940000 -0.012360 0.010707 
986 19.950000 -0.012476 0.010591 
987 19.960000 -0.012588 0.010477 
988 19.970000 -0.012698 0.010364 
989 19.980000 -0.012804 0.010252 
990 19.990000 -0.012907 0.010142 
991 20.000000 -0.013008 0.010032 
992 20.010000 -0.013106 0.009925 
993 20.020000 -0.013201 0.009818 
994 20.030000 -0.013293 0.009713 
995 20.040000 -0.013382 0.009609 
996 20.050000 -0.013469 0.009506 
997 20.060000 -0.013553 0.009404 
998 20.070000 -0.013635 0.009303 
999 20.080000 -0.013714 0.009204 
1000 20.090000 -0.013790 0.009106 
1001 20.100000 -0.013864 0.009009 
1002 20.110000 -0.013936 0.008913 
1003 20.120000 -0.014006 0.008818 
1004 20.130000 -0.014073 0.008724 
1005 20.140000 -0.014137 0.008631 
1006 20.150000 -0.014200 0.008540 
1007 20.160000 -0.014260 0.008449 
1008 20.170000 -0.014318 0.008360 
1009 20.180000 -0.014374 0.008271 
1010 20.190000 -0.014428 0.008184 
1011 20.200000 -0.014480 0.008097 
1012 20.210000 -0.014530 0.008012 
1013 20.220000 -0.014578 0.007927 
1014 20.230000 -0.014624 0.007844 
1015 20.240000 -0.014668 0.007761 
1016 20.250000 -0.014710 0.007679 
1017 20.260000 -0.014750 0.007599 
1018 20.270000 -0.014789 0.007519 
1019 20.280000 -0.014826 0.007440 
1020 20.290000 -0.014861 0.007362 
1021 20.300000 -0.014894 0.007285 
1022 20.310000 -0.014926 0.007209 
1023 20.320000 -0.014955 0.007133 
1024 20.330000 -0.014984 0.007059 
1025 20.340000 -0.015010 0.006985 
1026 20.350000 -0.015036 0.006912 
1027 20.360000 -0.015059 0.006840 
1028 20.370000 -0.015081 0.006769 
1029 20.380000 -0.015102 0.006699 
1030 20.390000 -0.015121 0.006629 
1031 20.400000 -0.015139 0.006560 
1032 20.410000 -0.015155 0.006492 
1033 20.420000 -0.015170 0.006425 
1034 20.430000 -0.015184 0.006358 
1035 20.440000 -0.015196 0.006292 
1036 20.450000 -0.015207 0.006227 
1037 20.460000 -0.015217 0.006163 
1038 20.470000 -0.015225 0.006100 
1039 20.480000 -0.015232 0.006037 
1040 20.490000 -0.015238 0.005974 
1041 20.500000 -0.015243 0.005913 
1042 20.510000 -0.015247 0.005852 
1043 20.520000 -0.015249 0.005792 
1044 20.530000 -0.015250 0.005733 
1045 20.540000 -0.015251 0.005674 
1046 20.550000 -0.015250 0.005616 
1047 20.560000 -0.015248 0.005558 
1048 20.570000 -0.015245 0.005501 
1049 20.580000 -0.015241 0.005445 
1050 20.590000 -0.015236 0.005389 
1051 20.600000 -0.015230 0.005334 
1052 20.610000 -0.015224 0.005280 
1053 20.620000 -0.015216 0.005226 
1054 20.630000 -0.015207 0.005173 
1055 20.640000 -0.015198 0.005121 
1056 20.650000 -0.015187 0.005069 
1057 20.660000 -0.015176 0.005017 
1058 20.670000 -0.015164 0.004966 
1059 20.680000 -0.015151 0.004916 
1060 20.690000 -0.015137 0.004866 
1061 20.700000 -0.015122 0.004817 
1062 20.710000 -0.015107 0.004768 
1063 20.720000 -0.015090 0.004720 
1064 20.730000 -0.015074 0.004672 
1065 20.740000 -0.015056 0.004625 
1066 20.750000 -0.015037 0.004579 
1067 20.760000 -0.015018 0.004533 
1068 20.770000 -0.014999 0.004487 
1069 20.780000 -0.014978 0.004442 
1070 20.790000 -0.014957 0.004397 
1071 20.800000 -0.014935 0.004353 
1072 20.810000 -0.014913 0.004310 
1073 20.820000 -0.014890 0.004266 
1074 20.830000 -0.014866 0.004224 
1075 20.840000 -0.014842 0.004181 
1076 20.850000 -0.014817 0.004140 
1077 20.860000 -0.014792 0.004098 
1078 20.870000 -0.014766 0.004058 
1079 20.880000 -0.014740 0.004017 
1080 20.890000 -0.014713 0.003977 
1081 20.900000 -0.014685 0.003938 
1082 20.910000 -0.014657 0.003898 
1083 20.920000 -0.014629 0.003860 
1084 20.930000 -0.014600 0.003821 
1085 20.940000 -0.014570 0.003783 
1086 20.950000 -0.014540 0.003746 
1087 20.960000 -0.014510 0.003709 
1088 20.970000 -0.014479 0.003672 
1089 20.980000 -0.014448 0.003636 
1090 20.990000 -0.014416 0.003600 
1091 21.000000 -0.014384 0.003565 
1092 21.010000 -0.014352 0.003529 
1093 21.020000 -0.014319 0.003495 
1094 21.030000 -0.014286 0.003460 
1095 21.040000 -0.014252 0.003426 
1096 21.050000 -0.014218 0.003393 
1097 21.060000 -0.014184 0.003359 
1098 21.070000 -0.014149 0.003326 
1099 21.080000 -0.014115 0.003294 
1100 21.090000 -0.014079 0.003261 
1101 21.100000 -0.014044 0.003230 
1102 21.110000 -0.014008 0.003198 
1103 21.120000 -0.013972 0.003167 
1104 21.130000 -0.013935 0.003136 
1105 21.140000 -0.013898 0.003105 
1106 21.150000 -0.013861 0.003075 
1107 21.160000 -0.013824 0.003045 
1108 21.170000 -0.013787 0.003015 
1109 21.180000 -0.013749 0.002986 
1110 21.190000 -0.013711 0.002957 
1111 21.200000 -0.013672 0.002928 
1112 21.210000 -0.013634 0.002900 
1113 21.220000 -0.013595 0.002872 
1114 21.230000 -0.013556 0.002844 
1115 21.240000 -0.013517 0.002817 
1116 21.250000 -0.013478 0.002789 
1117 21.260000 -0.013438 0.002762 
1118 21.270000 -0.013399 0.002736 
1119 21.280000 -0.013359 0.002709 
1120 21.290000 -0.013319 0.002683 
1121 21.300000 -0.013278 0.002657 
1122 21.310000 -0.013238 0.002632 
1123 21.320000 -0.013197 0.002606 
1124 21.330000 -0.013157 0.002581 
1125 21.340000 -0.013116 0.002557 
1126 21.350000 -0.013075 0.002532 
1127 21.360000 -0.013034 0.002508 
1128 21.370000 -0.012992 0.002484 
1129 21.380000 -0.012951 0.002460 
1130 21.390000 -0.012909 0.002437 
1131 21.400000 -0.012868 0.002413 
1132 21.410000 -0.012826 0.002390 
1133 21.420000 -0.012784 0.002367 
1134 21.430000 -0.012742 0.002345 
1135 21.440000 -0.012700 0.002323 
1136 21.450000 -0.012658 0.002300 
1137 21.460000 -0.012616 0.002279 
1138 21.470000 -0.012574 0.002257 
1139 21.480000 -0.012531 0.002236 
1140 21.490000 -0.012489 0.002214 
1141 21.500000 -0.012447 0.002193 
1142 21.510000 -0.012404 0.002173 
1143 21.520000 -0.012361 0.002152 
1144 21.530000 -0.012319 0.002132 
1145 21.540000 -0.012276 0.002112 
1146 21.550000 -0.012233 0.002092 
1147 21.560000 -0.012190 0.002072 
1148 21.570000 -0.012148 0.002052 
1149 21.580000 -0.012105 0.002033 
1150 21.590000 -0.012062 0.002014 
1151 21.600000 -0.012019 0.001995 
1152 21.610000 -0.011976 0.001976 
1153 21.620000 -0.011933 0.001958 
1154 21.630000 -0.011890 0.001939 
1155 21.640000 -0.011847 0.001921 
1156 21.650000 -0.011804 0.001903 
1157 21.660000 -0.011761 0.001885 
1158 21.670000 -0.011718 0.001868 
1159 21.680000 -0.011675 0.001850 
1160 21.690000 -0.011632 0.001833 
1161 21.700000 -0.011589 0.001816 
1162 21.710000 -0.011546 0.001799 
1163 21.720000 -0.011503 0.001782 
1164 21.730000 -0.011460 0.001765 
1165 21.740000 -0.011417 0.001749 
1166 21.750000 -0.011374 0.001733 
1167 21.760000 -0.011331 0.001717 
1168 21.770000 -0.011289 0.001701 
1169 21.780000 -0.011246 0.001685 
1170 21.790000 -0.011203 0.001669 
1171 21.800000 -0.011160 0.001654 
1172 21.810000 -0.011117 0.001639 
1173 21.820000 -0.011075 0.001623 
1174 21.830000 -0.011032 0.001608 
1175 21.840000 -0.010989 0.001594 
1176 21.850000 -0.010947 0.001579 
1177 21.860000 -0.010904 0.001564 
1178 21.870000 -0.010862 0.001550 
1179 21.880000 -0.010819 0.001536 
1180 21.890000 -0.010777 0.001522 
1181 21.900000 -0.010734 0.001508 
1182 21.910000 -0.010692 0.001494 
1183 21.920000 -0.010650 0.001480 
1184 21.930000 -0.010608 0.001466 
1185 21.940000 -0.010566 0.001453 
1186 21.950000 -0.010524 0.001440 
1187 21.960000 -0.010482 0.001426 
1188 21.970000 -0.010440 0.001413 
1189 21.980000 -0.010398 0.001401 
1190 21.990000 -0.010356 0.001388 
1191 22.000000 -0.010314 0.001375 
1192 22.010000 -0.010273 0.001363 
1193 22.020000 -0.010231 0.001350 
1194 22.030000 -0.010190 0.001338 
1195 22.040000 -0.010148 0.001326 
1196 22.050000 -0.010107 0.001314 
1197 22.060000 -0.010066 0.001302 
1198 22.070000 -0.010025 0.001290 
1199 22.080000 -0.009984 0.001278 
1200 22.090000 -0.009943 0.001267 
1201 22.100000 -0.009902 0.001255 
1202 22.110000 -0.009861 0.001244 
1203 22.120000 -0.009820 0.001233 
1204 22.130000 -0.009780 0.001221 
1205 22.140000 -0.009739 0.001210 
1206 22.150000 -0.009699 0.001199 
1207 22.160000 -0.009658 0.001189 
1208 22.170000 -0.009618 0.001178 
1209 22.180000 -0.009578 0.001167 
1210 22.190000 -0.009538 0.001157 
1211 22.200000 -0.009498 0.001146 
1212 22.210000 -0.009458 0.001136 
1213 22.220000 -0.009418 0.001126 
1214 22.230000 -0.009379 0.001116 
1215 22.240000 -0.009339 0.001106 
1216 22.250000 -0.009299 0.001096 
1217 22.260000 -0.009260 0.001086 
1218 22.270000 -0.009221 0.001076 
1219 22.280000 -0.009182 0.001067 
1220 22.290000 -0.009143 0.001057 
1221 22.300000 -0.009104 0.001048 
1222 22.310000 -0.009065 0.001038 
1223 22.320000 -0.009026 0.001029 
1224 22.330000 -0.008987 0.001020 
1225 22.340000 -0.008949 0.001011 
1226 22.350000 -0.008911 0.001002 
1227 22.360000 -0.008872 0.000993 
1228 22.370000 -0.008834 0.000984 
1229 22.380000 -0.008796 0.000975 
1230 22.390000 -0.008758 0.000967 
1231 22.400000 -0.008720 0.000958 
1232 22.410000 -0.008682 0.000950 
1233 22.420000 -0.008645 0.000941 
1234 22.430000 -0.008607 0.000933 
1235 22.440000 -0.008570 0.000925 
1236 22.450000 -0.008533 0.000917 
1237 22.460000 -0.008495 0.000909 
1238 22.470000 -0.008458 0.000901 
1239 22.480000 -0.008421 0.000893 
1240 22.490000 -0.008385 0.000885 
1241 22.500000 -0.008348 0.000877 
1242 22.510000 -0.008311 0.000869 
1243 22.520000 -0.008275 0.000862 
1244 22.530000 -0.008239 0.000854 
1245 22.540000 -0.008202 0.000847 
1246 22.550000 -0.008166 0.000839 
1247 22.560000 -0.008130 0.000832 
1248 22.570000 -0.008094 0.000824 
1249 22.580000 -0.008059 0.000817 
1250 22.590000 -0.008023 0.000810 
1251 22.600000 -0.007987 0.000803 
1252 22.610000 -0.007952 0.000796 
1253 22.620000 -0.007917 0.000789 
1254 22.630000 -0.007882 0.000782 
1255 22.640000 -0.007847 0.000775 
1256 22.650000 -0.007812 0.000769 
1257 22.660000 -0.007777 0.000762 
1258 22.670000 -0.007742 0.000755 
1259 22.680000 -0.007708 0.000749 
1260 22.690000 -0.007673 0.000742 
1261 22.700000 -0.007639 0.000736 
1262 22.710000 -0.007605 0.000729 
1263 22.720000 -0.007571 0.000723 
1264 22.730000 -0.007537 0.000717 
1265 22.740000 -0.007503 0.000711 
1266 22.750000 -0.007469 0.000705 
1267 22.760000 -0.007436 0.000698 
1268 22.770000 -0.007402 0.000692 
1269 22.780000 -0.007369 0.000686 
1270 22.790000 -0.007336 0.000681 
1271 22.800000 -0.007303 0.000675 
1272 22.810000 -0.007270 0.000669 
1273 22.820000 -0.007237 0.000663 
1274 22.830000 -0.007204 0.000657 
1275 22.840000 -0.007171 0.000652 
1276 22.850000 -0.007139 0.000646 
1277 22.860000 -0.007107 0.000641 
1278 22.870000 -0.007074 0.000635 
1279 22.880000 -0.007042 0.000630 
1280 22.890000 -0.007010 0.000624 
1281 22.900000 -0.006978 0.000619 
1282 22.910000 -0.006947 0.000614 
1283 22.920000 -0.006915 0.000608 
1284 22.930000 -0.006884 0.000603 
1285 22.940000 -0.006852 0.000598 
1286 22.950000 -0.006821 0.000593 
1287 22.960000 -0.006790 0.000588 
1288 22.970000 -0.006759 0.000583 
1289 22.980000 -0.006728 0.000578 
1290 22.990000 -0.006697 0.000573 
1291 23.000000 -0.006666 0.000568 
1292 23.010000 -0.006636 0.000563 
1293 23.020000 -0.006606 0.000559 
1294 23.030000 -0.006575 0.000554 
1295 23.040000 -0.006545 0.000549 
1296 23.050000 -0.006515 0.000544 
1297 23.060000 -0.006485 0.000540 
1298 23.070000 -0.006455 0.000535 
1299 23.080000 -0.006426 0.000531 
1300 23.090000 -0.006396 0.000526 
1301 23.100000 -0.006367 0.000522 
1302 23.110000 -0.006337 0.000517 
1303 23.120000 -0.006308 0.000513 
1304 23.130000 -0.006279 0.000509 
1305 23.140000 -0.006250 0.000504 
1306 23.150000 -0.006221 0.000500 
1307 23.160000 -0.006192 0.000496 
1308 23.170000 -0.006164 0.000492 
1309 23.180000 -0.006135 0.000488 
1310 23.190000 -0.006107 0.000484 
1311 23.200000 -0.006079 0.000480 
1312 23.210000 -0.006050 0.000476 
1313 23.220000 -0.006022 0.000472 
1314 23.230000 -0.005995 0.000468 
1315 23.240000 -0.005967 0.000464 
1316 23.250000 -0.005939 0.000460 
1317 23.260000 -0.005911 0.000456 
1318 23.270000 -0.005884 0.000452 
1319 23.280000 -0.005857 0.000448 
1320 23.290000 -0.005829 0.000445 
1321 23.300000 -0.005802 0.000441 
1322 23.310000 -0.005775 0.000437 
1323 23.320000 -0.005748 0.000434 
1324 23.330000 -0.005722 0.000430 
1325 23.340000 -0.005695 0.000426 
1326 23.350000 -0.005668 0.000423 
1327 23.360000 -0.005642 0.000419 
1328 23.370000 -0.005616 0.000416 
1329 23.380000 -0.005590 0.000412 
1330 23.390000 -0.005563 0.000409 
1331 23.400000 -0.005537 0.000406 
1332 23.410000 -0.005512 0.000402 
1333 23.420000 -0.005486 0.000399 
1334 23.430000 -0.005460 0.000396 
1335 23.440000 -0.005435 0.000392 
1336 23.450000 -0.005409 0.000389 
1337 23.460000 -0.005384 0.000386 
1338 23.470000 -0.005359 0.000383 
1339 23.480000 -0.005334 0.000380 
1340 23.490000 -0.005309 0.000377 
1341 23.500000 -0.005284 0.000373 
1342 23.510000 -0.005259 0.000370 
1343 23.520000 -0.005234 0.000367 
1344 23.530000 -0.005210 0.000364 
1345 23.540000 -0.005185 0.000361 
1346 23.550000 -0.005161 0.000358 
1347 23.560000 -0.005137 0.000355 
1348 23.570000 -0.005113 0.000353 
1349 23.580000 -0.005089 0.000350 
1350 23.590000 -0.005065 0.000347 
1351 23.600000 -0.005041 0.000344 
1352 23.610000 -0.005017 0.000341 
1353 23.620000 -0.004994 0.000338 
1354 23.630000 -0.004970 0.000336 
1355 23.640000 -0.004947 0.000333 
1356 23.650000 -0.004923 0.000330 
1357 23.660000 -0.004900 0.000327 
1358 23.670000 -0.004877 0.000325 
1359 23.680000 -0.004854 0.000322 
1360 23.690000 -0.004831 0.000320 
1361 23.700000 -0.004809 0.000317 
1362 23.710000 -0.004786 0.000314 
1363 23.720000 -0.004763 0.000312 
1364 23.730000 -0.004741 0.000309 
1365 23.740000 -0.004719 0.000307 
1366 23.750000 -0.004696 0.000304 
1367 23.760000 -0.004674 0.000302 
1368 23.770000 -0.004652 0.000299 
1369 23.780000 -0.004630 0.000297 
1370 23.790000 -0.004608 0.000295 
1371 23.800000 -0.004586 0.000292 
1372 23.810000 -0.004565 0.000290 
1373 23.820000 -0.004543 0.000288 
1374 23.830000 -0.004522 0.000285 
1375 23.840000 -0.004500 0.000283 
1376 23.850000 -0.004479 0.000281 
1377 23.860000 -0.004458 0.000278 
1378 23.870000 -0.004437 0.000276 
1379 23.880000 -0.004416 0.000274 
1380 23.890000 -0.004395 0.000272 
1381 23.900000 -0.004374 0.000270 
1382 23.910000 -0.004353 0.000267 
1383 23.920000 -0.004333 0.000265 
1384 23.930000 -0.004312 0.000263 
1385 23.940000 -0.004292 0.000261 
1386 23.950000 -0.004272 0.000259 
1387 23.960000 -0.004251 0.000257 
1388 23.970000 -0.004231 0.000255 
1389 23.980000 -0.004211 0.000253 
1390 23.990000 -0.004191 0.000251 
1391 24.000000 -0.004171 0.000249 
1392 24.010000 -0.004152 0.000247 
1393 24.020000 -0.004132 0.000245 
1394 24.030000 -0.004112 0.000243 
1395 24.040000 -0.004093 0.000241 
1396 24.050000 -0.004073 0.000239 
1397 24.060000 -0.004054 0.000237 
1398 24.070000 -0.004035 0.000235 
1399 24.080000 -0.004016 0.000233 
1400 24.090000 -0.003997 0.000232 
1401 24.100000 -0.003978 0.000230 
1402 24.110000 -0.003959 0.000228 
1403 24.120000 -0.003940 0.000226 
1404 24.130000 -0.003921 0.000224 
1405 24.140000 -0.003903 0.000222 
1406 24.150000 -0.003884 0.000221 
1407 24.160000 -0.003866 0.000219 
1408 24.170000 -0.003847 0.000217 
1409 24.180000 -0.003829 0.000216 
1410 24.190000 -0.003811 0.000214 
1411 24.200000 -0.003793 0.000212 
1412 24.210000 -0.003775 0.000211 
1413 24.220000 -0.003757 0.000209 
1414 24.230000 -0.003739 0.000207 
1415 24.240000 -0.003721 0.000206 
1416 24.250000 -0.003704 0.000204 
1417 24.260000 -0.003686 0.000202 
1418 24.270000 -0.003668 0.000201 
1419 24.280000 -0.003651 0.000199 
1420 24.290000 -0.003634 0.000198 
1421 24.300000 -0.003616 0.000196 
1422 24.310000 -0.003599 0.000195 
1423 24.320000 -0.003582 0.000193 
1424 24.330000 -0.003565 0.000192 
1425 24.340000 -0.003548 0.000190 
1426 24.350000 -0.003531 0.000189 
1427 24.360000 -0.003514 0.000187 
1428 24.370000 -0.003498 0.000186 
1429 24.380000 -0.003481 0.000184 
1430 24.390000 -0.003465 0.000183 
1431 24.400000 -0.003448 0.000181 
1432 24.410000 -0.003432 0.000180 
1433 24.420000 -0.003415 0.000179 
1434 24.430000 -0.003399 0.000177 
1435 24.440000 -0.003383 0.000176 
1436 24.450000 -0.003367 0.000174 
1437 24.460000 -0.003351 0.000173 
1438 24.470000 -0.003335 0.000172 
1439 24.480000 -0.003319 0.000170 
1440 24.490000 -0.003303 0.000169 
1441 24.500000 -0.003288 0.000168 
1442 24.510000 -0.003272 0.000166 
1443 24.520000 -0.003256 0.000165 
1444 24.530000 -0.003241 0.000164 
1445 24.540000 -0.003225 0.000163 
1446 24.550000 -0.003210 0.000161 
1447 24.560000 -0.003195 0.000160 
1448 24.570000 -0.003180 0.000159 
1449 24.580000 -0.003165 0.000158 
1450 24.590000 -0.003149 0.000156 
1451 24.600000 -0.003134 0.000155 
1452 24.610000 -0.003120 0.000154 
1453 24.620000 -0.003105 0.000153 
1454 24.630000 -0.003090 0.000152 
1455 24.640000 -0.003075 0.000151 
1456 24.650000 -0.003061 0.000149 
1457 24.660000 -0.003046 0.000148 
1458 24.670000 -0.003032 0.000147 
1459 24.680000 -0.003017 0.000146 
1460 24.690000 -0.003003 0.000145 
1461 24.700000 -0.002989 0.000144 
1462 24.710000 -0.002974 0.000143 
1463 24.720000 -0.002960 0.000142 
1464 24.730000 -0.002946 0.000140 
1465 24.740000 -0.002932 0.000139 
1466 24.750000 -0.002918 0.000138 
1467 24.760000 -0.002904 0.000137 
1468 24.770000 -0.002890 0.000136 
1469 24.780000 -0.002877 0.000135 
1470 24.790000 -0.002863 0.000134 
1471 24.800000 -0.002849 0.000133 
1472 24.810000 -0.002836 0.000132 
1473 24.820000 -0.002822 0.000131 
1474 24.830000 -0.002809 0.000130 
1475 24.840000 -0.002796 0.000129 
1476 24.850000 -0.002782 0.000128 
1477 24.860000 -0.002769 0.000127 
1478 24.870000 -0.002756 0.000126 
1479 24.880000 -0.002743 0.000125 
1480 24.890000 -0.002730 0.000124 
1481 24.900000 -0.002717 0.000123 
1482 24.910000 -0.002704 0.000122 
1483 24.920000 -0.002691 0.000122 
1484 24.930000 -0.002678 0.000121 
1485 24.940000 -0.002666 0.000120 
1486 24.950000 -0.002653 0.000119 
1487 24.960000 -0.002640 0.000118 
1488 24.970000 -0.002628 0.000117 
1489 24.980000 -0.002615 0.000116 
1490 24.990000 -0.002603 0.000115 
