2.625000, 1038.007479 
2.700000, 726.119880 
2.775000, 512.189916 
2.850000, 364.109622 
2.925000, 260.729327 
3.000000, 187.972784 
3.075000, 136.379469 
3.150000, 99.531978 
3.225000, 73.038877 
3.300000, 53.870068 
3.375000, 39.918254 
3.450000, 29.706918 
3.525000, 22.194142 
3.600000, 16.639718 
3.675000, 12.514400 
3.750000, 9.437468 
3.825000, 7.133453 
3.900000, 5.401943 
3.975000, 4.096366 
4.050000, 3.108991 
4.125000, 2.360262 
4.200000, 1.791161 
4.275000, 1.357727 
4.350000, 1.027074 
4.425000, 0.774515 
4.500000, 0.581446 
4.575000, 0.433800 
4.650000, 0.320912 
4.725000, 0.234665 
4.800000, 0.168869 
4.875000, 0.118791 
4.950000, 0.080804 
5.025000, 0.052119 
5.100000, 0.030593 
5.175000, 0.014572 
5.250000, 0.002781 
5.325000, -0.005765 
5.400000, -0.011830 
5.475000, -0.016002 
5.550000, -0.018738 
5.625000, -0.020391 
5.700000, -0.021233 
5.775000, -0.021475 
5.850000, -0.021280 
5.925000, -0.020771 
6.000000, -0.020045 
6.075000, -0.019174 
6.150000, -0.018214 
6.225000, -0.017206 
6.300000, -0.016180 
6.375000, -0.015159 
6.450000, -0.014160 
6.525000, -0.013195 
6.600000, -0.012270 
6.675000, -0.011390 
6.750000, -0.010559 
6.825000, -0.009778 
6.900000, -0.009046 
6.975000, -0.008363 
7.050000, -0.007726 
7.125000, -0.007135 
7.200000, -0.006587 
7.275000, -0.006079 
7.350000, -0.005610 
7.425000, -0.005176 
7.500000, -0.004776 
7.575000, -0.004407 
7.650000, -0.004066 
7.725000, -0.003753 
7.800000, -0.003464 
7.875000, -0.003198 
7.950000, -0.002953 
8.025000, -0.002728 
8.100000, -0.002520 
8.175000, -0.002329 
8.250000, -0.002153 
8.325000, -0.001991 
8.400000, -0.001842 
8.475000, -0.001705 
8.550000, -0.001578 
8.625000, -0.001462 
8.700000, -0.001354 
8.775000, -0.001255 
8.850000, -0.001164 
8.925000, -0.001079 
9.000000, -0.001001 
9.075000, -0.000930 
9.150000, -0.000863 
9.225000, -0.000802 
9.300000, -0.000745 
9.375000, -0.000693 
9.450000, -0.000645 
9.525000, -0.000600 
9.600000, -0.000558 
9.675000, -0.000520 
9.750000, -0.000485 
9.825000, -0.000452 
9.900000, -0.000421 
9.975000, -0.000393 
10.050000, -0.000367 
10.125000, -0.000342 
10.200000, -0.000320 
10.275000, -0.000299 
10.350000, -0.000279 
10.425000, -0.000261 
10.500000, -0.000244 
10.575000, -0.000228 
10.650000, -0.000214 
10.725000, -0.000200 
10.800000, -0.000188 
10.875000, -0.000176 
10.950000, -0.000165 
11.025000, -0.000155 
11.100000, -0.000145 
11.175000, -0.000136 
11.250000, -0.000128 
11.325000, -0.000120 
11.400000, -0.000113 
11.475000, -0.000106 
11.550000, -0.000100 
11.625000, -0.000094 
11.700000, -0.000088 
11.775000, -0.000083 
11.850000, -0.000078 
11.925000, -0.000074 
12.000000, -0.000069 
12.075000, -0.000065 
12.150000, -0.000062 
12.225000, -0.000058 
12.300000, -0.000055 
12.375000, -0.000052 
12.450000, -0.000049 
12.525000, -0.000046 
12.600000, -0.000043 
12.675000, -0.000041 
12.750000, -0.000039 
12.825000, -0.000037 
12.900000, -0.000035 
12.975000, -0.000033 
13.050000, -0.000031 
13.125000, -0.000029 
13.200000, -0.000028 
13.275000, -0.000026 
13.350000, -0.000025 
13.425000, -0.000024 
13.500000, -0.000022 
13.575000, -0.000021 
13.650000, -0.000020 
13.725000, -0.000019 
13.800000, -0.000018 
13.875000, -0.000017 
13.950000, -0.000016 
14.025000, -0.000016 
14.100000, -0.000015 
14.175000, -0.000014 
14.250000, -0.000013 
14.325000, -0.000013 
14.400000, -0.000012 
14.475000, -0.000011 
14.550000, -0.000011 
14.625000, -0.000010 
14.700000, -0.000010 
14.775000, -0.000009 
14.850000, -0.000009 
14.925000, -0.000008 
