1 10.100000 45933249290602608.000000 3848420916872476160.000000 
2 10.110000 19453868824179820.000000 1482260415524428544.000000 
3 10.120000 8878151161100716.000000 620308773129637888.000000 
4 10.130000 4313976405314320.000000 278327481648149600.000000 
5 10.140000 2211211853646554.000000 132519159591138880.000000 
6 10.150000 1186797429387486.500000 66407330429779000.000000 
7 10.160000 663030967624478.625000 34793531534700732.000000 
8 10.170000 383697991392489.187500 18957408513527368.000000 
9 10.180000 229083505871782.093750 10693332429112406.000000 
10 10.190000 140630929375224.890625 6221170600401116.000000 
11 10.200000 88513695409932.687500 3721158772029326.000000 
12 10.210000 56980229775342.664062 2282208146935043.500000 
13 10.220000 37437886032528.023438 1431829824227286.250000 
14 10.230000 25060090836614.906250 917085453018824.125000 
15 10.240000 17062779243197.224609 598612254236350.000000 
16 10.250000 11800723941992.816406 397582861332703.625000 
17 10.260000 8279923268878.626953 268326651453919.500000 
18 10.270000 5887489507709.117188 183793008004271.250000 
19 10.280000 4238372419369.463867 127630771991698.453125 
20 10.290000 3086430549594.889648 89768613120003.515625 
21 10.300000 2271767771498.900879 63894046041523.398438 
22 10.310000 1688948017057.224365 45985832578063.406250 
23 10.320000 1267469466812.637207 33443277108551.179688 
24 10.330000 959570822025.402344 24560451406709.683594 
25 10.340000 732498487650.113403 18203427533105.695312 
26 10.350000 563531635375.978027 13609052933985.441406 
27 10.360000 436738057177.724670 10257669525958.802734 
28 10.370000 340831641998.921570 7791501084038.580078 
29 10.380000 267740376356.848541 5961647852740.745117 
30 10.390000 211638379826.796082 4593241813501.928711 
31 10.400000 168284592558.381866 3562276994381.718750 
32 10.410000 134566383677.648163 2780035327904.055664 
33 10.420000 108181553218.204361 2182510090536.277344 
34 10.430000 87414739795.289841 1723152939750.344238 
35 10.440000 70978843621.846848 1367853862397.959717 
36 10.450000 57901631573.506073 1091435845225.520752 
37 10.460000 47444013195.881660 875186578059.919556 
38 10.470000 39040700138.531532 705106405064.349976 
39 10.480000 32256809695.227375 570655128825.473511 
40 10.490000 26755911088.365238 463849047709.922363 
41 10.500000 22276343074.983936 378605773643.601257 
42 10.510000 18613551625.488514 310265637236.169373 
43 10.520000 15606838087.758699 255239829611.901367 
44 10.530000 13129359064.273405 210750117974.701324 
45 10.540000 11080538246.289177 174635157153.951813 
46 10.550000 9380277762.334850 145205534193.819244 
47 10.560000 7964519646.225452 121134688088.457672 
48 10.570000 6781825729.054175 101376391503.182602 
49 10.580000 5790729745.623903 85102008187.416122 
50 10.590000 4957677902.680205 71652552364.137497 
51 10.600000 4255420048.218012 60501884444.746346 
52 10.610000 3661747486.937368 51228326896.351990 
53 10.620000 3158498670.069386 43492677156.101112 
54 10.630000 2730772788.096306 37021103134.710854 
55 10.640000 2366305399.561732 31591782108.535667 
56 10.650000 2054970861.608991 27024422049.969635 
57 10.660000 1788384379.943913 23172011777.644196 
58 10.670000 1559582621.109281 19914301528.469524 
59 10.680000 1362766509.571376 17152632294.173391 
60 10.690000 1193093422.321195 14805820455.339945 
61 10.700000 1046508759.298922 12806871155.368328 
62 10.710000 919609006.755384 11100344832.578291 
63 10.720000 809530071.053220 9640240322.633419 
64 10.730000 713855954.183717 8388287889.193914 
65 10.740000 630543854.015145 7312568625.614705 
66 10.750000 557862566.246392 6386394532.456751 
67 10.760000 494341690.214772 5587397446.091626 
68 10.770000 438729634.607453 4896785802.416232 
69 10.780000 389958810.572687 4298736671.218459 
70 10.790000 347116710.943704 3779897127.025851 
71 10.800000 309421822.472239 3328974240.571867 
72 10.810000 276203516.473661 2936397094.930319 
73 10.820000 246885222.514472 2594037493.046962 
74 10.830000 220970317.856244 2294978614.909424 
75 10.840000 198030268.682639 2033322946.988248 
76 10.850000 177694642.691479 1804032455.731994 
77 10.860000 159642680.386453 1602795297.969022 
78 10.870000 143596167.481528 1425914422.180431 
79 10.880000 129313395.717614 1270214269.157922 
80 10.890000 116584036.060106 1132962470.525183 
81 10.900000 105224778.272945 1011804002.076970 
82 10.910000 95075615.509651 904705702.041816 
83 10.920000 85996672.834981 809909432.945937 
84 10.930000 77865495.304536 725892466.233569 
85 10.940000 70574725.038658 651333914.324620 
86 10.950000 64030108.160070 585086235.861186 
87 10.960000 58148781.950308 526151004.919356 
88 10.970000 52857800.465672 473658270.693462 
89 10.980000 48092863.422005 426848946.030094 
90 10.990000 43797218.639597 385059755.581748 
91 11.000000 39920712.923446 347710350.809883 
92 11.010000 36418970.094024 314292262.465098 
93 11.020000 33252678.106372 284359413.841540 
94 11.030000 30386969.904672 257519961.940719 
95 11.040000 27790884.941258 233429270.235105 
96 11.050000 25436900.213989 211783847.259213 
97 11.060000 23300521.302598 192316110.811049 
98 11.070000 21359925.261488 174789858.969974 
99 11.080000 19595648.393745 158996347.126866 
100 11.090000 17990312.922300 144750885.354344 
101 11.100000 16528387.417096 131889883.193762 
102 11.110000 15195976.555075 120268279.694123 
103 11.120000 13980636.402197 109757305.631119 
104 11.130000 12871211.929840 100242532.531948 
105 11.140000 11857693.925492 91622169.657384 
106 11.150000 10931092.840999 83805575.633483 
107 11.160000 10083327.450566 76711956.136696 
108 11.170000 9307126.473213 70269223.048218 
109 11.180000 8595941.557435 64412993.914434 
110 11.190000 7943870.235115 59085713.471811 
111 11.200000 7345587.632275 54235881.492548 
112 11.210000 6796285.880113 49817373.346248 
113 11.220000 6291620.304559 45788841.506674 
114 11.230000 5827661.589229 42113187.806943 
115 11.240000 5400853.207787 38757097.599704 
116 11.250000 5007973.509413 35690628.143488 
117 11.260000 4646101.917356 32886844.539969 
118 11.270000 4312588.766753 30321497.412714 
119 11.280000 4005028.365685 27972737.265859 
120 11.290000 3721234.913690 25820861.107927 
121 11.300000 3459220.955870 23848087.485957 
122 11.310000 3217178.089077 22038356.560464 
123 11.320000 2993459.670194 20377152.272910 
124 11.330000 2786565.305853 18851344.023250 
125 11.340000 2595126.928693 17449045.593247 
126 11.350000 2417896.287791 16159489.328285 
127 11.360000 2253733.700709 14972913.831753 
128 11.370000 2101597.932021 13880463.636673 
129 11.380000 1960537.078497 12874099.503149 
130 11.390000 1829680.354585 11946518.150950 
131 11.400000 1708230.683751 11091080.377194 
132 11.410000 1595458.011687 10301746.632323 
133 11.420000 1490693.266687 9573019.235541 
134 11.430000 1393322.900650 8899890.505673 
135 11.440000 1302783.951417 8277796.166668 
136 11.450000 1218559.573553 7702573.460133 
137 11.460000 1140174.990362 7170423.461719 
138 11.470000 1067193.824959 6677877.154873 
139 11.480000 999214.772700 6221764.865495 
140 11.490000 935868.581214 5799188.705145 
141 11.500000 876815.307845 5407497.709393 
142 11.510000 821741.827424 5044265.392360 
143 11.520000 770359.566101 4707269.468917 
144 11.530000 722402.439450 4394473.522985 
145 11.540000 677624.975290 4104010.424274 
146 11.550000 635800.603639 3834167.316945 
147 11.560000 596720.097989 3583372.022495 
148 11.570000 560190.153689 3350180.715855 
149 11.580000 526032.090606 3133266.748496 
150 11.590000 494080.668539 2931410.505570 
151 11.600000 464183.004962 2743490.195807 
152 11.610000 436197.585715 2568473.483396 
153 11.620000 409993.360157 2405409.880356 
154 11.630000 385448.913124 2253423.826264 
155 11.640000 362451.706762 2111708.389578 
156 11.650000 340897.385974 1979519.531477 
157 11.660000 320689.141814 1856170.879039 
158 11.670000 301737.127686 1741028.959869 
159 11.680000 283957.923697 1633508.855077 
160 11.690000 267274.044950 1533070.231714 
161 11.700000 251613.489940 1439213.719611 
162 11.710000 236909.325586 1351477.600979 
163 11.720000 223099.305733 1269434.784180 
164 11.730000 210125.520271 1192690.035865 
165 11.740000 197934.072248 1120877.448117 
166 11.750000 186474.780606 1053658.119481 
167 11.760000 175700.906388 990718.030772 
168 11.770000 165568.900444 931766.098332 
169 11.780000 156038.170838 876532.389050 
170 11.790000 147070.868331 824766.482922 
171 11.800000 138631.688443 776235.970239 
172 11.810000 130687.688727 730725.071681 
173 11.820000 123208.120037 688033.370693 
174 11.830000 116164.270613 647974.648460 
175 11.840000 109529.321993 610375.812692 
176 11.850000 103278.215764 575075.912234 
177 11.860000 97387.530306 541925.230217 
178 11.870000 91835.366728 510784.449118 
179 11.880000 86601.243262 481523.881708 
180 11.890000 81665.997466 454022.762373 
181 11.900000 77011.695601 428168.593806 
182 11.910000 72621.548637 403856.544468 
183 11.920000 68479.834379 380988.892673 
184 11.930000 64571.825216 359474.513454 
185 11.940000 60883.721094 339228.404742 
186 11.950000 57402.587281 320171.249658 
187 11.960000 54116.296584 302229.012019 
188 11.970000 51013.475667 285332.562381 
189 11.980000 48083.455167 269417.332181 
190 11.990000 45316.223319 254422.993751 
191 12.000000 42702.382829 240293.164148 
192 12.010000 40233.110759 226975.130929 
193 12.020000 37900.121192 214419.598146 
194 12.030000 35695.630480 202580.450995 
195 12.040000 33612.324879 191414.537654 
196 12.050000 31643.330403 180881.466991 
197 12.060000 29782.184736 170943.420928 
198 12.070000 28022.811041 161564.980317 
199 12.080000 26359.493553 152712.963320 
200 12.090000 24786.854797 144356.275332 
201 12.100000 23299.834348 136465.769574 
202 12.110000 21893.668997 129014.117564 
203 12.120000 20563.874241 121975.688713 
204 12.130000 19306.226990 115326.438376 
205 12.140000 18116.749418 109043.803722 
206 12.150000 16991.693873 103106.606853 
207 12.160000 15927.528766 97494.964637 
208 12.170000 14920.925387 92190.204754 
209 12.180000 13968.745567 87174.787517 
210 12.190000 13068.030137 82432.233038 
211 12.200000 12215.988132 77947.053352 
212 12.210000 11409.986678 73704.689152 
213 12.220000 10647.541535 69691.450788 
214 12.230000 9926.308226 65894.463247 
215 12.240000 9244.073738 62301.614809 
216 12.250000 8598.748735 58901.509135 
217 12.260000 7988.360273 55683.420533 
218 12.270000 7411.044953 52637.252191 
219 12.280000 6865.042516 49753.497161 
220 12.290000 6348.689821 47023.201901 
221 12.300000 5860.415205 44437.932205 
222 12.310000 5398.733184 41989.741352 
223 12.320000 4962.239483 39671.140317 
224 12.330000 4549.606360 37475.069916 
225 12.340000 4159.578231 35394.874734 
226 12.350000 3790.967538 33424.278731 
227 12.360000 3442.650889 31557.362403 
228 12.370000 3113.565410 29788.541404 
229 12.380000 2802.705331 28112.546508 
230 12.390000 2509.118766 26524.404854 
231 12.400000 2231.904689 25019.422359 
232 12.410000 1970.210087 23593.167235 
233 12.420000 1723.227283 22241.454542 
234 12.430000 1490.191416 20960.331695 
235 12.440000 1270.378064 19746.064870 
236 12.450000 1063.101016 18595.126255 
237 12.460000 867.710164 17504.182080 
238 12.470000 683.589522 16470.081383 
239 12.480000 510.155358 15489.845460 
240 12.490000 346.854436 14560.657965 
241 12.500000 193.162353 13679.855599 
242 12.510000 48.581980 12844.919372 
243 12.520000 -87.358015 12053.466383 
244 12.530000 -215.104558 11303.242101 
245 12.540000 -335.081483 10592.113104 
246 12.550000 -447.690763 9918.060249 
247 12.560000 -553.313688 9279.172249 
248 12.570000 -652.311959 8673.639635 
249 12.580000 -745.028736 8099.749067 
250 12.590000 -831.789615 7555.877982 
251 12.600000 -912.903560 7040.489560 
252 12.610000 -988.663781 6552.127977 
253 12.620000 -1059.348557 6089.413940 
254 12.630000 -1125.222026 5651.040476 
255 12.640000 -1186.534919 5235.768970 
256 12.650000 -1243.525263 4842.425430 
257 12.660000 -1296.419040 4469.896960 
258 12.670000 -1345.430814 4117.128445 
259 12.680000 -1390.764321 3783.119421 
260 12.690000 -1432.613030 3466.921119 
261 12.700000 -1471.160670 3167.633684 
262 12.710000 -1506.581732 2884.403545 
263 12.720000 -1539.041945 2616.420940 
264 12.730000 -1568.698718 2362.917570 
265 12.740000 -1595.701573 2123.164398 
266 12.750000 -1620.192542 1896.469558 
267 12.760000 -1642.306547 1682.176387 
268 12.770000 -1662.171766 1479.661567 
269 12.780000 -1679.909967 1288.333366 
270 12.790000 -1695.636840 1107.629982 
271 12.800000 -1709.462296 937.017968 
272 12.810000 -1721.490762 775.990757 
273 12.820000 -1731.821456 624.067253 
274 12.830000 -1740.548647 480.790514 
275 12.840000 -1747.761905 345.726492 
276 12.850000 -1753.546331 218.462852 
277 12.860000 -1757.982784 98.607851 
278 12.870000 -1761.148093 -14.210723 
279 12.880000 -1763.115251 -120.346555 
280 12.890000 -1763.953611 -220.135752 
281 12.900000 -1763.729067 -313.897741 
282 12.910000 -1762.504218 -401.936120 
283 12.920000 -1760.338538 -484.539467 
284 12.930000 -1757.288526 -561.982096 
285 12.940000 -1753.407855 -634.524785 
286 12.950000 -1748.747508 -702.415461 
287 12.960000 -1743.355912 -765.889843 
288 12.970000 -1737.279064 -825.172060 
289 12.980000 -1730.560647 -880.475234 
290 12.990000 -1723.242145 -932.002029 
291 13.000000 -1715.362952 -979.945176 
292 13.010000 -1706.960471 -1024.487968 
293 13.020000 -1698.070212 -1065.804730 
294 13.030000 -1688.725887 -1104.061265 
295 13.040000 -1678.959491 -1139.415279 
296 13.050000 -1668.801394 -1172.016778 
297 13.060000 -1658.280411 -1202.008450 
298 13.070000 -1647.423886 -1229.526030 
299 13.080000 -1636.257755 -1254.698637 
300 13.090000 -1624.806621 -1277.649102 
301 13.100000 -1613.093816 -1298.494275 
302 13.110000 -1601.141462 -1317.345321 
303 13.120000 -1588.970528 -1334.307995 
304 13.130000 -1576.600891 -1349.482908 
305 13.140000 -1564.051384 -1362.965777 
306 13.150000 -1551.339849 -1374.847662 
307 13.160000 -1538.483181 -1385.215196 
308 13.170000 -1525.497380 -1394.150796 
309 13.180000 -1512.397589 -1401.732868 
310 13.190000 -1499.198139 -1408.036005 
311 13.200000 -1485.912585 -1413.131165 
312 13.210000 -1472.553747 -1417.085851 
313 13.220000 -1459.133740 -1419.964275 
314 13.230000 -1445.664016 -1421.827518 
315 13.240000 -1432.155389 -1422.733681 
316 13.250000 -1418.618069 -1422.738025 
317 13.260000 -1405.061693 -1421.893109 
318 13.270000 -1391.495349 -1420.248922 
319 13.280000 -1377.927604 -1417.853002 
320 13.290000 -1364.366531 -1414.750554 
321 13.300000 -1350.819731 -1410.984563 
322 13.310000 -1337.294356 -1406.595900 
323 13.320000 -1323.797133 -1401.623420 
324 13.330000 -1310.334382 -1396.104061 
325 13.340000 -1296.912039 -1390.072934 
326 13.350000 -1283.535671 -1383.563409 
327 13.360000 -1270.210496 -1376.607199 
328 13.370000 -1256.941403 -1369.234440 
329 13.380000 -1243.732961 -1361.473763 
330 13.390000 -1230.589444 -1353.352366 
331 13.400000 -1217.514836 -1344.896083 
332 13.410000 -1204.512855 -1336.129449 
333 13.420000 -1191.586957 -1327.075760 
334 13.430000 -1178.740356 -1317.757133 
335 13.440000 -1165.976032 -1308.194561 
336 13.450000 -1153.296746 -1298.407965 
337 13.460000 -1140.705047 -1288.416250 
338 13.470000 -1128.203287 -1278.237345 
339 13.480000 -1115.793628 -1267.888256 
340 13.490000 -1103.478051 -1257.385107 
341 13.500000 -1091.258370 -1246.743181 
342 13.510000 -1079.136234 -1235.976963 
343 13.520000 -1067.113141 -1225.100173 
344 13.530000 -1055.190443 -1214.125805 
345 13.540000 -1043.369353 -1203.066163 
346 13.550000 -1031.650956 -1191.932891 
347 13.560000 -1020.036211 -1180.737006 
348 13.570000 -1008.525960 -1169.488924 
349 13.580000 -997.120935 -1158.198497 
350 13.590000 -985.821762 -1146.875029 
351 13.600000 -974.628969 -1135.527311 
352 13.610000 -963.542987 -1124.163640 
353 13.620000 -952.564162 -1112.791846 
354 13.630000 -941.692753 -1101.419312 
355 13.640000 -930.928941 -1090.052996 
356 13.650000 -920.272831 -1078.699452 
357 13.660000 -909.724459 -1067.364849 
358 13.670000 -899.283793 -1056.054989 
359 13.680000 -888.950738 -1044.775325 
360 13.690000 -878.725141 -1033.530978 
361 13.700000 -868.606792 -1022.326754 
362 13.710000 -858.595430 -1011.167156 
363 13.720000 -848.690744 -1000.056402 
364 13.730000 -838.892376 -988.998439 
365 13.740000 -829.199925 -977.996953 
366 13.750000 -819.612951 -967.055383 
367 13.760000 -810.130974 -956.176938 
368 13.770000 -800.753480 -945.364598 
369 13.780000 -791.479918 -934.621137 
370 13.790000 -782.309712 -923.949125 
371 13.800000 -773.242251 -913.350939 
372 13.810000 -764.276902 -902.828778 
373 13.820000 -755.413003 -892.384666 
374 13.830000 -746.649872 -882.020462 
375 13.840000 -737.986804 -871.737873 
376 13.850000 -729.423075 -861.538453 
377 13.860000 -720.957942 -851.423620 
378 13.870000 -712.590645 -841.394657 
379 13.880000 -704.320410 -831.452720 
380 13.890000 -696.146448 -821.598846 
381 13.900000 -688.067958 -811.833959 
382 13.910000 -680.084126 -802.158874 
383 13.920000 -672.194131 -792.574305 
384 13.930000 -664.397138 -783.080869 
385 13.940000 -656.692309 -773.679092 
386 13.950000 -649.078794 -764.369412 
387 13.960000 -641.555739 -755.152186 
388 13.970000 -634.122286 -746.027694 
389 13.980000 -626.777570 -736.996142 
390 13.990000 -619.520722 -728.057668 
391 14.000000 -612.350872 -719.212344 
392 14.010000 -605.267145 -710.460179 
393 14.020000 -598.268668 -701.801127 
394 14.030000 -591.354564 -693.235085 
395 14.040000 -584.523956 -684.761898 
396 14.050000 -577.775968 -676.381364 
397 14.060000 -571.109723 -668.093236 
398 14.070000 -564.524346 -659.897222 
399 14.080000 -558.018965 -651.792990 
400 14.090000 -551.592708 -643.780171 
401 14.100000 -545.244707 -635.858362 
402 14.110000 -538.974095 -628.027124 
403 14.120000 -532.780009 -620.285990 
404 14.130000 -526.661591 -612.634460 
405 14.140000 -520.617985 -605.072012 
406 14.150000 -514.648339 -597.598096 
407 14.160000 -508.751808 -590.212138 
408 14.170000 -502.927548 -582.913545 
409 14.180000 -497.174724 -575.701702 
410 14.190000 -491.492503 -568.575975 
411 14.200000 -485.880058 -561.535716 
412 14.210000 -480.336569 -554.580257 
413 14.220000 -474.861221 -547.708919 
414 14.230000 -469.453205 -540.921009 
415 14.240000 -464.111717 -534.215821 
416 14.250000 -458.835961 -527.592640 
417 14.260000 -453.625147 -521.050738 
418 14.270000 -448.478490 -514.589382 
419 14.280000 -443.395213 -508.207829 
420 14.290000 -438.374547 -501.905329 
421 14.300000 -433.415726 -495.681128 
422 14.310000 -428.517995 -489.534464 
423 14.320000 -423.680602 -483.464572 
424 14.330000 -418.902807 -477.470683 
425 14.340000 -414.183872 -471.552025 
426 14.350000 -409.523068 -465.707824 
427 14.360000 -404.919675 -459.937304 
428 14.370000 -400.372978 -454.239686 
429 14.380000 -395.882270 -448.614195 
430 14.390000 -391.446851 -443.060050 
431 14.400000 -387.066028 -437.576475 
432 14.410000 -382.739116 -432.162692 
433 14.420000 -378.465437 -426.817927 
434 14.430000 -374.244319 -421.541404 
435 14.440000 -370.075101 -416.332353 
436 14.450000 -365.957124 -411.190004 
437 14.460000 -361.889741 -406.113590 
438 14.470000 -357.872309 -401.102348 
439 14.480000 -353.904193 -396.155518 
440 14.490000 -349.984768 -391.272344 
441 14.500000 -346.113411 -386.452072 
442 14.510000 -342.289510 -381.693956 
443 14.520000 -338.512459 -376.997250 
444 14.530000 -334.781659 -372.361217 
445 14.540000 -331.096519 -367.785121 
446 14.550000 -327.456453 -363.268234 
447 14.560000 -323.860883 -358.809831 
448 14.570000 -320.309238 -354.409193 
449 14.580000 -316.800955 -350.065608 
450 14.590000 -313.335476 -345.778368 
451 14.600000 -309.912249 -341.546771 
452 14.610000 -306.530733 -337.370121 
453 14.620000 -303.190388 -333.247729 
454 14.630000 -299.890685 -329.178910 
455 14.640000 -296.631100 -325.162986 
456 14.650000 -293.411115 -321.199287 
457 14.660000 -290.230219 -317.287146 
458 14.670000 -287.087907 -313.425906 
459 14.680000 -283.983682 -309.614913 
460 14.690000 -280.917051 -305.853522 
461 14.700000 -277.887528 -302.141093 
462 14.710000 -274.894633 -298.476994 
463 14.720000 -271.937894 -294.860597 
464 14.730000 -269.016843 -291.291283 
465 14.740000 -266.131018 -287.768439 
466 14.750000 -263.279963 -284.291458 
467 14.760000 -260.463230 -280.859740 
468 14.770000 -257.680373 -277.472691 
469 14.780000 -254.930956 -274.129725 
470 14.790000 -252.214544 -270.830261 
471 14.800000 -249.530713 -267.573725 
472 14.810000 -246.879039 -264.359552 
473 14.820000 -244.259108 -261.187179 
474 14.830000 -241.670509 -258.056053 
475 14.840000 -239.112837 -254.965626 
476 14.850000 -236.585693 -251.915357 
477 14.860000 -234.088681 -248.904712 
478 14.870000 -231.621413 -245.933162 
479 14.880000 -229.183505 -243.000186 
480 14.890000 -226.774577 -240.105268 
481 14.900000 -224.394256 -237.247899 
482 14.910000 -222.042172 -234.427576 
483 14.920000 -219.717962 -231.643802 
484 14.930000 -217.421266 -228.896087 
485 14.940000 -215.151729 -226.183946 
486 14.950000 -212.909001 -223.506902 
487 14.960000 -210.692738 -220.864481 
488 14.970000 -208.502599 -218.256219 
489 14.980000 -206.338248 -215.681653 
490 14.990000 -204.199352 -213.140331 
491 15.000000 -202.085586 -210.631804 
492 15.010000 -199.996626 -208.155628 
493 15.020000 -197.932154 -205.711368 
494 15.030000 -195.891855 -203.298590 
495 15.040000 -193.875420 -200.916871 
496 15.050000 -191.882544 -198.565790 
497 15.060000 -189.912923 -196.244932 
498 15.070000 -187.966261 -193.953888 
499 15.080000 -186.042264 -191.692255 
500 15.090000 -184.140642 -189.459634 
501 15.100000 -182.261109 -187.255632 
502 15.110000 -180.403384 -185.079861 
503 15.120000 -178.567188 -182.931939 
504 15.130000 -176.752247 -180.811489 
505 15.140000 -174.958290 -178.718137 
506 15.150000 -173.185049 -176.651518 
507 15.160000 -171.432263 -174.611267 
508 15.170000 -169.699670 -172.597028 
509 15.180000 -167.987013 -170.608448 
510 15.190000 -166.294041 -168.645180 
511 15.200000 -164.620503 -166.706879 
512 15.210000 -162.966154 -164.793208 
513 15.220000 -161.330750 -162.903833 
514 15.230000 -159.714051 -161.038424 
515 15.240000 -158.115822 -159.196657 
516 15.250000 -156.535829 -157.378212 
517 15.260000 -154.973841 -155.582772 
518 15.270000 -153.429633 -153.810027 
519 15.280000 -151.902979 -152.059668 
520 15.290000 -150.393660 -150.331393 
521 15.300000 -148.901456 -148.624903 
522 15.310000 -147.426154 -146.939903 
523 15.320000 -145.967541 -145.276103 
524 15.330000 -144.525407 -143.633216 
525 15.340000 -143.099547 -142.010960 
526 15.350000 -141.689756 -140.409056 
527 15.360000 -140.295833 -138.827228 
528 15.370000 -138.917581 -137.265207 
529 15.380000 -137.554804 -135.722724 
530 15.390000 -136.207309 -134.199517 
531 15.400000 -134.874905 -132.695326 
532 15.410000 -133.557404 -131.209893 
533 15.420000 -132.254622 -129.742968 
534 15.430000 -130.966375 -128.294300 
535 15.440000 -129.692484 -126.863644 
536 15.450000 -128.432769 -125.450758 
537 15.460000 -127.187056 -124.055403 
538 15.470000 -125.955172 -122.677344 
539 15.480000 -124.736945 -121.316348 
540 15.490000 -123.532207 -119.972186 
541 15.500000 -122.340791 -118.644634 
542 15.510000 -121.162533 -117.333468 
543 15.520000 -119.997272 -116.038469 
544 15.530000 -118.844847 -114.759420 
545 15.540000 -117.705101 -113.496109 
546 15.550000 -116.577879 -112.248324 
547 15.560000 -115.463026 -111.015860 
548 15.570000 -114.360391 -109.798510 
549 15.580000 -113.269826 -108.596074 
550 15.590000 -112.191181 -107.408353 
551 15.600000 -111.124313 -106.235151 
552 15.610000 -110.069077 -105.076274 
553 15.620000 -109.025331 -103.931533 
554 15.630000 -107.992936 -102.800739 
555 15.640000 -106.971755 -101.683707 
556 15.650000 -105.961649 -100.580254 
557 15.660000 -104.962487 -99.490201 
558 15.670000 -103.974134 -98.413370 
559 15.680000 -102.996460 -97.349586 
560 15.690000 -102.029336 -96.298676 
561 15.700000 -101.072635 -95.260471 
562 15.710000 -100.126231 -94.234802 
563 15.720000 -99.189999 -93.221504 
564 15.730000 -98.263818 -92.220414 
565 15.740000 -97.347567 -91.231371 
566 15.750000 -96.441126 -90.254217 
567 15.760000 -95.544378 -89.288795 
568 15.770000 -94.657207 -88.334951 
569 15.780000 -93.779498 -87.392533 
570 15.790000 -92.911138 -86.461392 
571 15.800000 -92.052015 -85.541379 
572 15.810000 -91.202019 -84.632349 
573 15.820000 -90.361042 -83.734157 
574 15.830000 -89.528976 -82.846663 
575 15.840000 -88.705715 -81.969727 
576 15.850000 -87.891155 -81.103211 
577 15.860000 -87.085193 -80.246979 
578 15.870000 -86.287726 -79.400898 
579 15.880000 -85.498655 -78.564834 
580 15.890000 -84.717880 -77.738659 
581 15.900000 -83.945303 -76.922243 
582 15.910000 -83.180827 -76.115459 
583 15.920000 -82.424358 -75.318184 
584 15.930000 -81.675800 -74.530294 
585 15.940000 -80.935062 -73.751668 
586 15.950000 -80.202051 -72.982185 
587 15.960000 -79.476676 -72.221728 
588 15.970000 -78.758849 -71.470180 
589 15.980000 -78.048481 -70.727427 
590 15.990000 -77.345485 -69.993355 
591 16.000000 -76.649775 -69.267852 
592 16.010000 -75.961266 -68.550809 
593 16.020000 -75.279874 -67.842117 
594 16.030000 -74.605516 -67.141669 
595 16.040000 -73.938112 -66.449358 
596 16.050000 -73.277579 -65.765082 
597 16.060000 -72.623839 -65.088737 
598 16.070000 -71.976814 -64.420222 
599 16.080000 -71.336424 -63.759437 
600 16.090000 -70.702595 -63.106284 
601 16.100000 -70.075249 -62.460665 
602 16.110000 -69.454313 -61.822485 
603 16.120000 -68.839713 -61.191648 
604 16.130000 -68.231377 -60.568062 
605 16.140000 -67.629231 -59.951635 
606 16.150000 -67.033205 -59.342276 
607 16.160000 -66.443230 -58.739896 
608 16.170000 -65.859236 -58.144406 
609 16.180000 -65.281154 -57.555720 
610 16.190000 -64.708917 -56.973751 
611 16.200000 -64.142460 -56.398415 
612 16.210000 -63.581715 -55.829628 
613 16.220000 -63.026618 -55.267309 
614 16.230000 -62.477105 -54.711375 
615 16.240000 -61.933113 -54.161746 
616 16.250000 -61.394579 -53.618345 
617 16.260000 -60.861441 -53.081092 
618 16.270000 -60.333639 -52.549910 
619 16.280000 -59.811111 -52.024724 
620 16.290000 -59.293800 -51.505460 
621 16.300000 -58.781645 -50.992042 
622 16.310000 -58.274590 -50.484399 
623 16.320000 -57.772576 -49.982458 
624 16.330000 -57.275548 -49.486148 
625 16.340000 -56.783449 -48.995401 
626 16.350000 -56.296224 -48.510146 
627 16.360000 -55.813819 -48.030315 
628 16.370000 -55.336180 -47.555842 
629 16.380000 -54.863254 -47.086660 
630 16.390000 -54.394988 -46.622704 
631 16.400000 -53.931331 -46.163909 
632 16.410000 -53.472231 -45.710212 
633 16.420000 -53.017638 -45.261550 
634 16.430000 -52.567501 -44.817861 
635 16.440000 -52.121772 -44.379084 
636 16.450000 -51.680402 -43.945159 
637 16.460000 -51.243343 -43.516027 
638 16.470000 -50.810547 -43.091628 
639 16.480000 -50.381967 -42.671904 
640 16.490000 -49.957557 -42.256800 
641 16.500000 -49.537270 -41.846257 
642 16.510000 -49.121063 -41.440222 
643 16.520000 -48.708889 -41.038638 
644 16.530000 -48.300706 -40.641452 
645 16.540000 -47.896468 -40.248610 
646 16.550000 -47.496134 -39.860059 
647 16.560000 -47.099660 -39.475748 
648 16.570000 -46.707004 -39.095625 
649 16.580000 -46.318125 -38.719640 
650 16.590000 -45.932983 -38.347742 
651 16.600000 -45.551535 -37.979883 
652 16.610000 -45.173743 -37.616013 
653 16.620000 -44.799566 -37.256085 
654 16.630000 -44.428966 -36.900050 
655 16.640000 -44.061904 -36.547863 
656 16.650000 -43.698341 -36.199477 
657 16.660000 -43.338241 -35.854847 
658 16.670000 -42.981565 -35.513927 
659 16.680000 -42.628277 -35.176674 
660 16.690000 -42.278340 -34.843043 
661 16.700000 -41.931719 -34.512991 
662 16.710000 -41.588378 -34.186476 
663 16.720000 -41.248282 -33.863455 
664 16.730000 -40.911396 -33.543887 
665 16.740000 -40.577686 -33.227731 
666 16.750000 -40.247118 -32.914946 
667 16.760000 -39.919659 -32.605493 
668 16.770000 -39.595275 -32.299331 
669 16.780000 -39.273934 -31.996423 
670 16.790000 -38.955604 -31.696729 
671 16.800000 -38.640252 -31.400212 
672 16.810000 -38.327847 -31.106834 
673 16.820000 -38.018359 -30.816559 
674 16.830000 -37.711756 -30.529349 
675 16.840000 -37.408007 -30.245169 
676 16.850000 -37.107083 -29.963983 
677 16.860000 -36.808954 -29.685756 
678 16.870000 -36.513591 -29.410454 
679 16.880000 -36.220964 -29.138041 
680 16.890000 -35.931045 -28.868486 
681 16.900000 -35.643805 -28.601754 
682 16.910000 -35.359217 -28.337811 
683 16.920000 -35.077252 -28.076627 
684 16.930000 -34.797884 -27.818169 
685 16.940000 -34.521086 -27.562404 
686 16.950000 -34.246829 -27.309302 
687 16.960000 -33.975089 -27.058832 
688 16.970000 -33.705839 -26.810964 
689 16.980000 -33.439053 -26.565667 
690 16.990000 -33.174705 -26.322912 
691 17.000000 -32.912771 -26.082669 
692 17.010000 -32.653225 -25.844909 
693 17.020000 -32.396044 -25.609605 
694 17.030000 -32.141201 -25.376727 
695 17.040000 -31.888674 -25.146247 
696 17.050000 -31.638438 -24.918139 
697 17.060000 -31.390470 -24.692375 
698 17.070000 -31.144746 -24.468928 
699 17.080000 -30.901244 -24.247772 
700 17.090000 -30.659942 -24.028880 
701 17.100000 -30.420815 -23.812227 
702 17.110000 -30.183843 -23.597787 
703 17.120000 -29.949002 -23.385535 
704 17.130000 -29.716272 -23.175446 
705 17.140000 -29.485631 -22.967496 
706 17.150000 -29.257058 -22.761661 
707 17.160000 -29.030532 -22.557915 
708 17.170000 -28.806031 -22.356236 
709 17.180000 -28.583536 -22.156601 
710 17.190000 -28.363026 -21.958985 
711 17.200000 -28.144481 -21.763368 
712 17.210000 -27.927881 -21.569725 
713 17.220000 -27.713206 -21.378035 
714 17.230000 -27.500438 -21.188275 
715 17.240000 -27.289557 -21.000425 
716 17.250000 -27.080544 -20.814462 
717 17.260000 -26.873380 -20.630366 
718 17.270000 -26.668047 -20.448115 
719 17.280000 -26.464526 -20.267690 
720 17.290000 -26.262800 -20.089069 
721 17.300000 -26.062849 -19.912233 
722 17.310000 -25.864658 -19.737161 
723 17.320000 -25.668207 -19.563834 
724 17.330000 -25.473481 -19.392232 
725 17.340000 -25.280461 -19.222337 
726 17.350000 -25.089130 -19.054130 
727 17.360000 -24.899473 -18.887591 
728 17.370000 -24.711471 -18.722703 
729 17.380000 -24.525110 -18.559446 
730 17.390000 -24.340372 -18.397804 
731 17.400000 -24.157242 -18.237758 
732 17.410000 -23.975704 -18.079291 
733 17.420000 -23.795742 -17.922384 
734 17.430000 -23.617340 -17.767022 
735 17.440000 -23.440484 -17.613187 
736 17.450000 -23.265158 -17.460863 
737 17.460000 -23.091347 -17.310032 
738 17.470000 -22.919036 -17.160679 
739 17.480000 -22.748210 -17.012787 
740 17.490000 -22.578856 -16.866340 
741 17.500000 -22.410958 -16.721324 
742 17.510000 -22.244503 -16.577721 
743 17.520000 -22.079476 -16.435516 
744 17.530000 -21.915863 -16.294696 
745 17.540000 -21.753652 -16.155243 
746 17.550000 -21.592827 -16.017145 
747 17.560000 -21.433376 -15.880385 
748 17.570000 -21.275286 -15.744949 
749 17.580000 -21.118543 -15.610824 
750 17.590000 -20.963134 -15.477994 
751 17.600000 -20.809046 -15.346447 
752 17.610000 -20.656267 -15.216168 
753 17.620000 -20.504784 -15.087143 
754 17.630000 -20.354584 -14.959359 
755 17.640000 -20.205656 -14.832803 
756 17.650000 -20.057986 -14.707461 
757 17.660000 -19.911564 -14.583321 
758 17.670000 -19.766376 -14.460370 
759 17.680000 -19.622412 -14.338594 
760 17.690000 -19.479659 -14.217982 
761 17.700000 -19.338106 -14.098521 
762 17.710000 -19.197741 -13.980198 
763 17.720000 -19.058554 -13.863002 
764 17.730000 -18.920532 -13.746921 
765 17.740000 -18.783665 -13.631942 
766 17.750000 -18.647943 -13.518054 
767 17.760000 -18.513353 -13.405246 
768 17.770000 -18.379885 -13.293506 
769 17.780000 -18.247530 -13.182822 
770 17.790000 -18.116275 -13.073184 
771 17.800000 -17.986112 -12.964581 
772 17.810000 -17.857028 -12.857001 
773 17.820000 -17.729016 -12.750434 
774 17.830000 -17.602063 -12.644870 
775 17.840000 -17.476161 -12.540297 
776 17.850000 -17.351299 -12.436705 
777 17.860000 -17.227468 -12.334084 
778 17.870000 -17.104658 -12.232424 
779 17.880000 -16.982859 -12.131715 
780 17.890000 -16.862063 -12.031947 
781 17.900000 -16.742259 -11.933109 
782 17.910000 -16.623439 -11.835193 
783 17.920000 -16.505593 -11.738189 
784 17.930000 -16.388712 -11.642086 
785 17.940000 -16.272787 -11.546877 
786 17.950000 -16.157810 -11.452551 
787 17.960000 -16.043771 -11.359100 
788 17.970000 -15.930663 -11.266514 
789 17.980000 -15.818475 -11.174784 
790 17.990000 -15.707201 -11.083902 
791 18.000000 -15.596830 -10.993858 
792 18.010000 -15.487356 -10.904645 
793 18.020000 -15.378769 -10.816253 
794 18.030000 -15.271062 -10.728674 
795 18.040000 -15.164227 -10.641901 
796 18.050000 -15.058255 -10.555923 
797 18.060000 -14.953138 -10.470734 
798 18.070000 -14.848869 -10.386325 
799 18.080000 -14.745441 -10.302688 
800 18.090000 -14.642844 -10.219816 
801 18.100000 -14.541072 -10.137700 
802 18.110000 -14.440118 -10.056333 
803 18.120000 -14.339973 -9.975707 
804 18.130000 -14.240630 -9.895815 
805 18.140000 -14.142083 -9.816649 
806 18.150000 -14.044323 -9.738202 
807 18.160000 -13.947345 -9.660466 
808 18.170000 -13.851139 -9.583435 
809 18.180000 -13.755701 -9.507100 
810 18.190000 -13.661022 -9.431456 
811 18.200000 -13.567096 -9.356495 
812 18.210000 -13.473915 -9.282210 
813 18.220000 -13.381475 -9.208594 
814 18.230000 -13.289766 -9.135641 
815 18.240000 -13.198784 -9.063344 
816 18.250000 -13.108522 -8.991697 
817 18.260000 -13.018972 -8.920692 
818 18.270000 -12.930129 -8.850324 
819 18.280000 -12.841987 -8.780586 
820 18.290000 -12.754539 -8.711471 
821 18.300000 -12.667778 -8.642974 
822 18.310000 -12.581699 -8.575088 
823 18.320000 -12.496296 -8.507808 
824 18.330000 -12.411563 -8.441126 
825 18.340000 -12.327493 -8.375038 
826 18.350000 -12.244081 -8.309537 
827 18.360000 -12.161321 -8.244618 
828 18.370000 -12.079207 -8.180274 
829 18.380000 -11.997734 -8.116500 
830 18.390000 -11.916895 -8.053291 
831 18.400000 -11.836685 -7.990640 
832 18.410000 -11.757100 -7.928543 
833 18.420000 -11.678132 -7.866993 
834 18.430000 -11.599776 -7.805986 
835 18.440000 -11.522028 -7.745516 
836 18.450000 -11.444882 -7.685577 
837 18.460000 -11.368333 -7.626165 
838 18.470000 -11.292375 -7.567274 
839 18.480000 -11.217003 -7.508900 
840 18.490000 -11.142212 -7.451036 
841 18.500000 -11.067997 -7.393679 
842 18.510000 -10.994354 -7.336823 
843 18.520000 -10.921276 -7.280463 
844 18.530000 -10.848759 -7.224595 
845 18.540000 -10.776798 -7.169213 
846 18.550000 -10.705388 -7.114313 
847 18.560000 -10.634525 -7.059891 
848 18.570000 -10.564204 -7.005941 
849 18.580000 -10.494420 -6.952459 
850 18.590000 -10.425168 -6.899440 
851 18.600000 -10.356444 -6.846880 
852 18.610000 -10.288243 -6.794775 
853 18.620000 -10.220561 -6.743120 
854 18.630000 -10.153393 -6.691911 
855 18.640000 -10.086735 -6.641143 
856 18.650000 -10.020582 -6.590812 
857 18.660000 -9.954931 -6.540915 
858 18.670000 -9.889776 -6.491446 
859 18.680000 -9.825113 -6.442401 
860 18.690000 -9.760939 -6.393778 
861 18.700000 -9.697249 -6.345571 
862 18.710000 -9.634039 -6.297776 
863 18.720000 -9.571304 -6.250391 
864 18.730000 -9.509041 -6.203410 
865 18.740000 -9.447246 -6.156829 
866 18.750000 -9.385915 -6.110646 
867 18.760000 -9.325044 -6.064856 
868 18.770000 -9.264628 -6.019456 
869 18.780000 -9.204664 -5.974441 
870 18.790000 -9.145149 -5.929809 
871 18.800000 -9.086078 -5.885555 
872 18.810000 -9.027447 -5.841675 
873 18.820000 -8.969254 -5.798168 
874 18.830000 -8.911493 -5.755028 
875 18.840000 -8.854162 -5.712252 
876 18.850000 -8.797257 -5.669837 
877 18.860000 -8.740774 -5.627780 
878 18.870000 -8.684710 -5.586077 
879 18.880000 -8.629061 -5.544724 
880 18.890000 -8.573824 -5.503720 
881 18.900000 -8.518995 -5.463059 
882 18.910000 -8.464571 -5.422739 
883 18.920000 -8.410548 -5.382757 
884 18.930000 -8.356924 -5.343110 
885 18.940000 -8.303694 -5.303794 
886 18.950000 -8.250855 -5.264807 
887 18.960000 -8.198405 -5.226145 
888 18.970000 -8.146340 -5.187805 
889 18.980000 -8.094656 -5.149785 
890 18.990000 -8.043352 -5.112080 
891 19.000000 -7.992422 -5.074690 
892 19.010000 -7.941865 -5.037609 
893 19.020000 -7.891677 -5.000836 
894 19.030000 -7.841855 -4.964368 
895 19.040000 -7.792396 -4.928202 
896 19.050000 -7.743297 -4.892334 
897 19.060000 -7.694556 -4.856763 
898 19.070000 -7.646169 -4.821486 
899 19.080000 -7.598133 -4.786499 
900 19.090000 -7.550445 -4.751801 
901 19.100000 -7.503103 -4.717388 
902 19.110000 -7.456103 -4.683258 
903 19.120000 -7.409444 -4.649409 
904 19.130000 -7.363121 -4.615837 
905 19.140000 -7.317133 -4.582540 
906 19.150000 -7.271476 -4.549515 
907 19.160000 -7.226148 -4.516761 
908 19.170000 -7.181146 -4.484275 
909 19.180000 -7.136468 -4.452054 
910 19.190000 -7.092110 -4.420095 
911 19.200000 -7.048071 -4.388397 
912 19.210000 -7.004348 -4.356957 
913 19.220000 -6.960937 -4.325773 
914 19.230000 -6.917837 -4.294842 
915 19.240000 -6.875045 -4.264162 
916 19.250000 -6.832559 -4.233731 
917 19.260000 -6.790376 -4.203546 
918 19.270000 -6.748493 -4.173606 
919 19.280000 -6.706908 -4.143907 
920 19.290000 -6.665619 -4.114449 
921 19.300000 -6.624624 -4.085228 
922 19.310000 -6.583919 -4.056243 
923 19.320000 -6.543504 -4.027491 
924 19.330000 -6.503374 -3.998970 
925 19.340000 -6.463529 -3.970679 
926 19.350000 -6.423965 -3.942615 
927 19.360000 -6.384680 -3.914775 
928 19.370000 -6.345673 -3.887160 
929 19.380000 -6.306941 -3.859765 
930 19.390000 -6.268482 -3.832589 
931 19.400000 -6.230294 -3.805630 
932 19.410000 -6.192373 -3.778887 
933 19.420000 -6.154720 -3.752357 
934 19.430000 -6.117330 -3.726038 
935 19.440000 -6.080203 -3.699929 
936 19.450000 -6.043335 -3.674028 
937 19.460000 -6.006726 -3.648332 
938 19.470000 -5.970372 -3.622840 
939 19.480000 -5.934273 -3.597551 
940 19.490000 -5.898425 -3.572461 
941 19.500000 -5.862827 -3.547571 
942 19.510000 -5.827477 -3.522877 
943 19.520000 -5.792373 -3.498378 
944 19.530000 -5.757512 -3.474073 
945 19.540000 -5.722894 -3.449959 
946 19.550000 -5.688516 -3.426035 
947 19.560000 -5.654377 -3.402300 
948 19.570000 -5.620474 -3.378751 
949 19.580000 -5.586805 -3.355387 
950 19.590000 -5.553369 -3.332206 
951 19.600000 -5.520164 -3.309207 
952 19.610000 -5.487188 -3.286389 
953 19.620000 -5.454439 -3.263748 
954 19.630000 -5.421916 -3.241285 
955 19.640000 -5.389616 -3.218998 
956 19.650000 -5.357538 -3.196884 
957 19.660000 -5.325681 -3.174942 
958 19.670000 -5.294042 -3.153172 
959 19.680000 -5.262620 -3.131571 
960 19.690000 -5.231414 -3.110138 
961 19.700000 -5.200420 -3.088871 
962 19.710000 -5.169639 -3.067769 
963 19.720000 -5.139067 -3.046831 
964 19.730000 -5.108705 -3.026055 
965 19.740000 -5.078549 -3.005440 
966 19.750000 -5.048598 -2.984985 
967 19.760000 -5.018851 -2.964687 
968 19.770000 -4.989307 -2.944546 
969 19.780000 -4.959963 -2.924560 
970 19.790000 -4.930818 -2.904728 
971 19.800000 -4.901870 -2.885048 
972 19.810000 -4.873119 -2.865520 
973 19.820000 -4.844562 -2.846142 
974 19.830000 -4.816198 -2.826913 
975 19.840000 -4.788026 -2.807831 
976 19.850000 -4.760044 -2.788895 
977 19.860000 -4.732250 -2.770104 
978 19.870000 -4.704644 -2.751457 
979 19.880000 -4.677223 -2.732952 
980 19.890000 -4.649987 -2.714589 
981 19.900000 -4.622933 -2.696365 
982 19.910000 -4.596061 -2.678280 
983 19.920000 -4.569370 -2.660333 
984 19.930000 -4.542857 -2.642522 
985 19.940000 -4.516521 -2.624847 
986 19.950000 -4.490362 -2.607306 
987 19.960000 -4.464377 -2.589898 
988 19.970000 -4.438565 -2.572621 
989 19.980000 -4.412926 -2.555476 
990 19.990000 -4.387458 -2.538460 
991 20.000000 -4.362159 -2.521572 
992 20.010000 -4.337028 -2.504812 
993 20.020000 -4.312064 -2.488179 
994 20.030000 -4.287266 -2.471671 
995 20.040000 -4.262632 -2.455287 
996 20.050000 -4.238162 -2.439026 
997 20.060000 -4.213853 -2.422887 
998 20.070000 -4.189706 -2.406870 
999 20.080000 -4.165717 -2.390973 
1000 20.090000 -4.141888 -2.375195 
1001 20.100000 -4.118215 -2.359535 
1002 20.110000 -4.094698 -2.343992 
1003 20.120000 -4.071337 -2.328565 
1004 20.130000 -4.048128 -2.313254 
1005 20.140000 -4.025073 -2.298056 
1006 20.150000 -4.002169 -2.282972 
1007 20.160000 -3.979415 -2.268000 
1008 20.170000 -3.956810 -2.253140 
1009 20.180000 -3.934353 -2.238390 
1010 20.190000 -3.912044 -2.223750 
1011 20.200000 -3.889880 -2.209218 
1012 20.210000 -3.867860 -2.194794 
1013 20.220000 -3.845985 -2.180477 
1014 20.230000 -3.824252 -2.166266 
1015 20.240000 -3.802661 -2.152160 
1016 20.250000 -3.781210 -2.138158 
1017 20.260000 -3.759899 -2.124259 
1018 20.270000 -3.738726 -2.110463 
1019 20.280000 -3.717691 -2.096769 
1020 20.290000 -3.696792 -2.083175 
1021 20.300000 -3.676028 -2.069682 
1022 20.310000 -3.655399 -2.056287 
1023 20.320000 -3.634904 -2.042991 
1024 20.330000 -3.614541 -2.029792 
1025 20.340000 -3.594309 -2.016690 
1026 20.350000 -3.574208 -2.003684 
1027 20.360000 -3.554236 -1.990773 
1028 20.370000 -3.534393 -1.977957 
1029 20.380000 -3.514678 -1.965234 
1030 20.390000 -3.495090 -1.952604 
1031 20.400000 -3.475627 -1.940066 
1032 20.410000 -3.456289 -1.927619 
1033 20.420000 -3.437076 -1.915263 
1034 20.430000 -3.417985 -1.902997 
1035 20.440000 -3.399017 -1.890820 
1036 20.450000 -3.380170 -1.878731 
1037 20.460000 -3.361443 -1.866730 
1038 20.470000 -3.342836 -1.854816 
1039 20.480000 -3.324348 -1.842988 
1040 20.490000 -3.305977 -1.831245 
1041 20.500000 -3.287723 -1.819588 
1042 20.510000 -3.269586 -1.808015 
1043 20.520000 -3.251564 -1.796525 
1044 20.530000 -3.233656 -1.785118 
1045 20.540000 -3.215862 -1.773793 
1046 20.550000 -3.198181 -1.762549 
1047 20.560000 -3.180612 -1.751387 
1048 20.570000 -3.163154 -1.740304 
1049 20.580000 -3.145807 -1.729302 
1050 20.590000 -3.128569 -1.718378 
1051 20.600000 -3.111440 -1.707532 
1052 20.610000 -3.094419 -1.696764 
1053 20.620000 -3.077506 -1.686073 
1054 20.630000 -3.060698 -1.675458 
1055 20.640000 -3.043997 -1.664919 
1056 20.650000 -3.027401 -1.654456 
1057 20.660000 -3.010909 -1.644066 
1058 20.670000 -2.994520 -1.633751 
1059 20.680000 -2.978234 -1.623510 
1060 20.690000 -2.962051 -1.613341 
1061 20.700000 -2.945968 -1.603244 
1062 20.710000 -2.929986 -1.593219 
1063 20.720000 -2.914104 -1.583265 
1064 20.730000 -2.898322 -1.573381 
1065 20.740000 -2.882637 -1.563568 
1066 20.750000 -2.867051 -1.553824 
1067 20.760000 -2.851562 -1.544149 
1068 20.770000 -2.836169 -1.534542 
1069 20.780000 -2.820871 -1.525003 
1070 20.790000 -2.805669 -1.515531 
1071 20.800000 -2.790561 -1.506126 
1072 20.810000 -2.775547 -1.496787 
1073 20.820000 -2.760626 -1.487513 
1074 20.830000 -2.745797 -1.478305 
1075 20.840000 -2.731061 -1.469162 
1076 20.850000 -2.716415 -1.460082 
1077 20.860000 -2.701859 -1.451067 
1078 20.870000 -2.687394 -1.442114 
1079 20.880000 -2.673018 -1.433224 
1080 20.890000 -2.658730 -1.424396 
1081 20.900000 -2.644530 -1.415630 
1082 20.910000 -2.630418 -1.406925 
1083 20.920000 -2.616392 -1.398280 
1084 20.930000 -2.602453 -1.389696 
1085 20.940000 -2.588599 -1.381172 
1086 20.950000 -2.574830 -1.372707 
1087 20.960000 -2.561145 -1.364300 
1088 20.970000 -2.547544 -1.355952 
1089 20.980000 -2.534026 -1.347662 
1090 20.990000 -2.520591 -1.339430 
1091 21.000000 -2.507238 -1.331254 
1092 21.010000 -2.493967 -1.323135 
1093 21.020000 -2.480776 -1.315073 
1094 21.030000 -2.467666 -1.307065 
1095 21.040000 -2.454635 -1.299114 
1096 21.050000 -2.441684 -1.291217 
1097 21.060000 -2.428811 -1.283374 
1098 21.070000 -2.416017 -1.275585 
1099 21.080000 -2.403300 -1.267850 
1100 21.090000 -2.390660 -1.260169 
1101 21.100000 -2.378097 -1.252540 
1102 21.110000 -2.365610 -1.244963 
1103 21.120000 -2.353198 -1.237438 
1104 21.130000 -2.340861 -1.229965 
1105 21.140000 -2.328599 -1.222543 
1106 21.150000 -2.316411 -1.215172 
1107 21.160000 -2.304296 -1.207851 
1108 21.170000 -2.292254 -1.200580 
1109 21.180000 -2.280285 -1.193359 
1110 21.190000 -2.268387 -1.186187 
1111 21.200000 -2.256561 -1.179064 
1112 21.210000 -2.244806 -1.171989 
1113 21.220000 -2.233122 -1.164962 
1114 21.230000 -2.221507 -1.157984 
1115 21.240000 -2.209962 -1.151052 
1116 21.250000 -2.198487 -1.144168 
1117 21.260000 -2.187079 -1.137330 
1118 21.270000 -2.175740 -1.130539 
1119 21.280000 -2.164469 -1.123793 
1120 21.290000 -2.153265 -1.117094 
1121 21.300000 -2.142127 -1.110439 
1122 21.310000 -2.131056 -1.103829 
1123 21.320000 -2.120051 -1.097264 
1124 21.330000 -2.109111 -1.090744 
1125 21.340000 -2.098236 -1.084267 
1126 21.350000 -2.087426 -1.077834 
1127 21.360000 -2.076680 -1.071444 
1128 21.370000 -2.065998 -1.065097 
1129 21.380000 -2.055378 -1.058792 
1130 21.390000 -2.044822 -1.052530 
1131 21.400000 -2.034328 -1.046310 
1132 21.410000 -2.023896 -1.040131 
1133 21.420000 -2.013526 -1.033994 
1134 21.430000 -2.003216 -1.027898 
1135 21.440000 -1.992968 -1.021843 
1136 21.450000 -1.982780 -1.015828 
1137 21.460000 -1.972652 -1.009853 
1138 21.470000 -1.962583 -1.003918 
1139 21.480000 -1.952573 -0.998023 
1140 21.490000 -1.942623 -0.992166 
1141 21.500000 -1.932730 -0.986349 
1142 21.510000 -1.922896 -0.980571 
1143 21.520000 -1.913119 -0.974830 
1144 21.530000 -1.903399 -0.969128 
1145 21.540000 -1.893737 -0.963464 
1146 21.550000 -1.884130 -0.957837 
1147 21.560000 -1.874580 -0.952247 
1148 21.570000 -1.865086 -0.946695 
1149 21.580000 -1.855646 -0.941179 
1150 21.590000 -1.846262 -0.935699 
1151 21.600000 -1.836933 -0.930256 
1152 21.610000 -1.827657 -0.924848 
1153 21.620000 -1.818436 -0.919476 
1154 21.630000 -1.809268 -0.914140 
1155 21.640000 -1.800153 -0.908838 
1156 21.650000 -1.791091 -0.903572 
1157 21.660000 -1.782082 -0.898340 
1158 21.670000 -1.773125 -0.893142 
1159 21.680000 -1.764219 -0.887978 
1160 21.690000 -1.755365 -0.882849 
1161 21.700000 -1.746563 -0.877752 
1162 21.710000 -1.737811 -0.872690 
1163 21.720000 -1.729109 -0.867660 
1164 21.730000 -1.720457 -0.862663 
1165 21.740000 -1.711856 -0.857699 
1166 21.750000 -1.703304 -0.852767 
1167 21.760000 -1.694801 -0.847867 
1168 21.770000 -1.686346 -0.842999 
1169 21.780000 -1.677941 -0.838163 
1170 21.790000 -1.669583 -0.833358 
1171 21.800000 -1.661274 -0.828584 
1172 21.810000 -1.653012 -0.823841 
1173 21.820000 -1.644797 -0.819130 
1174 21.830000 -1.636629 -0.814448 
1175 21.840000 -1.628508 -0.809797 
1176 21.850000 -1.620434 -0.805176 
1177 21.860000 -1.612405 -0.800585 
1178 21.870000 -1.604422 -0.796024 
1179 21.880000 -1.596485 -0.791492 
1180 21.890000 -1.588592 -0.786989 
1181 21.900000 -1.580745 -0.782515 
1182 21.910000 -1.572942 -0.778070 
1183 21.920000 -1.565184 -0.773654 
1184 21.930000 -1.557469 -0.769266 
1185 21.940000 -1.549798 -0.764906 
1186 21.950000 -1.542171 -0.760575 
1187 21.960000 -1.534587 -0.756271 
1188 21.970000 -1.527046 -0.751994 
1189 21.980000 -1.519547 -0.747745 
1190 21.990000 -1.512091 -0.743523 
1191 22.000000 -1.504677 -0.739329 
1192 22.010000 -1.497305 -0.735161 
1193 22.020000 -1.489974 -0.731019 
1194 22.030000 -1.482684 -0.726904 
1195 22.040000 -1.475436 -0.722816 
1196 22.050000 -1.468228 -0.718753 
1197 22.060000 -1.461061 -0.714716 
1198 22.070000 -1.453934 -0.710705 
1199 22.080000 -1.446847 -0.706720 
1200 22.090000 -1.439800 -0.702759 
1201 22.100000 -1.432792 -0.698824 
1202 22.110000 -1.425823 -0.694914 
1203 22.120000 -1.418894 -0.691029 
1204 22.130000 -1.412003 -0.687168 
1205 22.140000 -1.405150 -0.683332 
1206 22.150000 -1.398336 -0.679519 
1207 22.160000 -1.391560 -0.675731 
1208 22.170000 -1.384822 -0.671967 
1209 22.180000 -1.378121 -0.668227 
1210 22.190000 -1.371457 -0.664510 
1211 22.200000 -1.364831 -0.660817 
1212 22.210000 -1.358241 -0.657147 
1213 22.220000 -1.351688 -0.653500 
1214 22.230000 -1.345171 -0.649876 
1215 22.240000 -1.338690 -0.646274 
1216 22.250000 -1.332246 -0.642695 
1217 22.260000 -1.325836 -0.639139 
1218 22.270000 -1.319463 -0.635605 
1219 22.280000 -1.313124 -0.632093 
1220 22.290000 -1.306821 -0.628603 
1221 22.300000 -1.300552 -0.625135 
1222 22.310000 -1.294318 -0.621689 
1223 22.320000 -1.288119 -0.618264 
1224 22.330000 -1.281953 -0.614860 
1225 22.340000 -1.275822 -0.611478 
1226 22.350000 -1.269724 -0.608117 
1227 22.360000 -1.263659 -0.604777 
1228 22.370000 -1.257628 -0.601457 
1229 22.380000 -1.251630 -0.598158 
1230 22.390000 -1.245665 -0.594880 
1231 22.400000 -1.239733 -0.591622 
1232 22.410000 -1.233833 -0.588384 
1233 22.420000 -1.227965 -0.585166 
1234 22.430000 -1.222130 -0.581968 
1235 22.440000 -1.216326 -0.578790 
1236 22.450000 -1.210554 -0.575631 
1237 22.460000 -1.204813 -0.572493 
1238 22.470000 -1.199104 -0.569373 
1239 22.480000 -1.193426 -0.566273 
1240 22.490000 -1.187779 -0.563192 
1241 22.500000 -1.182162 -0.560129 
1242 22.510000 -1.176576 -0.557086 
1243 22.520000 -1.171020 -0.554061 
1244 22.530000 -1.165495 -0.551055 
1245 22.540000 -1.159999 -0.548068 
1246 22.550000 -1.154534 -0.545099 
1247 22.560000 -1.149097 -0.542148 
1248 22.570000 -1.143691 -0.539215 
1249 22.580000 -1.138313 -0.536300 
1250 22.590000 -1.132965 -0.533403 
1251 22.600000 -1.127645 -0.530523 
1252 22.610000 -1.122354 -0.527661 
1253 22.620000 -1.117092 -0.524817 
1254 22.630000 -1.111858 -0.521990 
1255 22.640000 -1.106652 -0.519180 
1256 22.650000 -1.101474 -0.516388 
1257 22.660000 -1.096324 -0.513612 
1258 22.670000 -1.091202 -0.510853 
1259 22.680000 -1.086107 -0.508111 
1260 22.690000 -1.081040 -0.505386 
1261 22.700000 -1.076000 -0.502677 
1262 22.710000 -1.070987 -0.499985 
1263 22.720000 -1.066000 -0.497309 
1264 22.730000 -1.061040 -0.494649 
1265 22.740000 -1.056107 -0.492006 
1266 22.750000 -1.051200 -0.489378 
1267 22.760000 -1.046320 -0.486766 
1268 22.770000 -1.041465 -0.484170 
1269 22.780000 -1.036636 -0.481590 
1270 22.790000 -1.031833 -0.479025 
1271 22.800000 -1.027056 -0.476476 
1272 22.810000 -1.022304 -0.473942 
1273 22.820000 -1.017577 -0.471423 
1274 22.830000 -1.012875 -0.468920 
1275 22.840000 -1.008199 -0.466431 
1276 22.850000 -1.003547 -0.463958 
1277 22.860000 -0.998919 -0.461499 
1278 22.870000 -0.994317 -0.459055 
1279 22.880000 -0.989738 -0.456626 
1280 22.890000 -0.985184 -0.454211 
1281 22.900000 -0.980654 -0.451811 
1282 22.910000 -0.976148 -0.449425 
1283 22.920000 -0.971666 -0.447053 
1284 22.930000 -0.967207 -0.444696 
1285 22.940000 -0.962772 -0.442352 
1286 22.950000 -0.958360 -0.440023 
1287 22.960000 -0.953971 -0.437707 
1288 22.970000 -0.949606 -0.435405 
1289 22.980000 -0.945263 -0.433117 
1290 22.990000 -0.940944 -0.430843 
1291 23.000000 -0.936647 -0.428582 
1292 23.010000 -0.932372 -0.426334 
1293 23.020000 -0.928120 -0.424100 
1294 23.030000 -0.923890 -0.421879 
1295 23.040000 -0.919682 -0.419671 
1296 23.050000 -0.915497 -0.417477 
1297 23.060000 -0.911333 -0.415295 
1298 23.070000 -0.907191 -0.413126 
1299 23.080000 -0.903070 -0.410970 
1300 23.090000 -0.898971 -0.408827 
1301 23.100000 -0.894894 -0.406696 
1302 23.110000 -0.890837 -0.404578 
1303 23.120000 -0.886802 -0.402473 
1304 23.130000 -0.882788 -0.400379 
1305 23.140000 -0.878795 -0.398299 
1306 23.150000 -0.874822 -0.396230 
1307 23.160000 -0.870870 -0.394174 
1308 23.170000 -0.866939 -0.392129 
1309 23.180000 -0.863028 -0.390097 
1310 23.190000 -0.859137 -0.388076 
1311 23.200000 -0.855266 -0.386068 
1312 23.210000 -0.851415 -0.384071 
1313 23.220000 -0.847585 -0.382086 
1314 23.230000 -0.843774 -0.380112 
1315 23.240000 -0.839982 -0.378150 
1316 23.250000 -0.836211 -0.376200 
1317 23.260000 -0.832458 -0.374260 
1318 23.270000 -0.828725 -0.372333 
1319 23.280000 -0.825012 -0.370416 
1320 23.290000 -0.821317 -0.368510 
1321 23.300000 -0.817642 -0.366616 
1322 23.310000 -0.813985 -0.364733 
1323 23.320000 -0.810347 -0.362860 
1324 23.330000 -0.806728 -0.360999 
1325 23.340000 -0.803127 -0.359148 
1326 23.350000 -0.799545 -0.357308 
1327 23.360000 -0.795981 -0.355479 
1328 23.370000 -0.792435 -0.353660 
1329 23.380000 -0.788908 -0.351852 
1330 23.390000 -0.785398 -0.350054 
1331 23.400000 -0.781907 -0.348267 
1332 23.410000 -0.778433 -0.346490 
1333 23.420000 -0.774977 -0.344723 
1334 23.430000 -0.771538 -0.342966 
1335 23.440000 -0.768117 -0.341220 
1336 23.450000 -0.764714 -0.339483 
1337 23.460000 -0.761328 -0.337757 
1338 23.470000 -0.757959 -0.336040 
1339 23.480000 -0.754607 -0.334334 
1340 23.490000 -0.751272 -0.332637 
1341 23.500000 -0.747954 -0.330950 
1342 23.510000 -0.744653 -0.329273 
1343 23.520000 -0.741369 -0.327605 
1344 23.530000 -0.738101 -0.325947 
1345 23.540000 -0.734850 -0.324298 
1346 23.550000 -0.731615 -0.322659 
1347 23.560000 -0.728397 -0.321029 
1348 23.570000 -0.725195 -0.319408 
1349 23.580000 -0.722009 -0.317797 
1350 23.590000 -0.718839 -0.316195 
1351 23.600000 -0.715685 -0.314602 
1352 23.610000 -0.712547 -0.313018 
1353 23.620000 -0.709424 -0.311443 
1354 23.630000 -0.706318 -0.309877 
1355 23.640000 -0.703227 -0.308320 
1356 23.650000 -0.700151 -0.306772 
1357 23.660000 -0.697091 -0.305232 
1358 23.670000 -0.694047 -0.303702 
1359 23.680000 -0.691017 -0.302180 
1360 23.690000 -0.688003 -0.300666 
1361 23.700000 -0.685004 -0.299162 
1362 23.710000 -0.682020 -0.297665 
1363 23.720000 -0.679051 -0.296177 
1364 23.730000 -0.676096 -0.294698 
1365 23.740000 -0.673157 -0.293227 
1366 23.750000 -0.670232 -0.291764 
1367 23.760000 -0.667322 -0.290310 
1368 23.770000 -0.664426 -0.288864 
1369 23.780000 -0.661544 -0.287425 
1370 23.790000 -0.658677 -0.285995 
1371 23.800000 -0.655824 -0.284573 
1372 23.810000 -0.652986 -0.283159 
1373 23.820000 -0.650161 -0.281753 
1374 23.830000 -0.647351 -0.280355 
1375 23.840000 -0.644554 -0.278965 
1376 23.850000 -0.641771 -0.277582 
1377 23.860000 -0.639002 -0.276208 
1378 23.870000 -0.636247 -0.274841 
1379 23.880000 -0.633506 -0.273481 
1380 23.890000 -0.630778 -0.272129 
1381 23.900000 -0.628063 -0.270785 
1382 23.910000 -0.625362 -0.269448 
1383 23.920000 -0.622674 -0.268119 
1384 23.930000 -0.619999 -0.266797 
1385 23.940000 -0.617338 -0.265483 
1386 23.950000 -0.614690 -0.264176 
1387 23.960000 -0.612055 -0.262876 
1388 23.970000 -0.609432 -0.261583 
1389 23.980000 -0.606823 -0.260298 
1390 23.990000 -0.604226 -0.259019 
1391 24.000000 -0.601643 -0.257748 
1392 24.010000 -0.599071 -0.256484 
1393 24.020000 -0.596513 -0.255227 
1394 24.030000 -0.593967 -0.253977 
1395 24.040000 -0.591433 -0.252733 
1396 24.050000 -0.588912 -0.251497 
1397 24.060000 -0.586403 -0.250267 
1398 24.070000 -0.583907 -0.249045 
1399 24.080000 -0.581422 -0.247829 
1400 24.090000 -0.578950 -0.246619 
1401 24.100000 -0.576490 -0.245417 
1402 24.110000 -0.574042 -0.244221 
1403 24.120000 -0.571606 -0.243031 
1404 24.130000 -0.569181 -0.241849 
1405 24.140000 -0.566769 -0.240672 
1406 24.150000 -0.564368 -0.239502 
1407 24.160000 -0.561979 -0.238339 
1408 24.170000 -0.559601 -0.237182 
1409 24.180000 -0.557235 -0.236031 
1410 24.190000 -0.554880 -0.234887 
1411 24.200000 -0.552537 -0.233749 
1412 24.210000 -0.550205 -0.232617 
1413 24.220000 -0.547885 -0.231491 
1414 24.230000 -0.545576 -0.230372 
1415 24.240000 -0.543278 -0.229258 
1416 24.250000 -0.540991 -0.228151 
1417 24.260000 -0.538715 -0.227050 
1418 24.270000 -0.536450 -0.225954 
1419 24.280000 -0.534195 -0.224865 
1420 24.290000 -0.531952 -0.223782 
1421 24.300000 -0.529720 -0.222704 
1422 24.310000 -0.527498 -0.221633 
1423 24.320000 -0.525287 -0.220567 
1424 24.330000 -0.523087 -0.219507 
1425 24.340000 -0.520897 -0.218453 
1426 24.350000 -0.518718 -0.217404 
1427 24.360000 -0.516549 -0.216361 
1428 24.370000 -0.514391 -0.215324 
1429 24.380000 -0.512242 -0.214293 
1430 24.390000 -0.510105 -0.213267 
1431 24.400000 -0.507977 -0.212246 
1432 24.410000 -0.505860 -0.211232 
1433 24.420000 -0.503752 -0.210222 
1434 24.430000 -0.501655 -0.209218 
1435 24.440000 -0.499568 -0.208220 
1436 24.450000 -0.497491 -0.207227 
1437 24.460000 -0.495424 -0.206239 
1438 24.470000 -0.493366 -0.205256 
1439 24.480000 -0.491318 -0.204279 
1440 24.490000 -0.489281 -0.203307 
1441 24.500000 -0.487252 -0.202341 
1442 24.510000 -0.485234 -0.201379 
1443 24.520000 -0.483225 -0.200423 
1444 24.530000 -0.481225 -0.199472 
1445 24.540000 -0.479235 -0.198525 
1446 24.550000 -0.477255 -0.197584 
1447 24.560000 -0.475284 -0.196648 
1448 24.570000 -0.473322 -0.195718 
1449 24.580000 -0.471369 -0.194792 
1450 24.590000 -0.469426 -0.193871 
1451 24.600000 -0.467492 -0.192954 
1452 24.610000 -0.465567 -0.192043 
1453 24.620000 -0.463651 -0.191137 
1454 24.630000 -0.461744 -0.190235 
1455 24.640000 -0.459846 -0.189339 
1456 24.650000 -0.457957 -0.188447 
1457 24.660000 -0.456077 -0.187559 
1458 24.670000 -0.454206 -0.186677 
1459 24.680000 -0.452344 -0.185799 
1460 24.690000 -0.450490 -0.184926 
1461 24.700000 -0.448645 -0.184058 
1462 24.710000 -0.446809 -0.183194 
1463 24.720000 -0.444981 -0.182334 
1464 24.730000 -0.443162 -0.181480 
1465 24.740000 -0.441352 -0.180630 
1466 24.750000 -0.439550 -0.179784 
1467 24.760000 -0.437756 -0.178943 
1468 24.770000 -0.435971 -0.178106 
1469 24.780000 -0.434194 -0.177273 
1470 24.790000 -0.432425 -0.176445 
1471 24.800000 -0.430665 -0.175622 
1472 24.810000 -0.428913 -0.174803 
1473 24.820000 -0.427169 -0.173988 
1474 24.830000 -0.425433 -0.173177 
1475 24.840000 -0.423705 -0.172371 
1476 24.850000 -0.421986 -0.171569 
1477 24.860000 -0.420274 -0.170771 
1478 24.870000 -0.418570 -0.169977 
1479 24.880000 -0.416875 -0.169187 
1480 24.890000 -0.415187 -0.168402 
1481 24.900000 -0.413507 -0.167621 
1482 24.910000 -0.411834 -0.166843 
1483 24.920000 -0.410170 -0.166070 
1484 24.930000 -0.408513 -0.165301 
1485 24.940000 -0.406864 -0.164536 
1486 24.950000 -0.405222 -0.163775 
1487 24.960000 -0.403588 -0.163018 
1488 24.970000 -0.401962 -0.162265 
1489 24.980000 -0.400343 -0.161516 
1490 24.990000 -0.398731 -0.160770 
