1 10.100000 119065170530856.687500 10729144155903084.000000  
2 10.110000 50438995846573.367188 4132447308846317.500000  
3 10.120000 23024259002769.492188 1729382785224567.000000  
4 10.130000 11190343067353.443359 775960839037533.625000  
5 10.140000 5737178503925.973633 369456255271737.625000  
6 10.150000 3079972788152.436035 185140384878040.625000  
7 10.160000 1721100810691.189697 97002877171569.218750  
8 10.170000 996240554125.101318 52852585274569.289062  
9 10.180000 594936661643.207886 29812728284040.027344  
10 10.190000 365308729904.018555 17344524697635.392578  
11 10.200000 229981070464.551086 10374577309389.675781  
12 10.210000 148084090627.885193 6362820784289.386719  
13 10.220000 97319157581.888123 3991980536468.027344  
14 10.230000 65158753270.827736 2556876562567.457031  
15 10.240000 44375508711.855492 1668971489785.296631  
16 10.250000 30697717088.069378 1108497642760.091064  
17 10.260000 21544085758.555168 748126810990.215454  
18 10.270000 15322752000.603573 512442577875.559021  
19 10.280000 11033447216.081854 355858215842.693604  
20 10.290000 8036644916.057737 250294959612.845398  
21 10.300000 5916830516.975057 178153606573.470062  
22 10.310000 4399965183.826884 128222907496.702240  
23 10.320000 3302776177.393095 93252069316.794586  
24 10.330000 2501084434.734110 68484907479.126511  
25 10.340000 1909716156.621025 50759977534.801941  
26 10.350000 1469576973.061734 37949562668.039970  
27 10.360000 1139221807.442729 28604815166.851185  
28 10.370000 889286574.341305 21728220217.919666  
29 10.380000 698765949.541689 16625816251.089891  
30 10.390000 552496951.014763 12810047071.013527  
31 10.400000 439439473.556380 9935164014.467884  
32 10.410000 351489461.330042 7753804562.102349  
33 10.420000 282651846.531076 6087504294.938602  
34 10.430000 228458937.211053 4806475130.200156  
35 10.440000 185557863.860344 3815608996.558663  
36 10.450000 151415528.318002 3044704627.359664  
37 10.460000 124105928.606596 2441585662.869069  
38 10.470000 102155710.808111 1967215703.953069  
39 10.480000 84431202.704294 1592204210.276761  
40 10.490000 70055222.034850 1294288883.987681  
41 10.500000 58345410.093008 1056508893.893921  
42 10.510000 48768234.128425 865870448.503864  
43 10.520000 40904470.753324 712365729.977778  
44 10.530000 34423155.090471 588247151.067054  
45 10.540000 29061810.242479 487487294.178599  
46 10.550000 24611363.030115 405374728.357665  
47 10.560000 20904576.176043 338209854.480128  
48 10.570000 17807133.384349 283074812.034975  
49 10.580000 15210736.242155 237658526.071361  
50 10.590000 13027734.431954 200123026.589407  
51 10.600000 11186930.204716 169000819.726455  
52 10.610000 9630286.334662 143115737.387846  
53 10.620000 8310332.346571 121521624.366769  
54 10.630000 7188112.763173 103454640.206354  
55 10.640000 6231557.853706 88295999.354282  
56 10.650000 5414185.058591 75542748.987492  
57 10.660000 4714060.240626 64784761.977742  
58 10.670000 4112963.871002 55686555.266617  
59 10.680000 3595719.451667 47972869.426096  
60 10.690000 3149650.831342 41417191.083917  
61 10.700000 2764142.280333 35832586.459588  
62 10.710000 2430280.764205 31064356.396441  
63 10.720000 2140564.184793 26984132.005839  
64 10.730000 1888662.730156 23485113.541210  
65 10.740000 1669223.113204 20478219.490832  
66 10.750000 1477707.549258 17888962.686184  
67 10.760000 1310260.953312 15654908.900891  
68 10.770000 1163601.126172 13723603.556045  
69 10.780000 1034927.719775 12050875.715515  
70 10.790000 921846.584074 10599447.044302  
71 10.800000 822306.745442 9337787.955058  
72 10.810000 734547.784640 8239174.657129  
73 10.820000 657055.797995 7280909.921290  
74 10.830000 588526.459777 6443677.600475  
75 10.840000 527833.973507 5711006.704101  
76 10.850000 474004.918090 5068825.422820  
77 10.860000 426196.171615 4505089.184950  
78 10.870000 383676.239491 4009469.785202  
79 10.880000 345809.430869 3573095.009733  
80 10.890000 312042.423086 3188330.105894  
81 10.900000 281892.832301 2848594.002711  
82 10.910000 254939.472934 2548204.452087  
83 10.920000 230814.041468 2282247.288725  
84 10.930000 209194.003884 2046465.844922  
85 10.940000 189796.502083 1837167.241243  
86 10.950000 172373.124557 1651142.834952  
87 10.960000 156705.411358 1485600.568427  
88 10.970000 142600.984059 1338107.338419  
89 10.980000 129890.208557 1206539.819081  
90 10.990000 118423.312928 1089042.429463  
91 11.000000 108067.894534 983991.349463  
92 11.010000 98706.760617 889963.665104  
93 11.020000 90236.055070 805710.870952  
94 11.030000 82563.631151 730136.079802  
95 11.040000 75607.635883 662274.391757  
96 11.050000 69295.276927 601275.960010  
97 11.060000 63561.746967 546391.361988  
98 11.070000 58349.284268 496958.944255  
99 11.080000 53606.351099 452393.859795  
100 11.090000 49286.914340 412178.558514  
101 11.100000 45349.814777 375854.527393  
102 11.110000 41758.213480 343015.106732  
103 11.120000 38479.105266 313299.234302  
104 11.130000 35482.890621 286385.990737  
105 11.140000 32742.998612 261989.837667  
106 11.150000 30235.554356 239856.455596  
107 11.160000 27939.085444 219759.101664  
108 11.170000 25834.262480 201495.418638  
109 11.180000 23903.669525 184884.636012  
110 11.190000 22131.600779 169765.112287  
111 11.200000 20503.880330 155992.174432  
112 11.210000 19007.702176 143436.216536  
113 11.220000 17631.488101 131981.024759  
114 11.230000 16364.761300 121522.300098  
115 11.240000 15198.033885 111966.354255  
116 11.250000 14122.706656 103228.957156  
117 11.260000 13130.979720 95234.317456  
118 11.270000 12215.772714 87914.179810  
119 11.280000 11370.653517 81207.024749  
120 11.290000 10589.774520 75057.358826  
121 11.300000 9867.815573 69415.084259  
122 11.310000 9199.932886 64234.938646  
123 11.320000 8581.713220 59475.996518  
124 11.330000 8009.132774 55101.225489  
125 11.340000 7478.520272 51077.090701  
126 11.350000 6986.523787 47373.201975  
127 11.360000 6530.080896 43961.998810  
128 11.370000 6106.391821 40818.468919  
129 11.380000 5712.895223 37919.896528  
130 11.390000 5347.246388 35245.637109  
131 11.400000 5007.297542 32776.915600  
132 11.410000 4691.080074 30496.645531  
133 11.420000 4396.788480 28389.266751  
134 11.430000 4122.765838 26440.599738  
135 11.440000 3867.490671 24637.714701  
136 11.450000 3629.565044 22968.813871  
137 11.460000 3407.703788 21423.125588  
138 11.470000 3200.724721 19990.808923  
139 11.480000 3007.539777 18662.867730  
140 11.490000 2827.146955 17431.073139  
141 11.500000 2658.623001 16287.893611  
142 11.510000 2501.116754 15226.431778  
143 11.520000 2353.843099 14240.367363  
144 11.530000 2216.077452 13323.905568  
145 11.540000 2087.150747 12471.730374  
146 11.550000 1966.444865 11678.962252  
147 11.560000 1853.388457 10941.119849  
148 11.570000 1747.453145 10254.085251  
149 11.580000 1648.150046 9614.072474  
150 11.590000 1555.026596 9017.598856  
151 11.600000 1467.663651 8461.459077  
152 11.610000 1385.672833 7942.701543  
153 11.620000 1308.694101 7458.606909  
154 11.630000 1236.393529 7006.668543  
155 11.640000 1168.461268 6584.574730  
156 11.650000 1104.609680 6190.192467  
157 11.660000 1044.571627 5821.552688  
158 11.670000 988.098896 5476.836788  
159 11.680000 934.960760 5154.364334  
160 11.690000 884.942655 4852.581829  
161 11.700000 837.844959 4570.052465  
162 11.710000 793.481872 4305.446745  
163 11.720000 751.680391 4057.533914  
164 11.730000 712.279359 3825.174111  
165 11.740000 675.128594 3607.311192  
166 11.750000 640.088084 3402.966154  
167 11.760000 607.027245 3211.231106  
168 11.770000 575.824243 3031.263747  
169 11.780000 546.365357 2862.282292  
170 11.790000 518.544403 2703.560828  
171 11.800000 492.262193 2554.425035  
172 11.810000 467.426043 2414.248271  
173 11.820000 443.949311 2282.447960  
174 11.830000 421.750973 2158.482278  
175 11.840000 400.755234 2041.847106  
176 11.850000 380.891163 1932.073219  
177 11.860000 362.092358 1828.723706  
178 11.870000 344.296634 1731.391585  
179 11.880000 327.445736 1639.697612  
180 11.890000 311.485069 1553.288259  
181 11.900000 296.363457 1471.833845  
182 11.910000 282.032904 1395.026819  
183 11.920000 268.448388 1322.580167  
184 11.930000 255.567661 1254.225947  
185 11.940000 243.351063 1189.713930  
186 11.950000 231.761356 1128.810351  
187 11.960000 220.763558 1071.296747  
188 11.970000 210.324803 1016.968885  
189 11.980000 200.414199 965.635774  
190 11.990000 191.002702 917.118738  
191 12.000000 182.062996 871.250578  
192 12.010000 173.569384 827.874770  
193 12.020000 165.497682 786.844747  
194 12.030000 157.825128 748.023214  
195 12.040000 150.530286 711.281524  
196 12.050000 143.592968 676.499091  
197 12.060000 136.994151 643.562854  
198 12.070000 130.715911 612.366773  
199 12.080000 124.741347 582.811361  
200 12.090000 119.054526 554.803249  
201 12.100000 113.640418 528.254790  
202 12.110000 108.484840 503.083677  
203 12.120000 103.574411 479.212596  
204 12.130000 98.896497 456.568906  
205 12.140000 94.439170 435.084330  
206 12.150000 90.191161 414.694682  
207 12.160000 86.141828 395.339597  
208 12.170000 82.281111 376.962293  
209 12.180000 78.599501 359.509342  
210 12.190000 75.088010 342.930456  
211 12.200000 71.738137 327.178292  
212 12.210000 68.541838 312.208265  
213 12.220000 65.491504 297.978380  
214 12.230000 62.579935 284.449065  
215 12.240000 59.800313 271.583026  
216 12.250000 57.146181 259.345106  
217 12.260000 54.611427 247.702153  
218 12.270000 52.190259 236.622896  
219 12.280000 49.877189 226.077835  
220 12.290000 47.667015 216.039129  
221 12.300000 45.554806 206.480500  
222 12.310000 43.535888 197.377136  
223 12.320000 41.605824 188.705605  
224 12.330000 39.760410 180.443774  
225 12.340000 37.995653 172.570728  
226 12.350000 36.307765 165.066703  
227 12.360000 34.693151 157.913014  
228 12.370000 33.148396 151.091997  
229 12.380000 31.670258 144.586943  
230 12.390000 30.255657 138.382047  
231 12.400000 28.901667 132.462355  
232 12.410000 27.605507 126.813714  
233 12.420000 26.364534 121.422726  
234 12.430000 25.176235 116.276707  
235 12.440000 24.038223 111.363644  
236 12.450000 22.948224 106.672156  
237 12.460000 21.904077 102.191463  
238 12.470000 20.903726 97.911347  
239 12.480000 19.945214 93.822123  
240 12.490000 19.026678 89.914610  
241 12.500000 18.146345 86.180102  
242 12.510000 17.302527 82.610340  
243 12.520000 16.493616 79.197490  
244 12.530000 15.718079 75.934119  
245 12.540000 14.974458 72.813173  
246 12.550000 14.261363 69.827953  
247 12.560000 13.577468 66.972103  
248 12.570000 12.921510 64.239585  
249 12.580000 12.292284 61.624664  
250 12.590000 11.688643 59.121891  
251 12.600000 11.109490 56.726090  
252 12.610000 10.553781 54.432341  
253 12.620000 10.020519 52.235967  
254 12.630000 9.508752 50.132522  
255 12.640000 9.017573 48.117779  
256 12.650000 8.546114 46.187716  
257 12.660000 8.093549 44.338507  
258 12.670000 7.659087 42.566513  
259 12.680000 7.241973 40.868271  
260 12.690000 6.841486 39.240484  
261 12.700000 6.456939 37.680014  
262 12.710000 6.087672 36.183872  
263 12.720000 5.733056 34.749214  
264 12.730000 5.392492 33.373329  
265 12.740000 5.065403 32.053634  
266 12.750000 4.751240 30.787671  
267 12.760000 4.449478 29.573094  
268 12.770000 4.159614 28.407669  
269 12.780000 3.881168 27.289265  
270 12.790000 3.613679 26.215853  
271 12.800000 3.356707 25.185494  
272 12.810000 3.109832 24.196341  
273 12.820000 2.872649 23.246633  
274 12.830000 2.644773 22.334688  
275 12.840000 2.425835 21.458901  
276 12.850000 2.215480 20.617741  
277 12.860000 2.013369 19.809748  
278 12.870000 1.819179 19.033524  
279 12.880000 1.632597 18.287738  
280 12.890000 1.453327 17.571117  
281 12.900000 1.281082 16.882446  
282 12.910000 1.115589 16.220563  
283 12.920000 0.956585 15.584360  
284 12.930000 0.803819 14.972776  
285 12.940000 0.657051 14.384799  
286 12.950000 0.516048 13.819458  
287 12.960000 0.380589 13.275830  
288 12.970000 0.250462 12.753027  
289 12.980000 0.125462 12.250205  
290 12.990000 0.005394 11.766552  
291 13.000000 -0.109930 11.301295  
292 13.010000 -0.220691 10.853693  
293 13.020000 -0.327061 10.423035  
294 13.030000 -0.429206 10.008645  
295 13.040000 -0.527286 9.609872  
296 13.050000 -0.621453 9.226094  
297 13.060000 -0.711855 8.856716  
298 13.070000 -0.798634 8.501169  
299 13.080000 -0.881923 8.158907  
300 13.090000 -0.961854 7.829406  
301 13.100000 -1.038552 7.512166  
302 13.110000 -1.112137 7.206708  
303 13.120000 -1.182724 6.912571  
304 13.130000 -1.250425 6.629315  
305 13.140000 -1.315345 6.356519  
306 13.150000 -1.377588 6.093776  
307 13.160000 -1.437253 5.840700  
308 13.170000 -1.494433 5.596918  
309 13.180000 -1.549221 5.362074  
310 13.190000 -1.601704 5.135825  
311 13.200000 -1.651965 4.917843  
312 13.210000 -1.700087 4.707815  
313 13.220000 -1.746147 4.505437  
314 13.230000 -1.790220 4.310421  
315 13.240000 -1.832379 4.122487  
316 13.250000 -1.872693 3.941370  
317 13.260000 -1.911228 3.766812  
318 13.270000 -1.948050 3.598569  
319 13.280000 -1.983220 3.436405  
320 13.290000 -2.016798 3.280091  
321 13.300000 -2.048840 3.129412  
322 13.310000 -2.079404 2.984158  
323 13.320000 -2.108541 2.844128  
324 13.330000 -2.136303 2.709128  
325 13.340000 -2.162740 2.578975  
326 13.350000 -2.187898 2.453490  
327 13.360000 -2.211825 2.332501  
328 13.370000 -2.234563 2.215845  
329 13.380000 -2.256155 2.103363  
330 13.390000 -2.276643 1.994903  
331 13.400000 -2.296066 1.890320  
332 13.410000 -2.314462 1.789472  
333 13.420000 -2.331868 1.692225  
334 13.430000 -2.348318 1.598449  
335 13.440000 -2.363848 1.508019  
336 13.450000 -2.378489 1.420815  
337 13.460000 -2.392275 1.336721  
338 13.470000 -2.405234 1.255626  
339 13.480000 -2.417397 1.177423  
340 13.490000 -2.428792 1.102009  
341 13.500000 -2.439446 1.029285  
342 13.510000 -2.449386 0.959156  
343 13.520000 -2.458637 0.891530  
344 13.530000 -2.467225 0.826318  
345 13.540000 -2.475171 0.763435  
346 13.550000 -2.482501 0.702800  
347 13.560000 -2.489235 0.644333  
348 13.570000 -2.495394 0.587959  
349 13.580000 -2.501001 0.533604  
350 13.590000 -2.506073 0.481198  
351 13.600000 -2.510631 0.430673  
352 13.610000 -2.514693 0.381964  
353 13.620000 -2.518276 0.335008  
354 13.630000 -2.521398 0.289743  
355 13.640000 -2.524076 0.246111  
356 13.650000 -2.526326 0.204057  
357 13.660000 -2.528162 0.163525  
358 13.670000 -2.529601 0.124463  
359 13.680000 -2.530656 0.086821  
360 13.690000 -2.531342 0.050550  
361 13.700000 -2.531672 0.015603  
362 13.710000 -2.531659 -0.018065  
363 13.720000 -2.531315 -0.050499  
364 13.730000 -2.530653 -0.081739  
365 13.740000 -2.529684 -0.111827  
366 13.750000 -2.528420 -0.140802  
367 13.760000 -2.526871 -0.168701  
368 13.770000 -2.525049 -0.195562  
369 13.780000 -2.522963 -0.221418  
370 13.790000 -2.520624 -0.246305  
371 13.800000 -2.518040 -0.270255  
372 13.810000 -2.515222 -0.293300  
373 13.820000 -2.512177 -0.315469  
374 13.830000 -2.508915 -0.336793  
375 13.840000 -2.505444 -0.357300  
376 13.850000 -2.501772 -0.377017  
377 13.860000 -2.497906 -0.395971  
378 13.870000 -2.493855 -0.414188  
379 13.880000 -2.489625 -0.431691  
380 13.890000 -2.485224 -0.448506  
381 13.900000 -2.480657 -0.464654  
382 13.910000 -2.475933 -0.480159  
383 13.920000 -2.471056 -0.495041  
384 13.930000 -2.466034 -0.509322  
385 13.940000 -2.460872 -0.523021  
386 13.950000 -2.455575 -0.536158  
387 13.960000 -2.450150 -0.548752  
388 13.970000 -2.444602 -0.560820  
389 13.980000 -2.438936 -0.572380  
390 13.990000 -2.433156 -0.583449  
391 14.000000 -2.427268 -0.594044  
392 14.010000 -2.421277 -0.604179  
393 14.020000 -2.415186 -0.613871  
394 14.030000 -2.409001 -0.623133  
395 14.040000 -2.402725 -0.631981  
396 14.050000 -2.396362 -0.640427  
397 14.060000 -2.389917 -0.648486  
398 14.070000 -2.383394 -0.656170  
399 14.080000 -2.376795 -0.663491  
400 14.090000 -2.370125 -0.670462  
401 14.100000 -2.363387 -0.677094  
402 14.110000 -2.356584 -0.683398  
403 14.120000 -2.349720 -0.689386  
404 14.130000 -2.342798 -0.695067  
405 14.140000 -2.335820 -0.700452  
406 14.150000 -2.328790 -0.705550  
407 14.160000 -2.321710 -0.710372  
408 14.170000 -2.314583 -0.714927  
409 14.180000 -2.307412 -0.719223  
410 14.190000 -2.300200 -0.723268  
411 14.200000 -2.292948 -0.727072  
412 14.210000 -2.285659 -0.730642  
413 14.220000 -2.278336 -0.733987  
414 14.230000 -2.270980 -0.737112  
415 14.240000 -2.263594 -0.740027  
416 14.250000 -2.256180 -0.742738  
417 14.260000 -2.248740 -0.745252  
418 14.270000 -2.241276 -0.747575  
419 14.280000 -2.233789 -0.749714  
420 14.290000 -2.226282 -0.751675  
421 14.300000 -2.218756 -0.753464  
422 14.310000 -2.211213 -0.755087  
423 14.320000 -2.203655 -0.756550  
424 14.330000 -2.196083 -0.757857  
425 14.340000 -2.188498 -0.759014  
426 14.350000 -2.180903 -0.760027  
427 14.360000 -2.173298 -0.760900  
428 14.370000 -2.165685 -0.761638  
429 14.380000 -2.158066 -0.762246  
430 14.390000 -2.150441 -0.762728  
431 14.400000 -2.142812 -0.763088  
432 14.410000 -2.135179 -0.763331  
433 14.420000 -2.127545 -0.763460  
434 14.430000 -2.119911 -0.763480  
435 14.440000 -2.112276 -0.763395  
436 14.450000 -2.104643 -0.763208  
437 14.460000 -2.097012 -0.762922  
438 14.470000 -2.089385 -0.762542  
439 14.480000 -2.081762 -0.762070  
440 14.490000 -2.074144 -0.761510  
441 14.500000 -2.066532 -0.760865  
442 14.510000 -2.058927 -0.760138  
443 14.520000 -2.051329 -0.759332  
444 14.530000 -2.043740 -0.758450  
445 14.540000 -2.036161 -0.757494  
446 14.550000 -2.028591 -0.756468  
447 14.560000 -2.021031 -0.755373  
448 14.570000 -2.013483 -0.754213  
449 14.580000 -2.005947 -0.752990  
450 14.590000 -1.998424 -0.751706  
451 14.600000 -1.990914 -0.750363  
452 14.610000 -1.983417 -0.748964  
453 14.620000 -1.975934 -0.747511  
454 14.630000 -1.968467 -0.746005  
455 14.640000 -1.961014 -0.744450  
456 14.650000 -1.953578 -0.742847  
457 14.660000 -1.946158 -0.741197  
458 14.670000 -1.938754 -0.739503  
459 14.680000 -1.931368 -0.737766  
460 14.690000 -1.923999 -0.735989  
461 14.700000 -1.916648 -0.734172  
462 14.710000 -1.909316 -0.732317  
463 14.720000 -1.902002 -0.730427  
464 14.730000 -1.894707 -0.728502  
465 14.740000 -1.887432 -0.726544  
466 14.750000 -1.880176 -0.724554  
467 14.760000 -1.872941 -0.722534  
468 14.770000 -1.865726 -0.720485  
469 14.780000 -1.858531 -0.718408  
470 14.790000 -1.851358 -0.716305  
471 14.800000 -1.844205 -0.714177  
472 14.810000 -1.837074 -0.712025  
473 14.820000 -1.829965 -0.709850  
474 14.830000 -1.822877 -0.707653  
475 14.840000 -1.815812 -0.705435  
476 14.850000 -1.808769 -0.703198  
477 14.860000 -1.801748 -0.700942  
478 14.870000 -1.794750 -0.698668  
479 14.880000 -1.787775 -0.696378  
480 14.890000 -1.780823 -0.694072  
481 14.900000 -1.773893 -0.691751  
482 14.910000 -1.766988 -0.689415  
483 14.920000 -1.760105 -0.687067  
484 14.930000 -1.753246 -0.684706  
485 14.940000 -1.746411 -0.682333  
486 14.950000 -1.739600 -0.679949  
487 14.960000 -1.732812 -0.677555  
488 14.970000 -1.726049 -0.675151  
489 14.980000 -1.719309 -0.672739  
490 14.990000 -1.712594 -0.670318  
491 15.000000 -1.705903 -0.667890  
492 15.010000 -1.699236 -0.665455  
493 15.020000 -1.692594 -0.663013  
494 15.030000 -1.685976 -0.660566  
495 15.040000 -1.679382 -0.658113  
496 15.050000 -1.672814 -0.655656  
497 15.060000 -1.666269 -0.653195  
498 15.070000 -1.659750 -0.650730  
499 15.080000 -1.653255 -0.648261  
500 15.090000 -1.646784 -0.645790  
501 15.100000 -1.640339 -0.643317  
502 15.110000 -1.633918 -0.640842  
503 15.120000 -1.627522 -0.638366  
504 15.130000 -1.621151 -0.635889  
505 15.140000 -1.614804 -0.633411  
506 15.150000 -1.608483 -0.630933  
507 15.160000 -1.602186 -0.628455  
508 15.170000 -1.595913 -0.625978  
509 15.180000 -1.589666 -0.623501  
510 15.190000 -1.583443 -0.621026  
511 15.200000 -1.577246 -0.618553  
512 15.210000 -1.571072 -0.616081  
513 15.220000 -1.564924 -0.613612  
514 15.230000 -1.558800 -0.611145  
515 15.240000 -1.552701 -0.608680  
516 15.250000 -1.546627 -0.606219  
517 15.260000 -1.540577 -0.603761  
518 15.270000 -1.534551 -0.601307  
519 15.280000 -1.528551 -0.598856  
520 15.290000 -1.522574 -0.596410  
521 15.300000 -1.516622 -0.593968  
522 15.310000 -1.510695 -0.591530  
523 15.320000 -1.504792 -0.589097  
524 15.330000 -1.498913 -0.586668  
525 15.340000 -1.493058 -0.584245  
526 15.350000 -1.487228 -0.581827  
527 15.360000 -1.481422 -0.579415  
528 15.370000 -1.475640 -0.577008  
529 15.380000 -1.469882 -0.574607  
530 15.390000 -1.464147 -0.572212  
531 15.400000 -1.458437 -0.569823  
532 15.410000 -1.452751 -0.567440  
533 15.420000 -1.447088 -0.565064  
534 15.430000 -1.441450 -0.562694  
535 15.440000 -1.435835 -0.560331  
536 15.450000 -1.430243 -0.557975  
537 15.460000 -1.424675 -0.555625  
538 15.470000 -1.419131 -0.553283  
539 15.480000 -1.413609 -0.550948  
540 15.490000 -1.408112 -0.548620  
541 15.500000 -1.402637 -0.546299  
542 15.510000 -1.397186 -0.543986  
543 15.520000 -1.391757 -0.541680  
544 15.530000 -1.386352 -0.539382  
545 15.540000 -1.380970 -0.537091  
546 15.550000 -1.375610 -0.534809  
547 15.560000 -1.370273 -0.532534  
548 15.570000 -1.364959 -0.530267  
549 15.580000 -1.359668 -0.528008  
550 15.590000 -1.354399 -0.525758  
551 15.600000 -1.349153 -0.523515  
552 15.610000 -1.343929 -0.521280  
553 15.620000 -1.338727 -0.519054  
554 15.630000 -1.333548 -0.516836  
555 15.640000 -1.328390 -0.514627  
556 15.650000 -1.323255 -0.512425  
557 15.660000 -1.318142 -0.510233  
558 15.670000 -1.313050 -0.508048  
559 15.680000 -1.307981 -0.505872  
560 15.690000 -1.302933 -0.503705  
561 15.700000 -1.297907 -0.501546  
562 15.710000 -1.292902 -0.499396  
563 15.720000 -1.287919 -0.497255  
564 15.730000 -1.282957 -0.495122  
565 15.740000 -1.278016 -0.492998  
566 15.750000 -1.273097 -0.490882  
567 15.760000 -1.268199 -0.488776  
568 15.770000 -1.263321 -0.486678  
569 15.780000 -1.258465 -0.484589  
570 15.790000 -1.253630 -0.482508  
571 15.800000 -1.248815 -0.480436  
572 15.810000 -1.244021 -0.478374  
573 15.820000 -1.239247 -0.476319  
574 15.830000 -1.234494 -0.474274  
575 15.840000 -1.229762 -0.472238  
576 15.850000 -1.225050 -0.470210  
577 15.860000 -1.220358 -0.468191  
578 15.870000 -1.215686 -0.466181  
579 15.880000 -1.211034 -0.464180  
580 15.890000 -1.206402 -0.462187  
581 15.900000 -1.201790 -0.460204  
582 15.910000 -1.197198 -0.458229  
583 15.920000 -1.192626 -0.456263  
584 15.930000 -1.188073 -0.454306  
585 15.940000 -1.183539 -0.452357  
586 15.950000 -1.179026 -0.450418  
587 15.960000 -1.174531 -0.448487  
588 15.970000 -1.170056 -0.446565  
589 15.980000 -1.165600 -0.444651  
590 15.990000 -1.161163 -0.442746  
591 16.000000 -1.156745 -0.440850  
592 16.010000 -1.152346 -0.438963  
593 16.020000 -1.147965 -0.437085  
594 16.030000 -1.143604 -0.435215  
595 16.040000 -1.139261 -0.433353  
596 16.050000 -1.134937 -0.431501  
597 16.060000 -1.130631 -0.429656  
598 16.070000 -1.126344 -0.427821  
599 16.080000 -1.122075 -0.425994  
600 16.090000 -1.117824 -0.424176  
601 16.100000 -1.113591 -0.422366  
602 16.110000 -1.109377 -0.420564  
603 16.120000 -1.105180 -0.418771  
604 16.130000 -1.101001 -0.416987  
605 16.140000 -1.096840 -0.415211  
606 16.150000 -1.092697 -0.413443  
607 16.160000 -1.088571 -0.411684  
608 16.170000 -1.084463 -0.409933  
609 16.180000 -1.080372 -0.408190  
610 16.190000 -1.076299 -0.406456  
611 16.200000 -1.072243 -0.404730  
612 16.210000 -1.068205 -0.403012  
613 16.220000 -1.064183 -0.401303  
614 16.230000 -1.060179 -0.399601  
615 16.240000 -1.056191 -0.397908  
616 16.250000 -1.052220 -0.396223  
617 16.260000 -1.048267 -0.394546  
618 16.270000 -1.044329 -0.392877  
619 16.280000 -1.040409 -0.391216  
620 16.290000 -1.036505 -0.389564  
621 16.300000 -1.032618 -0.387919  
622 16.310000 -1.028747 -0.386282  
623 16.320000 -1.024892 -0.384653  
624 16.330000 -1.021054 -0.383032  
625 16.340000 -1.017231 -0.381418  
626 16.350000 -1.013425 -0.379813  
627 16.360000 -1.009635 -0.378215  
628 16.370000 -1.005861 -0.376625  
629 16.380000 -1.002103 -0.375043  
630 16.390000 -0.998360 -0.373469  
631 16.400000 -0.994633 -0.371902  
632 16.410000 -0.990922 -0.370343  
633 16.420000 -0.987226 -0.368791  
634 16.430000 -0.983546 -0.367247  
635 16.440000 -0.979881 -0.365710  
636 16.450000 -0.976232 -0.364181  
637 16.460000 -0.972598 -0.362660  
638 16.470000 -0.968979 -0.361146  
639 16.480000 -0.965375 -0.359639  
640 16.490000 -0.961786 -0.358140  
641 16.500000 -0.958212 -0.356648  
642 16.510000 -0.954653 -0.355163  
643 16.520000 -0.951109 -0.353686  
644 16.530000 -0.947579 -0.352216  
645 16.540000 -0.944064 -0.350753  
646 16.550000 -0.940564 -0.349297  
647 16.560000 -0.937078 -0.347848  
648 16.570000 -0.933607 -0.346407  
649 16.580000 -0.930150 -0.344972  
650 16.590000 -0.926708 -0.343545  
651 16.600000 -0.923279 -0.342124  
652 16.610000 -0.919865 -0.340711  
653 16.620000 -0.916465 -0.339304  
654 16.630000 -0.913079 -0.337904  
655 16.640000 -0.909707 -0.336512  
656 16.650000 -0.906349 -0.335126  
657 16.660000 -0.903004 -0.333746  
658 16.670000 -0.899674 -0.332374  
659 16.680000 -0.896357 -0.331008  
660 16.690000 -0.893054 -0.329649  
661 16.700000 -0.889764 -0.328297  
662 16.710000 -0.886488 -0.326951  
663 16.720000 -0.883225 -0.325612  
664 16.730000 -0.879975 -0.324280  
665 16.740000 -0.876739 -0.322954  
666 16.750000 -0.873516 -0.321634  
667 16.760000 -0.870306 -0.320321  
668 16.770000 -0.867110 -0.319015  
669 16.780000 -0.863926 -0.317715  
670 16.790000 -0.860755 -0.316421  
671 16.800000 -0.857598 -0.315133  
672 16.810000 -0.854453 -0.313852  
673 16.820000 -0.851321 -0.312577  
674 16.830000 -0.848201 -0.311309  
675 16.840000 -0.845094 -0.310046  
676 16.850000 -0.842000 -0.308790  
677 16.860000 -0.838919 -0.307540  
678 16.870000 -0.835849 -0.306296  
679 16.880000 -0.832793 -0.305058  
680 16.890000 -0.829748 -0.303826  
681 16.900000 -0.826716 -0.302600  
682 16.910000 -0.823696 -0.301381  
683 16.920000 -0.820688 -0.300167  
684 16.930000 -0.817693 -0.298959  
685 16.940000 -0.814709 -0.297757  
686 16.950000 -0.811738 -0.296560  
687 16.960000 -0.808778 -0.295370  
688 16.970000 -0.805830 -0.294186  
689 16.980000 -0.802894 -0.293007  
690 16.990000 -0.799970 -0.291834  
691 17.000000 -0.797058 -0.290666  
692 17.010000 -0.794157 -0.289505  
693 17.020000 -0.791268 -0.288349  
694 17.030000 -0.788390 -0.287198  
695 17.040000 -0.785524 -0.286053  
696 17.050000 -0.782669 -0.284914  
697 17.060000 -0.779825 -0.283780  
698 17.070000 -0.776993 -0.282652  
699 17.080000 -0.774172 -0.281529  
700 17.090000 -0.771362 -0.280412  
701 17.100000 -0.768564 -0.279300  
702 17.110000 -0.765776 -0.278194  
703 17.120000 -0.763000 -0.277093  
704 17.130000 -0.760235 -0.275997  
705 17.140000 -0.757480 -0.274906  
706 17.150000 -0.754736 -0.273821  
707 17.160000 -0.752004 -0.272741  
708 17.170000 -0.749282 -0.271666  
709 17.180000 -0.746570 -0.270597  
710 17.190000 -0.743870 -0.269532  
711 17.200000 -0.741180 -0.268473  
712 17.210000 -0.738500 -0.267419  
713 17.220000 -0.735831 -0.266369  
714 17.230000 -0.733173 -0.265325  
715 17.240000 -0.730525 -0.264286  
716 17.250000 -0.727887 -0.263252  
717 17.260000 -0.725260 -0.262223  
718 17.270000 -0.722643 -0.261199  
719 17.280000 -0.720036 -0.260180  
720 17.290000 -0.717439 -0.259165  
721 17.300000 -0.714852 -0.258156  
722 17.310000 -0.712276 -0.257151  
723 17.320000 -0.709709 -0.256151  
724 17.330000 -0.707153 -0.255156  
725 17.340000 -0.704606 -0.254166  
726 17.350000 -0.702069 -0.253180  
727 17.360000 -0.699543 -0.252199  
728 17.370000 -0.697025 -0.251223  
729 17.380000 -0.694518 -0.250251  
730 17.390000 -0.692020 -0.249284  
731 17.400000 -0.689532 -0.248322  
732 17.410000 -0.687054 -0.247364  
733 17.420000 -0.684585 -0.246411  
734 17.430000 -0.682126 -0.245462  
735 17.440000 -0.679676 -0.244518  
736 17.450000 -0.677235 -0.243578  
737 17.460000 -0.674804 -0.242643  
738 17.470000 -0.672382 -0.241712  
739 17.480000 -0.669970 -0.240786  
740 17.490000 -0.667567 -0.239864  
741 17.500000 -0.665173 -0.238946  
742 17.510000 -0.662788 -0.238033  
743 17.520000 -0.660412 -0.237124  
744 17.530000 -0.658045 -0.236219  
745 17.540000 -0.655688 -0.235318  
746 17.550000 -0.653339 -0.234422  
747 17.560000 -0.650999 -0.233530  
748 17.570000 -0.648668 -0.232642  
749 17.580000 -0.646346 -0.231758  
750 17.590000 -0.644033 -0.230879  
751 17.600000 -0.641729 -0.230004  
752 17.610000 -0.639433 -0.229132  
753 17.620000 -0.637146 -0.228265  
754 17.630000 -0.634868 -0.227402  
755 17.640000 -0.632598 -0.226543  
756 17.650000 -0.630337 -0.225688  
757 17.660000 -0.628084 -0.224837  
758 17.670000 -0.625840 -0.223989  
759 17.680000 -0.623604 -0.223146  
760 17.690000 -0.621377 -0.222307  
761 17.700000 -0.619158 -0.221472  
762 17.710000 -0.616948 -0.220640  
763 17.720000 -0.614745 -0.219813  
764 17.730000 -0.612551 -0.218989  
765 17.740000 -0.610366 -0.218169  
766 17.750000 -0.608188 -0.217353  
767 17.760000 -0.606019 -0.216540  
768 17.770000 -0.603857 -0.215732  
769 17.780000 -0.601704 -0.214927  
770 17.790000 -0.599559 -0.214126  
771 17.800000 -0.597421 -0.213328  
772 17.810000 -0.595292 -0.212535  
773 17.820000 -0.593171 -0.211745  
774 17.830000 -0.591057 -0.210958  
775 17.840000 -0.588952 -0.210175  
776 17.850000 -0.586854 -0.209396  
777 17.860000 -0.584764 -0.208620  
778 17.870000 -0.582681 -0.207848  
779 17.880000 -0.580607 -0.207080  
780 17.890000 -0.578540 -0.206315  
781 17.900000 -0.576480 -0.205553  
782 17.910000 -0.574429 -0.204795  
783 17.920000 -0.572384 -0.204041  
784 17.930000 -0.570348 -0.203290  
785 17.940000 -0.568319 -0.202542  
786 17.950000 -0.566297 -0.201798  
787 17.960000 -0.564283 -0.201057  
788 17.970000 -0.562276 -0.200320  
789 17.980000 -0.560276 -0.199586  
790 17.990000 -0.558284 -0.198855  
791 18.000000 -0.556299 -0.198127  
792 18.010000 -0.554321 -0.197403  
793 18.020000 -0.552351 -0.196682  
794 18.030000 -0.550388 -0.195965  
795 18.040000 -0.548432 -0.195250  
796 18.050000 -0.546483 -0.194539  
797 18.060000 -0.544541 -0.193831  
798 18.070000 -0.542606 -0.193127  
799 18.080000 -0.540678 -0.192425  
800 18.090000 -0.538758 -0.191727  
801 18.100000 -0.536844 -0.191032  
802 18.110000 -0.534937 -0.190340  
803 18.120000 -0.533037 -0.189651  
804 18.130000 -0.531144 -0.188965  
805 18.140000 -0.529258 -0.188282  
806 18.150000 -0.527378 -0.187603  
807 18.160000 -0.525506 -0.186926  
808 18.170000 -0.523640 -0.186252  
809 18.180000 -0.521781 -0.185582  
810 18.190000 -0.519928 -0.184914  
811 18.200000 -0.518082 -0.184250  
812 18.210000 -0.516243 -0.183588  
813 18.220000 -0.514411 -0.182929  
814 18.230000 -0.512585 -0.182274  
815 18.240000 -0.510765 -0.181621  
816 18.250000 -0.508952 -0.180971  
817 18.260000 -0.507146 -0.180324  
818 18.270000 -0.505346 -0.179680  
819 18.280000 -0.503552 -0.179038  
820 18.290000 -0.501765 -0.178400  
821 18.300000 -0.499984 -0.177764  
822 18.310000 -0.498210 -0.177132  
823 18.320000 -0.496441 -0.176502  
824 18.330000 -0.494680 -0.175875  
825 18.340000 -0.492924 -0.175250  
826 18.350000 -0.491174 -0.174628  
827 18.360000 -0.489431 -0.174010  
828 18.370000 -0.487694 -0.173393  
829 18.380000 -0.485963 -0.172780  
830 18.390000 -0.484239 -0.172169  
831 18.400000 -0.482520 -0.171561  
832 18.410000 -0.480807 -0.170956  
833 18.420000 -0.479101 -0.170353  
834 18.430000 -0.477400 -0.169753  
835 18.440000 -0.475706 -0.169155  
836 18.450000 -0.474017 -0.168560  
837 18.460000 -0.472335 -0.167968  
838 18.470000 -0.470658 -0.167379  
839 18.480000 -0.468987 -0.166791  
840 18.490000 -0.467322 -0.166207  
841 18.500000 -0.465663 -0.165625  
842 18.510000 -0.464010 -0.165045  
843 18.520000 -0.462362 -0.164469  
844 18.530000 -0.460720 -0.163894  
845 18.540000 -0.459084 -0.163322  
846 18.550000 -0.457454 -0.162753  
847 18.560000 -0.455829 -0.162186  
848 18.570000 -0.454210 -0.161621  
849 18.580000 -0.452597 -0.161059  
850 18.590000 -0.450989 -0.160500  
851 18.600000 -0.449387 -0.159942  
852 18.610000 -0.447790 -0.159388  
853 18.620000 -0.446199 -0.158835  
854 18.630000 -0.444613 -0.158285  
855 18.640000 -0.443033 -0.157738  
856 18.650000 -0.441458 -0.157192  
857 18.660000 -0.439889 -0.156649  
858 18.670000 -0.438325 -0.156109  
859 18.680000 -0.436767 -0.155571  
860 18.690000 -0.435214 -0.155035  
861 18.700000 -0.433666 -0.154501  
862 18.710000 -0.432124 -0.153970  
863 18.720000 -0.430587 -0.153440  
864 18.730000 -0.429055 -0.152914  
865 18.740000 -0.427529 -0.152389  
866 18.750000 -0.426007 -0.151867  
867 18.760000 -0.424491 -0.151346  
868 18.770000 -0.422980 -0.150829  
869 18.780000 -0.421475 -0.150313  
870 18.790000 -0.419974 -0.149799  
871 18.800000 -0.418479 -0.149288  
872 18.810000 -0.416988 -0.148779  
873 18.820000 -0.415503 -0.148272  
874 18.830000 -0.414023 -0.147767  
875 18.840000 -0.412548 -0.147264  
876 18.850000 -0.411078 -0.146764  
877 18.860000 -0.409613 -0.146265  
878 18.870000 -0.408152 -0.145769  
879 18.880000 -0.406697 -0.145275  
880 18.890000 -0.405247 -0.144783  
881 18.900000 -0.403802 -0.144292  
882 18.910000 -0.402361 -0.143804  
883 18.920000 -0.400925 -0.143319  
884 18.930000 -0.399495 -0.142835  
885 18.940000 -0.398069 -0.142353  
886 18.950000 -0.396648 -0.141873  
887 18.960000 -0.395231 -0.141395  
888 18.970000 -0.393820 -0.140919  
889 18.980000 -0.392413 -0.140445  
890 18.990000 -0.391011 -0.139973  
891 19.000000 -0.389613 -0.139504  
892 19.010000 -0.388221 -0.139036  
893 19.020000 -0.386833 -0.138570  
894 19.030000 -0.385449 -0.138106  
895 19.040000 -0.384071 -0.137643  
896 19.050000 -0.382696 -0.137183  
897 19.060000 -0.381327 -0.136725  
898 19.070000 -0.379962 -0.136269  
899 19.080000 -0.378602 -0.135814  
900 19.090000 -0.377246 -0.135362  
901 19.100000 -0.375894 -0.134911  
902 19.110000 -0.374547 -0.134462  
903 19.120000 -0.373205 -0.134015  
904 19.130000 -0.371867 -0.133570  
905 19.140000 -0.370534 -0.133127  
906 19.150000 -0.369205 -0.132685  
907 19.160000 -0.367880 -0.132246  
908 19.170000 -0.366560 -0.131808  
909 19.180000 -0.365244 -0.131372  
910 19.190000 -0.363932 -0.130938  
911 19.200000 -0.362625 -0.130505  
912 19.210000 -0.361322 -0.130075  
913 19.220000 -0.360023 -0.129646  
914 19.230000 -0.358729 -0.129219  
915 19.240000 -0.357439 -0.128793  
916 19.250000 -0.356153 -0.128370  
917 19.260000 -0.354872 -0.127948  
918 19.270000 -0.353594 -0.127527  
919 19.280000 -0.352321 -0.127109  
920 19.290000 -0.351052 -0.126692  
921 19.300000 -0.349787 -0.126277  
922 19.310000 -0.348527 -0.125864  
923 19.320000 -0.347270 -0.125452  
924 19.330000 -0.346018 -0.125042  
925 19.340000 -0.344769 -0.124634  
926 19.350000 -0.343525 -0.124227  
927 19.360000 -0.342285 -0.123822  
928 19.370000 -0.341048 -0.123419  
929 19.380000 -0.339816 -0.123017  
930 19.390000 -0.338588 -0.122617  
931 19.400000 -0.337364 -0.122218  
932 19.410000 -0.336144 -0.121822  
933 19.420000 -0.334927 -0.121426  
934 19.430000 -0.333715 -0.121033  
935 19.440000 -0.332507 -0.120641  
936 19.450000 -0.331302 -0.120250  
937 19.460000 -0.330102 -0.119861  
938 19.470000 -0.328905 -0.119474  
939 19.480000 -0.327712 -0.119088  
940 19.490000 -0.326523 -0.118704  
941 19.500000 -0.325338 -0.118321  
942 19.510000 -0.324157 -0.117940  
943 19.520000 -0.322979 -0.117560  
944 19.530000 -0.321806 -0.117182  
945 19.540000 -0.320636 -0.116805  
946 19.550000 -0.319470 -0.116430  
947 19.560000 -0.318307 -0.116056  
948 19.570000 -0.317149 -0.115684  
949 19.580000 -0.315994 -0.115314  
950 19.590000 -0.314842 -0.114944  
951 19.600000 -0.313695 -0.114577  
952 19.610000 -0.312551 -0.114211  
953 19.620000 -0.311410 -0.113846  
954 19.630000 -0.310274 -0.113482  
955 19.640000 -0.309141 -0.113121  
956 19.650000 -0.308011 -0.112760  
957 19.660000 -0.306886 -0.112401  
958 19.670000 -0.305763 -0.112043  
959 19.680000 -0.304645 -0.111687  
960 19.690000 -0.303530 -0.111332  
961 19.700000 -0.302418 -0.110979  
962 19.710000 -0.301310 -0.110627  
963 19.720000 -0.300205 -0.110276  
964 19.730000 -0.299104 -0.109927  
965 19.740000 -0.298007 -0.109579  
966 19.750000 -0.296913 -0.109233  
967 19.760000 -0.295822 -0.108888  
968 19.770000 -0.294735 -0.108544  
969 19.780000 -0.293651 -0.108202  
970 19.790000 -0.292571 -0.107860  
971 19.800000 -0.291494 -0.107521  
972 19.810000 -0.290421 -0.107182  
973 19.820000 -0.289351 -0.106845  
974 19.830000 -0.288284 -0.106509  
975 19.840000 -0.287220 -0.106175  
976 19.850000 -0.286160 -0.105842  
977 19.860000 -0.285103 -0.105510  
978 19.870000 -0.284050 -0.105179  
979 19.880000 -0.283000 -0.104850  
980 19.890000 -0.281953 -0.104522  
981 19.900000 -0.280909 -0.104195  
982 19.910000 -0.279869 -0.103870  
983 19.920000 -0.278832 -0.103546  
984 19.930000 -0.277798 -0.103223  
985 19.940000 -0.276768 -0.102901  
986 19.950000 -0.275740 -0.102581  
987 19.960000 -0.274716 -0.102262  
988 19.970000 -0.273695 -0.101944  
989 19.980000 -0.272677 -0.101627  
990 19.990000 -0.271662 -0.101311  
991 20.000000 -0.270651 -0.100997  
992 20.010000 -0.269642 -0.100684  
993 20.020000 -0.268637 -0.100372  
994 20.030000 -0.267635 -0.100062  
995 20.040000 -0.266636 -0.099752  
996 20.050000 -0.265640 -0.099444  
997 20.060000 -0.264647 -0.099137  
998 20.070000 -0.263657 -0.098831  
999 20.080000 -0.262670 -0.098526  
1000 20.090000 -0.261687 -0.098222  
1001 20.100000 -0.260706 -0.097920  
1002 20.110000 -0.259728 -0.097619  
1003 20.120000 -0.258754 -0.097319  
1004 20.130000 -0.257782 -0.097020  
1005 20.140000 -0.256813 -0.096722  
1006 20.150000 -0.255847 -0.096425  
1007 20.160000 -0.254885 -0.096130  
1008 20.170000 -0.253925 -0.095835  
1009 20.180000 -0.252968 -0.095542  
1010 20.190000 -0.252014 -0.095250  
1011 20.200000 -0.251063 -0.094959  
1012 20.210000 -0.250115 -0.094669  
1013 20.220000 -0.249170 -0.094380  
1014 20.230000 -0.248227 -0.094092  
1015 20.240000 -0.247288 -0.093805  
1016 20.250000 -0.246351 -0.093519  
1017 20.260000 -0.245417 -0.093235  
1018 20.270000 -0.244486 -0.092951  
1019 20.280000 -0.243558 -0.092669  
1020 20.290000 -0.242633 -0.092388  
1021 20.300000 -0.241711 -0.092107  
1022 20.310000 -0.240791 -0.091828  
1023 20.320000 -0.239874 -0.091550  
1024 20.330000 -0.238960 -0.091273  
1025 20.340000 -0.238049 -0.090997  
1026 20.350000 -0.237140 -0.090722  
1027 20.360000 -0.236234 -0.090448  
1028 20.370000 -0.235331 -0.090175  
1029 20.380000 -0.234431 -0.089903  
1030 20.390000 -0.233533 -0.089632  
1031 20.400000 -0.232638 -0.089362  
1032 20.410000 -0.231746 -0.089093  
1033 20.420000 -0.230856 -0.088825  
1034 20.430000 -0.229969 -0.088558  
1035 20.440000 -0.229085 -0.088292  
1036 20.450000 -0.228203 -0.088027  
1037 20.460000 -0.227324 -0.087763  
1038 20.470000 -0.226448 -0.087500  
1039 20.480000 -0.225574 -0.087238  
1040 20.490000 -0.224703 -0.086977  
1041 20.500000 -0.223835 -0.086717  
1042 20.510000 -0.222969 -0.086458  
1043 20.520000 -0.222106 -0.086200  
1044 20.530000 -0.221245 -0.085943  
1045 20.540000 -0.220387 -0.085687  
1046 20.550000 -0.219531 -0.085432  
1047 20.560000 -0.218678 -0.085177  
1048 20.570000 -0.217828 -0.084924  
1049 20.580000 -0.216980 -0.084671  
1050 20.590000 -0.216134 -0.084420  
1051 20.600000 -0.215291 -0.084169  
1052 20.610000 -0.214451 -0.083920  
1053 20.620000 -0.213613 -0.083671  
1054 20.630000 -0.212777 -0.083423  
1055 20.640000 -0.211944 -0.083176  
1056 20.650000 -0.211114 -0.082930  
1057 20.660000 -0.210286 -0.082685  
1058 20.670000 -0.209460 -0.082441  
1059 20.680000 -0.208637 -0.082197  
1060 20.690000 -0.207816 -0.081955  
1061 20.700000 -0.206998 -0.081713  
1062 20.710000 -0.206182 -0.081473  
1063 20.720000 -0.205368 -0.081233  
1064 20.730000 -0.204557 -0.080994  
1065 20.740000 -0.203749 -0.080756  
1066 20.750000 -0.202942 -0.080519  
1067 20.760000 -0.202138 -0.080283  
1068 20.770000 -0.201336 -0.080047  
1069 20.780000 -0.200537 -0.079813  
1070 20.790000 -0.199740 -0.079579  
1071 20.800000 -0.198946 -0.079346  
1072 20.810000 -0.198153 -0.079114  
1073 20.820000 -0.197363 -0.078883  
1074 20.830000 -0.196576 -0.078652  
1075 20.840000 -0.195790 -0.078423  
1076 20.850000 -0.195007 -0.078194  
1077 20.860000 -0.194226 -0.077966  
1078 20.870000 -0.193448 -0.077739  
1079 20.880000 -0.192672 -0.077513  
1080 20.890000 -0.191898 -0.077287  
1081 20.900000 -0.191126 -0.077063  
1082 20.910000 -0.190356 -0.076839  
1083 20.920000 -0.189589 -0.076616  
1084 20.930000 -0.188824 -0.076394  
1085 20.940000 -0.188061 -0.076172  
1086 20.950000 -0.187301 -0.075952  
1087 20.960000 -0.186542 -0.075732  
1088 20.970000 -0.185786 -0.075513  
1089 20.980000 -0.185032 -0.075295  
1090 20.990000 -0.184280 -0.075077  
1091 21.000000 -0.183530 -0.074861  
1092 21.010000 -0.182783 -0.074645  
1093 21.020000 -0.182037 -0.074430  
1094 21.030000 -0.181294 -0.074215  
1095 21.040000 -0.180553 -0.074002  
1096 21.050000 -0.179814 -0.073789  
1097 21.060000 -0.179077 -0.073577  
1098 21.070000 -0.178343 -0.073365  
1099 21.080000 -0.177610 -0.073155  
1100 21.090000 -0.176880 -0.072945  
1101 21.100000 -0.176151 -0.072736  
1102 21.110000 -0.175425 -0.072528  
1103 21.120000 -0.174701 -0.072320  
1104 21.130000 -0.173978 -0.072113  
1105 21.140000 -0.173258 -0.071907  
1106 21.150000 -0.172540 -0.071702  
1107 21.160000 -0.171824 -0.071497  
1108 21.170000 -0.171110 -0.071293  
1109 21.180000 -0.170398 -0.071090  
1110 21.190000 -0.169689 -0.070887  
1111 21.200000 -0.168981 -0.070685  
1112 21.210000 -0.168275 -0.070484  
1113 21.220000 -0.167571 -0.070284  
1114 21.230000 -0.166869 -0.070084  
1115 21.240000 -0.166169 -0.069885  
1116 21.250000 -0.165471 -0.069687  
1117 21.260000 -0.164776 -0.069490  
1118 21.270000 -0.164082 -0.069293  
1119 21.280000 -0.163390 -0.069096  
1120 21.290000 -0.162700 -0.068901  
1121 21.300000 -0.162012 -0.068706  
1122 21.310000 -0.161326 -0.068512  
1123 21.320000 -0.160641 -0.068319  
1124 21.330000 -0.159959 -0.068126  
1125 21.340000 -0.159279 -0.067934  
1126 21.350000 -0.158601 -0.067742  
1127 21.360000 -0.157924 -0.067551  
1128 21.370000 -0.157250 -0.067361  
1129 21.380000 -0.156577 -0.067172  
1130 21.390000 -0.155906 -0.066983  
1131 21.400000 -0.155237 -0.066795  
1132 21.410000 -0.154570 -0.066607  
1133 21.420000 -0.153905 -0.066421  
1134 21.430000 -0.153242 -0.066234  
1135 21.440000 -0.152580 -0.066049  
1136 21.450000 -0.151921 -0.065864  
1137 21.460000 -0.151263 -0.065680  
1138 21.470000 -0.150607 -0.065496  
1139 21.480000 -0.149953 -0.065313  
1140 21.490000 -0.149301 -0.065131  
1141 21.500000 -0.148651 -0.064949  
1142 21.510000 -0.148002 -0.064768  
1143 21.520000 -0.147355 -0.064588  
1144 21.530000 -0.146710 -0.064408  
1145 21.540000 -0.146067 -0.064229  
1146 21.550000 -0.145426 -0.064050  
1147 21.560000 -0.144786 -0.063872  
1148 21.570000 -0.144148 -0.063695  
1149 21.580000 -0.143512 -0.063518  
1150 21.590000 -0.142878 -0.063342  
1151 21.600000 -0.142245 -0.063166  
1152 21.610000 -0.141614 -0.062991  
1153 21.620000 -0.140985 -0.062817  
1154 21.630000 -0.140358 -0.062643  
1155 21.640000 -0.139733 -0.062470  
1156 21.650000 -0.139109 -0.062297  
1157 21.660000 -0.138487 -0.062125  
1158 21.670000 -0.137866 -0.061954  
1159 21.680000 -0.137248 -0.061783  
1160 21.690000 -0.136631 -0.061613  
1161 21.700000 -0.136015 -0.061443  
1162 21.710000 -0.135402 -0.061274  
1163 21.720000 -0.134790 -0.061106  
1164 21.730000 -0.134180 -0.060938  
1165 21.740000 -0.133571 -0.060770  
1166 21.750000 -0.132964 -0.060604  
1167 21.760000 -0.132359 -0.060437  
1168 21.770000 -0.131755 -0.060272  
1169 21.780000 -0.131154 -0.060107  
1170 21.790000 -0.130553 -0.059942  
1171 21.800000 -0.129955 -0.059778  
1172 21.810000 -0.129358 -0.059615  
1173 21.820000 -0.128762 -0.059452  
1174 21.830000 -0.128169 -0.059289  
1175 21.840000 -0.127577 -0.059128  
1176 21.850000 -0.126986 -0.058966  
1177 21.860000 -0.126397 -0.058806  
1178 21.870000 -0.125810 -0.058646  
1179 21.880000 -0.125224 -0.058486  
1180 21.890000 -0.124640 -0.058327  
1181 21.900000 -0.124058 -0.058168  
1182 21.910000 -0.123477 -0.058010  
1183 21.920000 -0.122898 -0.057853  
1184 21.930000 -0.122320 -0.057696  
1185 21.940000 -0.121744 -0.057539  
1186 21.950000 -0.121169 -0.057384  
1187 21.960000 -0.120596 -0.057228  
1188 21.970000 -0.120025 -0.057073  
1189 21.980000 -0.119455 -0.056919  
1190 21.990000 -0.118886 -0.056765  
1191 22.000000 -0.118319 -0.056612  
1192 22.010000 -0.117754 -0.056459  
1193 22.020000 -0.117190 -0.056307  
1194 22.030000 -0.116628 -0.056155  
1195 22.040000 -0.116067 -0.056004  
1196 22.050000 -0.115508 -0.055853  
1197 22.060000 -0.114950 -0.055703  
1198 22.070000 -0.114394 -0.055553  
1199 22.080000 -0.113839 -0.055404  
1200 22.090000 -0.113286 -0.055255  
1201 22.100000 -0.112734 -0.055107  
1202 22.110000 -0.112183 -0.054959  
1203 22.120000 -0.111635 -0.054811  
1204 22.130000 -0.111087 -0.054665  
1205 22.140000 -0.110541 -0.054518  
1206 22.150000 -0.109997 -0.054372  
1207 22.160000 -0.109454 -0.054227  
1208 22.170000 -0.108912 -0.054082  
1209 22.180000 -0.108372 -0.053938  
1210 22.190000 -0.107834 -0.053794  
1211 22.200000 -0.107296 -0.053650  
1212 22.210000 -0.106761 -0.053507  
1213 22.220000 -0.106226 -0.053365  
1214 22.230000 -0.105693 -0.053223  
1215 22.240000 -0.105162 -0.053081  
1216 22.250000 -0.104632 -0.052940  
1217 22.260000 -0.104103 -0.052799  
1218 22.270000 -0.103576 -0.052659  
1219 22.280000 -0.103050 -0.052519  
1220 22.290000 -0.102525 -0.052380  
1221 22.300000 -0.102002 -0.052241  
1222 22.310000 -0.101480 -0.052103  
1223 22.320000 -0.100960 -0.051965  
1224 22.330000 -0.100441 -0.051828  
1225 22.340000 -0.099924 -0.051691  
1226 22.350000 -0.099407 -0.051554  
1227 22.360000 -0.098892 -0.051418  
1228 22.370000 -0.098379 -0.051282  
1229 22.380000 -0.097867 -0.051147  
1230 22.390000 -0.097356 -0.051012  
1231 22.400000 -0.096847 -0.050878  
1232 22.410000 -0.096338 -0.050744  
1233 22.420000 -0.095832 -0.050610  
1234 22.430000 -0.095326 -0.050477  
1235 22.440000 -0.094822 -0.050345  
1236 22.450000 -0.094319 -0.050213  
1237 22.460000 -0.093818 -0.050081  
1238 22.470000 -0.093318 -0.049949  
1239 22.480000 -0.092819 -0.049819  
1240 22.490000 -0.092321 -0.049688  
1241 22.500000 -0.091825 -0.049558  
1242 22.510000 -0.091330 -0.049428  
1243 22.520000 -0.090837 -0.049299  
1244 22.530000 -0.090344 -0.049170  
1245 22.540000 -0.089853 -0.049042  
1246 22.550000 -0.089363 -0.048914  
1247 22.560000 -0.088875 -0.048786  
1248 22.570000 -0.088388 -0.048659  
1249 22.580000 -0.087902 -0.048532  
1250 22.590000 -0.087417 -0.048406  
1251 22.600000 -0.086934 -0.048280  
1252 22.610000 -0.086451 -0.048155  
1253 22.620000 -0.085970 -0.048029  
1254 22.630000 -0.085491 -0.047905  
1255 22.640000 -0.085012 -0.047780  
1256 22.650000 -0.084535 -0.047656  
1257 22.660000 -0.084059 -0.047533  
1258 22.670000 -0.083585 -0.047410  
1259 22.680000 -0.083111 -0.047287  
1260 22.690000 -0.082639 -0.047165  
1261 22.700000 -0.082168 -0.047043  
1262 22.710000 -0.081698 -0.046921  
1263 22.720000 -0.081229 -0.046800  
1264 22.730000 -0.080762 -0.046679  
1265 22.740000 -0.080296 -0.046559  
1266 22.750000 -0.079831 -0.046439  
1267 22.760000 -0.079367 -0.046319  
1268 22.770000 -0.078904 -0.046200  
1269 22.780000 -0.078443 -0.046081  
1270 22.790000 -0.077983 -0.045962  
1271 22.800000 -0.077524 -0.045844  
1272 22.810000 -0.077066 -0.045726  
1273 22.820000 -0.076609 -0.045609  
1274 22.830000 -0.076154 -0.045492  
1275 22.840000 -0.075699 -0.045375  
1276 22.850000 -0.075246 -0.045259  
1277 22.860000 -0.074794 -0.045143  
1278 22.870000 -0.074343 -0.045027  
1279 22.880000 -0.073894 -0.044912  
1280 22.890000 -0.073445 -0.044797  
1281 22.900000 -0.072998 -0.044683  
1282 22.910000 -0.072551 -0.044569  
1283 22.920000 -0.072106 -0.044455  
1284 22.930000 -0.071662 -0.044342  
1285 22.940000 -0.071219 -0.044229  
1286 22.950000 -0.070778 -0.044116  
1287 22.960000 -0.070337 -0.044004  
1288 22.970000 -0.069898 -0.043892  
1289 22.980000 -0.069459 -0.043780  
1290 22.990000 -0.069022 -0.043669  
1291 23.000000 -0.068586 -0.043558  
1292 23.010000 -0.068151 -0.043447  
1293 23.020000 -0.067717 -0.043337  
1294 23.030000 -0.067284 -0.043227  
1295 23.040000 -0.066852 -0.043118  
1296 23.050000 -0.066422 -0.043008  
1297 23.060000 -0.065992 -0.042900  
1298 23.070000 -0.065564 -0.042791  
1299 23.080000 -0.065136 -0.042683  
1300 23.090000 -0.064710 -0.042575  
1301 23.100000 -0.064285 -0.042467  
1302 23.110000 -0.063861 -0.042360  
1303 23.120000 -0.063438 -0.042253  
1304 23.130000 -0.063016 -0.042147  
1305 23.140000 -0.062595 -0.042041  
1306 23.150000 -0.062175 -0.041935  
1307 23.160000 -0.061756 -0.041829  
1308 23.170000 -0.061338 -0.041724  
1309 23.180000 -0.060922 -0.041619  
1310 23.190000 -0.060506 -0.041515  
1311 23.200000 -0.060091 -0.041411  
1312 23.210000 -0.059678 -0.041307  
1313 23.220000 -0.059265 -0.041203  
1314 23.230000 -0.058854 -0.041100  
1315 23.240000 -0.058443 -0.040997  
1316 23.250000 -0.058034 -0.040894  
1317 23.260000 -0.057625 -0.040792  
1318 23.270000 -0.057218 -0.040690  
1319 23.280000 -0.056812 -0.040588  
1320 23.290000 -0.056406 -0.040487  
1321 23.300000 -0.056002 -0.040386  
1322 23.310000 -0.055598 -0.040285  
1323 23.320000 -0.055196 -0.040185  
1324 23.330000 -0.054795 -0.040084  
1325 23.340000 -0.054394 -0.039985  
1326 23.350000 -0.053995 -0.039885  
1327 23.360000 -0.053597 -0.039786  
1328 23.370000 -0.053199 -0.039687  
1329 23.380000 -0.052803 -0.039588  
1330 23.390000 -0.052408 -0.039490  
1331 23.400000 -0.052013 -0.039392  
1332 23.410000 -0.051620 -0.039294  
1333 23.420000 -0.051227 -0.039197  
1334 23.430000 -0.050836 -0.039100  
1335 23.440000 -0.050445 -0.039003  
1336 23.450000 -0.050056 -0.038907  
1337 23.460000 -0.049667 -0.038810  
1338 23.470000 -0.049279 -0.038714  
1339 23.480000 -0.048893 -0.038619  
1340 23.490000 -0.048507 -0.038523  
1341 23.500000 -0.048122 -0.038428  
1342 23.510000 -0.047739 -0.038334  
1343 23.520000 -0.047356 -0.038239  
1344 23.530000 -0.046974 -0.038145  
1345 23.540000 -0.046593 -0.038051  
1346 23.550000 -0.046213 -0.037957  
1347 23.560000 -0.045834 -0.037864  
1348 23.570000 -0.045455 -0.037771  
1349 23.580000 -0.045078 -0.037678  
1350 23.590000 -0.044702 -0.037586  
1351 23.600000 -0.044326 -0.037493  
1352 23.610000 -0.043952 -0.037402  
1353 23.620000 -0.043578 -0.037310  
1354 23.630000 -0.043206 -0.037219  
1355 23.640000 -0.042834 -0.037127  
1356 23.650000 -0.042463 -0.037037  
1357 23.660000 -0.042093 -0.036946  
1358 23.670000 -0.041724 -0.036856  
1359 23.680000 -0.041356 -0.036766  
1360 23.690000 -0.040989 -0.036676  
1361 23.700000 -0.040623 -0.036586  
1362 23.710000 -0.040257 -0.036497  
1363 23.720000 -0.039893 -0.036408  
1364 23.730000 -0.039529 -0.036320  
1365 23.740000 -0.039166 -0.036231  
1366 23.750000 -0.038805 -0.036143  
1367 23.760000 -0.038444 -0.036055  
1368 23.770000 -0.038083 -0.035968  
1369 23.780000 -0.037724 -0.035880  
1370 23.790000 -0.037366 -0.035793  
1371 23.800000 -0.037008 -0.035706  
1372 23.810000 -0.036652 -0.035620  
1373 23.820000 -0.036296 -0.035533  
1374 23.830000 -0.035941 -0.035447  
1375 23.840000 -0.035587 -0.035361  
1376 23.850000 -0.035234 -0.035276  
1377 23.860000 -0.034881 -0.035191  
1378 23.870000 -0.034530 -0.035106  
1379 23.880000 -0.034179 -0.035021  
1380 23.890000 -0.033830 -0.034936  
1381 23.900000 -0.033481 -0.034852  
1382 23.910000 -0.033133 -0.034768  
1383 23.920000 -0.032785 -0.034684  
1384 23.930000 -0.032439 -0.034601  
1385 23.940000 -0.032093 -0.034517  
1386 23.950000 -0.031748 -0.034434  
1387 23.960000 -0.031405 -0.034351  
1388 23.970000 -0.031061 -0.034269  
1389 23.980000 -0.030719 -0.034187  
1390 23.990000 -0.030378 -0.034104  
1391 24.000000 -0.030037 -0.034023  
1392 24.010000 -0.029697 -0.033941  
1393 24.020000 -0.029358 -0.033860  
1394 24.030000 -0.029020 -0.033779  
1395 24.040000 -0.028683 -0.033698  
1396 24.050000 -0.028346 -0.033617  
1397 24.060000 -0.028010 -0.033537  
1398 24.070000 -0.027675 -0.033457  
1399 24.080000 -0.027341 -0.033377  
1400 24.090000 -0.027008 -0.033297  
1401 24.100000 -0.026675 -0.033217  
1402 24.110000 -0.026343 -0.033138  
1403 24.120000 -0.026013 -0.033059  
1404 24.130000 -0.025682 -0.032980  
1405 24.140000 -0.025353 -0.032902  
1406 24.150000 -0.025024 -0.032824  
1407 24.160000 -0.024696 -0.032746  
1408 24.170000 -0.024369 -0.032668  
1409 24.180000 -0.024043 -0.032590  
1410 24.190000 -0.023718 -0.032513  
1411 24.200000 -0.023393 -0.032436  
1412 24.210000 -0.023069 -0.032359  
1413 24.220000 -0.022746 -0.032282  
1414 24.230000 -0.022423 -0.032205  
1415 24.240000 -0.022102 -0.032129  
1416 24.250000 -0.021781 -0.032053  
1417 24.260000 -0.021460 -0.031977  
1418 24.270000 -0.021141 -0.031902  
1419 24.280000 -0.020822 -0.031826  
1420 24.290000 -0.020505 -0.031751  
1421 24.300000 -0.020187 -0.031676  
1422 24.310000 -0.019871 -0.031601  
1423 24.320000 -0.019555 -0.031527  
1424 24.330000 -0.019240 -0.031453  
1425 24.340000 -0.018926 -0.031379  
1426 24.350000 -0.018613 -0.031305  
1427 24.360000 -0.018300 -0.031231  
1428 24.370000 -0.017988 -0.031158  
1429 24.380000 -0.017677 -0.031084  
1430 24.390000 -0.017367 -0.031011  
1431 24.400000 -0.017057 -0.030939  
1432 24.410000 -0.016748 -0.030866  
1433 24.420000 -0.016440 -0.030794  
1434 24.430000 -0.016132 -0.030721  
1435 24.440000 -0.015825 -0.030649  
1436 24.450000 -0.015519 -0.030578  
1437 24.460000 -0.015214 -0.030506  
1438 24.470000 -0.014909 -0.030435  
1439 24.480000 -0.014605 -0.030364  
1440 24.490000 -0.014302 -0.030293  
1441 24.500000 -0.013999 -0.030222  
1442 24.510000 -0.013697 -0.030151  
1443 24.520000 -0.013396 -0.030081  
1444 24.530000 -0.013096 -0.030011  
1445 24.540000 -0.012796 -0.029941  
1446 24.550000 -0.012497 -0.029871  
1447 24.560000 -0.012198 -0.029802  
1448 24.570000 -0.011901 -0.029732  
1449 24.580000 -0.011604 -0.029663  
1450 24.590000 -0.011307 -0.029594  
1451 24.600000 -0.011012 -0.029526  
1452 24.610000 -0.010717 -0.029457  
1453 24.620000 -0.010423 -0.029389  
1454 24.630000 -0.010129 -0.029320  
1455 24.640000 -0.009836 -0.029252  
1456 24.650000 -0.009544 -0.029185  
1457 24.660000 -0.009253 -0.029117  
1458 24.670000 -0.008962 -0.029050  
1459 24.680000 -0.008672 -0.028983  
1460 24.690000 -0.008382 -0.028916  
1461 24.700000 -0.008093 -0.028849  
1462 24.710000 -0.007805 -0.028782  
1463 24.720000 -0.007518 -0.028716  
1464 24.730000 -0.007231 -0.028649  
1465 24.740000 -0.006945 -0.028583  
1466 24.750000 -0.006659 -0.028517  
1467 24.760000 -0.006374 -0.028452  
1468 24.770000 -0.006090 -0.028386  
1469 24.780000 -0.005807 -0.028321  
1470 24.790000 -0.005524 -0.028256  
1471 24.800000 -0.005241 -0.028191  
1472 24.810000 -0.004960 -0.028126  
1473 24.820000 -0.004679 -0.028062  
1474 24.830000 -0.004399 -0.027997  
1475 24.840000 -0.004119 -0.027933  
1476 24.850000 -0.003840 -0.027869  
1477 24.860000 -0.003562 -0.027805  
1478 24.870000 -0.003284 -0.027741  
1479 24.880000 -0.003007 -0.027678  
1480 24.890000 -0.002730 -0.027615  
1481 24.900000 -0.002454 -0.027551  
1482 24.910000 -0.002179 -0.027488  
1483 24.920000 -0.001905 -0.027426  
1484 24.930000 -0.001631 -0.027363  
1485 24.940000 -0.001357 -0.027301  
1486 24.950000 -0.001085 -0.027238  
1487 24.960000 -0.000813 -0.027176  
1488 24.970000 -0.000541 -0.027114  
1489 24.980000 -0.000270 -0.027053  
1490 24.990000 -0.000000 -0.026991  
