1 10.100000 68649977760449.656250 6186154224682133.000000  
2 10.110000 29081854312936.683594 2382665010967160.000000  
3 10.120000 13275207698769.853516 997118546218800.000000  
4 10.130000 6452069898156.474609 447399471276140.375000  
5 10.140000 3307912590572.823242 213019169205953.812500  
6 10.150000 1775834716923.554199 106747281742844.203125  
7 10.160000 992343368312.802246 55929415217017.015625  
8 10.170000 574407205532.303711 30473469172239.500000  
9 10.180000 343025491039.136292 17189268066656.888672  
10 10.190000 210627810537.009460 10000415985887.968750  
11 10.200000 132601291368.638992 5981719913311.433594  
12 10.210000 85381555998.493362 3668642167744.863281  
13 10.220000 56111774508.847633 2301675408620.240234  
14 10.230000 37568895590.205475 1474230611357.057861  
15 10.240000 25585800363.673298 962286915085.124268  
16 10.250000 17699530294.267193 639131814722.124878  
17 10.260000 12421777074.857332 431351071828.477966  
18 10.270000 8834712762.784256 295461480532.348572  
19 10.280000 6361607683.792306 205178882165.642700  
20 10.290000 4633726975.738819 144313768047.317841  
21 10.300000 3411495397.665823 102718881321.672821  
22 10.310000 2536909061.078604 73930098125.103714  
23 10.320000 1904297521.673708 53766793842.673912  
24 10.330000 1442062260.164016 39486672281.146255  
25 10.340000 1101094209.671453 29266924216.502586  
26 10.350000 847321045.205475 21880761735.631092  
27 10.360000 656846579.704785 16492815748.147278  
28 10.370000 512740221.276193 12527944342.764395  
29 10.380000 402890829.158807 9586026760.886915  
30 10.390000 318555809.912248 7385950383.131165  
31 10.400000 253369717.007020 5728365240.626637  
32 10.410000 202659956.011975 4470648336.449329  
33 10.420000 162969921.863967 3509901582.622126  
34 10.430000 131723655.939784 2771292440.334267  
35 10.440000 106987978.148975 2199983991.693125  
36 10.450000 87302367.908426 1755499954.911373  
37 10.460000 71556340.999983 1407756755.435714  
38 10.470000 58900398.673069 1134246988.963612  
39 10.480000 48680894.087631 918024810.370420  
40 10.490000 40392066.051650 746254339.566842  
41 10.500000 33640483.725890 609156388.581439  
42 10.510000 28118525.568217 499239064.593173  
43 10.520000 23584477.935149 410732111.963611  
44 10.530000 19847514.816876 339168467.071537  
45 10.540000 16756298.647334 281072872.783095  
46 10.550000 14190283.098932 233728836.706570  
47 10.560000 12053043.371119 195003263.192761  
48 10.570000 10267136.071842 163213787.382450  
49 10.580000 8770119.064917 137027901.683635  
50 10.590000 7511455.385744 115385878.900056  
51 10.600000 6450094.206207 97441599.042709  
52 10.610000 5552572.724322 82516913.220970  
53 10.620000 4791520.660255 70066292.180557  
54 10.630000 4144477.267458 59649324.758871  
55 10.640000 3592951.947335 50909234.796829  
56 10.650000 3121675.523422 43556032.368784  
57 10.660000 2718001.324995 37353248.506094  
58 10.670000 2371424.430940 32107452.130196  
59 10.680000 2073194.455002 27659935.590532  
60 10.690000 1816002.647874 23880096.984171  
61 10.700000 1593728.247417 20660155.003609  
62 10.710000 1401232.222675 17910914.013291  
63 10.720000 1234189.052990 15558359.746821  
64 10.730000 1088949.128399 13540914.161675  
65 10.740000 962425.878564 11807215.103121  
66 10.750000 852002.931277 10314315.147000  
67 10.760000 755457.541766 9026216.291904  
68 10.770000 670897.276770 7912674.549696  
69 10.780000 596707.526252 6948222.071944  
70 10.790000 531507.883709 6111365.110348  
71 10.800000 474115.809513 5383924.499644  
72 10.810000 423516.290370 4750491.975845  
73 10.820000 378836.447648 4197980.888812  
74 10.830000 339324.240072 3715254.035178  
75 10.840000 304330.561832 3292814.657098  
76 10.850000 273294.162923 2922549.304170  
77 10.860000 245728.920560 2597513.380132  
78 10.870000 221213.073459 2311751.902327  
79 10.880000 199380.098355 2060149.376069  
80 10.890000 179910.963401 1838303.795603  
81 10.900000 162527.538287 1642420.681468  
82 10.910000 146986.978074 1469223.792813  
83 10.920000 133076.928286 1315879.745969  
84 10.930000 120611.423983 1179934.253801  
85 10.940000 109427.376362 1059258.095275  
86 10.950000 99381.557652 952001.248026  
87 10.960000 90348.009396 856553.882160  
88 10.970000 82215.811082 771513.131823  
89 10.980000 74887.156001 695654.740998  
90 10.990000 68275.689476 627908.828619  
91 11.000000 62305.071517 567339.141080  
92 11.010000 56907.731770 513125.262177  
93 11.020000 52023.789456 464547.335272  
94 11.030000 47600.115118 420972.922970  
95 11.040000 43589.514424 381845.688426  
96 11.050000 39950.017176 346675.631503  
97 11.060000 36644.257139 315030.654142  
98 11.070000 33638.930379 286529.263750  
99 11.080000 30904.321569 260834.252377  
100 11.090000 28413.889197 237647.213779  
101 11.100000 26143.901922 216703.780995  
102 11.110000 24073.119371 197769.484379  
103 11.120000 22182.511611 180636.144634  
104 11.130000 20455.012331 165118.727821  
105 11.140000 18875.301422 151052.599790  
106 11.150000 17429.613249 138291.126403  
107 11.160000 16105.567385 126703.573513  
108 11.170000 14892.019005 116173.267106  
109 11.180000 13778.926536 106595.979530  
110 11.190000 12757.234431 97878.512434  
111 11.200000 11818.769232 89937.451054  
112 11.210000 10956.147339 82698.067946  
113 11.220000 10162.693061 76093.357194  
114 11.230000 9432.365753 70063.182675  
115 11.240000 8759.694952 64553.526129  
116 11.250000 8139.722593 59515.822666  
117 11.260000 7567.951468 54906.372956  
118 11.270000 7040.299233 50685.822731  
119 11.280000 6553.057303 46818.701460  
120 11.290000 6102.854106 43273.013061  
121 11.300000 5686.622191 40019.872458  
122 11.310000 5301.568765 37033.182529  
123 11.320000 4945.149276 34289.346716  
124 11.330000 4615.043714 31767.013117  
125 11.340000 4309.135325 29446.846411  
126 11.350000 4025.491484 27311.324421  
127 11.360000 3762.346486 25344.556488  
128 11.370000 3518.086059 23532.121190  
129 11.380000 3291.233411 21860.921214  
130 11.390000 3080.436647 20319.053474  
131 11.400000 2884.457426 18895.692771  
132 11.410000 2702.160705 17580.987503  
133 11.420000 2532.505485 16365.966105  
134 11.430000 2374.536435 15242.453049  
135 11.440000 2227.376318 14202.993365  
136 11.450000 2090.219130 13240.784781  
137 11.460000 1962.323881 12349.616652  
138 11.470000 1843.008962 11523.814968  
139 11.480000 1731.647032 10758.192800  
140 11.490000 1627.660368 10048.005608  
141 11.500000 1530.516652 9388.910917  
142 11.510000 1439.725134 8776.931897  
143 11.520000 1354.833142 8208.424453  
144 11.530000 1275.422907 7680.047471  
145 11.540000 1201.108670 7188.735883  
146 11.550000 1131.534042 6731.676294  
147 11.560000 1066.369606 6306.284883  
148 11.570000 1005.310719 5910.187382  
149 11.580000 948.075508 5541.200903  
150 11.590000 894.403042 5197.317445  
151 11.600000 844.051659 4876.688916  
152 11.610000 796.797435 4577.613513  
153 11.620000 752.432785 4298.523346  
154 11.630000 710.765181 4037.973166  
155 11.640000 671.615976 3794.630109  
156 11.650000 634.819331 3567.264352  
157 11.660000 600.221225 3354.740591  
158 11.670000 567.678550 3156.010279  
159 11.680000 537.058279 2970.104528  
160 11.690000 508.236704 2796.127644  
161 11.700000 481.098732 2633.251209  
162 11.710000 455.537240 2480.708680  
163 11.720000 431.452483 2337.790442  
164 11.730000 408.751546 2203.839292  
165 11.740000 387.347842 2078.246292  
166 11.750000 367.160646 1960.446983  
167 11.760000 348.114672 1849.917907  
168 11.770000 330.139676 1746.173421  
169 11.780000 313.170094 1648.762778  
170 11.790000 297.144706 1557.267441  
171 11.800000 282.006327 1471.298625  
172 11.810000 267.701519 1390.495028  
173 11.820000 254.180331 1314.520760  
174 11.830000 241.396050 1243.063427  
175 11.840000 229.304977 1175.832372  
176 11.850000 217.866219 1112.557061  
177 11.860000 207.041492 1052.985586  
178 11.870000 196.794945 996.883299  
179 11.880000 187.092992 944.031544  
180 11.890000 177.904160 894.226491  
181 11.900000 169.198942 847.278062  
182 11.910000 160.949669 803.008934  
183 11.920000 153.130385 761.253630  
184 11.930000 145.716733 721.857664  
185 11.940000 138.685849 684.676769  
186 11.950000 132.016264 649.576164  
187 11.960000 125.687812 616.429896  
188 11.970000 119.681545 585.120214  
189 11.980000 113.979654 555.537001  
190 11.990000 108.565394 527.577243  
191 12.000000 103.423020 501.144540  
192 12.010000 98.537715 476.148651  
193 12.020000 93.895539 452.505072  
194 12.030000 89.483370 430.134647  
195 12.040000 85.288850 408.963205  
196 12.050000 81.300342 388.921223  
197 12.060000 77.506879 369.943518  
198 12.070000 73.898128 351.968953  
199 12.080000 70.464348 334.940169  
200 12.090000 67.196352 318.803338  
201 12.100000 64.085476 303.507926  
202 12.110000 61.123547 289.006481  
203 12.120000 58.302849 275.254430  
204 12.130000 55.616100 262.209893  
205 12.140000 53.056424 249.833506  
206 12.150000 50.617327 238.088264  
207 12.160000 48.292671 226.939366  
208 12.170000 46.076661 216.354075  
209 12.180000 43.963814 206.301589  
210 12.190000 41.948950 196.752916  
211 12.200000 40.027168 187.680762  
212 12.210000 38.193832 179.059424  
213 12.220000 36.444557 170.864690  
214 12.230000 34.775192 163.073748  
215 12.240000 33.181808 155.665096  
216 12.250000 31.660684 148.618468  
217 12.260000 30.208296 141.914749  
218 12.270000 28.821306 135.535915  
219 12.280000 27.496551 129.464956  
220 12.290000 26.231034 123.685823  
221 12.300000 25.021913 118.183367  
222 12.310000 23.866492 112.943285  
223 12.320000 22.762218 107.952068  
224 12.330000 21.706664 103.196957  
225 12.340000 20.697532 98.665895  
226 12.350000 19.732638 94.347488  
227 12.360000 18.809909 90.230967  
228 12.370000 17.927379 86.306146  
229 12.380000 17.083179 82.563394  
230 12.390000 16.275535 78.993602  
231 12.400000 15.502760 75.588147  
232 12.410000 14.763251 72.338872  
233 12.420000 14.055487 69.238053  
234 12.430000 13.378020 66.278380  
235 12.440000 12.729472 63.452925  
236 12.450000 12.108536 60.755132  
237 12.460000 11.513965 58.178783  
238 12.470000 10.944575 55.717991  
239 12.480000 10.399239 53.367172  
240 12.490000 9.876883 51.121035  
241 12.500000 9.376486 48.974560  
242 12.510000 8.897075 46.922988  
243 12.520000 8.437725 44.961804  
244 12.530000 7.997552 43.086722  
245 12.540000 7.575717 41.293676  
246 12.550000 7.171418 39.578808  
247 12.560000 6.783892 37.938451  
248 12.570000 6.412412 36.369126  
249 12.580000 6.056284 34.867528  
250 12.590000 5.714846 33.430517  
251 12.600000 5.387468 32.055109  
252 12.610000 5.073548 30.738469  
253 12.620000 4.772512 29.477901  
254 12.630000 4.483812 28.270842  
255 12.640000 4.206925 27.114857  
256 12.650000 3.941352 26.007628  
257 12.660000 3.686617 24.946951  
258 12.670000 3.442265 23.930727  
259 12.680000 3.207861 22.956960  
260 12.690000 2.982991 22.023753  
261 12.700000 2.767257 21.129294  
262 12.710000 2.560281 20.271864  
263 12.720000 2.361702 19.449822  
264 12.730000 2.171172 18.661606  
265 12.740000 1.988362 17.905729  
266 12.750000 1.812955 17.180774  
267 12.760000 1.644648 16.485388  
268 12.770000 1.483153 15.818285  
269 12.780000 1.328192 15.178238  
270 12.790000 1.179502 14.564075  
271 12.800000 1.036828 13.974682  
272 12.810000 0.899929 13.408994  
273 12.820000 0.768572 12.865995  
274 12.830000 0.642537 12.344718  
275 12.840000 0.521609 11.844237  
276 12.850000 0.405585 11.363670  
277 12.860000 0.294272 10.902176  
278 12.870000 0.187481 10.458951  
279 12.880000 0.085034 10.033227  
280 12.890000 -0.013239 9.624271  
281 12.900000 -0.107505 9.231383  
282 12.910000 -0.197918 8.853895  
283 12.920000 -0.284632 8.491166  
284 12.930000 -0.367789 8.142587  
285 12.940000 -0.447529 7.807575  
286 12.950000 -0.523984 7.485571  
287 12.960000 -0.597282 7.176041  
288 12.970000 -0.667544 6.878478  
289 12.980000 -0.734889 6.592392  
290 12.990000 -0.799429 6.317317  
291 13.000000 -0.861271 6.052808  
292 13.010000 -0.920519 5.798437  
293 13.020000 -0.977272 5.553797  
294 13.030000 -1.031626 5.318497  
295 13.040000 -1.083672 5.092163  
296 13.050000 -1.133498 4.874436  
297 13.060000 -1.181188 4.664975  
298 13.070000 -1.226824 4.463451  
299 13.080000 -1.270483 4.269549  
300 13.090000 -1.312239 4.082970  
301 13.100000 -1.352166 3.903424  
302 13.110000 -1.390330 3.730636  
303 13.120000 -1.426800 3.564341  
304 13.130000 -1.461638 3.404285  
305 13.140000 -1.494906 3.250226  
306 13.150000 -1.526662 3.101931  
307 13.160000 -1.556963 2.959176  
308 13.170000 -1.585863 2.821747  
309 13.180000 -1.613415 2.689440  
310 13.190000 -1.639668 2.562057  
311 13.200000 -1.664672 2.439409  
312 13.210000 -1.688472 2.321316  
313 13.220000 -1.711113 2.207604  
314 13.230000 -1.732638 2.098106  
315 13.240000 -1.753088 1.992662  
316 13.250000 -1.772504 1.891119  
317 13.260000 -1.790923 1.793329  
318 13.270000 -1.808382 1.699152  
319 13.280000 -1.824918 1.608451  
320 13.290000 -1.840563 1.521096  
321 13.300000 -1.855350 1.436962  
322 13.310000 -1.869312 1.355928  
323 13.320000 -1.882479 1.277880  
324 13.330000 -1.894879 1.202706  
325 13.340000 -1.906542 1.130301  
326 13.350000 -1.917494 1.060561  
327 13.360000 -1.927762 0.993388  
328 13.370000 -1.937370 0.928687  
329 13.380000 -1.946344 0.866369  
330 13.390000 -1.954705 0.806345  
331 13.400000 -1.962478 0.748532  
332 13.410000 -1.969683 0.692850  
333 13.420000 -1.976342 0.639219  
334 13.430000 -1.982474 0.587566  
335 13.440000 -1.988099 0.537820  
336 13.450000 -1.993237 0.489911  
337 13.460000 -1.997904 0.443772  
338 13.470000 -2.002118 0.399340  
339 13.480000 -2.005896 0.356554  
340 13.490000 -2.009254 0.315355  
341 13.500000 -2.012208 0.275684  
342 13.510000 -2.014773 0.237489  
343 13.520000 -2.016963 0.200715  
344 13.530000 -2.018792 0.165313  
345 13.540000 -2.020273 0.131234  
346 13.550000 -2.021421 0.098430  
347 13.560000 -2.022246 0.066857  
348 13.570000 -2.022762 0.036470  
349 13.580000 -2.022979 0.007228  
350 13.590000 -2.022910 -0.020909  
351 13.600000 -2.022565 -0.047981  
352 13.610000 -2.021954 -0.074025  
353 13.620000 -2.021087 -0.099077  
354 13.630000 -2.019975 -0.123172  
355 13.640000 -2.018627 -0.146343  
356 13.650000 -2.017051 -0.168624  
357 13.660000 -2.015257 -0.190044  
358 13.670000 -2.013253 -0.210634  
359 13.680000 -2.011047 -0.230423  
360 13.690000 -2.008647 -0.249438  
361 13.700000 -2.006061 -0.267707  
362 13.710000 -2.003296 -0.285256  
363 13.720000 -2.000358 -0.302109  
364 13.730000 -1.997256 -0.318291  
365 13.740000 -1.993995 -0.333824  
366 13.750000 -1.990581 -0.348732  
367 13.760000 -1.987022 -0.363036  
368 13.770000 -1.983323 -0.376756  
369 13.780000 -1.979489 -0.389913  
370 13.790000 -1.975526 -0.402526  
371 13.800000 -1.971440 -0.414614  
372 13.810000 -1.967236 -0.426195  
373 13.820000 -1.962918 -0.437287  
374 13.830000 -1.958491 -0.447905  
375 13.840000 -1.953961 -0.458067  
376 13.850000 -1.949331 -0.467788  
377 13.860000 -1.944607 -0.477084  
378 13.870000 -1.939791 -0.485968  
379 13.880000 -1.934889 -0.494454  
380 13.890000 -1.929903 -0.502558  
381 13.900000 -1.924839 -0.510291  
382 13.910000 -1.919699 -0.517666  
383 13.920000 -1.914487 -0.524695  
384 13.930000 -1.909206 -0.531391  
385 13.940000 -1.903860 -0.537765  
386 13.950000 -1.898452 -0.543827  
387 13.960000 -1.892984 -0.549589  
388 13.970000 -1.887461 -0.555061  
389 13.980000 -1.881884 -0.560252  
390 13.990000 -1.876257 -0.565172  
391 14.000000 -1.870582 -0.569831  
392 14.010000 -1.864861 -0.574237  
393 14.020000 -1.859098 -0.578399  
394 14.030000 -1.853294 -0.582326  
395 14.040000 -1.847452 -0.586025  
396 14.050000 -1.841574 -0.589505  
397 14.060000 -1.835662 -0.592772  
398 14.070000 -1.829719 -0.595835  
399 14.080000 -1.823746 -0.598699  
400 14.090000 -1.817746 -0.601373  
401 14.100000 -1.811720 -0.603863  
402 14.110000 -1.805669 -0.606174  
403 14.120000 -1.799597 -0.608313  
404 14.130000 -1.793504 -0.610287  
405 14.140000 -1.787391 -0.612100  
406 14.150000 -1.781262 -0.613759  
407 14.160000 -1.775117 -0.615269  
408 14.170000 -1.768957 -0.616634  
409 14.180000 -1.762785 -0.617861  
410 14.190000 -1.756600 -0.618953  
411 14.200000 -1.750406 -0.619916  
412 14.210000 -1.744202 -0.620754  
413 14.220000 -1.737991 -0.621471  
414 14.230000 -1.731773 -0.622072  
415 14.240000 -1.725550 -0.622561  
416 14.250000 -1.719323 -0.622942  
417 14.260000 -1.713092 -0.623218  
418 14.270000 -1.706859 -0.623394  
419 14.280000 -1.700624 -0.623473  
420 14.290000 -1.694389 -0.623458  
421 14.300000 -1.688155 -0.623354  
422 14.310000 -1.681923 -0.623162  
423 14.320000 -1.675692 -0.622886  
424 14.330000 -1.669465 -0.622530  
425 14.340000 -1.663242 -0.622096  
426 14.350000 -1.657023 -0.621587  
427 14.360000 -1.650810 -0.621006  
428 14.370000 -1.644604 -0.620356  
429 14.380000 -1.638404 -0.619639  
430 14.390000 -1.632211 -0.618857  
431 14.400000 -1.626027 -0.618013  
432 14.410000 -1.619851 -0.617110  
433 14.420000 -1.613685 -0.616149  
434 14.430000 -1.607528 -0.615134  
435 14.440000 -1.601382 -0.614065  
436 14.450000 -1.595247 -0.612945  
437 14.460000 -1.589123 -0.611777  
438 14.470000 -1.583012 -0.610561  
439 14.480000 -1.576912 -0.609300  
440 14.490000 -1.570826 -0.607996  
441 14.500000 -1.564753 -0.606650  
442 14.510000 -1.558693 -0.605264  
443 14.520000 -1.552647 -0.603840  
444 14.530000 -1.546616 -0.602379  
445 14.540000 -1.540600 -0.600883  
446 14.550000 -1.534599 -0.599353  
447 14.560000 -1.528613 -0.597791  
448 14.570000 -1.522643 -0.596197  
449 14.580000 -1.516689 -0.594575  
450 14.590000 -1.510752 -0.592924  
451 14.600000 -1.504831 -0.591246  
452 14.610000 -1.498927 -0.589542  
453 14.620000 -1.493040 -0.587814  
454 14.630000 -1.487171 -0.586062  
455 14.640000 -1.481319 -0.584288  
456 14.650000 -1.475485 -0.582492  
457 14.660000 -1.469669 -0.580676  
458 14.670000 -1.463871 -0.578841  
459 14.680000 -1.458092 -0.576988  
460 14.690000 -1.452332 -0.575117  
461 14.700000 -1.446590 -0.573230  
462 14.710000 -1.440867 -0.571327  
463 14.720000 -1.435164 -0.569409  
464 14.730000 -1.429479 -0.567478  
465 14.740000 -1.423814 -0.565533  
466 14.750000 -1.418168 -0.563576  
467 14.760000 -1.412543 -0.561607  
468 14.770000 -1.406936 -0.559627  
469 14.780000 -1.401350 -0.557637  
470 14.790000 -1.395784 -0.555638  
471 14.800000 -1.390237 -0.553629  
472 14.810000 -1.384711 -0.551613  
473 14.820000 -1.379205 -0.549588  
474 14.830000 -1.373719 -0.547557  
475 14.840000 -1.368254 -0.545519  
476 14.850000 -1.362809 -0.543475  
477 14.860000 -1.357384 -0.541425  
478 14.870000 -1.351980 -0.539371  
479 14.880000 -1.346597 -0.537312  
480 14.890000 -1.341234 -0.535250  
481 14.900000 -1.335892 -0.533183  
482 14.910000 -1.330571 -0.531114  
483 14.920000 -1.325270 -0.529042  
484 14.930000 -1.319990 -0.526968  
485 14.940000 -1.314730 -0.524892  
486 14.950000 -1.309492 -0.522815  
487 14.960000 -1.304274 -0.520736  
488 14.970000 -1.299077 -0.518657  
489 14.980000 -1.293901 -0.516578  
490 14.990000 -1.288746 -0.514499  
491 15.000000 -1.283611 -0.512420  
492 15.010000 -1.278497 -0.510341  
493 15.020000 -1.273404 -0.508264  
494 15.030000 -1.268332 -0.506188  
495 15.040000 -1.263280 -0.504113  
496 15.050000 -1.258250 -0.502040  
497 15.060000 -1.253240 -0.499970  
498 15.070000 -1.248250 -0.497901  
499 15.080000 -1.243282 -0.495835  
500 15.090000 -1.238334 -0.493772  
501 15.100000 -1.233406 -0.491712  
502 15.110000 -1.228499 -0.489655  
503 15.120000 -1.223613 -0.487602  
504 15.130000 -1.218747 -0.485552  
505 15.140000 -1.213902 -0.483507  
506 15.150000 -1.209077 -0.481465  
507 15.160000 -1.204273 -0.479427  
508 15.170000 -1.199489 -0.477394  
509 15.180000 -1.194725 -0.475366  
510 15.190000 -1.189981 -0.473342  
511 15.200000 -1.185258 -0.471323  
512 15.210000 -1.180555 -0.469309  
513 15.220000 -1.175872 -0.467300  
514 15.230000 -1.171209 -0.465296  
515 15.240000 -1.166566 -0.463298  
516 15.250000 -1.161943 -0.461306  
517 15.260000 -1.157340 -0.459319  
518 15.270000 -1.152756 -0.457338  
519 15.280000 -1.148193 -0.455363  
520 15.290000 -1.143649 -0.453394  
521 15.300000 -1.139125 -0.451431  
522 15.310000 -1.134620 -0.449474  
523 15.320000 -1.130135 -0.447523  
524 15.330000 -1.125670 -0.445579  
525 15.340000 -1.121224 -0.443642  
526 15.350000 -1.116797 -0.441711  
527 15.360000 -1.112390 -0.439786  
528 15.370000 -1.108001 -0.437868  
529 15.380000 -1.103632 -0.435957  
530 15.390000 -1.099282 -0.434053  
531 15.400000 -1.094951 -0.432156  
532 15.410000 -1.090639 -0.430266  
533 15.420000 -1.086346 -0.428382  
534 15.430000 -1.082071 -0.426506  
535 15.440000 -1.077816 -0.424637  
536 15.450000 -1.073579 -0.422775  
537 15.460000 -1.069360 -0.420920  
538 15.470000 -1.065160 -0.419072  
539 15.480000 -1.060979 -0.417232  
540 15.490000 -1.056816 -0.415399  
541 15.500000 -1.052671 -0.413573  
542 15.510000 -1.048544 -0.411755  
543 15.520000 -1.044436 -0.409944  
544 15.530000 -1.040345 -0.408141  
545 15.540000 -1.036273 -0.406345  
546 15.550000 -1.032218 -0.404556  
547 15.560000 -1.028182 -0.402775  
548 15.570000 -1.024163 -0.401002  
549 15.580000 -1.020162 -0.399236  
550 15.590000 -1.016178 -0.397477  
551 15.600000 -1.012212 -0.395727  
552 15.610000 -1.008263 -0.393983  
553 15.620000 -1.004332 -0.392248  
554 15.630000 -1.000418 -0.390520  
555 15.640000 -0.996522 -0.388799  
556 15.650000 -0.992642 -0.387086  
557 15.660000 -0.988780 -0.385381  
558 15.670000 -0.984935 -0.383683  
559 15.680000 -0.981106 -0.381993  
560 15.690000 -0.977295 -0.380311  
561 15.700000 -0.973500 -0.378636  
562 15.710000 -0.969722 -0.376969  
563 15.720000 -0.965961 -0.375309  
564 15.730000 -0.962216 -0.373657  
565 15.740000 -0.958488 -0.372013  
566 15.750000 -0.954776 -0.370376  
567 15.760000 -0.951080 -0.368746  
568 15.770000 -0.947401 -0.367125  
569 15.780000 -0.943738 -0.365510  
570 15.790000 -0.940090 -0.363904  
571 15.800000 -0.936459 -0.362305  
572 15.810000 -0.932844 -0.360713  
573 15.820000 -0.929245 -0.359129  
574 15.830000 -0.925662 -0.357552  
575 15.840000 -0.922094 -0.355983  
576 15.850000 -0.918542 -0.354422  
577 15.860000 -0.915006 -0.352867  
578 15.870000 -0.911485 -0.351321  
579 15.880000 -0.907979 -0.349781  
580 15.890000 -0.904489 -0.348249  
581 15.900000 -0.901014 -0.346725  
582 15.910000 -0.897555 -0.345207  
583 15.920000 -0.894110 -0.343697  
584 15.930000 -0.890681 -0.342195  
585 15.940000 -0.887266 -0.340699  
586 15.950000 -0.883867 -0.339211  
587 15.960000 -0.880482 -0.337730  
588 15.970000 -0.877112 -0.336257  
589 15.980000 -0.873757 -0.334790  
590 15.990000 -0.870416 -0.333331  
591 16.000000 -0.867090 -0.331879  
592 16.010000 -0.863778 -0.330434  
593 16.020000 -0.860481 -0.328996  
594 16.030000 -0.857199 -0.327565  
595 16.040000 -0.853930 -0.326141  
596 16.050000 -0.850676 -0.324725  
597 16.060000 -0.847435 -0.323315  
598 16.070000 -0.844209 -0.321912  
599 16.080000 -0.840997 -0.320516  
600 16.090000 -0.837799 -0.319127  
601 16.100000 -0.834615 -0.317745  
602 16.110000 -0.831444 -0.316370  
603 16.120000 -0.828287 -0.315002  
604 16.130000 -0.825144 -0.313640  
605 16.140000 -0.822014 -0.312286  
606 16.150000 -0.818898 -0.310938  
607 16.160000 -0.815796 -0.309597  
608 16.170000 -0.812706 -0.308262  
609 16.180000 -0.809630 -0.306934  
610 16.190000 -0.806568 -0.305613  
611 16.200000 -0.803518 -0.304298  
612 16.210000 -0.800482 -0.302990  
613 16.220000 -0.797458 -0.301689  
614 16.230000 -0.794448 -0.300394  
615 16.240000 -0.791450 -0.299105  
616 16.250000 -0.788466 -0.297823  
617 16.260000 -0.785494 -0.296548  
618 16.270000 -0.782535 -0.295278  
619 16.280000 -0.779588 -0.294016  
620 16.290000 -0.776654 -0.292759  
621 16.300000 -0.773733 -0.291509  
622 16.310000 -0.770824 -0.290265  
623 16.320000 -0.767928 -0.289028  
624 16.330000 -0.765044 -0.287796  
625 16.340000 -0.762172 -0.286571  
626 16.350000 -0.759312 -0.285352  
627 16.360000 -0.756465 -0.284139  
628 16.370000 -0.753629 -0.282933  
629 16.380000 -0.750806 -0.281732  
630 16.390000 -0.747995 -0.280537  
631 16.400000 -0.745195 -0.279349  
632 16.410000 -0.742408 -0.278166  
633 16.420000 -0.739632 -0.276989  
634 16.430000 -0.736868 -0.275819  
635 16.440000 -0.734116 -0.274654  
636 16.450000 -0.731375 -0.273495  
637 16.460000 -0.728646 -0.272342  
638 16.470000 -0.725928 -0.271195  
639 16.480000 -0.723222 -0.270053  
640 16.490000 -0.720527 -0.268917  
641 16.500000 -0.717843 -0.267787  
642 16.510000 -0.715171 -0.266663  
643 16.520000 -0.712510 -0.265544  
644 16.530000 -0.709860 -0.264431  
645 16.540000 -0.707221 -0.263324  
646 16.550000 -0.704594 -0.262222  
647 16.560000 -0.701977 -0.261126  
648 16.570000 -0.699371 -0.260035  
649 16.580000 -0.696776 -0.258950  
650 16.590000 -0.694192 -0.257870  
651 16.600000 -0.691619 -0.256796  
652 16.610000 -0.689056 -0.255727  
653 16.620000 -0.686504 -0.254663  
654 16.630000 -0.683963 -0.253605  
655 16.640000 -0.681432 -0.252552  
656 16.650000 -0.678912 -0.251504  
657 16.660000 -0.676402 -0.250462  
658 16.670000 -0.673903 -0.249425  
659 16.680000 -0.671414 -0.248393  
660 16.690000 -0.668935 -0.247366  
661 16.700000 -0.666466 -0.246344  
662 16.710000 -0.664008 -0.245328  
663 16.720000 -0.661560 -0.244317  
664 16.730000 -0.659122 -0.243310  
665 16.740000 -0.656693 -0.242309  
666 16.750000 -0.654275 -0.241313  
667 16.760000 -0.651867 -0.240321  
668 16.770000 -0.649469 -0.239335  
669 16.780000 -0.647080 -0.238354  
670 16.790000 -0.644702 -0.237377  
671 16.800000 -0.642333 -0.236406  
672 16.810000 -0.639974 -0.235439  
673 16.820000 -0.637624 -0.234477  
674 16.830000 -0.635284 -0.233520  
675 16.840000 -0.632954 -0.232567  
676 16.850000 -0.630633 -0.231620  
677 16.860000 -0.628321 -0.230677  
678 16.870000 -0.626019 -0.229739  
679 16.880000 -0.623726 -0.228805  
680 16.890000 -0.621443 -0.227876  
681 16.900000 -0.619169 -0.226952  
682 16.910000 -0.616904 -0.226032  
683 16.920000 -0.614648 -0.225117  
684 16.930000 -0.612402 -0.224207  
685 16.940000 -0.610164 -0.223301  
686 16.950000 -0.607936 -0.222399  
687 16.960000 -0.605716 -0.221502  
688 16.970000 -0.603506 -0.220609  
689 16.980000 -0.601304 -0.219721  
690 16.990000 -0.599111 -0.218837  
691 17.000000 -0.596927 -0.217958  
692 17.010000 -0.594752 -0.217083  
693 17.020000 -0.592585 -0.216212  
694 17.030000 -0.590428 -0.215345  
695 17.040000 -0.588279 -0.214483  
696 17.050000 -0.586138 -0.213625  
697 17.060000 -0.584006 -0.212771  
698 17.070000 -0.581883 -0.211922  
699 17.080000 -0.579768 -0.211076  
700 17.090000 -0.577661 -0.210235  
701 17.100000 -0.575563 -0.209398  
702 17.110000 -0.573473 -0.208565  
703 17.120000 -0.571392 -0.207736  
704 17.130000 -0.569318 -0.206911  
705 17.140000 -0.567253 -0.206090  
706 17.150000 -0.565197 -0.205273  
707 17.160000 -0.563148 -0.204461  
708 17.170000 -0.561107 -0.203652  
709 17.180000 -0.559075 -0.202847  
710 17.190000 -0.557050 -0.202046  
711 17.200000 -0.555034 -0.201249  
712 17.210000 -0.553025 -0.200456  
713 17.220000 -0.551025 -0.199666  
714 17.230000 -0.549032 -0.198881  
715 17.240000 -0.547047 -0.198099  
716 17.250000 -0.545070 -0.197321  
717 17.260000 -0.543101 -0.196547  
718 17.270000 -0.541139 -0.195777  
719 17.280000 -0.539185 -0.195010  
720 17.290000 -0.537239 -0.194247  
721 17.300000 -0.535300 -0.193488  
722 17.310000 -0.533369 -0.192733  
723 17.320000 -0.531446 -0.191981  
724 17.330000 -0.529529 -0.191233  
725 17.340000 -0.527621 -0.190488  
726 17.350000 -0.525720 -0.189747  
727 17.360000 -0.523826 -0.189009  
728 17.370000 -0.521940 -0.188276  
729 17.380000 -0.520060 -0.187545  
730 17.390000 -0.518189 -0.186818  
731 17.400000 -0.516324 -0.186095  
732 17.410000 -0.514467 -0.185375  
733 17.420000 -0.512617 -0.184659  
734 17.430000 -0.510774 -0.183945  
735 17.440000 -0.508938 -0.183236  
736 17.450000 -0.507109 -0.182530  
737 17.460000 -0.505287 -0.181827  
738 17.470000 -0.503472 -0.181127  
739 17.480000 -0.501664 -0.180431  
740 17.490000 -0.499864 -0.179738  
741 17.500000 -0.498070 -0.179049  
742 17.510000 -0.496283 -0.178363  
743 17.520000 -0.494502 -0.177680  
744 17.530000 -0.492729 -0.177000  
745 17.540000 -0.490962 -0.176323  
746 17.550000 -0.489203 -0.175650  
747 17.560000 -0.487449 -0.174980  
748 17.570000 -0.485703 -0.174313  
749 17.580000 -0.483963 -0.173649  
750 17.590000 -0.482230 -0.172989  
751 17.600000 -0.480503 -0.172331  
752 17.610000 -0.478783 -0.171677  
753 17.620000 -0.477070 -0.171026  
754 17.630000 -0.475363 -0.170377  
755 17.640000 -0.473662 -0.169732  
756 17.650000 -0.471968 -0.169090  
757 17.660000 -0.470280 -0.168451  
758 17.670000 -0.468599 -0.167815  
759 17.680000 -0.466924 -0.167182  
760 17.690000 -0.465255 -0.166551  
761 17.700000 -0.463593 -0.165924  
762 17.710000 -0.461937 -0.165300  
763 17.720000 -0.460287 -0.164679  
764 17.730000 -0.458643 -0.164060  
765 17.740000 -0.457006 -0.163445  
766 17.750000 -0.455374 -0.162832  
767 17.760000 -0.453749 -0.162222  
768 17.770000 -0.452130 -0.161615  
769 17.780000 -0.450517 -0.161011  
770 17.790000 -0.448910 -0.160410  
771 17.800000 -0.447309 -0.159811  
772 17.810000 -0.445714 -0.159215  
773 17.820000 -0.444124 -0.158622  
774 17.830000 -0.442541 -0.158032  
775 17.840000 -0.440964 -0.157444  
776 17.850000 -0.439392 -0.156860  
777 17.860000 -0.437827 -0.156278  
778 17.870000 -0.436267 -0.155698  
779 17.880000 -0.434713 -0.155121  
780 17.890000 -0.433164 -0.154547  
781 17.900000 -0.431622 -0.153976  
782 17.910000 -0.430085 -0.153407  
783 17.920000 -0.428553 -0.152841  
784 17.930000 -0.427028 -0.152277  
785 17.940000 -0.425508 -0.151716  
786 17.950000 -0.423994 -0.151158  
787 17.960000 -0.422485 -0.150602  
788 17.970000 -0.420981 -0.150049  
789 17.980000 -0.419484 -0.149498  
790 17.990000 -0.417991 -0.148950  
791 18.000000 -0.416505 -0.148404  
792 18.010000 -0.415023 -0.147861  
793 18.020000 -0.413548 -0.147320  
794 18.030000 -0.412077 -0.146782  
795 18.040000 -0.410612 -0.146246  
796 18.050000 -0.409152 -0.145712  
797 18.060000 -0.407698 -0.145181  
798 18.070000 -0.406248 -0.144653  
799 18.080000 -0.404805 -0.144126  
800 18.090000 -0.403366 -0.143603  
801 18.100000 -0.401932 -0.143081  
802 18.110000 -0.400504 -0.142562  
803 18.120000 -0.399081 -0.142045  
804 18.130000 -0.397663 -0.141531  
805 18.140000 -0.396251 -0.141019  
806 18.150000 -0.394843 -0.140509  
807 18.160000 -0.393440 -0.140002  
808 18.170000 -0.392043 -0.139496  
809 18.180000 -0.390650 -0.138993  
810 18.190000 -0.389263 -0.138493  
811 18.200000 -0.387881 -0.137994  
812 18.210000 -0.386503 -0.137498  
813 18.220000 -0.385131 -0.137004  
814 18.230000 -0.383763 -0.136513  
815 18.240000 -0.382400 -0.136023  
816 18.250000 -0.381043 -0.135536  
817 18.260000 -0.379690 -0.135050  
818 18.270000 -0.378342 -0.134567  
819 18.280000 -0.376998 -0.134087  
820 18.290000 -0.375660 -0.133608  
821 18.300000 -0.374326 -0.133131  
822 18.310000 -0.372997 -0.132657  
823 18.320000 -0.371673 -0.132185  
824 18.330000 -0.370354 -0.131714  
825 18.340000 -0.369039 -0.131246  
826 18.350000 -0.367729 -0.130780  
827 18.360000 -0.366423 -0.130316  
828 18.370000 -0.365122 -0.129854  
829 18.380000 -0.363826 -0.129394  
830 18.390000 -0.362534 -0.128936  
831 18.400000 -0.361247 -0.128480  
832 18.410000 -0.359965 -0.128026  
833 18.420000 -0.358687 -0.127574  
834 18.430000 -0.357413 -0.127125  
835 18.440000 -0.356144 -0.126677  
836 18.450000 -0.354880 -0.126231  
837 18.460000 -0.353620 -0.125787  
838 18.470000 -0.352364 -0.125345  
839 18.480000 -0.351113 -0.124905  
840 18.490000 -0.349866 -0.124466  
841 18.500000 -0.348623 -0.124030  
842 18.510000 -0.347385 -0.123596  
843 18.520000 -0.346151 -0.123163  
844 18.530000 -0.344922 -0.122733  
845 18.540000 -0.343697 -0.122304  
846 18.550000 -0.342476 -0.121877  
847 18.560000 -0.341259 -0.121452  
848 18.570000 -0.340047 -0.121029  
849 18.580000 -0.338839 -0.120608  
850 18.590000 -0.337635 -0.120188  
851 18.600000 -0.336435 -0.119771  
852 18.610000 -0.335239 -0.119355  
853 18.620000 -0.334048 -0.118941  
854 18.630000 -0.332860 -0.118529  
855 18.640000 -0.331677 -0.118118  
856 18.650000 -0.330498 -0.117710  
857 18.660000 -0.329323 -0.117303  
858 18.670000 -0.328152 -0.116898  
859 18.680000 -0.326985 -0.116494  
860 18.690000 -0.325822 -0.116092  
861 18.700000 -0.324663 -0.115693  
862 18.710000 -0.323508 -0.115294  
863 18.720000 -0.322357 -0.114898  
864 18.730000 -0.321210 -0.114503  
865 18.740000 -0.320067 -0.114110  
866 18.750000 -0.318928 -0.113718  
867 18.760000 -0.317793 -0.113329  
868 18.770000 -0.316662 -0.112940  
869 18.780000 -0.315534 -0.112554  
870 18.790000 -0.314410 -0.112169  
871 18.800000 -0.313291 -0.111786  
872 18.810000 -0.312175 -0.111404  
873 18.820000 -0.311063 -0.111025  
874 18.830000 -0.309954 -0.110646  
875 18.840000 -0.308850 -0.110270  
876 18.850000 -0.307749 -0.109894  
877 18.860000 -0.306652 -0.109521  
878 18.870000 -0.305558 -0.109149  
879 18.880000 -0.304469 -0.108779  
880 18.890000 -0.303383 -0.108410  
881 18.900000 -0.302301 -0.108043  
882 18.910000 -0.301222 -0.107677  
883 18.920000 -0.300147 -0.107313  
884 18.930000 -0.299076 -0.106950  
885 18.940000 -0.298008 -0.106589  
886 18.950000 -0.296944 -0.106230  
887 18.960000 -0.295883 -0.105872  
888 18.970000 -0.294826 -0.105515  
889 18.980000 -0.293773 -0.105160  
890 18.990000 -0.292723 -0.104807  
891 19.000000 -0.291677 -0.104455  
892 19.010000 -0.290634 -0.104104  
893 19.020000 -0.289595 -0.103755  
894 19.030000 -0.288559 -0.103407  
895 19.040000 -0.287527 -0.103061  
896 19.050000 -0.286498 -0.102716  
897 19.060000 -0.285472 -0.102373  
898 19.070000 -0.284450 -0.102031  
899 19.080000 -0.283432 -0.101690  
900 19.090000 -0.282417 -0.101351  
901 19.100000 -0.281405 -0.101014  
902 19.110000 -0.280396 -0.100677  
903 19.120000 -0.279391 -0.100343  
904 19.130000 -0.278389 -0.100009  
905 19.140000 -0.277391 -0.099677  
906 19.150000 -0.276396 -0.099346  
907 19.160000 -0.275404 -0.099017  
908 19.170000 -0.274416 -0.098689  
909 19.180000 -0.273430 -0.098362  
910 19.190000 -0.272448 -0.098037  
911 19.200000 -0.271470 -0.097713  
912 19.210000 -0.270494 -0.097391  
913 19.220000 -0.269522 -0.097069  
914 19.230000 -0.268553 -0.096749  
915 19.240000 -0.267587 -0.096431  
916 19.250000 -0.266624 -0.096113  
917 19.260000 -0.265664 -0.095797  
918 19.270000 -0.264708 -0.095482  
919 19.280000 -0.263755 -0.095169  
920 19.290000 -0.262805 -0.094857  
921 19.300000 -0.261858 -0.094546  
922 19.310000 -0.260914 -0.094236  
923 19.320000 -0.259973 -0.093928  
924 19.330000 -0.259035 -0.093621  
925 19.340000 -0.258101 -0.093315  
926 19.350000 -0.257169 -0.093010  
927 19.360000 -0.256240 -0.092707  
928 19.370000 -0.255315 -0.092405  
929 19.380000 -0.254392 -0.092104  
930 19.390000 -0.253473 -0.091804  
931 19.400000 -0.252556 -0.091506  
932 19.410000 -0.251643 -0.091208  
933 19.420000 -0.250732 -0.090912  
934 19.430000 -0.249824 -0.090617  
935 19.440000 -0.248920 -0.090324  
936 19.450000 -0.248018 -0.090031  
937 19.460000 -0.247119 -0.089740  
938 19.470000 -0.246223 -0.089450  
939 19.480000 -0.245330 -0.089161  
940 19.490000 -0.244440 -0.088873  
941 19.500000 -0.243553 -0.088586  
942 19.510000 -0.242668 -0.088301  
943 19.520000 -0.241786 -0.088016  
944 19.530000 -0.240908 -0.087733  
945 19.540000 -0.240032 -0.087451  
946 19.550000 -0.239159 -0.087170  
947 19.560000 -0.238288 -0.086890  
948 19.570000 -0.237421 -0.086612  
949 19.580000 -0.236556 -0.086334  
950 19.590000 -0.235694 -0.086057  
951 19.600000 -0.234835 -0.085782  
952 19.610000 -0.233979 -0.085508  
953 19.620000 -0.233125 -0.085234  
954 19.630000 -0.232274 -0.084962  
955 19.640000 -0.231426 -0.084691  
956 19.650000 -0.230580 -0.084421  
957 19.660000 -0.229737 -0.084152  
958 19.670000 -0.228897 -0.083885  
959 19.680000 -0.228060 -0.083618  
960 19.690000 -0.227225 -0.083352  
961 19.700000 -0.226392 -0.083087  
962 19.710000 -0.225563 -0.082824  
963 19.720000 -0.224736 -0.082561  
964 19.730000 -0.223912 -0.082300  
965 19.740000 -0.223090 -0.082039  
966 19.750000 -0.222271 -0.081780  
967 19.760000 -0.221454 -0.081521  
968 19.770000 -0.220640 -0.081264  
969 19.780000 -0.219829 -0.081007  
970 19.790000 -0.219020 -0.080752  
971 19.800000 -0.218214 -0.080497  
972 19.810000 -0.217410 -0.080244  
973 19.820000 -0.216609 -0.079992  
974 19.830000 -0.215811 -0.079740  
975 19.840000 -0.215014 -0.079490  
976 19.850000 -0.214221 -0.079240  
977 19.860000 -0.213430 -0.078992  
978 19.870000 -0.212641 -0.078744  
979 19.880000 -0.211855 -0.078497  
980 19.890000 -0.211071 -0.078252  
981 19.900000 -0.210290 -0.078007  
982 19.910000 -0.209511 -0.077763  
983 19.920000 -0.208734 -0.077521  
984 19.930000 -0.207960 -0.077279  
985 19.940000 -0.207189 -0.077038  
986 19.950000 -0.206420 -0.076798  
987 19.960000 -0.205653 -0.076559  
988 19.970000 -0.204888 -0.076321  
989 19.980000 -0.204126 -0.076084  
990 19.990000 -0.203367 -0.075847  
991 20.000000 -0.202609 -0.075612  
992 20.010000 -0.201855 -0.075378  
993 20.020000 -0.201102 -0.075144  
994 20.030000 -0.200352 -0.074911  
995 20.040000 -0.199604 -0.074680  
996 20.050000 -0.198858 -0.074449  
997 20.060000 -0.198115 -0.074219  
998 20.070000 -0.197374 -0.073990  
999 20.080000 -0.196635 -0.073761  
1000 20.090000 -0.195898 -0.073534  
1001 20.100000 -0.195164 -0.073308  
1002 20.110000 -0.194432 -0.073082  
1003 20.120000 -0.193703 -0.072857  
1004 20.130000 -0.192975 -0.072633  
1005 20.140000 -0.192250 -0.072410  
1006 20.150000 -0.191527 -0.072188  
1007 20.160000 -0.190806 -0.071967  
1008 20.170000 -0.190088 -0.071746  
1009 20.180000 -0.189371 -0.071527  
1010 20.190000 -0.188657 -0.071308  
1011 20.200000 -0.187945 -0.071090  
1012 20.210000 -0.187235 -0.070873  
1013 20.220000 -0.186528 -0.070657  
1014 20.230000 -0.185822 -0.070441  
1015 20.240000 -0.185119 -0.070226  
1016 20.250000 -0.184418 -0.070012  
1017 20.260000 -0.183719 -0.069799  
1018 20.270000 -0.183022 -0.069587  
1019 20.280000 -0.182327 -0.069376  
1020 20.290000 -0.181634 -0.069165  
1021 20.300000 -0.180943 -0.068955  
1022 20.310000 -0.180255 -0.068746  
1023 20.320000 -0.179569 -0.068538  
1024 20.330000 -0.178884 -0.068330  
1025 20.340000 -0.178202 -0.068123  
1026 20.350000 -0.177522 -0.067918  
1027 20.360000 -0.176844 -0.067712  
1028 20.370000 -0.176167 -0.067508  
1029 20.380000 -0.175493 -0.067304  
1030 20.390000 -0.174821 -0.067101  
1031 20.400000 -0.174151 -0.066899  
1032 20.410000 -0.173483 -0.066698  
1033 20.420000 -0.172817 -0.066497  
1034 20.430000 -0.172153 -0.066297  
1035 20.440000 -0.171491 -0.066098  
1036 20.450000 -0.170831 -0.065900  
1037 20.460000 -0.170173 -0.065702  
1038 20.470000 -0.169517 -0.065505  
1039 20.480000 -0.168863 -0.065309  
1040 20.490000 -0.168211 -0.065114  
1041 20.500000 -0.167561 -0.064919  
1042 20.510000 -0.166913 -0.064725  
1043 20.520000 -0.166267 -0.064532  
1044 20.530000 -0.165622 -0.064339  
1045 20.540000 -0.164980 -0.064147  
1046 20.550000 -0.164339 -0.063956  
1047 20.560000 -0.163701 -0.063766  
1048 20.570000 -0.163064 -0.063576  
1049 20.580000 -0.162429 -0.063387  
1050 20.590000 -0.161796 -0.063199  
1051 20.600000 -0.161165 -0.063011  
1052 20.610000 -0.160536 -0.062824  
1053 20.620000 -0.159909 -0.062638  
1054 20.630000 -0.159283 -0.062452  
1055 20.640000 -0.158660 -0.062268  
1056 20.650000 -0.158038 -0.062083  
1057 20.660000 -0.157418 -0.061900  
1058 20.670000 -0.156800 -0.061717  
1059 20.680000 -0.156184 -0.061535  
1060 20.690000 -0.155569 -0.061353  
1061 20.700000 -0.154957 -0.061172  
1062 20.710000 -0.154346 -0.060992  
1063 20.720000 -0.153737 -0.060813  
1064 20.730000 -0.153129 -0.060634  
1065 20.740000 -0.152524 -0.060456  
1066 20.750000 -0.151920 -0.060278  
1067 20.760000 -0.151318 -0.060101  
1068 20.770000 -0.150718 -0.059925  
1069 20.780000 -0.150120 -0.059749  
1070 20.790000 -0.149523 -0.059574  
1071 20.800000 -0.148928 -0.059400  
1072 20.810000 -0.148335 -0.059226  
1073 20.820000 -0.147744 -0.059053  
1074 20.830000 -0.147154 -0.058880  
1075 20.840000 -0.146566 -0.058708  
1076 20.850000 -0.145980 -0.058537  
1077 20.860000 -0.145396 -0.058367  
1078 20.870000 -0.144813 -0.058197  
1079 20.880000 -0.144232 -0.058027  
1080 20.890000 -0.143652 -0.057858  
1081 20.900000 -0.143075 -0.057690  
1082 20.910000 -0.142498 -0.057523  
1083 20.920000 -0.141924 -0.057356  
1084 20.930000 -0.141351 -0.057189  
1085 20.940000 -0.140780 -0.057024  
1086 20.950000 -0.140211 -0.056858  
1087 20.960000 -0.139643 -0.056694  
1088 20.970000 -0.139077 -0.056530  
1089 20.980000 -0.138512 -0.056367  
1090 20.990000 -0.137950 -0.056204  
1091 21.000000 -0.137388 -0.056041  
1092 21.010000 -0.136829 -0.055880  
1093 21.020000 -0.136271 -0.055719  
1094 21.030000 -0.135714 -0.055558  
1095 21.040000 -0.135160 -0.055398  
1096 21.050000 -0.134606 -0.055239  
1097 21.060000 -0.134055 -0.055080  
1098 21.070000 -0.133505 -0.054922  
1099 21.080000 -0.132956 -0.054764  
1100 21.090000 -0.132410 -0.054607  
1101 21.100000 -0.131864 -0.054451  
1102 21.110000 -0.131321 -0.054295  
1103 21.120000 -0.130778 -0.054139  
1104 21.130000 -0.130238 -0.053984  
1105 21.140000 -0.129699 -0.053830  
1106 21.150000 -0.129161 -0.053676  
1107 21.160000 -0.128625 -0.053523  
1108 21.170000 -0.128091 -0.053370  
1109 21.180000 -0.127558 -0.053218  
1110 21.190000 -0.127026 -0.053067  
1111 21.200000 -0.126496 -0.052916  
1112 21.210000 -0.125968 -0.052765  
1113 21.220000 -0.125441 -0.052615  
1114 21.230000 -0.124916 -0.052465  
1115 21.240000 -0.124392 -0.052316  
1116 21.250000 -0.123869 -0.052168  
1117 21.260000 -0.123348 -0.052020  
1118 21.270000 -0.122829 -0.051873  
1119 21.280000 -0.122311 -0.051726  
1120 21.290000 -0.121794 -0.051579  
1121 21.300000 -0.121279 -0.051434  
1122 21.310000 -0.120766 -0.051288  
1123 21.320000 -0.120254 -0.051143  
1124 21.330000 -0.119743 -0.050999  
1125 21.340000 -0.119234 -0.050855  
1126 21.350000 -0.118726 -0.050712  
1127 21.360000 -0.118219 -0.050569  
1128 21.370000 -0.117714 -0.050427  
1129 21.380000 -0.117211 -0.050285  
1130 21.390000 -0.116709 -0.050144  
1131 21.400000 -0.116208 -0.050003  
1132 21.410000 -0.115709 -0.049862  
1133 21.420000 -0.115211 -0.049722  
1134 21.430000 -0.114714 -0.049583  
1135 21.440000 -0.114219 -0.049444  
1136 21.450000 -0.113725 -0.049306  
1137 21.460000 -0.113233 -0.049168  
1138 21.470000 -0.112742 -0.049030  
1139 21.480000 -0.112252 -0.048893  
1140 21.490000 -0.111764 -0.048757  
1141 21.500000 -0.111277 -0.048621  
1142 21.510000 -0.110792 -0.048485  
1143 21.520000 -0.110308 -0.048350  
1144 21.530000 -0.109825 -0.048216  
1145 21.540000 -0.109343 -0.048081  
1146 21.550000 -0.108863 -0.047948  
1147 21.560000 -0.108384 -0.047814  
1148 21.570000 -0.107907 -0.047682  
1149 21.580000 -0.107431 -0.047549  
1150 21.590000 -0.106956 -0.047417  
1151 21.600000 -0.106482 -0.047286  
1152 21.610000 -0.106010 -0.047155  
1153 21.620000 -0.105539 -0.047024  
1154 21.630000 -0.105070 -0.046894  
1155 21.640000 -0.104601 -0.046765  
1156 21.650000 -0.104134 -0.046635  
1157 21.660000 -0.103669 -0.046507  
1158 21.670000 -0.103204 -0.046378  
1159 21.680000 -0.102741 -0.046250  
1160 21.690000 -0.102279 -0.046123  
1161 21.700000 -0.101819 -0.045996  
1162 21.710000 -0.101359 -0.045869  
1163 21.720000 -0.100901 -0.045743  
1164 21.730000 -0.100444 -0.045618  
1165 21.740000 -0.099989 -0.045492  
1166 21.750000 -0.099534 -0.045367  
1167 21.760000 -0.099081 -0.045243  
1168 21.770000 -0.098630 -0.045119  
1169 21.780000 -0.098179 -0.044995  
1170 21.790000 -0.097730 -0.044872  
1171 21.800000 -0.097282 -0.044749  
1172 21.810000 -0.096835 -0.044627  
1173 21.820000 -0.096389 -0.044505  
1174 21.830000 -0.095945 -0.044384  
1175 21.840000 -0.095501 -0.044262  
1176 21.850000 -0.095059 -0.044142  
1177 21.860000 -0.094619 -0.044021  
1178 21.870000 -0.094179 -0.043902  
1179 21.880000 -0.093741 -0.043782  
1180 21.890000 -0.093303 -0.043663  
1181 21.900000 -0.092867 -0.043544  
1182 21.910000 -0.092432 -0.043426  
1183 21.920000 -0.091999 -0.043308  
1184 21.930000 -0.091566 -0.043191  
1185 21.940000 -0.091135 -0.043074  
1186 21.950000 -0.090705 -0.042957  
1187 21.960000 -0.090276 -0.042840  
1188 21.970000 -0.089848 -0.042725  
1189 21.980000 -0.089421 -0.042609  
1190 21.990000 -0.088996 -0.042494  
1191 22.000000 -0.088571 -0.042379  
1192 22.010000 -0.088148 -0.042265  
1193 22.020000 -0.087726 -0.042151  
1194 22.030000 -0.087305 -0.042037  
1195 22.040000 -0.086885 -0.041924  
1196 22.050000 -0.086467 -0.041811  
1197 22.060000 -0.086049 -0.041698  
1198 22.070000 -0.085633 -0.041586  
1199 22.080000 -0.085217 -0.041475  
1200 22.090000 -0.084803 -0.041363  
1201 22.100000 -0.084390 -0.041252  
1202 22.110000 -0.083978 -0.041141  
1203 22.120000 -0.083567 -0.041031  
1204 22.130000 -0.083158 -0.040921  
1205 22.140000 -0.082749 -0.040812  
1206 22.150000 -0.082341 -0.040703  
1207 22.160000 -0.081935 -0.040594  
1208 22.170000 -0.081529 -0.040485  
1209 22.180000 -0.081125 -0.040377  
1210 22.190000 -0.080722 -0.040269  
1211 22.200000 -0.080320 -0.040162  
1212 22.210000 -0.079919 -0.040055  
1213 22.220000 -0.079519 -0.039948  
1214 22.230000 -0.079120 -0.039842  
1215 22.240000 -0.078722 -0.039736  
1216 22.250000 -0.078325 -0.039630  
1217 22.260000 -0.077929 -0.039525  
1218 22.270000 -0.077535 -0.039420  
1219 22.280000 -0.077141 -0.039315  
1220 22.290000 -0.076748 -0.039211  
1221 22.300000 -0.076357 -0.039107  
1222 22.310000 -0.075966 -0.039004  
1223 22.320000 -0.075577 -0.038900  
1224 22.330000 -0.075188 -0.038797  
1225 22.340000 -0.074801 -0.038695  
1226 22.350000 -0.074414 -0.038593  
1227 22.360000 -0.074029 -0.038491  
1228 22.370000 -0.073644 -0.038389  
1229 22.380000 -0.073261 -0.038288  
1230 22.390000 -0.072879 -0.038187  
1231 22.400000 -0.072497 -0.038086  
1232 22.410000 -0.072117 -0.037986  
1233 22.420000 -0.071737 -0.037886  
1234 22.430000 -0.071359 -0.037787  
1235 22.440000 -0.070982 -0.037687  
1236 22.450000 -0.070605 -0.037588  
1237 22.460000 -0.070230 -0.037490  
1238 22.470000 -0.069856 -0.037391  
1239 22.480000 -0.069482 -0.037293  
1240 22.490000 -0.069110 -0.037196  
1241 22.500000 -0.068738 -0.037098  
1242 22.510000 -0.068368 -0.037001  
1243 22.520000 -0.067998 -0.036905  
1244 22.530000 -0.067630 -0.036808  
1245 22.540000 -0.067262 -0.036712  
1246 22.550000 -0.066895 -0.036616  
1247 22.560000 -0.066530 -0.036521  
1248 22.570000 -0.066165 -0.036425  
1249 22.580000 -0.065801 -0.036331  
1250 22.590000 -0.065438 -0.036236  
1251 22.600000 -0.065076 -0.036142  
1252 22.610000 -0.064716 -0.036048  
1253 22.620000 -0.064356 -0.035954  
1254 22.630000 -0.063996 -0.035861  
1255 22.640000 -0.063638 -0.035768  
1256 22.650000 -0.063281 -0.035675  
1257 22.660000 -0.062925 -0.035582  
1258 22.670000 -0.062569 -0.035490  
1259 22.680000 -0.062215 -0.035398  
1260 22.690000 -0.061861 -0.035307  
1261 22.700000 -0.061509 -0.035215  
1262 22.710000 -0.061157 -0.035124  
1263 22.720000 -0.060806 -0.035034  
1264 22.730000 -0.060457 -0.034943  
1265 22.740000 -0.060108 -0.034853  
1266 22.750000 -0.059759 -0.034763  
1267 22.760000 -0.059412 -0.034674  
1268 22.770000 -0.059066 -0.034584  
1269 22.780000 -0.058721 -0.034495  
1270 22.790000 -0.058376 -0.034407  
1271 22.800000 -0.058032 -0.034318  
1272 22.810000 -0.057690 -0.034230  
1273 22.820000 -0.057348 -0.034142  
1274 22.830000 -0.057007 -0.034054  
1275 22.840000 -0.056667 -0.033967  
1276 22.850000 -0.056328 -0.033880  
1277 22.860000 -0.055989 -0.033793  
1278 22.870000 -0.055652 -0.033707  
1279 22.880000 -0.055315 -0.033620  
1280 22.890000 -0.054979 -0.033535  
1281 22.900000 -0.054644 -0.033449  
1282 22.910000 -0.054310 -0.033363  
1283 22.920000 -0.053977 -0.033278  
1284 22.930000 -0.053645 -0.033193  
1285 22.940000 -0.053313 -0.033109  
1286 22.950000 -0.052983 -0.033024  
1287 22.960000 -0.052653 -0.032940  
1288 22.970000 -0.052324 -0.032856  
1289 22.980000 -0.051996 -0.032773  
1290 22.990000 -0.051668 -0.032690  
1291 23.000000 -0.051342 -0.032607  
1292 23.010000 -0.051016 -0.032524  
1293 23.020000 -0.050691 -0.032441  
1294 23.030000 -0.050367 -0.032359  
1295 23.040000 -0.050044 -0.032277  
1296 23.050000 -0.049722 -0.032195  
1297 23.060000 -0.049400 -0.032114  
1298 23.070000 -0.049079 -0.032032  
1299 23.080000 -0.048760 -0.031952  
1300 23.090000 -0.048440 -0.031871  
1301 23.100000 -0.048122 -0.031790  
1302 23.110000 -0.047805 -0.031710  
1303 23.120000 -0.047488 -0.031630  
1304 23.130000 -0.047172 -0.031550  
1305 23.140000 -0.046857 -0.031471  
1306 23.150000 -0.046543 -0.031392  
1307 23.160000 -0.046229 -0.031313  
1308 23.170000 -0.045916 -0.031234  
1309 23.180000 -0.045604 -0.031155  
1310 23.190000 -0.045293 -0.031077  
1311 23.200000 -0.044983 -0.030999  
1312 23.210000 -0.044673 -0.030921  
1313 23.220000 -0.044364 -0.030844  
1314 23.230000 -0.044056 -0.030766  
1315 23.240000 -0.043749 -0.030689  
1316 23.250000 -0.043443 -0.030613  
1317 23.260000 -0.043137 -0.030536  
1318 23.270000 -0.042832 -0.030460  
1319 23.280000 -0.042528 -0.030383  
1320 23.290000 -0.042224 -0.030308  
1321 23.300000 -0.041922 -0.030232  
1322 23.310000 -0.041620 -0.030157  
1323 23.320000 -0.041318 -0.030081  
1324 23.330000 -0.041018 -0.030006  
1325 23.340000 -0.040718 -0.029932  
1326 23.350000 -0.040419 -0.029857  
1327 23.360000 -0.040121 -0.029783  
1328 23.370000 -0.039824 -0.029709  
1329 23.380000 -0.039527 -0.029635  
1330 23.390000 -0.039231 -0.029561  
1331 23.400000 -0.038936 -0.029488  
1332 23.410000 -0.038641 -0.029415  
1333 23.420000 -0.038347 -0.029342  
1334 23.430000 -0.038054 -0.029269  
1335 23.440000 -0.037762 -0.029197  
1336 23.450000 -0.037470 -0.029125  
1337 23.460000 -0.037180 -0.029053  
1338 23.470000 -0.036889 -0.028981  
1339 23.480000 -0.036600 -0.028909  
1340 23.490000 -0.036311 -0.028838  
1341 23.500000 -0.036023 -0.028767  
1342 23.510000 -0.035736 -0.028696  
1343 23.520000 -0.035449 -0.028625  
1344 23.530000 -0.035163 -0.028554  
1345 23.540000 -0.034878 -0.028484  
1346 23.550000 -0.034594 -0.028414  
1347 23.560000 -0.034310 -0.028344  
1348 23.570000 -0.034027 -0.028274  
1349 23.580000 -0.033744 -0.028205  
1350 23.590000 -0.033463 -0.028136  
1351 23.600000 -0.033182 -0.028067  
1352 23.610000 -0.032901 -0.027998  
1353 23.620000 -0.032622 -0.027929  
1354 23.630000 -0.032343 -0.027861  
1355 23.640000 -0.032065 -0.027793  
1356 23.650000 -0.031787 -0.027725  
1357 23.660000 -0.031510 -0.027657  
1358 23.670000 -0.031234 -0.027589  
1359 23.680000 -0.030958 -0.027522  
1360 23.690000 -0.030683 -0.027455  
1361 23.700000 -0.030409 -0.027388  
1362 23.710000 -0.030136 -0.027321  
1363 23.720000 -0.029863 -0.027254  
1364 23.730000 -0.029591 -0.027188  
1365 23.740000 -0.029319 -0.027122  
1366 23.750000 -0.029048 -0.027056  
1367 23.760000 -0.028778 -0.026990  
1368 23.770000 -0.028508 -0.026924  
1369 23.780000 -0.028239 -0.026859  
1370 23.790000 -0.027971 -0.026794  
1371 23.800000 -0.027703 -0.026729  
1372 23.810000 -0.027437 -0.026664  
1373 23.820000 -0.027170 -0.026599  
1374 23.830000 -0.026905 -0.026535  
1375 23.840000 -0.026639 -0.026471  
1376 23.850000 -0.026375 -0.026407  
1377 23.860000 -0.026111 -0.026343  
1378 23.870000 -0.025848 -0.026279  
1379 23.880000 -0.025586 -0.026216  
1380 23.890000 -0.025324 -0.026152  
1381 23.900000 -0.025063 -0.026089  
1382 23.910000 -0.024802 -0.026026  
1383 23.920000 -0.024542 -0.025964  
1384 23.930000 -0.024283 -0.025901  
1385 23.940000 -0.024024 -0.025839  
1386 23.950000 -0.023766 -0.025777  
1387 23.960000 -0.023509 -0.025715  
1388 23.970000 -0.023252 -0.025653  
1389 23.980000 -0.022996 -0.025591  
1390 23.990000 -0.022740 -0.025530  
1391 24.000000 -0.022485 -0.025469  
1392 24.010000 -0.022231 -0.025407  
1393 24.020000 -0.021977 -0.025347  
1394 24.030000 -0.021724 -0.025286  
1395 24.040000 -0.021471 -0.025225  
1396 24.050000 -0.021219 -0.025165  
1397 24.060000 -0.020968 -0.025105  
1398 24.070000 -0.020717 -0.025045  
1399 24.080000 -0.020467 -0.024985  
1400 24.090000 -0.020217 -0.024925  
1401 24.100000 -0.019968 -0.024866  
1402 24.110000 -0.019720 -0.024806  
1403 24.120000 -0.019472 -0.024747  
1404 24.130000 -0.019225 -0.024688  
1405 24.140000 -0.018979 -0.024630  
1406 24.150000 -0.018733 -0.024571  
1407 24.160000 -0.018487 -0.024513  
1408 24.170000 -0.018242 -0.024454  
1409 24.180000 -0.017998 -0.024396  
1410 24.190000 -0.017754 -0.024338  
1411 24.200000 -0.017511 -0.024280  
1412 24.210000 -0.017269 -0.024223  
1413 24.220000 -0.017027 -0.024165  
1414 24.230000 -0.016785 -0.024108  
1415 24.240000 -0.016545 -0.024051  
1416 24.250000 -0.016304 -0.023994  
1417 24.260000 -0.016065 -0.023937  
1418 24.270000 -0.015826 -0.023881  
1419 24.280000 -0.015587 -0.023824  
1420 24.290000 -0.015349 -0.023768  
1421 24.300000 -0.015112 -0.023712  
1422 24.310000 -0.014875 -0.023656  
1423 24.320000 -0.014639 -0.023600  
1424 24.330000 -0.014403 -0.023545  
1425 24.340000 -0.014168 -0.023489  
1426 24.350000 -0.013933 -0.023434  
1427 24.360000 -0.013699 -0.023379  
1428 24.370000 -0.013466 -0.023324  
1429 24.380000 -0.013233 -0.023269  
1430 24.390000 -0.013000 -0.023214  
1431 24.400000 -0.012768 -0.023160  
1432 24.410000 -0.012537 -0.023105  
1433 24.420000 -0.012306 -0.023051  
1434 24.430000 -0.012076 -0.022997  
1435 24.440000 -0.011846 -0.022943  
1436 24.450000 -0.011617 -0.022890  
1437 24.460000 -0.011388 -0.022836  
1438 24.470000 -0.011160 -0.022783  
1439 24.480000 -0.010933 -0.022729  
1440 24.490000 -0.010706 -0.022676  
1441 24.500000 -0.010479 -0.022623  
1442 24.510000 -0.010253 -0.022571  
1443 24.520000 -0.010028 -0.022518  
1444 24.530000 -0.009803 -0.022465  
1445 24.540000 -0.009579 -0.022413  
1446 24.550000 -0.009355 -0.022361  
1447 24.560000 -0.009131 -0.022309  
1448 24.570000 -0.008909 -0.022257  
1449 24.580000 -0.008686 -0.022205  
1450 24.590000 -0.008464 -0.022153  
1451 24.600000 -0.008243 -0.022102  
1452 24.610000 -0.008022 -0.022051  
1453 24.620000 -0.007802 -0.022000  
1454 24.630000 -0.007582 -0.021949  
1455 24.640000 -0.007363 -0.021898  
1456 24.650000 -0.007144 -0.021847  
1457 24.660000 -0.006926 -0.021796  
1458 24.670000 -0.006709 -0.021746  
1459 24.680000 -0.006491 -0.021696  
1460 24.690000 -0.006275 -0.021645  
1461 24.700000 -0.006058 -0.021595  
1462 24.710000 -0.005843 -0.021546  
1463 24.720000 -0.005627 -0.021496  
1464 24.730000 -0.005413 -0.021446  
1465 24.740000 -0.005199 -0.021397  
1466 24.750000 -0.004985 -0.021347  
1467 24.760000 -0.004772 -0.021298  
1468 24.770000 -0.004559 -0.021249  
1469 24.780000 -0.004347 -0.021200  
1470 24.790000 -0.004135 -0.021152  
1471 24.800000 -0.003924 -0.021103  
1472 24.810000 -0.003713 -0.021054  
1473 24.820000 -0.003503 -0.021006  
1474 24.830000 -0.003293 -0.020958  
1475 24.840000 -0.003083 -0.020910  
1476 24.850000 -0.002874 -0.020862  
1477 24.860000 -0.002666 -0.020814  
1478 24.870000 -0.002458 -0.020766  
1479 24.880000 -0.002251 -0.020719  
1480 24.890000 -0.002044 -0.020671  
1481 24.900000 -0.001837 -0.020624  
1482 24.910000 -0.001631 -0.020577  
1483 24.920000 -0.001426 -0.020530  
1484 24.930000 -0.001221 -0.020483  
1485 24.940000 -0.001016 -0.020436  
1486 24.950000 -0.000812 -0.020390  
1487 24.960000 -0.000608 -0.020343  
1488 24.970000 -0.000405 -0.020297  
1489 24.980000 -0.000202 -0.020251  
1490 24.990000 -0.000000 -0.020205  
