1 10.100000 140305025903601.000000 12643099925921078.000000  
2 10.110000 59436731894362.171875 4869628323112478.000000  
3 10.120000 27131521681646.144531 2037884760055699.750000  
4 10.130000 13186571412333.789062 914383317438161.750000  
5 10.140000 6760625084647.141602 435362996878139.062500  
6 10.150000 3629404467230.415527 218167297625843.750000  
7 10.160000 2028125376570.034424 114307073458670.437500  
8 10.170000 1173958397090.230957 62280877883252.164062  
9 10.180000 701066511256.080444 35130975712396.929688  
10 10.190000 430475600691.276001 20438588179086.808594  
11 10.200000 271007045125.085358 12225282436596.160156  
12 10.210000 174500587141.812592 7497874743305.925781  
13 10.220000 114679774607.135284 4704103895808.119141  
14 10.230000 76782324500.097412 3012993898379.216797  
15 10.240000 52291588435.365372 1966696784964.251221  
16 10.250000 36173836289.145035 1306240857569.052490  
17 10.260000 25387302537.299030 881584019138.570435  
18 10.270000 18056154477.894554 603856432780.653564  
19 10.280000 13001687113.119604 419339223659.667114  
20 10.290000 9470289792.653051 294944698101.657104  
21 10.300000 6972324915.943197 209934158405.093231  
22 10.310000 5184868275.417077 151096397578.871490  
23 10.320000 3891953385.593202 109887164568.176956  
24 10.330000 2947249068.647308 80701826261.972336  
25 10.340000 2250387500.360651 59814972926.168083  
26 10.350000 1731732555.618662 44719327566.028290  
27 10.360000 1342445833.389768 33707584721.456295  
28 10.370000 1047925033.547054 25604284422.991985  
29 10.380000 823417723.917259 19591670347.456936  
30 10.390000 651056021.084216 15095211888.557386  
31 10.400000 517830392.206538 11707482802.921082  
32 10.410000 414191111.208415 9136993946.182432  
33 10.420000 333073659.225225 7173444902.081320  
34 10.430000 269213359.513198 5663894888.421133  
35 10.440000 218659229.252922 4496269649.148772  
36 10.450000 178426294.742326 3587844820.031857  
37 10.460000 146244977.431046 2877136379.592137  
38 10.470000 120379094.029493 2318144284.612880  
39 10.480000 99492738.251467 1876235060.811342  
40 10.490000 82552248.623603 1525175072.762264  
41 10.500000 68753541.504483 1244977872.305063  
42 10.510000 57467908.045902 1020331725.180070  
43 10.520000 48201340.236131 839443534.094291  
44 10.530000 40563832.875880 693183631.455725  
45 10.540000 34246086.212591 574449377.785790  
46 10.550000 29001730.820170 477688877.106183  
47 10.560000 24633696.217510 398542564.415905  
48 10.570000 20983705.628873 333572066.493346  
49 10.580000 17924141.452241 280054039.233357  
50 10.590000 15351717.563371 235822639.956760  
51 10.600000 13182535.355223 199148590.798047  
52 10.610000 11348204.429773 168645908.821753  
53 10.620000 9792786.126138 143199655.630541  
54 10.630000 8470375.758943 121909730.428771  
55 10.640000 7343182.727179 104046963.449763  
56 10.650000 6380000.287992 89018680.880954  
57 10.660000 5554981.507057 76341593.639469  
58 10.670000 4846656.701787 65620372.354594  
59 10.680000 4237142.061971 56530654.488037  
60 10.690000 3711500.157225 48805519.292145  
61 10.700000 3257221.534222 42224686.154309  
62 10.710000 2863803.176098 36605859.371323  
63 10.720000 2522404.697030 31797770.524524  
64 10.730000 2225567.119765 27674568.023778  
65 10.740000 1966982.192681 24131279.242779  
66 10.750000 1741302.642787 21080129.361105  
67 10.760000 1543985.682521 18447546.606485  
68 10.770000 1371163.606345 16171719.108233  
69 10.780000 1219536.516543 14200596.344855  
70 10.790000 1086283.174450 12490249.956600  
71 10.800000 968986.736531 11003525.841688  
72 10.810000 865572.745194 9708932.993774  
73 10.820000 774257.233937 8579725.260080  
74 10.830000 693503.200489 7593140.716067  
75 10.840000 621984.019383 6729770.136787  
76 10.850000 558552.622546 5973031.464795  
77 10.860000 502215.484954 5308731.516126  
78 10.870000 452110.621925 4724699.653175  
79 10.880000 407488.942803 4210480.961860  
80 10.890000 367698.418642 3757078.738087  
81 10.900000 332170.613986 3356737.924089  
82 10.910000 300409.208699 3002762.624598  
83 10.920000 271980.198256 2689362.044249  
84 10.930000 246503.512375 2411520.175248  
85 10.940000 223645.834418 2164885.371381  
86 10.950000 203114.439210 1945676.605363  
87 10.960000 184651.896146 1750603.748994  
88 10.970000 168031.508782 1576799.661753  
89 10.980000 153053.382318 1421762.241227  
90 10.990000 139541.027317 1283304.892489  
91 11.000000 127338.422102 1159514.124914  
92 11.010000 116307.468143 1048713.193324  
93 11.020000 106325.782665 949430.873550  
94 11.030000 97284.781069 860374.606585  
95 11.040000 89088.008808 780407.365730  
96 11.050000 81649.688284 708527.701517  
97 11.060000 74893.451357 643852.503227  
98 11.070000 68751.232315 585602.086269  
99 11.080000 63162.299742 533087.273845  
100 11.090000 58072.408786 485698.191068  
101 11.100000 53433.057951 442894.531650  
102 11.110000 49200.836710 404197.092648  
103 11.120000 45336.852180 369180.402651  
104 11.130000 41806.224675 337466.294123  
105 11.140000 38577.643355 308718.292082  
106 11.150000 35622.974372 282636.709503  
107 11.160000 32916.914924 258954.355343  
108 11.170000 30436.687509 237432.774295  
109 11.180000 28161.769420 217858.948599  
110 11.190000 26073.653158 200042.401891  
111 11.200000 24155.634025 183812.653249  
112 11.210000 22392.621603 169016.976666  
113 11.220000 20770.972291 155518.427195  
114 11.230000 19278.340372 143194.100189  
115 11.240000 17903.545453 131933.594533  
116 11.250000 16636.454365 121637.654567  
117 11.260000 15467.875833 112216.968731  
118 11.270000 14389.466461 103591.105796  
119 11.280000 13393.646741 95687.572008  
120 11.290000 12473.525939 88440.974606  
121 11.300000 11622.834875 81792.279014  
122 11.310000 10835.865708 75688.148612  
123 11.320000 10107.417948 70080.357365  
124 11.330000 9432.750016 64925.266805  
125 11.340000 8807.535744 60183.359902  
126 11.350000 8227.825280 55818.825283  
127 11.360000 7690.009920 51799.186028  
128 11.370000 7190.790456 48094.968004  
129 11.380000 6727.148653 44679.403259  
130 11.390000 6296.321548 41528.164572  
131 11.400000 5895.778243 38619.127678  
132 11.410000 5523.198970 35932.158124  
133 11.420000 5176.456157 33448.920057  
134 11.430000 4853.597323 31152.704537  
135 11.440000 4552.829593 29028.275291  
136 11.450000 4272.505672 27061.730007  
137 11.460000 4011.111145 25240.375525  
138 11.470000 3767.252957 23552.615448  
139 11.480000 3539.648958 21987.848859  
140 11.490000 3327.118415 20536.378990  
141 11.500000 3128.573389 19189.330799  
142 11.510000 2943.010895 17938.576539  
143 11.520000 2769.505773 16776.668504  
144 11.530000 2607.204195 15696.778203  
145 11.540000 2455.317755 14692.641332  
146 11.550000 2313.118076 13758.507939  
147 11.560000 2179.931901 12889.097279  
148 11.570000 2055.136606 12079.556879  
149 11.580000 1938.156107 11325.425406  
150 11.590000 1828.457117 10622.598959  
151 11.600000 1725.545734 9967.300450  
152 11.610000 1628.964306 9356.051780  
153 11.620000 1538.288575 8785.648529  
154 11.630000 1453.125055 8253.136933  
155 11.640000 1373.108634 7755.792918  
156 11.650000 1297.900372 7291.103000  
157 11.660000 1227.185481 6856.746873  
158 11.670000 1160.671483 6450.581538  
159 11.680000 1098.086499 6070.626809  
160 11.690000 1039.177695 5715.052086  
161 11.700000 983.709848 5382.164267  
162 11.710000 931.464022 5070.396709  
163 11.720000 882.236359 4778.299119  
164 11.730000 835.836961 4504.528318  
165 11.740000 792.088862 4247.839774  
166 11.750000 750.827080 4007.079858  
167 11.760000 711.897744 3781.178737  
168 11.770000 675.157292 3569.143868  
169 11.780000 640.471724 3370.054022  
170 11.790000 607.715920 3183.053803  
171 11.800000 576.773004 3007.348616  
172 11.810000 547.533764 2842.200047  
173 11.820000 519.896108 2686.921608  
174 11.830000 493.764565 2540.874833  
175 11.840000 469.049824 2403.465687  
176 11.850000 445.668306 2274.141252  
177 11.860000 423.541770 2152.386690  
178 11.870000 402.596942 2037.722430  
179 11.880000 382.765180 1929.701586  
180 11.890000 363.982157 1827.907576  
181 11.900000 346.187570 1731.951918  
182 11.910000 329.324868 1641.472209  
183 11.920000 313.341003 1556.130243  
184 11.930000 298.186192 1475.610292  
185 11.940000 283.813708 1399.617499  
186 11.950000 270.179672 1327.876406  
187 11.960000 257.242868 1260.129589  
188 11.970000 244.964570 1196.136391  
189 11.980000 233.308380 1135.671758  
190 11.990000 222.240076 1078.525151  
191 12.000000 211.727475 1024.499550  
192 12.010000 201.740298 973.410519  
193 12.020000 192.250053 925.085353  
194 12.030000 183.229918 879.362272  
195 12.040000 174.654640 836.089687  
196 12.050000 166.500431 795.125509  
197 12.060000 158.744880 756.336516  
198 12.070000 151.366867 719.597757  
199 12.080000 144.346482 684.792005  
200 12.090000 137.664951 651.809243  
201 12.100000 131.304566 620.546193  
202 12.110000 125.248619 590.905872  
203 12.120000 119.481344 562.797183  
204 12.130000 113.987856 536.134529  
205 12.140000 108.754102 510.837462  
206 12.150000 103.766807 486.830350  
207 12.160000 99.013432 464.042065  
208 12.170000 94.482127 442.405703  
209 12.180000 90.161689 421.858308  
210 12.190000 86.041528 402.340628  
211 12.200000 82.111630 383.796878  
212 12.210000 78.362520 366.174528  
213 12.220000 74.785234 349.424092  
214 12.230000 71.371287 333.498946  
215 12.240000 68.112650 318.355149  
216 12.250000 65.001718 303.951275  
217 12.260000 62.031289 290.248262  
218 12.270000 59.194540 277.209267  
219 12.280000 56.485006 264.799530  
220 12.290000 53.896561 252.986249  
221 12.300000 51.423396 241.738461  
222 12.310000 49.060005 231.026933  
223 12.320000 46.801162 220.824056  
224 12.330000 44.641915 211.103753  
225 12.340000 42.577561 201.841381  
226 12.350000 40.603639 193.013656  
227 12.360000 38.715913 184.598562  
228 12.370000 36.910362 176.575286  
229 12.380000 35.183167 168.924144  
230 12.390000 33.530701 161.626513  
231 12.400000 31.949517 154.664776  
232 12.410000 30.436341 148.022259  
233 12.420000 28.988060 141.683176  
234 12.430000 27.601716 135.632583  
235 12.440000 26.274494 129.856327  
236 12.450000 25.003720 124.341001  
237 12.460000 23.786847 119.073904  
238 12.470000 22.621454 114.042998  
239 12.480000 21.505238 109.236874  
240 12.490000 20.436004 104.644715  
241 12.500000 19.411665 100.256264  
242 12.510000 18.430232 96.061792  
243 12.520000 17.489813 92.052071  
244 12.530000 16.588604 88.218343  
245 12.540000 15.724887 84.552298  
246 12.550000 14.897025 81.046046  
247 12.560000 14.103459 77.692099  
248 12.570000 13.342700 74.483343  
249 12.580000 12.613330 71.413022  
250 12.590000 11.913999 68.474720  
251 12.600000 11.243416 65.662337  
252 12.610000 10.600352 62.970078  
253 12.620000 9.983633 60.392435  
254 12.630000 9.392139 57.924171  
255 12.640000 8.824801 55.560304  
256 12.650000 8.280600 53.296099  
257 12.660000 7.758562 51.127050  
258 12.670000 7.257756 49.048870  
259 12.680000 6.777295 47.057479  
260 12.690000 6.316331 45.148994  
261 12.700000 5.874052 43.319719  
262 12.710000 5.449684 41.566136  
263 12.720000 5.042488 39.884892  
264 12.730000 4.651756 38.272795  
265 12.740000 4.276811 36.726805  
266 12.750000 3.917009 35.244024  
267 12.760000 3.571729 33.821692  
268 12.770000 3.240382 32.457175  
269 12.780000 2.922402 31.147967  
270 12.790000 2.617247 29.891675  
271 12.800000 2.324399 28.686018  
272 12.810000 2.043365 27.528820  
273 12.820000 1.773668 26.418007  
274 12.830000 1.514857 25.351599  
275 12.840000 1.266495 24.327706  
276 12.850000 1.028167 23.344526  
277 12.860000 0.799474 22.400337  
278 12.870000 0.580035 21.493497  
279 12.880000 0.369485 20.622435  
280 12.890000 0.167473 19.785655  
281 12.900000 -0.026338 18.981725  
282 12.910000 -0.212267 18.209279  
283 12.920000 -0.390624 17.467009  
284 12.930000 -0.561704 16.753668  
285 12.940000 -0.725790 16.068064  
286 12.950000 -0.883153 15.409056  
287 12.960000 -1.034056 14.775554  
288 12.970000 -1.178746 14.166516  
289 12.980000 -1.317464 13.580946  
290 12.990000 -1.450440 13.017890  
291 13.000000 -1.577894 12.476437  
292 13.010000 -1.700038 11.955715  
293 13.020000 -1.817075 11.454888  
294 13.030000 -1.929199 10.973159  
295 13.040000 -2.036599 10.509762  
296 13.050000 -2.139453 10.063967  
297 13.060000 -2.237935 9.635073  
298 13.070000 -2.332209 9.222409  
299 13.080000 -2.422435 8.825332  
300 13.090000 -2.508765 8.443229  
301 13.100000 -2.591347 8.075508  
302 13.110000 -2.670322 7.721607  
303 13.120000 -2.745824 7.380984  
304 13.130000 -2.817984 7.053121  
305 13.140000 -2.886927 6.737521  
306 13.150000 -2.952773 6.433709  
307 13.160000 -3.015639 6.141227  
308 13.170000 -3.075634 5.859639  
309 13.180000 -3.132867 5.588524  
310 13.190000 -3.187438 5.327481  
311 13.200000 -3.239448 5.076124  
312 13.210000 -3.288992 4.834082  
313 13.220000 -3.336160 4.601000  
314 13.230000 -3.381041 4.376538  
315 13.240000 -3.423718 4.160369  
316 13.250000 -3.464275 3.952178  
317 13.260000 -3.502788 3.751666  
318 13.270000 -3.539333 3.558542  
319 13.280000 -3.573982 3.372530  
320 13.290000 -3.606806 3.193363  
321 13.300000 -3.637871 3.020785  
322 13.310000 -3.667243 2.854550  
323 13.320000 -3.694983 2.694423  
324 13.330000 -3.721151 2.540176  
325 13.340000 -3.745805 2.391592  
326 13.350000 -3.769001 2.248462  
327 13.360000 -3.790792 2.110585  
328 13.370000 -3.811229 1.977767  
329 13.380000 -3.830363 1.849823  
330 13.390000 -3.848242 1.726574  
331 13.400000 -3.864910 1.607849  
332 13.410000 -3.880413 1.493483  
333 13.420000 -3.894794 1.383317  
334 13.430000 -3.908093 1.277198  
335 13.440000 -3.920351 1.174981  
336 13.450000 -3.931605 1.076523  
337 13.460000 -3.941893 0.981690  
338 13.470000 -3.951251 0.890350  
339 13.480000 -3.959711 0.802379  
340 13.490000 -3.967309 0.717654  
341 13.500000 -3.974075 0.636060  
342 13.510000 -3.980040 0.557486  
343 13.520000 -3.985234 0.481822  
344 13.530000 -3.989686 0.408966  
345 13.540000 -3.993423 0.338818  
346 13.550000 -3.996471 0.271282  
347 13.560000 -3.998857 0.206265  
348 13.570000 -4.000604 0.143677  
349 13.580000 -4.001738 0.083434  
350 13.590000 -4.002281 0.025453  
351 13.600000 -4.002254 -0.030347  
352 13.610000 -4.001681 -0.084041  
353 13.620000 -4.000580 -0.135704  
354 13.630000 -3.998973 -0.185407  
355 13.640000 -3.996879 -0.233218  
356 13.650000 -3.994315 -0.279203  
357 13.660000 -3.991300 -0.323426  
358 13.670000 -3.987852 -0.365949  
359 13.680000 -3.983987 -0.406831  
360 13.690000 -3.979721 -0.446128  
361 13.700000 -3.975069 -0.483896  
362 13.710000 -3.970048 -0.520187  
363 13.720000 -3.964670 -0.555053  
364 13.730000 -3.958951 -0.588543  
365 13.740000 -3.952904 -0.620705  
366 13.750000 -3.946541 -0.651584  
367 13.760000 -3.939876 -0.681225  
368 13.770000 -3.932921 -0.709670  
369 13.780000 -3.925687 -0.736960  
370 13.790000 -3.918185 -0.763135  
371 13.800000 -3.910428 -0.788234  
372 13.810000 -3.902424 -0.812293  
373 13.820000 -3.894185 -0.835347  
374 13.830000 -3.885721 -0.857432  
375 13.840000 -3.877040 -0.878581  
376 13.850000 -3.868152 -0.898825  
377 13.860000 -3.859066 -0.918196  
378 13.870000 -3.849791 -0.936723  
379 13.880000 -3.840334 -0.954435  
380 13.890000 -3.830705 -0.971360  
381 13.900000 -3.820910 -0.987525  
382 13.910000 -3.810957 -1.002955  
383 13.920000 -3.800853 -1.017677  
384 13.930000 -3.790605 -1.031713  
385 13.940000 -3.780221 -1.045088  
386 13.950000 -3.769706 -1.057824  
387 13.960000 -3.759066 -1.069942  
388 13.970000 -3.748309 -1.081465  
389 13.980000 -3.737439 -1.092411  
390 13.990000 -3.726463 -1.102801  
391 14.000000 -3.715385 -1.112654  
392 14.010000 -3.704211 -1.121988  
393 14.020000 -3.692947 -1.130820  
394 14.030000 -3.681596 -1.139168  
395 14.040000 -3.670165 -1.147049  
396 14.050000 -3.658657 -1.154478  
397 14.060000 -3.647077 -1.161471  
398 14.070000 -3.635429 -1.168043  
399 14.080000 -3.623717 -1.174208  
400 14.090000 -3.611946 -1.179980  
401 14.100000 -3.600119 -1.185373  
402 14.110000 -3.588240 -1.190399  
403 14.120000 -3.576312 -1.195072  
404 14.130000 -3.564340 -1.199403  
405 14.140000 -3.552325 -1.203404  
406 14.150000 -3.540273 -1.207087  
407 14.160000 -3.528185 -1.210463  
408 14.170000 -3.516064 -1.213542  
409 14.180000 -3.503915 -1.216334  
410 14.190000 -3.491738 -1.218850  
411 14.200000 -3.479539 -1.221099  
412 14.210000 -3.467317 -1.223090  
413 14.220000 -3.455078 -1.224833  
414 14.230000 -3.442821 -1.226336  
415 14.240000 -3.430552 -1.227608  
416 14.250000 -3.418270 -1.228656  
417 14.260000 -3.405979 -1.229489  
418 14.270000 -3.393681 -1.230115  
419 14.280000 -3.381378 -1.230540  
420 14.290000 -3.369071 -1.230771  
421 14.300000 -3.356763 -1.230817  
422 14.310000 -3.344455 -1.230683  
423 14.320000 -3.332150 -1.230375  
424 14.330000 -3.319848 -1.229901  
425 14.340000 -3.307552 -1.229266  
426 14.350000 -3.295263 -1.228475  
427 14.360000 -3.282983 -1.227536  
428 14.370000 -3.270713 -1.226452  
429 14.380000 -3.258455 -1.225230  
430 14.390000 -3.246209 -1.223875  
431 14.400000 -3.233978 -1.222391  
432 14.410000 -3.221762 -1.220783  
433 14.420000 -3.209562 -1.219057  
434 14.430000 -3.197381 -1.217216  
435 14.440000 -3.185218 -1.215265  
436 14.450000 -3.173076 -1.213207  
437 14.460000 -3.160954 -1.211048  
438 14.470000 -3.148855 -1.208792  
439 14.480000 -3.136779 -1.206441  
440 14.490000 -3.124727 -1.203999  
441 14.500000 -3.112699 -1.201471  
442 14.510000 -3.100698 -1.198859  
443 14.520000 -3.088722 -1.196168  
444 14.530000 -3.076774 -1.193400  
445 14.540000 -3.064855 -1.190558  
446 14.550000 -3.052964 -1.187646  
447 14.560000 -3.041102 -1.184666  
448 14.570000 -3.029270 -1.181621  
449 14.580000 -3.017470 -1.178514  
450 14.590000 -3.005700 -1.175348  
451 14.600000 -2.993963 -1.172125  
452 14.610000 -2.982258 -1.168848  
453 14.620000 -2.970586 -1.165519  
454 14.630000 -2.958948 -1.162141  
455 14.640000 -2.947343 -1.158715  
456 14.650000 -2.935774 -1.155245  
457 14.660000 -2.924239 -1.151731  
458 14.670000 -2.912739 -1.148177  
459 14.680000 -2.901275 -1.144584  
460 14.690000 -2.889848 -1.140953  
461 14.700000 -2.878456 -1.137288  
462 14.710000 -2.867102 -1.133590  
463 14.720000 -2.855785 -1.129859  
464 14.730000 -2.844505 -1.126099  
465 14.740000 -2.833263 -1.122311  
466 14.750000 -2.822059 -1.118496  
467 14.760000 -2.810893 -1.114656  
468 14.770000 -2.799766 -1.110793  
469 14.780000 -2.788677 -1.106907  
470 14.790000 -2.777628 -1.103000  
471 14.800000 -2.766617 -1.099074  
472 14.810000 -2.755646 -1.095130  
473 14.820000 -2.744715 -1.091169  
474 14.830000 -2.733823 -1.087192  
475 14.840000 -2.722971 -1.083200  
476 14.850000 -2.712159 -1.079195  
477 14.860000 -2.701387 -1.075177  
478 14.870000 -2.690655 -1.071149  
479 14.880000 -2.679964 -1.067110  
480 14.890000 -2.669313 -1.063062  
481 14.900000 -2.658703 -1.059005  
482 14.910000 -2.648133 -1.054941  
483 14.920000 -2.637604 -1.050870  
484 14.930000 -2.627116 -1.046794  
485 14.940000 -2.616668 -1.042713  
486 14.950000 -2.606262 -1.038628  
487 14.960000 -2.595896 -1.034540  
488 14.970000 -2.585571 -1.030450  
489 14.980000 -2.575287 -1.026357  
490 14.990000 -2.565044 -1.022264  
491 15.000000 -2.554841 -1.018170  
492 15.010000 -2.544680 -1.014076  
493 15.020000 -2.534560 -1.009983  
494 15.030000 -2.524480 -1.005892  
495 15.040000 -2.514442 -1.001803  
496 15.050000 -2.504444 -0.997717  
497 15.060000 -2.494488 -0.993633  
498 15.070000 -2.484572 -0.989554  
499 15.080000 -2.474697 -0.985479  
500 15.090000 -2.464862 -0.981408  
501 15.100000 -2.455068 -0.977343  
502 15.110000 -2.445315 -0.973283  
503 15.120000 -2.435603 -0.969230  
504 15.130000 -2.425931 -0.965183  
505 15.140000 -2.416299 -0.961142  
506 15.150000 -2.406708 -0.957110  
507 15.160000 -2.397157 -0.953084  
508 15.170000 -2.387646 -0.949067  
509 15.180000 -2.378175 -0.945059  
510 15.190000 -2.368745 -0.941059  
511 15.200000 -2.359354 -0.937068  
512 15.210000 -2.350003 -0.933086  
513 15.220000 -2.340692 -0.929115  
514 15.230000 -2.331421 -0.925153  
515 15.240000 -2.322189 -0.921201  
516 15.250000 -2.312997 -0.917260  
517 15.260000 -2.303844 -0.913329  
518 15.270000 -2.294730 -0.909410  
519 15.280000 -2.285656 -0.905502  
520 15.290000 -2.276620 -0.901605  
521 15.300000 -2.267624 -0.897720  
522 15.310000 -2.258666 -0.893847  
523 15.320000 -2.249747 -0.889985  
524 15.330000 -2.240866 -0.886136  
525 15.340000 -2.232024 -0.882300  
526 15.350000 -2.223220 -0.878476  
527 15.360000 -2.214454 -0.874665  
528 15.370000 -2.205727 -0.870866  
529 15.380000 -2.197037 -0.867081  
530 15.390000 -2.188385 -0.863309  
531 15.400000 -2.179771 -0.859550  
532 15.410000 -2.171194 -0.855804  
533 15.420000 -2.162655 -0.852073  
534 15.430000 -2.154153 -0.848354  
535 15.440000 -2.145688 -0.844650  
536 15.450000 -2.137260 -0.840960  
537 15.460000 -2.128868 -0.837283  
538 15.470000 -2.120514 -0.833621  
539 15.480000 -2.112196 -0.829972  
540 15.490000 -2.103914 -0.826338  
541 15.500000 -2.095669 -0.822718  
542 15.510000 -2.087460 -0.819113  
543 15.520000 -2.079287 -0.815522  
544 15.530000 -2.071150 -0.811946  
545 15.540000 -2.063048 -0.808384  
546 15.550000 -2.054982 -0.804836  
547 15.560000 -2.046951 -0.801304  
548 15.570000 -2.038956 -0.797786  
549 15.580000 -2.030995 -0.794282  
550 15.590000 -2.023070 -0.790794  
551 15.600000 -2.015179 -0.787320  
552 15.610000 -2.007324 -0.783861  
553 15.620000 -1.999502 -0.780417  
554 15.630000 -1.991715 -0.776988  
555 15.640000 -1.983962 -0.773574  
556 15.650000 -1.976244 -0.770175  
557 15.660000 -1.968559 -0.766790  
558 15.670000 -1.960908 -0.763421  
559 15.680000 -1.953290 -0.760066  
560 15.690000 -1.945706 -0.756726  
561 15.700000 -1.938156 -0.753402  
562 15.710000 -1.930638 -0.750092  
563 15.720000 -1.923154 -0.746797  
564 15.730000 -1.915702 -0.743517  
565 15.740000 -1.908283 -0.740252  
566 15.750000 -1.900897 -0.737002  
567 15.760000 -1.893543 -0.733767  
568 15.770000 -1.886222 -0.730547  
569 15.780000 -1.878932 -0.727341  
570 15.790000 -1.871675 -0.724151  
571 15.800000 -1.864449 -0.720975  
572 15.810000 -1.857255 -0.717814  
573 15.820000 -1.850093 -0.714668  
574 15.830000 -1.842962 -0.711537  
575 15.840000 -1.835862 -0.708420  
576 15.850000 -1.828794 -0.705318  
577 15.860000 -1.821756 -0.702231  
578 15.870000 -1.814749 -0.699158  
579 15.880000 -1.807773 -0.696100  
580 15.890000 -1.800827 -0.693056  
581 15.900000 -1.793911 -0.690027  
582 15.910000 -1.787026 -0.687013  
583 15.920000 -1.780171 -0.684013  
584 15.930000 -1.773346 -0.681027  
585 15.940000 -1.766550 -0.678056  
586 15.950000 -1.759785 -0.675099  
587 15.960000 -1.753048 -0.672157  
588 15.970000 -1.746342 -0.669229  
589 15.980000 -1.739664 -0.666315  
590 15.990000 -1.733015 -0.663415  
591 16.000000 -1.726396 -0.660529  
592 16.010000 -1.719805 -0.657657  
593 16.020000 -1.713242 -0.654800  
594 16.030000 -1.706709 -0.651956  
595 16.040000 -1.700203 -0.649126  
596 16.050000 -1.693726 -0.646310  
597 16.060000 -1.687277 -0.643508  
598 16.070000 -1.680856 -0.640720  
599 16.080000 -1.674462 -0.637946  
600 16.090000 -1.668097 -0.635185  
601 16.100000 -1.661759 -0.632438  
602 16.110000 -1.655448 -0.629704  
603 16.120000 -1.649165 -0.626984  
604 16.130000 -1.642908 -0.624277  
605 16.140000 -1.636679 -0.621584  
606 16.150000 -1.630477 -0.618904  
607 16.160000 -1.624301 -0.616238  
608 16.170000 -1.618152 -0.613585  
609 16.180000 -1.612029 -0.610945  
610 16.190000 -1.605933 -0.608318  
611 16.200000 -1.599863 -0.605704  
612 16.210000 -1.593819 -0.603103  
613 16.220000 -1.587801 -0.600515  
614 16.230000 -1.581808 -0.597941  
615 16.240000 -1.575842 -0.595379  
616 16.250000 -1.569901 -0.592829  
617 16.260000 -1.563985 -0.590293  
618 16.270000 -1.558095 -0.587769  
619 16.280000 -1.552230 -0.585258  
620 16.290000 -1.546390 -0.582759  
621 16.300000 -1.540574 -0.580273  
622 16.310000 -1.534784 -0.577800  
623 16.320000 -1.529018 -0.575339  
624 16.330000 -1.523277 -0.572890  
625 16.340000 -1.517561 -0.570453  
626 16.350000 -1.511868 -0.568029  
627 16.360000 -1.506200 -0.565617  
628 16.370000 -1.500556 -0.563217  
629 16.380000 -1.494936 -0.560829  
630 16.390000 -1.489339 -0.558453  
631 16.400000 -1.483766 -0.556089  
632 16.410000 -1.478217 -0.553737  
633 16.420000 -1.472692 -0.551396  
634 16.430000 -1.467189 -0.549068  
635 16.440000 -1.461710 -0.546751  
636 16.450000 -1.456254 -0.544446  
637 16.460000 -1.450821 -0.542152  
638 16.470000 -1.445411 -0.539870  
639 16.480000 -1.440024 -0.537600  
640 16.490000 -1.434659 -0.535340  
641 16.500000 -1.429317 -0.533092  
642 16.510000 -1.423997 -0.530856  
643 16.520000 -1.418700 -0.528631  
644 16.530000 -1.413425 -0.526417  
645 16.540000 -1.408172 -0.524214  
646 16.550000 -1.402940 -0.522022  
647 16.560000 -1.397731 -0.519841  
648 16.570000 -1.392544 -0.517671  
649 16.580000 -1.387378 -0.515512  
650 16.590000 -1.382233 -0.513363  
651 16.600000 -1.377110 -0.511226  
652 16.610000 -1.372009 -0.509099  
653 16.620000 -1.366928 -0.506983  
654 16.630000 -1.361869 -0.504878  
655 16.640000 -1.356831 -0.502783  
656 16.650000 -1.351813 -0.500699  
657 16.660000 -1.346817 -0.498625  
658 16.670000 -1.341841 -0.496561  
659 16.680000 -1.336885 -0.494508  
660 16.690000 -1.331951 -0.492465  
661 16.700000 -1.327036 -0.490433  
662 16.710000 -1.322142 -0.488410  
663 16.720000 -1.317268 -0.486398  
664 16.730000 -1.312414 -0.484395  
665 16.740000 -1.307580 -0.482403  
666 16.750000 -1.302766 -0.480421  
667 16.760000 -1.297971 -0.478448  
668 16.770000 -1.293197 -0.476486  
669 16.780000 -1.288442 -0.474533  
670 16.790000 -1.283706 -0.472590  
671 16.800000 -1.278990 -0.470657  
672 16.810000 -1.274293 -0.468733  
673 16.820000 -1.269615 -0.466819  
674 16.830000 -1.264957 -0.464914  
675 16.840000 -1.260317 -0.463019  
676 16.850000 -1.255696 -0.461133  
677 16.860000 -1.251094 -0.459257  
678 16.870000 -1.246511 -0.457390  
679 16.880000 -1.241946 -0.455533  
680 16.890000 -1.237400 -0.453684  
681 16.900000 -1.232873 -0.451845  
682 16.910000 -1.228363 -0.450015  
683 16.920000 -1.223872 -0.448193  
684 16.930000 -1.219399 -0.446381  
685 16.940000 -1.214945 -0.444578  
686 16.950000 -1.210508 -0.442784  
687 16.960000 -1.206089 -0.440999  
688 16.970000 -1.201688 -0.439222  
689 16.980000 -1.197304 -0.437455  
690 16.990000 -1.192939 -0.435696  
691 17.000000 -1.188591 -0.433945  
692 17.010000 -1.184260 -0.432204  
693 17.020000 -1.179946 -0.430471  
694 17.030000 -1.175650 -0.428746  
695 17.040000 -1.171371 -0.427030  
696 17.050000 -1.167110 -0.425322  
697 17.060000 -1.162865 -0.423623  
698 17.070000 -1.158637 -0.421932  
699 17.080000 -1.154426 -0.420250  
700 17.090000 -1.150232 -0.418576  
701 17.100000 -1.146055 -0.416909  
702 17.110000 -1.141894 -0.415252  
703 17.120000 -1.137750 -0.413602  
704 17.130000 -1.133622 -0.411960  
705 17.140000 -1.129511 -0.410326  
706 17.150000 -1.125415 -0.408701  
707 17.160000 -1.121336 -0.407083  
708 17.170000 -1.117274 -0.405473  
709 17.180000 -1.113227 -0.403871  
710 17.190000 -1.109196 -0.402277  
711 17.200000 -1.105181 -0.400690  
712 17.210000 -1.101182 -0.399112  
713 17.220000 -1.097199 -0.397541  
714 17.230000 -1.093232 -0.395977  
715 17.240000 -1.089280 -0.394421  
716 17.250000 -1.085343 -0.392873  
717 17.260000 -1.081422 -0.391332  
718 17.270000 -1.077516 -0.389799  
719 17.280000 -1.073626 -0.388273  
720 17.290000 -1.069751 -0.386755  
721 17.300000 -1.065891 -0.385244  
722 17.310000 -1.062046 -0.383740  
723 17.320000 -1.058216 -0.382243  
724 17.330000 -1.054401 -0.380754  
725 17.340000 -1.050601 -0.379272  
726 17.350000 -1.046816 -0.377797  
727 17.360000 -1.043045 -0.376329  
728 17.370000 -1.039289 -0.374868  
729 17.380000 -1.035548 -0.373414  
730 17.390000 -1.031821 -0.371967  
731 17.400000 -1.028108 -0.370527  
732 17.410000 -1.024410 -0.369094  
733 17.420000 -1.020726 -0.367668  
734 17.430000 -1.017057 -0.366249  
735 17.440000 -1.013401 -0.364836  
736 17.450000 -1.009760 -0.363430  
737 17.460000 -1.006133 -0.362031  
738 17.470000 -1.002519 -0.360639  
739 17.480000 -0.998920 -0.359253  
740 17.490000 -0.995334 -0.357874  
741 17.500000 -0.991763 -0.356502  
742 17.510000 -0.988204 -0.355136  
743 17.520000 -0.984660 -0.353776  
744 17.530000 -0.981129 -0.352423  
745 17.540000 -0.977611 -0.351076  
746 17.550000 -0.974107 -0.349736  
747 17.560000 -0.970617 -0.348402  
748 17.570000 -0.967139 -0.347074  
749 17.580000 -0.963675 -0.345753  
750 17.590000 -0.960224 -0.344438  
751 17.600000 -0.956786 -0.343129  
752 17.610000 -0.953361 -0.341827  
753 17.620000 -0.949950 -0.340530  
754 17.630000 -0.946551 -0.339240  
755 17.640000 -0.943165 -0.337955  
756 17.650000 -0.939792 -0.336677  
757 17.660000 -0.936431 -0.335405  
758 17.670000 -0.933084 -0.334138  
759 17.680000 -0.929749 -0.332878  
760 17.690000 -0.926426 -0.331623  
761 17.700000 -0.923116 -0.330375  
762 17.710000 -0.919819 -0.329132  
763 17.720000 -0.916533 -0.327895  
764 17.730000 -0.913261 -0.326664  
765 17.740000 -0.910000 -0.325438  
766 17.750000 -0.906752 -0.324219  
767 17.760000 -0.903516 -0.323005  
768 17.770000 -0.900292 -0.321796  
769 17.780000 -0.897080 -0.320594  
770 17.790000 -0.893880 -0.319396  
771 17.800000 -0.890692 -0.318205  
772 17.810000 -0.887516 -0.317019  
773 17.820000 -0.884351 -0.315838  
774 17.830000 -0.881199 -0.314663  
775 17.840000 -0.878058 -0.313493  
776 17.850000 -0.874929 -0.312329  
777 17.860000 -0.871812 -0.311170  
778 17.870000 -0.868706 -0.310017  
779 17.880000 -0.865611 -0.308869  
780 17.890000 -0.862528 -0.307726  
781 17.900000 -0.859457 -0.306588  
782 17.910000 -0.856396 -0.305456  
783 17.920000 -0.853348 -0.304329  
784 17.930000 -0.850310 -0.303207  
785 17.940000 -0.847283 -0.302090  
786 17.950000 -0.844268 -0.300978  
787 17.960000 -0.841264 -0.299871  
788 17.970000 -0.838271 -0.298770  
789 17.980000 -0.835288 -0.297673  
790 17.990000 -0.832317 -0.296582  
791 18.000000 -0.829357 -0.295495  
792 18.010000 -0.826407 -0.294414  
793 18.020000 -0.823468 -0.293337  
794 18.030000 -0.820540 -0.292265  
795 18.040000 -0.817623 -0.291198  
796 18.050000 -0.814716 -0.290136  
797 18.060000 -0.811820 -0.289079  
798 18.070000 -0.808935 -0.288027  
799 18.080000 -0.806060 -0.286979  
800 18.090000 -0.803195 -0.285936  
801 18.100000 -0.800341 -0.284898  
802 18.110000 -0.797497 -0.283865  
803 18.120000 -0.794664 -0.282836  
804 18.130000 -0.791841 -0.281812  
805 18.140000 -0.789028 -0.280792  
806 18.150000 -0.786225 -0.279777  
807 18.160000 -0.783432 -0.278767  
808 18.170000 -0.780649 -0.277761  
809 18.180000 -0.777877 -0.276760  
810 18.190000 -0.775114 -0.275763  
811 18.200000 -0.772361 -0.274771  
812 18.210000 -0.769619 -0.273783  
813 18.220000 -0.766886 -0.272800  
814 18.230000 -0.764163 -0.271820  
815 18.240000 -0.761449 -0.270846  
816 18.250000 -0.758746 -0.269876  
817 18.260000 -0.756052 -0.268910  
818 18.270000 -0.753368 -0.267948  
819 18.280000 -0.750693 -0.266991  
820 18.290000 -0.748028 -0.266037  
821 18.300000 -0.745372 -0.265089  
822 18.310000 -0.742726 -0.264144  
823 18.320000 -0.740089 -0.263204  
824 18.330000 -0.737462 -0.262267  
825 18.340000 -0.734844 -0.261335  
826 18.350000 -0.732235 -0.260407  
827 18.360000 -0.729636 -0.259483  
828 18.370000 -0.727045 -0.258563  
829 18.380000 -0.724464 -0.257648  
830 18.390000 -0.721892 -0.256736  
831 18.400000 -0.719330 -0.255828  
832 18.410000 -0.716776 -0.254925  
833 18.420000 -0.714231 -0.254025  
834 18.430000 -0.711695 -0.253129  
835 18.440000 -0.709169 -0.252238  
836 18.450000 -0.706651 -0.251350  
837 18.460000 -0.704142 -0.250466  
838 18.470000 -0.701641 -0.249586  
839 18.480000 -0.699150 -0.248709  
840 18.490000 -0.696667 -0.247837  
841 18.500000 -0.694193 -0.246968  
842 18.510000 -0.691728 -0.246103  
843 18.520000 -0.689271 -0.245242  
844 18.530000 -0.686823 -0.244385  
845 18.540000 -0.684383 -0.243532  
846 18.550000 -0.681952 -0.242682  
847 18.560000 -0.679530 -0.241836  
848 18.570000 -0.677116 -0.240993  
849 18.580000 -0.674710 -0.240155  
850 18.590000 -0.672312 -0.239319  
851 18.600000 -0.669923 -0.238488  
852 18.610000 -0.667543 -0.237660  
853 18.620000 -0.665170 -0.236836  
854 18.630000 -0.662806 -0.236015  
855 18.640000 -0.660450 -0.235198  
856 18.650000 -0.658102 -0.234384  
857 18.660000 -0.655762 -0.233574  
858 18.670000 -0.653430 -0.232767  
859 18.680000 -0.651107 -0.231964  
860 18.690000 -0.648791 -0.231164  
861 18.700000 -0.646484 -0.230368  
862 18.710000 -0.644184 -0.229575  
863 18.720000 -0.641892 -0.228785  
864 18.730000 -0.639608 -0.227999  
865 18.740000 -0.637332 -0.227216  
866 18.750000 -0.635064 -0.226437  
867 18.760000 -0.632803 -0.225661  
868 18.770000 -0.630551 -0.224888  
869 18.780000 -0.628305 -0.224119  
870 18.790000 -0.626068 -0.223352  
871 18.800000 -0.623838 -0.222590  
872 18.810000 -0.621616 -0.221830  
873 18.820000 -0.619402 -0.221073  
874 18.830000 -0.617195 -0.220320  
875 18.840000 -0.614995 -0.219570  
876 18.850000 -0.612803 -0.218823  
877 18.860000 -0.610619 -0.218080  
878 18.870000 -0.608442 -0.217339  
879 18.880000 -0.606272 -0.216602  
880 18.890000 -0.604110 -0.215867  
881 18.900000 -0.601955 -0.215136  
882 18.910000 -0.599807 -0.214408  
883 18.920000 -0.597667 -0.213683  
884 18.930000 -0.595533 -0.212961  
885 18.940000 -0.593407 -0.212242  
886 18.950000 -0.591289 -0.211526  
887 18.960000 -0.589177 -0.210814  
888 18.970000 -0.587072 -0.210104  
889 18.980000 -0.584975 -0.209397  
890 18.990000 -0.582884 -0.208693  
891 19.000000 -0.580801 -0.207992  
892 19.010000 -0.578724 -0.207294  
893 19.020000 -0.576655 -0.206599  
894 19.030000 -0.574592 -0.205906  
895 19.040000 -0.572537 -0.205217  
896 19.050000 -0.570488 -0.204531  
897 19.060000 -0.568446 -0.203847  
898 19.070000 -0.566411 -0.203166  
899 19.080000 -0.564383 -0.202488  
900 19.090000 -0.562361 -0.201813  
901 19.100000 -0.560347 -0.201141  
902 19.110000 -0.558339 -0.200471  
903 19.120000 -0.556337 -0.199805  
904 19.130000 -0.554342 -0.199141  
905 19.140000 -0.552354 -0.198479  
906 19.150000 -0.550373 -0.197821  
907 19.160000 -0.548398 -0.197165  
908 19.170000 -0.546430 -0.196512  
909 19.180000 -0.544468 -0.195862  
910 19.190000 -0.542512 -0.195214  
911 19.200000 -0.540563 -0.194569  
912 19.210000 -0.538621 -0.193927  
913 19.220000 -0.536685 -0.193287  
914 19.230000 -0.534755 -0.192650  
915 19.240000 -0.532832 -0.192015  
916 19.250000 -0.530915 -0.191383  
917 19.260000 -0.529004 -0.190754  
918 19.270000 -0.527100 -0.190127  
919 19.280000 -0.525202 -0.189503  
920 19.290000 -0.523310 -0.188882  
921 19.300000 -0.521424 -0.188263  
922 19.310000 -0.519544 -0.187646  
923 19.320000 -0.517671 -0.187032  
924 19.330000 -0.515804 -0.186421  
925 19.340000 -0.513943 -0.185812  
926 19.350000 -0.512088 -0.185205  
927 19.360000 -0.510239 -0.184601  
928 19.370000 -0.508396 -0.183999  
929 19.380000 -0.506559 -0.183400  
930 19.390000 -0.504728 -0.182803  
931 19.400000 -0.502902 -0.182209  
932 19.410000 -0.501083 -0.181617  
933 19.420000 -0.499270 -0.181028  
934 19.430000 -0.497463 -0.180440  
935 19.440000 -0.495661 -0.179856  
936 19.450000 -0.493866 -0.179273  
937 19.460000 -0.492076 -0.178693  
938 19.470000 -0.490292 -0.178115  
939 19.480000 -0.488514 -0.177540  
940 19.490000 -0.486741 -0.176967  
941 19.500000 -0.484974 -0.176396  
942 19.510000 -0.483213 -0.175827  
943 19.520000 -0.481458 -0.175261  
944 19.530000 -0.479708 -0.174697  
945 19.540000 -0.477964 -0.174136  
946 19.550000 -0.476225 -0.173576  
947 19.560000 -0.474492 -0.173019  
948 19.570000 -0.472765 -0.172464  
949 19.580000 -0.471043 -0.171911  
950 19.590000 -0.469326 -0.171361  
951 19.600000 -0.467616 -0.170812  
952 19.610000 -0.465910 -0.170266  
953 19.620000 -0.464210 -0.169722  
954 19.630000 -0.462516 -0.169180  
955 19.640000 -0.460827 -0.168640  
956 19.650000 -0.459143 -0.168103  
957 19.660000 -0.457465 -0.167567  
958 19.670000 -0.455792 -0.167034  
959 19.680000 -0.454124 -0.166503  
960 19.690000 -0.452462 -0.165974  
961 19.700000 -0.450804 -0.165447  
962 19.710000 -0.449153 -0.164922  
963 19.720000 -0.447506 -0.164399  
964 19.730000 -0.445865 -0.163878  
965 19.740000 -0.444228 -0.163360  
966 19.750000 -0.442597 -0.162843  
967 19.760000 -0.440972 -0.162328  
968 19.770000 -0.439351 -0.161816  
969 19.780000 -0.437735 -0.161305  
970 19.790000 -0.436125 -0.160796  
971 19.800000 -0.434519 -0.160290  
972 19.810000 -0.432919 -0.159785  
973 19.820000 -0.431324 -0.159282  
974 19.830000 -0.429733 -0.158782  
975 19.840000 -0.428148 -0.158283  
976 19.850000 -0.426568 -0.157786  
977 19.860000 -0.424992 -0.157291  
978 19.870000 -0.423422 -0.156798  
979 19.880000 -0.421856 -0.156307  
980 19.890000 -0.420296 -0.155818  
981 19.900000 -0.418740 -0.155331  
982 19.910000 -0.417189 -0.154846  
983 19.920000 -0.415643 -0.154362  
984 19.930000 -0.414102 -0.153881  
985 19.940000 -0.412565 -0.153401  
986 19.950000 -0.411034 -0.152923  
987 19.960000 -0.409507 -0.152447  
988 19.970000 -0.407985 -0.151973  
989 19.980000 -0.406467 -0.151501  
990 19.990000 -0.404955 -0.151031  
991 20.000000 -0.403447 -0.150562  
992 20.010000 -0.401944 -0.150095  
993 20.020000 -0.400445 -0.149630  
994 20.030000 -0.398951 -0.149167  
995 20.040000 -0.397462 -0.148705  
996 20.050000 -0.395977 -0.148246  
997 20.060000 -0.394497 -0.147788  
998 20.070000 -0.393021 -0.147332  
999 20.080000 -0.391550 -0.146877  
1000 20.090000 -0.390083 -0.146424  
1001 20.100000 -0.388621 -0.145974  
1002 20.110000 -0.387164 -0.145524  
1003 20.120000 -0.385711 -0.145077  
1004 20.130000 -0.384262 -0.144631  
1005 20.140000 -0.382818 -0.144187  
1006 20.150000 -0.381379 -0.143745  
1007 20.160000 -0.379943 -0.143304  
1008 20.170000 -0.378513 -0.142865  
1009 20.180000 -0.377086 -0.142427  
1010 20.190000 -0.375664 -0.141992  
1011 20.200000 -0.374246 -0.141558  
1012 20.210000 -0.372833 -0.141125  
1013 20.220000 -0.371424 -0.140695  
1014 20.230000 -0.370019 -0.140265  
1015 20.240000 -0.368619 -0.139838  
1016 20.250000 -0.367222 -0.139412  
1017 20.260000 -0.365830 -0.138988  
1018 20.270000 -0.364443 -0.138565  
1019 20.280000 -0.363059 -0.138144  
1020 20.290000 -0.361680 -0.137725  
1021 20.300000 -0.360304 -0.137307  
1022 20.310000 -0.358933 -0.136890  
1023 20.320000 -0.357567 -0.136476  
1024 20.330000 -0.356204 -0.136062  
1025 20.340000 -0.354845 -0.135651  
1026 20.350000 -0.353491 -0.135241  
1027 20.360000 -0.352141 -0.134832  
1028 20.370000 -0.350794 -0.134425  
1029 20.380000 -0.349452 -0.134020  
1030 20.390000 -0.348114 -0.133616  
1031 20.400000 -0.346780 -0.133213  
1032 20.410000 -0.345450 -0.132812  
1033 20.420000 -0.344124 -0.132413  
1034 20.430000 -0.342801 -0.132015  
1035 20.440000 -0.341483 -0.131618  
1036 20.450000 -0.340169 -0.131223  
1037 20.460000 -0.338859 -0.130830  
1038 20.470000 -0.337552 -0.130438  
1039 20.480000 -0.336250 -0.130047  
1040 20.490000 -0.334951 -0.129658  
1041 20.500000 -0.333657 -0.129270  
1042 20.510000 -0.332366 -0.128884  
1043 20.520000 -0.331079 -0.128499  
1044 20.530000 -0.329796 -0.128116  
1045 20.540000 -0.328517 -0.127734  
1046 20.550000 -0.327241 -0.127353  
1047 20.560000 -0.325970 -0.126974  
1048 20.570000 -0.324702 -0.126596  
1049 20.580000 -0.323438 -0.126220  
1050 20.590000 -0.322178 -0.125845  
1051 20.600000 -0.320921 -0.125471  
1052 20.610000 -0.319668 -0.125099  
1053 20.620000 -0.318419 -0.124728  
1054 20.630000 -0.317174 -0.124358  
1055 20.640000 -0.315932 -0.123990  
1056 20.650000 -0.314694 -0.123623  
1057 20.660000 -0.313459 -0.123258  
1058 20.670000 -0.312229 -0.122894  
1059 20.680000 -0.311001 -0.122531  
1060 20.690000 -0.309778 -0.122170  
1061 20.700000 -0.308558 -0.121810  
1062 20.710000 -0.307342 -0.121451  
1063 20.720000 -0.306129 -0.121093  
1064 20.730000 -0.304920 -0.120737  
1065 20.740000 -0.303714 -0.120382  
1066 20.750000 -0.302512 -0.120029  
1067 20.760000 -0.301314 -0.119676  
1068 20.770000 -0.300119 -0.119325  
1069 20.780000 -0.298927 -0.118975  
1070 20.790000 -0.297739 -0.118627  
1071 20.800000 -0.296555 -0.118280  
1072 20.810000 -0.295374 -0.117934  
1073 20.820000 -0.294196 -0.117589  
1074 20.830000 -0.293022 -0.117246  
1075 20.840000 -0.291851 -0.116903  
1076 20.850000 -0.290684 -0.116562  
1077 20.860000 -0.289520 -0.116223  
1078 20.870000 -0.288359 -0.115884  
1079 20.880000 -0.287202 -0.115547  
1080 20.890000 -0.286048 -0.115211  
1081 20.900000 -0.284898 -0.114876  
1082 20.910000 -0.283751 -0.114542  
1083 20.920000 -0.282607 -0.114210  
1084 20.930000 -0.281467 -0.113879  
1085 20.940000 -0.280329 -0.113549  
1086 20.950000 -0.279196 -0.113220  
1087 20.960000 -0.278065 -0.112892  
1088 20.970000 -0.276938 -0.112565  
1089 20.980000 -0.275814 -0.112240  
1090 20.990000 -0.274693 -0.111916  
1091 21.000000 -0.273575 -0.111593  
1092 21.010000 -0.272461 -0.111271  
1093 21.020000 -0.271350 -0.110950  
1094 21.030000 -0.270242 -0.110631  
1095 21.040000 -0.269137 -0.110312  
1096 21.050000 -0.268036 -0.109995  
1097 21.060000 -0.266937 -0.109679  
1098 21.070000 -0.265842 -0.109364  
1099 21.080000 -0.264750 -0.109050  
1100 21.090000 -0.263661 -0.108737  
1101 21.100000 -0.262575 -0.108425  
1102 21.110000 -0.261493 -0.108115  
1103 21.120000 -0.260413 -0.107805  
1104 21.130000 -0.259337 -0.107497  
1105 21.140000 -0.258263 -0.107189  
1106 21.150000 -0.257193 -0.106883  
1107 21.160000 -0.256126 -0.106578  
1108 21.170000 -0.255061 -0.106274  
1109 21.180000 -0.254000 -0.105971  
1110 21.190000 -0.252942 -0.105669  
1111 21.200000 -0.251887 -0.105368  
1112 21.210000 -0.250834 -0.105069  
1113 21.220000 -0.249785 -0.104770  
1114 21.230000 -0.248739 -0.104472  
1115 21.240000 -0.247696 -0.104175  
1116 21.250000 -0.246656 -0.103880  
1117 21.260000 -0.245618 -0.103585  
1118 21.270000 -0.244584 -0.103292  
1119 21.280000 -0.243552 -0.102999  
1120 21.290000 -0.242524 -0.102708  
1121 21.300000 -0.241498 -0.102417  
1122 21.310000 -0.240476 -0.102128  
1123 21.320000 -0.239456 -0.101840  
1124 21.330000 -0.238439 -0.101552  
1125 21.340000 -0.237425 -0.101266  
1126 21.350000 -0.236413 -0.100980  
1127 21.360000 -0.235405 -0.100696  
1128 21.370000 -0.234399 -0.100413  
1129 21.380000 -0.233397 -0.100130  
1130 21.390000 -0.232397 -0.099849  
1131 21.400000 -0.231400 -0.099568  
1132 21.410000 -0.230406 -0.099289  
1133 21.420000 -0.229414 -0.099010  
1134 21.430000 -0.228425 -0.098733  
1135 21.440000 -0.227439 -0.098456  
1136 21.450000 -0.226456 -0.098180  
1137 21.460000 -0.225476 -0.097906  
1138 21.470000 -0.224498 -0.097632  
1139 21.480000 -0.223523 -0.097359  
1140 21.490000 -0.222551 -0.097087  
1141 21.500000 -0.221581 -0.096817  
1142 21.510000 -0.220615 -0.096547  
1143 21.520000 -0.219650 -0.096278  
1144 21.530000 -0.218689 -0.096009  
1145 21.540000 -0.217730 -0.095742  
1146 21.550000 -0.216774 -0.095476  
1147 21.560000 -0.215821 -0.095211  
1148 21.570000 -0.214870 -0.094946  
1149 21.580000 -0.213922 -0.094683  
1150 21.590000 -0.212976 -0.094420  
1151 21.600000 -0.212033 -0.094158  
1152 21.610000 -0.211093 -0.093898  
1153 21.620000 -0.210155 -0.093638  
1154 21.630000 -0.209220 -0.093379  
1155 21.640000 -0.208288 -0.093120  
1156 21.650000 -0.207358 -0.092863  
1157 21.660000 -0.206431 -0.092607  
1158 21.670000 -0.205506 -0.092351  
1159 21.680000 -0.204584 -0.092097  
1160 21.690000 -0.203664 -0.091843  
1161 21.700000 -0.202747 -0.091590  
1162 21.710000 -0.201832 -0.091338  
1163 21.720000 -0.200920 -0.091087  
1164 21.730000 -0.200010 -0.090836  
1165 21.740000 -0.199103 -0.090587  
1166 21.750000 -0.198199 -0.090338  
1167 21.760000 -0.197296 -0.090090  
1168 21.770000 -0.196397 -0.089843  
1169 21.780000 -0.195500 -0.089597  
1170 21.790000 -0.194605 -0.089352  
1171 21.800000 -0.193713 -0.089108  
1172 21.810000 -0.192823 -0.088864  
1173 21.820000 -0.191935 -0.088621  
1174 21.830000 -0.191050 -0.088379  
1175 21.840000 -0.190168 -0.088138  
1176 21.850000 -0.189287 -0.087898  
1177 21.860000 -0.188410 -0.087658  
1178 21.870000 -0.187534 -0.087419  
1179 21.880000 -0.186661 -0.087181  
1180 21.890000 -0.185791 -0.086944  
1181 21.900000 -0.184922 -0.086708  
1182 21.910000 -0.184057 -0.086472  
1183 21.920000 -0.183193 -0.086238  
1184 21.930000 -0.182332 -0.086004  
1185 21.940000 -0.181473 -0.085770  
1186 21.950000 -0.180616 -0.085538  
1187 21.960000 -0.179762 -0.085306  
1188 21.970000 -0.178910 -0.085076  
1189 21.980000 -0.178061 -0.084846  
1190 21.990000 -0.177213 -0.084616  
1191 22.000000 -0.176368 -0.084388  
1192 22.010000 -0.175526 -0.084160  
1193 22.020000 -0.174685 -0.083933  
1194 22.030000 -0.173847 -0.083707  
1195 22.040000 -0.173011 -0.083481  
1196 22.050000 -0.172177 -0.083256  
1197 22.060000 -0.171346 -0.083032  
1198 22.070000 -0.170517 -0.082809  
1199 22.080000 -0.169690 -0.082587  
1200 22.090000 -0.168865 -0.082365  
1201 22.100000 -0.168042 -0.082144  
1202 22.110000 -0.167222 -0.081923  
1203 22.120000 -0.166404 -0.081704  
1204 22.130000 -0.165588 -0.081485  
1205 22.140000 -0.164774 -0.081267  
1206 22.150000 -0.163963 -0.081049  
1207 22.160000 -0.163153 -0.080833  
1208 22.170000 -0.162346 -0.080617  
1209 22.180000 -0.161541 -0.080401  
1210 22.190000 -0.160738 -0.080187  
1211 22.200000 -0.159937 -0.079973  
1212 22.210000 -0.159138 -0.079760  
1213 22.220000 -0.158342 -0.079547  
1214 22.230000 -0.157547 -0.079336  
1215 22.240000 -0.156755 -0.079125  
1216 22.250000 -0.155965 -0.078914  
1217 22.260000 -0.155177 -0.078704  
1218 22.270000 -0.154391 -0.078495  
1219 22.280000 -0.153607 -0.078287  
1220 22.290000 -0.152825 -0.078080  
1221 22.300000 -0.152045 -0.077873  
1222 22.310000 -0.151268 -0.077666  
1223 22.320000 -0.150492 -0.077461  
1224 22.330000 -0.149718 -0.077256  
1225 22.340000 -0.148947 -0.077052  
1226 22.350000 -0.148177 -0.076848  
1227 22.360000 -0.147410 -0.076645  
1228 22.370000 -0.146645 -0.076443  
1229 22.380000 -0.145881 -0.076241  
1230 22.390000 -0.145120 -0.076040  
1231 22.400000 -0.144360 -0.075840  
1232 22.410000 -0.143603 -0.075640  
1233 22.420000 -0.142848 -0.075441  
1234 22.430000 -0.142094 -0.075243  
1235 22.440000 -0.141343 -0.075045  
1236 22.450000 -0.140593 -0.074848  
1237 22.460000 -0.139846 -0.074652  
1238 22.470000 -0.139100 -0.074456  
1239 22.480000 -0.138357 -0.074261  
1240 22.490000 -0.137615 -0.074066  
1241 22.500000 -0.136875 -0.073872  
1242 22.510000 -0.136137 -0.073679  
1243 22.520000 -0.135402 -0.073487  
1244 22.530000 -0.134668 -0.073295  
1245 22.540000 -0.133936 -0.073103  
1246 22.550000 -0.133206 -0.072912  
1247 22.560000 -0.132478 -0.072722  
1248 22.570000 -0.131751 -0.072533  
1249 22.580000 -0.131027 -0.072344  
1250 22.590000 -0.130304 -0.072155  
1251 22.600000 -0.129584 -0.071968  
1252 22.610000 -0.128865 -0.071780  
1253 22.620000 -0.128148 -0.071594  
1254 22.630000 -0.127433 -0.071408  
1255 22.640000 -0.126720 -0.071223  
1256 22.650000 -0.126009 -0.071038  
1257 22.660000 -0.125299 -0.070854  
1258 22.670000 -0.124592 -0.070670  
1259 22.680000 -0.123886 -0.070487  
1260 22.690000 -0.123182 -0.070305  
1261 22.700000 -0.122480 -0.070123  
1262 22.710000 -0.121779 -0.069942  
1263 22.720000 -0.121081 -0.069761  
1264 22.730000 -0.120384 -0.069581  
1265 22.740000 -0.119689 -0.069401  
1266 22.750000 -0.118996 -0.069222  
1267 22.760000 -0.118305 -0.069044  
1268 22.770000 -0.117615 -0.068866  
1269 22.780000 -0.116927 -0.068689  
1270 22.790000 -0.116241 -0.068512  
1271 22.800000 -0.115557 -0.068336  
1272 22.810000 -0.114875 -0.068161  
1273 22.820000 -0.114194 -0.067986  
1274 22.830000 -0.113515 -0.067811  
1275 22.840000 -0.112838 -0.067637  
1276 22.850000 -0.112162 -0.067464  
1277 22.860000 -0.111489 -0.067291  
1278 22.870000 -0.110816 -0.067119  
1279 22.880000 -0.110146 -0.066947  
1280 22.890000 -0.109478 -0.066776  
1281 22.900000 -0.108811 -0.066605  
1282 22.910000 -0.108145 -0.066435  
1283 22.920000 -0.107482 -0.066266  
1284 22.930000 -0.106820 -0.066097  
1285 22.940000 -0.106160 -0.065928  
1286 22.950000 -0.105502 -0.065760  
1287 22.960000 -0.104845 -0.065593  
1288 22.970000 -0.104190 -0.065426  
1289 22.980000 -0.103536 -0.065259  
1290 22.990000 -0.102884 -0.065094  
1291 23.000000 -0.102234 -0.064928  
1292 23.010000 -0.101586 -0.064763  
1293 23.020000 -0.100939 -0.064599  
1294 23.030000 -0.100294 -0.064435  
1295 23.040000 -0.099650 -0.064272  
1296 23.050000 -0.099008 -0.064109  
1297 23.060000 -0.098368 -0.063947  
1298 23.070000 -0.097730 -0.063785  
1299 23.080000 -0.097093 -0.063624  
1300 23.090000 -0.096457 -0.063463  
1301 23.100000 -0.095823 -0.063303  
1302 23.110000 -0.095191 -0.063143  
1303 23.120000 -0.094560 -0.062984  
1304 23.130000 -0.093931 -0.062825  
1305 23.140000 -0.093304 -0.062667  
1306 23.150000 -0.092678 -0.062509  
1307 23.160000 -0.092054 -0.062352  
1308 23.170000 -0.091431 -0.062195  
1309 23.180000 -0.090810 -0.062038  
1310 23.190000 -0.090190 -0.061883  
1311 23.200000 -0.089572 -0.061727  
1312 23.210000 -0.088956 -0.061572  
1313 23.220000 -0.088341 -0.061418  
1314 23.230000 -0.087727 -0.061264  
1315 23.240000 -0.087115 -0.061111  
1316 23.250000 -0.086505 -0.060958  
1317 23.260000 -0.085896 -0.060805  
1318 23.270000 -0.085289 -0.060653  
1319 23.280000 -0.084683 -0.060501  
1320 23.290000 -0.084079 -0.060350  
1321 23.300000 -0.083476 -0.060200  
1322 23.310000 -0.082875 -0.060050  
1323 23.320000 -0.082275 -0.059900  
1324 23.330000 -0.081677 -0.059751  
1325 23.340000 -0.081080 -0.059602  
1326 23.350000 -0.080485 -0.059453  
1327 23.360000 -0.079891 -0.059306  
1328 23.370000 -0.079299 -0.059158  
1329 23.380000 -0.078708 -0.059011  
1330 23.390000 -0.078119 -0.058865  
1331 23.400000 -0.077531 -0.058718  
1332 23.410000 -0.076944 -0.058573  
1333 23.420000 -0.076359 -0.058428  
1334 23.430000 -0.075776 -0.058283  
1335 23.440000 -0.075194 -0.058139  
1336 23.450000 -0.074613 -0.057995  
1337 23.460000 -0.074034 -0.057851  
1338 23.470000 -0.073456 -0.057708  
1339 23.480000 -0.072879 -0.057566  
1340 23.490000 -0.072305 -0.057424  
1341 23.500000 -0.071731 -0.057282  
1342 23.510000 -0.071159 -0.057141  
1343 23.520000 -0.070588 -0.057000  
1344 23.530000 -0.070019 -0.056859  
1345 23.540000 -0.069451 -0.056719  
1346 23.550000 -0.068885 -0.056580  
1347 23.560000 -0.068319 -0.056441  
1348 23.570000 -0.067756 -0.056302  
1349 23.580000 -0.067193 -0.056164  
1350 23.590000 -0.066632 -0.056026  
1351 23.600000 -0.066073 -0.055888  
1352 23.610000 -0.065515 -0.055751  
1353 23.620000 -0.064958 -0.055615  
1354 23.630000 -0.064402 -0.055478  
1355 23.640000 -0.063848 -0.055343  
1356 23.650000 -0.063296 -0.055207  
1357 23.660000 -0.062744 -0.055072  
1358 23.670000 -0.062194 -0.054938  
1359 23.680000 -0.061645 -0.054803  
1360 23.690000 -0.061098 -0.054670  
1361 23.700000 -0.060552 -0.054536  
1362 23.710000 -0.060007 -0.054403  
1363 23.720000 -0.059464 -0.054271  
1364 23.730000 -0.058922 -0.054138  
1365 23.740000 -0.058381 -0.054007  
1366 23.750000 -0.057842 -0.053875  
1367 23.760000 -0.057304 -0.053744  
1368 23.770000 -0.056767 -0.053614  
1369 23.780000 -0.056231 -0.053483  
1370 23.790000 -0.055697 -0.053354  
1371 23.800000 -0.055164 -0.053224  
1372 23.810000 -0.054633 -0.053095  
1373 23.820000 -0.054102 -0.052966  
1374 23.830000 -0.053573 -0.052838  
1375 23.840000 -0.053046 -0.052710  
1376 23.850000 -0.052519 -0.052583  
1377 23.860000 -0.051994 -0.052455  
1378 23.870000 -0.051470 -0.052329  
1379 23.880000 -0.050947 -0.052202  
1380 23.890000 -0.050426 -0.052076  
1381 23.900000 -0.049906 -0.051951  
1382 23.910000 -0.049387 -0.051825  
1383 23.920000 -0.048869 -0.051700  
1384 23.930000 -0.048353 -0.051576  
1385 23.940000 -0.047838 -0.051452  
1386 23.950000 -0.047324 -0.051328  
1387 23.960000 -0.046811 -0.051205  
1388 23.970000 -0.046300 -0.051081  
1389 23.980000 -0.045790 -0.050959  
1390 23.990000 -0.045281 -0.050836  
1391 24.000000 -0.044773 -0.050714  
1392 24.010000 -0.044266 -0.050593  
1393 24.020000 -0.043761 -0.050472  
1394 24.030000 -0.043257 -0.050351  
1395 24.040000 -0.042754 -0.050230  
1396 24.050000 -0.042252 -0.050110  
1397 24.060000 -0.041752 -0.049990  
1398 24.070000 -0.041253 -0.049871  
1399 24.080000 -0.040754 -0.049751  
1400 24.090000 -0.040258 -0.049633  
1401 24.100000 -0.039762 -0.049514  
1402 24.110000 -0.039267 -0.049396  
1403 24.120000 -0.038774 -0.049278  
1404 24.130000 -0.038282 -0.049161  
1405 24.140000 -0.037791 -0.049044  
1406 24.150000 -0.037301 -0.048927  
1407 24.160000 -0.036812 -0.048811  
1408 24.170000 -0.036325 -0.048695  
1409 24.180000 -0.035838 -0.048579  
1410 24.190000 -0.035353 -0.048464  
1411 24.200000 -0.034869 -0.048349  
1412 24.210000 -0.034386 -0.048234  
1413 24.220000 -0.033904 -0.048120  
1414 24.230000 -0.033424 -0.048006  
1415 24.240000 -0.032944 -0.047892  
1416 24.250000 -0.032466 -0.047779  
1417 24.260000 -0.031989 -0.047666  
1418 24.270000 -0.031512 -0.047553  
1419 24.280000 -0.031037 -0.047441  
1420 24.290000 -0.030564 -0.047329  
1421 24.300000 -0.030091 -0.047217  
1422 24.310000 -0.029619 -0.047105  
1423 24.320000 -0.029149 -0.046994  
1424 24.330000 -0.028679 -0.046884  
1425 24.340000 -0.028211 -0.046773  
1426 24.350000 -0.027744 -0.046663  
1427 24.360000 -0.027278 -0.046553  
1428 24.370000 -0.026813 -0.046444  
1429 24.380000 -0.026349 -0.046335  
1430 24.390000 -0.025886 -0.046226  
1431 24.400000 -0.025424 -0.046117  
1432 24.410000 -0.024964 -0.046009  
1433 24.420000 -0.024504 -0.045901  
1434 24.430000 -0.024046 -0.045794  
1435 24.440000 -0.023588 -0.045686  
1436 24.450000 -0.023132 -0.045579  
1437 24.460000 -0.022677 -0.045473  
1438 24.470000 -0.022223 -0.045366  
1439 24.480000 -0.021770 -0.045260  
1440 24.490000 -0.021317 -0.045154  
1441 24.500000 -0.020866 -0.045049  
1442 24.510000 -0.020416 -0.044944  
1443 24.520000 -0.019968 -0.044839  
1444 24.530000 -0.019520 -0.044734  
1445 24.540000 -0.019073 -0.044630  
1446 24.550000 -0.018627 -0.044526  
1447 24.560000 -0.018182 -0.044423  
1448 24.570000 -0.017739 -0.044319  
1449 24.580000 -0.017296 -0.044216  
1450 24.590000 -0.016854 -0.044113  
1451 24.600000 -0.016414 -0.044011  
1452 24.610000 -0.015974 -0.043909  
1453 24.620000 -0.015536 -0.043807  
1454 24.630000 -0.015098 -0.043705  
1455 24.640000 -0.014661 -0.043604  
1456 24.650000 -0.014226 -0.043503  
1457 24.660000 -0.013791 -0.043402  
1458 24.670000 -0.013358 -0.043302  
1459 24.680000 -0.012925 -0.043202  
1460 24.690000 -0.012494 -0.043102  
1461 24.700000 -0.012063 -0.043002  
1462 24.710000 -0.011634 -0.042903  
1463 24.720000 -0.011205 -0.042804  
1464 24.730000 -0.010778 -0.042705  
1465 24.740000 -0.010351 -0.042607  
1466 24.750000 -0.009926 -0.042508  
1467 24.760000 -0.009501 -0.042410  
1468 24.770000 -0.009077 -0.042313  
1469 24.780000 -0.008655 -0.042215  
1470 24.790000 -0.008233 -0.042118  
1471 24.800000 -0.007812 -0.042022  
1472 24.810000 -0.007393 -0.041925  
1473 24.820000 -0.006974 -0.041829  
1474 24.830000 -0.006556 -0.041733  
1475 24.840000 -0.006139 -0.041637  
1476 24.850000 -0.005723 -0.041542  
1477 24.860000 -0.005308 -0.041446  
1478 24.870000 -0.004894 -0.041351  
1479 24.880000 -0.004481 -0.041257  
1480 24.890000 -0.004069 -0.041162  
1481 24.900000 -0.003658 -0.041068  
1482 24.910000 -0.003248 -0.040974  
1483 24.920000 -0.002839 -0.040881  
1484 24.930000 -0.002430 -0.040787  
1485 24.940000 -0.002023 -0.040694  
1486 24.950000 -0.001616 -0.040602  
1487 24.960000 -0.001211 -0.040509  
1488 24.970000 -0.000806 -0.040417  
1489 24.980000 -0.000402 -0.040325  
1490 24.990000 0.000000 -0.040233  
