1 10.100000 60497066774497.679688 5451482978115602.000000  
2 10.110000 25628076507585.917969 2099698338914335.000000  
3 10.120000 11698636369423.642578 878700172100393.250000  
4 10.130000 5685818352553.292969 394266051813140.000000  
5 10.140000 2915062981736.182129 187720889708608.375000  
6 10.150000 1564935560735.257812 94069912944211.781250  
7 10.160000 874492096950.459351 49287205580769.656250  
8 10.170000 506190274115.761780 26854422382335.914062  
9 10.180000 302287585603.829407 15147860668191.408203  
10 10.190000 185613530068.717407 8812760810235.302734  
11 10.200000 116853485361.977814 5271327403015.354492  
12 10.210000 75241593026.386353 3232952105745.105957  
13 10.220000 49447907686.687157 2028327108035.221191  
14 10.230000 33107191776.333733 1299150132561.422607  
15 10.240000 22547215859.933853 848005165203.232422  
16 10.250000 15597523779.859278 563228151125.081787  
17 10.260000 10946559582.670555 380123569222.077515  
18 10.270000 7785497102.009453 260372304252.091278  
19 10.280000 5606099412.668755 180811719402.904327  
20 10.290000 4083422817.602815 127174981389.869797  
21 10.300000 3006344169.780657 90519927439.071869  
22 10.310000 2235624213.727846 65150116768.485344  
23 10.320000 1678141988.118315 47381418155.836189  
24 10.330000 1270802055.158116 34797212086.910057  
25 10.340000 970327569.111012 25791167213.465202  
26 10.350000 746692653.980675 19282189663.219803  
27 10.360000 578839047.684361 14534119261.275454  
28 10.370000 451846845.203480 11040118281.815817  
29 10.380000 355043231.852433 8447584538.581993  
30 10.390000 280723889.641136 6508790509.208319  
31 10.400000 223279336.150407 5048061142.262378  
32 10.410000 178591896.966441 3939711430.317585  
33 10.420000 143615475.443658 3093063521.770631  
34 10.430000 116080035.296401 2442172033.359529  
35 10.440000 94281982.021778 1938712511.253153  
36 10.450000 76934247.307937 1547015660.288106  
37 10.460000 63058228.686911 1240570648.621181  
38 10.470000 51905314.373231 999543064.304479  
39 10.480000 42899485.005749 808999560.586863  
40 10.490000 35595043.886190 657628653.930030  
41 10.500000 29645284.251310 536812538.390988  
42 10.510000 24779117.873123 439949062.682829  
43 10.520000 20783537.162036 361953250.073928  
44 10.530000 17490378.717218 298888548.012132  
45 10.540000 14766277.911073 247692422.920339  
46 10.550000 12505004.569092 205970994.623609  
47 10.560000 10621585.357217 171844495.154528  
48 10.570000 9047774.106746 143830358.285897  
49 10.580000 7728544.346946 120754325.805851  
50 10.590000 6619360.913529 101682524.340227  
51 10.600000 5684048.199561 85869319.606170  
52 10.610000 4893117.465806 72717100.073967  
53 10.620000 4222448.943659 61745123.865103  
54 10.630000 3652249.338731 52565283.306976  
55 10.640000 3166224.007461 44863173.188729  
56 10.650000 2750917.150418 38383242.960880  
57 10.660000 2395184.023565 32917106.850810  
58 10.670000 2089767.277007 28294305.770951  
59 10.680000 1826955.726093 24374980.287064  
60 10.690000 1600308.613443 21044038.857424  
61 10.700000 1404432.082770 18206500.348377  
62 10.710000 1234797.417971 15783762.052839  
63 10.720000 1087592.800255 13710599.684493  
64 10.730000 959602.049956 11932748.247557  
65 10.740000 848105.160091 10404945.389117  
66 10.750000 750796.480782 9089344.148393  
67 10.760000 665717.242139 7954221.669736  
68 10.770000 591199.757779 6972925.760681  
69 10.780000 525821.170070 6123013.151218  
70 10.790000 468365.010752 5385542.704915  
71 10.800000 417789.179633 4744494.226462  
72 10.810000 373199.207319 4186289.347881  
73 10.820000 333825.879060 3699395.598738  
74 10.830000 299006.466741 3273998.437852  
75 10.840000 268168.953015 2901728.949221  
76 10.850000 240818.742526 2575437.241808  
77 10.860000 216527.444972 2289003.464854  
78 10.870000 194923.387928 2037179.854048  
79 10.880000 175683.576882 1815458.434905  
80 10.890000 158526.868617 1619959.987455  
81 10.900000 143208.163955 1447340.667790  
82 10.910000 129513.458569 1294713.324244  
83 10.920000 117255.617518 1159581.068303  
84 10.930000 106270.761357 1039781.086222  
85 10.940000 96415.169982 933437.025270  
86 10.950000 87562.625606 838918.573553  
87 10.960000 79602.128838 754807.086210  
88 10.970000 72435.932308 679866.303216  
89 10.980000 65977.845041 613017.362540  
90 10.990000 60151.768036 553317.443414  
91 11.000000 54890.427624 499941.482823  
92 11.010000 50134.278281 452166.498210  
93 11.020000 45830.550830 409358.124045  
94 11.030000 41932.425626 370959.032057  
95 11.040000 38398.313280 336478.956755  
96 11.050000 35191.228115 305486.091148  
97 11.060000 32278.241640 277599.653817  
98 11.070000 29630.005224 252483.458858  
99 11.080000 27220.332648 229840.345716  
100 11.090000 25025.834586 209407.347416  
101 11.100000 23025.598139 190951.493722  
102 11.110000 21200.905543 174266.161075  
103 11.120000 19534.986960 159167.893994  
104 11.130000 18012.802968 145493.633584  
105 11.140000 16620.852965 133098.298035  
106 11.150000 15347.006210 121852.667846  
107 11.160000 14180.352657 111641.535201  
108 11.170000 13111.071122 102362.082617  
109 11.180000 12130.312646 93922.460826  
110 11.190000 11230.097192 86240.540000  
111 11.200000 10403.222053 79242.811989  
112 11.210000 9643.180573 72863.424239  
113 11.220000 8944.089932 67043.328705  
114 11.230000 8300.626936 61729.531262  
115 11.240000 7707.970856 56874.429082  
116 11.250000 7161.752503 52435.225054  
117 11.260000 6658.008817 48373.409781  
118 11.270000 6193.142326 44654.302901  
119 11.280000 5763.884930 41246.646546  
120 11.290000 5367.265517 38122.244664  
121 11.300000 5000.580976 35255.642736  
122 11.310000 4661.370233 32623.843096  
123 11.320000 4347.390973 30206.051666  
124 11.330000 4056.598756 27983.452441  
125 11.340000 3787.128257 25939.006504  
126 11.350000 3537.276412 24057.272745  
127 11.360000 3305.487250 22324.247809  
128 11.370000 3090.338251 20727.223085  
129 11.380000 2890.528043 19254.656816  
130 11.390000 2704.865323 17896.059640  
131 11.400000 2532.258847 16641.892068  
132 11.410000 2371.708407 15483.472579  
133 11.420000 2222.296667 14412.895174  
134 11.430000 2083.181782 13422.955345  
135 11.440000 1953.590730 12507.083570  
136 11.450000 1832.813256 11659.285505  
137 11.460000 1720.196403 10874.088168  
138 11.470000 1615.139539 10146.491478  
139 11.480000 1517.089851 9471.924585  
140 11.490000 1425.538257 8846.206490  
141 11.500000 1340.015683 8265.510505  
142 11.510000 1260.089687 7726.332160  
143 11.520000 1185.361382 7225.460205  
144 11.530000 1115.462636 6759.950381  
145 11.540000 1050.053528 6327.101696  
146 11.550000 988.820018 5924.434933  
147 11.560000 931.471833 5549.673190  
148 11.570000 877.740531 5200.724225  
149 11.580000 827.377735 4875.664445  
150 11.590000 780.153525 4572.724377  
151 11.600000 735.854958 4290.275459  
152 11.610000 694.284724 4026.818048  
153 11.620000 655.259910 3780.970505  
154 11.630000 618.610871 3551.459267  
155 11.640000 584.180195 3337.109810  
156 11.650000 551.821757 3136.838407  
157 11.660000 521.399843 2949.644630  
158 11.670000 492.788360 2774.604496  
159 11.680000 465.870094 2610.864227  
160 11.690000 440.536047 2457.634540  
161 11.700000 416.684808 2314.185440  
162 11.710000 394.221993 2179.841455  
163 11.720000 373.059718 2053.977281  
164 11.730000 353.116116 1936.013799  
165 11.740000 334.314899 1825.414424  
166 11.750000 316.584943 1721.681765  
167 11.760000 299.859916 1624.354562  
168 11.770000 284.077930 1533.004880  
169 11.780000 269.181220 1447.235532  
170 11.790000 255.115851 1366.677717  
171 11.800000 241.831439 1290.988849  
172 11.810000 229.280907 1219.850564  
173 11.820000 217.420248 1152.966890  
174 11.830000 206.208307 1090.062558  
175 11.840000 195.606588 1030.881457  
176 11.850000 185.579064 975.185205  
177 11.860000 176.092009 922.751835  
178 11.870000 167.113842 873.374591  
179 11.880000 158.614974 826.860807  
180 11.890000 150.567681 783.030882  
181 11.900000 142.945970 741.717334  
182 11.910000 135.725468 702.763919  
183 11.920000 128.883311 666.024834  
184 11.930000 122.398045 631.363960  
185 11.940000 116.249529 598.654181  
186 11.950000 110.418854 567.776744  
187 11.960000 104.888257 538.620672  
188 11.970000 99.641050 511.082216  
189 11.980000 94.661545 485.064354  
190 11.990000 89.934997 460.476324  
191 12.000000 85.447536 437.233191  
192 12.010000 81.186116 415.255446  
193 12.020000 77.138458 394.468639  
194 12.030000 73.293006 374.803028  
195 12.040000 69.638878 356.193267  
196 12.050000 66.165826 338.578105  
197 12.060000 62.864193 321.900113  
198 12.070000 59.724880 306.105429  
199 12.080000 56.739309 291.143520  
200 12.090000 53.899392 276.966964  
201 12.100000 51.197500 263.531242  
202 12.110000 48.626437 250.794550  
203 12.120000 46.179410 238.717621  
204 12.130000 43.850009 227.263559  
205 12.140000 41.632179 216.397690  
206 12.150000 39.520203 206.087413  
207 12.160000 37.508681 196.302071  
208 12.170000 35.592508 187.012828  
209 12.180000 33.766861 178.192549  
210 12.190000 32.027179 169.815697  
211 12.200000 30.369150 161.858229  
212 12.210000 28.788692 154.297504  
213 12.220000 27.281948 147.112196  
214 12.230000 25.845264 140.282212  
215 12.240000 24.475183 133.788613  
216 12.250000 23.168430 127.613547  
217 12.260000 21.921906 121.740182  
218 12.270000 20.732674 116.152639  
219 12.280000 19.597951 110.835939  
220 12.290000 18.515100 105.775948  
221 12.300000 17.481621 100.959324  
222 12.310000 16.495144 96.373469  
223 12.320000 15.553422 92.006488  
224 12.330000 14.654322 87.847143  
225 12.340000 13.795822 83.884818  
226 12.350000 12.976003 80.109480  
227 12.360000 12.193041 76.511644  
228 12.370000 11.445208 73.082343  
229 12.380000 10.730861 69.813096  
230 12.390000 10.048439 66.695881  
231 12.400000 9.396462 63.723108  
232 12.410000 8.773520 60.887593  
233 12.420000 8.178275 58.182538  
234 12.430000 7.609456 55.601505  
235 12.440000 7.065852 53.138397  
236 12.450000 6.546314 50.787440  
237 12.460000 6.049748 48.543163  
238 12.470000 5.575112 46.400382  
239 12.480000 5.121418 44.354182  
240 12.490000 4.687722 42.399906  
241 12.500000 4.273128 40.533136  
242 12.510000 3.876782 38.749684  
243 12.520000 3.497870 37.045574  
244 12.530000 3.135619 35.417036  
245 12.540000 2.789289 33.860491  
246 12.550000 2.458180 32.372544  
247 12.560000 2.141621 30.949970  
248 12.570000 1.838973 29.589706  
249 12.580000 1.549629 28.288844  
250 12.590000 1.273007 27.044622  
251 12.600000 1.008556 25.854414  
252 12.610000 0.755747 24.715727  
253 12.620000 0.514078 23.626189  
254 12.630000 0.283067 22.583547  
255 12.640000 0.062258 21.585656  
256 12.650000 -0.148788 20.630480  
257 12.660000 -0.350488 19.716078  
258 12.670000 -0.543240 18.840607  
259 12.680000 -0.727424 18.002311  
260 12.690000 -0.903404 17.199520  
261 12.700000 -1.071527 16.430644  
262 12.710000 -1.232125 15.694169  
263 12.720000 -1.385514 14.988654  
264 12.730000 -1.531997 14.312726  
265 12.740000 -1.671863 13.665076  
266 12.750000 -1.805388 13.044459  
267 12.760000 -1.932838 12.449689  
268 12.770000 -2.054465 11.879633  
269 12.780000 -2.170509 11.333212  
270 12.790000 -2.281204 10.809400  
271 12.800000 -2.386770 10.307215  
272 12.810000 -2.487417 9.825722  
273 12.820000 -2.583350 9.364030  
274 12.830000 -2.674761 8.921287  
275 12.840000 -2.761836 8.496683  
276 12.850000 -2.844753 8.089442  
277 12.860000 -2.923680 7.698825  
278 12.870000 -2.998782 7.324127  
279 12.880000 -3.070214 6.964673  
280 12.890000 -3.138124 6.619820  
281 12.900000 -3.202657 6.288955  
282 12.910000 -3.263948 5.971488  
283 12.920000 -3.322129 5.666861  
284 12.930000 -3.377326 5.374538  
285 12.940000 -3.429659 5.094006  
286 12.950000 -3.479244 4.824776  
287 12.960000 -3.526191 4.566381  
288 12.970000 -3.570606 4.318374  
289 12.980000 -3.612592 4.080326  
290 12.990000 -3.652245 3.851831  
291 13.000000 -3.689659 3.632495  
292 13.010000 -3.724924 3.421946  
293 13.020000 -3.758126 3.219826  
294 13.030000 -3.789347 3.025792  
295 13.040000 -3.818668 2.839517  
296 13.050000 -3.846163 2.660687  
297 13.060000 -3.871905 2.489003  
298 13.070000 -3.895965 2.324176  
299 13.080000 -3.918411 2.165933  
300 13.090000 -3.939305 2.014009  
301 13.100000 -3.958711 1.868152  
302 13.110000 -3.976688 1.728121  
303 13.120000 -3.993292 1.593685  
304 13.130000 -4.008579 1.464621  
305 13.140000 -4.022602 1.340717  
306 13.150000 -4.035410 1.221770  
307 13.160000 -4.047053 1.107584  
308 13.170000 -4.057577 0.997973  
309 13.180000 -4.067027 0.892757  
310 13.190000 -4.075446 0.791764  
311 13.200000 -4.082876 0.694829  
312 13.210000 -4.089356 0.601795  
313 13.220000 -4.094924 0.512510  
314 13.230000 -4.099618 0.426828  
315 13.240000 -4.103472 0.344610  
316 13.250000 -4.106521 0.265721  
317 13.260000 -4.108798 0.190035  
318 13.270000 -4.110332 0.117426  
319 13.280000 -4.111156 0.047778  
320 13.290000 -4.111297 -0.019024  
321 13.300000 -4.110785 -0.083089  
322 13.310000 -4.109644 -0.144520  
323 13.320000 -4.107903 -0.203419  
324 13.330000 -4.105584 -0.259883  
325 13.340000 -4.102713 -0.314003  
326 13.350000 -4.099312 -0.365868  
327 13.360000 -4.095403 -0.415565  
328 13.370000 -4.091007 -0.463175  
329 13.380000 -4.086146 -0.508778  
330 13.390000 -4.080838 -0.552448  
331 13.400000 -4.075103 -0.594260  
332 13.410000 -4.068959 -0.634282  
333 13.420000 -4.062423 -0.672582  
334 13.430000 -4.055513 -0.709225  
335 13.440000 -4.048244 -0.744273  
336 13.450000 -4.040632 -0.777786  
337 13.460000 -4.032693 -0.809821  
338 13.470000 -4.024441 -0.840434  
339 13.480000 -4.015889 -0.869677  
340 13.490000 -4.007052 -0.897603  
341 13.500000 -3.997941 -0.924259  
342 13.510000 -3.988570 -0.949693  
343 13.520000 -3.978951 -0.973951  
344 13.530000 -3.969095 -0.997077  
345 13.540000 -3.959013 -1.019112  
346 13.550000 -3.948716 -1.040097  
347 13.560000 -3.938215 -1.060072  
348 13.570000 -3.927518 -1.079073  
349 13.580000 -3.916636 -1.097137  
350 13.590000 -3.905579 -1.114298  
351 13.600000 -3.894353 -1.130591  
352 13.610000 -3.882970 -1.146047  
353 13.620000 -3.871435 -1.160697  
354 13.630000 -3.859758 -1.174571  
355 13.640000 -3.847946 -1.187699  
356 13.650000 -3.836007 -1.200107  
357 13.660000 -3.823946 -1.211822  
358 13.670000 -3.811772 -1.222871  
359 13.680000 -3.799491 -1.233277  
360 13.690000 -3.787109 -1.243065  
361 13.700000 -3.774632 -1.252257  
362 13.710000 -3.762066 -1.260876  
363 13.720000 -3.749416 -1.268944  
364 13.730000 -3.736689 -1.276480  
365 13.740000 -3.723888 -1.283504  
366 13.750000 -3.711020 -1.290036  
367 13.760000 -3.698089 -1.296093  
368 13.770000 -3.685100 -1.301694  
369 13.780000 -3.672057 -1.306856  
370 13.790000 -3.658964 -1.311595  
371 13.800000 -3.645826 -1.315927  
372 13.810000 -3.632647 -1.319867  
373 13.820000 -3.619430 -1.323431  
374 13.830000 -3.606179 -1.326631  
375 13.840000 -3.592899 -1.329483  
376 13.850000 -3.579591 -1.331998  
377 13.860000 -3.566260 -1.334191  
378 13.870000 -3.552908 -1.336073  
379 13.880000 -3.539539 -1.337655  
380 13.890000 -3.526156 -1.338951  
381 13.900000 -3.512761 -1.339970  
382 13.910000 -3.499357 -1.340723  
383 13.920000 -3.485947 -1.341220  
384 13.930000 -3.472534 -1.341472  
385 13.940000 -3.459119 -1.341487  
386 13.950000 -3.445705 -1.341275  
387 13.960000 -3.432294 -1.340846  
388 13.970000 -3.418889 -1.340207  
389 13.980000 -3.405491 -1.339366  
390 13.990000 -3.392102 -1.338332  
391 14.000000 -3.378725 -1.337113  
392 14.010000 -3.365360 -1.335716  
393 14.020000 -3.352011 -1.334147  
394 14.030000 -3.338678 -1.332414  
395 14.040000 -3.325363 -1.330524  
396 14.050000 -3.312068 -1.328483  
397 14.060000 -3.298794 -1.326297  
398 14.070000 -3.285542 -1.323972  
399 14.080000 -3.272315 -1.321514  
400 14.090000 -3.259113 -1.318929  
401 14.100000 -3.245937 -1.316222  
402 14.110000 -3.232789 -1.313397  
403 14.120000 -3.219669 -1.310461  
404 14.130000 -3.206580 -1.307418  
405 14.140000 -3.193521 -1.304272  
406 14.150000 -3.180495 -1.301028  
407 14.160000 -3.167501 -1.297691  
408 14.170000 -3.154541 -1.294265  
409 14.180000 -3.141616 -1.290753  
410 14.190000 -3.128726 -1.287160  
411 14.200000 -3.115873 -1.283489  
412 14.210000 -3.103057 -1.279744  
413 14.220000 -3.090278 -1.275929  
414 14.230000 -3.077538 -1.272047  
415 14.240000 -3.064838 -1.268100  
416 14.250000 -3.052177 -1.264094  
417 14.260000 -3.039556 -1.260029  
418 14.270000 -3.026976 -1.255910  
419 14.280000 -3.014438 -1.251739  
420 14.290000 -3.001942 -1.247519  
421 14.300000 -2.989488 -1.243253  
422 14.310000 -2.977077 -1.238942  
423 14.320000 -2.964709 -1.234590  
424 14.330000 -2.952385 -1.230199  
425 14.340000 -2.940105 -1.225772  
426 14.350000 -2.927870 -1.221309  
427 14.360000 -2.915679 -1.216815  
428 14.370000 -2.903533 -1.212289  
429 14.380000 -2.891433 -1.207736  
430 14.390000 -2.879379 -1.203155  
431 14.400000 -2.867370 -1.198551  
432 14.410000 -2.855408 -1.193923  
433 14.420000 -2.843492 -1.189274  
434 14.430000 -2.831622 -1.184605  
435 14.440000 -2.819800 -1.179919  
436 14.450000 -2.808024 -1.175216  
437 14.460000 -2.796296 -1.170498  
438 14.470000 -2.784614 -1.165767  
439 14.480000 -2.772980 -1.161024  
440 14.490000 -2.761394 -1.156269  
441 14.500000 -2.749855 -1.151506  
442 14.510000 -2.738364 -1.146734  
443 14.520000 -2.726920 -1.141954  
444 14.530000 -2.715525 -1.137169  
445 14.540000 -2.704177 -1.132379  
446 14.550000 -2.692877 -1.127585  
447 14.560000 -2.681625 -1.122789  
448 14.570000 -2.670421 -1.117990  
449 14.580000 -2.659265 -1.113191  
450 14.590000 -2.648157 -1.108392  
451 14.600000 -2.637098 -1.103594  
452 14.610000 -2.626086 -1.098797  
453 14.620000 -2.615122 -1.094003  
454 14.630000 -2.604206 -1.089213  
455 14.640000 -2.593337 -1.084426  
456 14.650000 -2.582517 -1.079645  
457 14.660000 -2.571744 -1.074868  
458 14.670000 -2.561020 -1.070099  
459 14.680000 -2.550342 -1.065335  
460 14.690000 -2.539713 -1.060580  
461 14.700000 -2.529131 -1.055832  
462 14.710000 -2.518596 -1.051093  
463 14.720000 -2.508109 -1.046363  
464 14.730000 -2.497669 -1.041643  
465 14.740000 -2.487276 -1.036933  
466 14.750000 -2.476930 -1.032233  
467 14.760000 -2.466631 -1.027545  
468 14.770000 -2.456379 -1.022868  
469 14.780000 -2.446174 -1.018203  
470 14.790000 -2.436015 -1.013551  
471 14.800000 -2.425903 -1.008911  
472 14.810000 -2.415837 -1.004285  
473 14.820000 -2.405817 -0.999671  
474 14.830000 -2.395843 -0.995072  
475 14.840000 -2.385916 -0.990487  
476 14.850000 -2.376034 -0.985916  
477 14.860000 -2.366197 -0.981360  
478 14.870000 -2.356406 -0.976819  
479 14.880000 -2.346661 -0.972293  
480 14.890000 -2.336960 -0.967783  
481 14.900000 -2.327305 -0.963289  
482 14.910000 -2.317695 -0.958810  
483 14.920000 -2.308129 -0.954348  
484 14.930000 -2.298608 -0.949902  
485 14.940000 -2.289131 -0.945473  
486 14.950000 -2.279698 -0.941061  
487 14.960000 -2.270309 -0.936665  
488 14.970000 -2.260965 -0.932287  
489 14.980000 -2.251664 -0.927926  
490 14.990000 -2.242406 -0.923582  
491 15.000000 -2.233192 -0.919257  
492 15.010000 -2.224021 -0.914948  
493 15.020000 -2.214893 -0.910658  
494 15.030000 -2.205808 -0.906385  
495 15.040000 -2.196765 -0.902131  
496 15.050000 -2.187765 -0.897895  
497 15.060000 -2.178807 -0.893677  
498 15.070000 -2.169891 -0.889477  
499 15.080000 -2.161018 -0.885296  
500 15.090000 -2.152185 -0.881133  
501 15.100000 -2.143395 -0.876989  
502 15.110000 -2.134646 -0.872863  
503 15.120000 -2.125938 -0.868756  
504 15.130000 -2.117270 -0.864667  
505 15.140000 -2.108644 -0.860598  
506 15.150000 -2.100058 -0.856547  
507 15.160000 -2.091513 -0.852515  
508 15.170000 -2.083008 -0.848502  
509 15.180000 -2.074543 -0.844507  
510 15.190000 -2.066118 -0.840532  
511 15.200000 -2.057732 -0.836575  
512 15.210000 -2.049386 -0.832637  
513 15.220000 -2.041080 -0.828719  
514 15.230000 -2.032812 -0.824819  
515 15.240000 -2.024583 -0.820938  
516 15.250000 -2.016393 -0.817075  
517 15.260000 -2.008242 -0.813232  
518 15.270000 -2.000128 -0.809408  
519 15.280000 -1.992053 -0.805602  
520 15.290000 -1.984016 -0.801816  
521 15.300000 -1.976017 -0.798048  
522 15.310000 -1.968055 -0.794299  
523 15.320000 -1.960131 -0.790568  
524 15.330000 -1.952244 -0.786857  
525 15.340000 -1.944394 -0.783164  
526 15.350000 -1.936580 -0.779490  
527 15.360000 -1.928804 -0.775834  
528 15.370000 -1.921064 -0.772197  
529 15.380000 -1.913360 -0.768579  
530 15.390000 -1.905692 -0.764979  
531 15.400000 -1.898060 -0.761397  
532 15.410000 -1.890464 -0.757834  
533 15.420000 -1.882903 -0.754289  
534 15.430000 -1.875378 -0.750763  
535 15.440000 -1.867888 -0.747255  
536 15.450000 -1.860433 -0.743765  
537 15.460000 -1.853013 -0.740293  
538 15.470000 -1.845627 -0.736839  
539 15.480000 -1.838276 -0.733404  
540 15.490000 -1.830959 -0.729986  
541 15.500000 -1.823676 -0.726586  
542 15.510000 -1.816427 -0.723204  
543 15.520000 -1.809212 -0.719840  
544 15.530000 -1.802030 -0.716494  
545 15.540000 -1.794882 -0.713165  
546 15.550000 -1.787767 -0.709854  
547 15.560000 -1.780685 -0.706560  
548 15.570000 -1.773636 -0.703284  
549 15.580000 -1.766619 -0.700025  
550 15.590000 -1.759635 -0.696783  
551 15.600000 -1.752683 -0.693559  
552 15.610000 -1.745764 -0.690352  
553 15.620000 -1.738876 -0.687162  
554 15.630000 -1.732021 -0.683989  
555 15.640000 -1.725197 -0.680833  
556 15.650000 -1.718404 -0.677693  
557 15.660000 -1.711643 -0.674571  
558 15.670000 -1.704912 -0.671465  
559 15.680000 -1.698213 -0.668376  
560 15.690000 -1.691545 -0.665303  
561 15.700000 -1.684907 -0.662247  
562 15.710000 -1.678300 -0.659208  
563 15.720000 -1.671723 -0.656184  
564 15.730000 -1.665176 -0.653177  
565 15.740000 -1.658659 -0.650187  
566 15.750000 -1.652172 -0.647212  
567 15.760000 -1.645715 -0.644253  
568 15.770000 -1.639287 -0.641310  
569 15.780000 -1.632889 -0.638383  
570 15.790000 -1.626520 -0.635472  
571 15.800000 -1.620179 -0.632577  
572 15.810000 -1.613868 -0.629697  
573 15.820000 -1.607585 -0.626833  
574 15.830000 -1.601331 -0.623984  
575 15.840000 -1.595106 -0.621151  
576 15.850000 -1.588908 -0.618332  
577 15.860000 -1.582739 -0.615530  
578 15.870000 -1.576598 -0.612742  
579 15.880000 -1.570484 -0.609969  
580 15.890000 -1.564398 -0.607212  
581 15.900000 -1.558340 -0.604469  
582 15.910000 -1.552309 -0.601741  
583 15.920000 -1.546305 -0.599028  
584 15.930000 -1.540328 -0.596329  
585 15.940000 -1.534378 -0.593645  
586 15.950000 -1.528455 -0.590976  
587 15.960000 -1.522559 -0.588321  
588 15.970000 -1.516689 -0.585680  
589 15.980000 -1.510845 -0.583054  
590 15.990000 -1.505028 -0.580442  
591 16.000000 -1.499236 -0.577844  
592 16.010000 -1.493471 -0.575260  
593 16.020000 -1.487731 -0.572690  
594 16.030000 -1.482017 -0.570134  
595 16.040000 -1.476328 -0.567591  
596 16.050000 -1.470665 -0.565063  
597 16.060000 -1.465027 -0.562548  
598 16.070000 -1.459414 -0.560046  
599 16.080000 -1.453826 -0.557558  
600 16.090000 -1.448263 -0.555084  
601 16.100000 -1.442724 -0.552623  
602 16.110000 -1.437210 -0.550175  
603 16.120000 -1.431721 -0.547740  
604 16.130000 -1.426255 -0.545319  
605 16.140000 -1.420814 -0.542910  
606 16.150000 -1.415397 -0.540515  
607 16.160000 -1.410004 -0.538132  
608 16.170000 -1.404634 -0.535762  
609 16.180000 -1.399289 -0.533405  
610 16.190000 -1.393966 -0.531060  
611 16.200000 -1.388667 -0.528729  
612 16.210000 -1.383392 -0.526409  
613 16.220000 -1.378139 -0.524102  
614 16.230000 -1.372910 -0.521808  
615 16.240000 -1.367703 -0.519526  
616 16.250000 -1.362519 -0.517256  
617 16.260000 -1.357358 -0.514998  
618 16.270000 -1.352219 -0.512752  
619 16.280000 -1.347103 -0.510518  
620 16.290000 -1.342009 -0.508296  
621 16.300000 -1.336937 -0.506087  
622 16.310000 -1.331887 -0.503888  
623 16.320000 -1.326859 -0.501702  
624 16.330000 -1.321853 -0.499527  
625 16.340000 -1.316868 -0.497364  
626 16.350000 -1.311905 -0.495213  
627 16.360000 -1.306964 -0.493072  
628 16.370000 -1.302044 -0.490944  
629 16.380000 -1.297145 -0.488826  
630 16.390000 -1.292267 -0.486720  
631 16.400000 -1.287411 -0.484625  
632 16.410000 -1.282575 -0.482541  
633 16.420000 -1.277760 -0.480468  
634 16.430000 -1.272965 -0.478407  
635 16.440000 -1.268192 -0.476356  
636 16.450000 -1.263438 -0.474316  
637 16.460000 -1.258705 -0.472286  
638 16.470000 -1.253993 -0.470268  
639 16.480000 -1.249300 -0.468260  
640 16.490000 -1.244627 -0.466263  
641 16.500000 -1.239975 -0.464276  
642 16.510000 -1.235342 -0.462300  
643 16.520000 -1.230729 -0.460334  
644 16.530000 -1.226135 -0.458378  
645 16.540000 -1.221561 -0.456433  
646 16.550000 -1.217006 -0.454498  
647 16.560000 -1.212471 -0.452573  
648 16.570000 -1.207955 -0.450659  
649 16.580000 -1.203458 -0.448754  
650 16.590000 -1.198980 -0.446859  
651 16.600000 -1.194521 -0.444974  
652 16.610000 -1.190080 -0.443100  
653 16.620000 -1.185659 -0.441234  
654 16.630000 -1.181255 -0.439379  
655 16.640000 -1.176871 -0.437533  
656 16.650000 -1.172505 -0.435697  
657 16.660000 -1.168157 -0.433871  
658 16.670000 -1.163827 -0.432054  
659 16.680000 -1.159516 -0.430246  
660 16.690000 -1.155222 -0.428448  
661 16.700000 -1.150947 -0.426659  
662 16.710000 -1.146689 -0.424880  
663 16.720000 -1.142449 -0.423110  
664 16.730000 -1.138227 -0.421348  
665 16.740000 -1.134022 -0.419596  
666 16.750000 -1.129835 -0.417854  
667 16.760000 -1.125665 -0.416120  
668 16.770000 -1.121513 -0.414395  
669 16.780000 -1.117377 -0.412679  
670 16.790000 -1.113259 -0.410971  
671 16.800000 -1.109158 -0.409273  
672 16.810000 -1.105073 -0.407583  
673 16.820000 -1.101006 -0.405902  
674 16.830000 -1.096955 -0.404230  
675 16.840000 -1.092921 -0.402566  
676 16.850000 -1.088904 -0.400911  
677 16.860000 -1.084903 -0.399264  
678 16.870000 -1.080919 -0.397626  
679 16.880000 -1.076951 -0.395996  
680 16.890000 -1.072999 -0.394374  
681 16.900000 -1.069063 -0.392761  
682 16.910000 -1.065144 -0.391156  
683 16.920000 -1.061240 -0.389559  
684 16.930000 -1.057352 -0.387970  
685 16.940000 -1.053481 -0.386389  
686 16.950000 -1.049625 -0.384817  
687 16.960000 -1.045784 -0.383252  
688 16.970000 -1.041959 -0.381695  
689 16.980000 -1.038150 -0.380146  
690 16.990000 -1.034357 -0.378605  
691 17.000000 -1.030578 -0.377072  
692 17.010000 -1.026815 -0.375547  
693 17.020000 -1.023067 -0.374029  
694 17.030000 -1.019334 -0.372519  
695 17.040000 -1.015617 -0.371016  
696 17.050000 -1.011914 -0.369521  
697 17.060000 -1.008226 -0.368034  
698 17.070000 -1.004553 -0.366554  
699 17.080000 -1.000895 -0.365081  
700 17.090000 -0.997252 -0.363616  
701 17.100000 -0.993623 -0.362159  
702 17.110000 -0.990009 -0.360708  
703 17.120000 -0.986409 -0.359265  
704 17.130000 -0.982823 -0.357829  
705 17.140000 -0.979252 -0.356400  
706 17.150000 -0.975695 -0.354979  
707 17.160000 -0.972152 -0.353564  
708 17.170000 -0.968624 -0.352157  
709 17.180000 -0.965109 -0.350756  
710 17.190000 -0.961609 -0.349362  
711 17.200000 -0.958122 -0.347976  
712 17.210000 -0.954649 -0.346596  
713 17.220000 -0.951190 -0.345223  
714 17.230000 -0.947745 -0.343857  
715 17.240000 -0.944313 -0.342498  
716 17.250000 -0.940895 -0.341145  
717 17.260000 -0.937490 -0.339799  
718 17.270000 -0.934099 -0.338460  
719 17.280000 -0.930721 -0.337127  
720 17.290000 -0.927356 -0.335801  
721 17.300000 -0.924005 -0.334481  
722 17.310000 -0.920667 -0.333168  
723 17.320000 -0.917341 -0.331862  
724 17.330000 -0.914029 -0.330561  
725 17.340000 -0.910730 -0.329268  
726 17.350000 -0.907444 -0.327980  
727 17.360000 -0.904171 -0.326699  
728 17.370000 -0.900910 -0.325424  
729 17.380000 -0.897662 -0.324155  
730 17.390000 -0.894427 -0.322893  
731 17.400000 -0.891204 -0.321636  
732 17.410000 -0.887994 -0.320386  
733 17.420000 -0.884796 -0.319142  
734 17.430000 -0.881611 -0.317903  
735 17.440000 -0.878438 -0.316671  
736 17.450000 -0.875278 -0.315445  
737 17.460000 -0.872129 -0.314225  
738 17.470000 -0.868993 -0.313011  
739 17.480000 -0.865869 -0.311802  
740 17.490000 -0.862757 -0.310600  
741 17.500000 -0.859657 -0.309403  
742 17.510000 -0.856569 -0.308212  
743 17.520000 -0.853493 -0.307027  
744 17.530000 -0.850429 -0.305847  
745 17.540000 -0.847376 -0.304673  
746 17.550000 -0.844335 -0.303505  
747 17.560000 -0.841306 -0.302342  
748 17.570000 -0.838288 -0.301185  
749 17.580000 -0.835282 -0.300034  
750 17.590000 -0.832287 -0.298888  
751 17.600000 -0.829304 -0.297747  
752 17.610000 -0.826333 -0.296612  
753 17.620000 -0.823372 -0.295483  
754 17.630000 -0.820423 -0.294358  
755 17.640000 -0.817485 -0.293239  
756 17.650000 -0.814558 -0.292126  
757 17.660000 -0.811642 -0.291017  
758 17.670000 -0.808738 -0.289914  
759 17.680000 -0.805844 -0.288817  
760 17.690000 -0.802961 -0.287724  
761 17.700000 -0.800090 -0.286637  
762 17.710000 -0.797229 -0.285554  
763 17.720000 -0.794378 -0.284477  
764 17.730000 -0.791539 -0.283405  
765 17.740000 -0.788710 -0.282338  
766 17.750000 -0.785892 -0.281276  
767 17.760000 -0.783085 -0.280219  
768 17.770000 -0.780288 -0.279167  
769 17.780000 -0.777501 -0.278120  
770 17.790000 -0.774725 -0.277078  
771 17.800000 -0.771960 -0.276041  
772 17.810000 -0.769205 -0.275009  
773 17.820000 -0.766460 -0.273981  
774 17.830000 -0.763725 -0.272958  
775 17.840000 -0.761000 -0.271941  
776 17.850000 -0.758286 -0.270927  
777 17.860000 -0.755582 -0.269919  
778 17.870000 -0.752888 -0.268915  
779 17.880000 -0.750204 -0.267916  
780 17.890000 -0.747529 -0.266922  
781 17.900000 -0.744865 -0.265932  
782 17.910000 -0.742211 -0.264947  
783 17.920000 -0.739566 -0.263966  
784 17.930000 -0.736931 -0.262990  
785 17.940000 -0.734306 -0.262018  
786 17.950000 -0.731691 -0.261051  
787 17.960000 -0.729085 -0.260089  
788 17.970000 -0.726489 -0.259130  
789 17.980000 -0.723903 -0.258177  
790 17.990000 -0.721326 -0.257227  
791 18.000000 -0.718758 -0.256282  
792 18.010000 -0.716200 -0.255342  
793 18.020000 -0.713651 -0.254405  
794 18.030000 -0.711112 -0.253473  
795 18.040000 -0.708582 -0.252546  
796 18.050000 -0.706061 -0.251622  
797 18.060000 -0.703549 -0.250703  
798 18.070000 -0.701047 -0.249788  
799 18.080000 -0.698554 -0.248877  
800 18.090000 -0.696069 -0.247970  
801 18.100000 -0.693594 -0.247068  
802 18.110000 -0.691128 -0.246169  
803 18.120000 -0.688671 -0.245275  
804 18.130000 -0.686222 -0.244385  
805 18.140000 -0.683783 -0.243498  
806 18.150000 -0.681352 -0.242616  
807 18.160000 -0.678931 -0.241738  
808 18.170000 -0.676518 -0.240864  
809 18.180000 -0.674113 -0.239993  
810 18.190000 -0.671718 -0.239127  
811 18.200000 -0.669331 -0.238265  
812 18.210000 -0.666953 -0.237406  
813 18.220000 -0.664583 -0.236551  
814 18.230000 -0.662221 -0.235701  
815 18.240000 -0.659869 -0.234854  
816 18.250000 -0.657524 -0.234010  
817 18.260000 -0.655188 -0.233171  
818 18.270000 -0.652861 -0.232335  
819 18.280000 -0.650542 -0.231503  
820 18.290000 -0.648231 -0.230675  
821 18.300000 -0.645928 -0.229851  
822 18.310000 -0.643634 -0.229030  
823 18.320000 -0.641348 -0.228213  
824 18.330000 -0.639070 -0.227400  
825 18.340000 -0.636800 -0.226590  
826 18.350000 -0.634538 -0.225784  
827 18.360000 -0.632284 -0.224981  
828 18.370000 -0.630038 -0.224182  
829 18.380000 -0.627800 -0.223386  
830 18.390000 -0.625570 -0.222594  
831 18.400000 -0.623348 -0.221806  
832 18.410000 -0.621134 -0.221021  
833 18.420000 -0.618928 -0.220240  
834 18.430000 -0.616729 -0.219462  
835 18.440000 -0.614539 -0.218687  
836 18.450000 -0.612356 -0.217916  
837 18.460000 -0.610180 -0.217148  
838 18.470000 -0.608013 -0.216384  
839 18.480000 -0.605853 -0.215623  
840 18.490000 -0.603700 -0.214865  
841 18.500000 -0.601555 -0.214111  
842 18.510000 -0.599418 -0.213360  
843 18.520000 -0.597288 -0.212612  
844 18.530000 -0.595166 -0.211867  
845 18.540000 -0.593051 -0.211126  
846 18.550000 -0.590943 -0.210388  
847 18.560000 -0.588843 -0.209654  
848 18.570000 -0.586750 -0.208922  
849 18.580000 -0.584665 -0.208194  
850 18.590000 -0.582586 -0.207469  
851 18.600000 -0.580515 -0.206747  
852 18.610000 -0.578451 -0.206028  
853 18.620000 -0.576395 -0.205312  
854 18.630000 -0.574345 -0.204599  
855 18.640000 -0.572303 -0.203890  
856 18.650000 -0.570267 -0.203183  
857 18.660000 -0.568239 -0.202480  
858 18.670000 -0.566218 -0.201780  
859 18.680000 -0.564203 -0.201082  
860 18.690000 -0.562196 -0.200388  
861 18.700000 -0.560196 -0.199697  
862 18.710000 -0.558202 -0.199008  
863 18.720000 -0.556215 -0.198323  
864 18.730000 -0.554236 -0.197641  
865 18.740000 -0.552263 -0.196961  
866 18.750000 -0.550296 -0.196285  
867 18.760000 -0.548337 -0.195611  
868 18.770000 -0.546384 -0.194940  
869 18.780000 -0.544438 -0.194272  
870 18.790000 -0.542499 -0.193607  
871 18.800000 -0.540566 -0.192945  
872 18.810000 -0.538640 -0.192286  
873 18.820000 -0.536720 -0.191629  
874 18.830000 -0.534807 -0.190976  
875 18.840000 -0.532901 -0.190325  
876 18.850000 -0.531001 -0.189676  
877 18.860000 -0.529107 -0.189031  
878 18.870000 -0.527220 -0.188388  
879 18.880000 -0.525339 -0.187748  
880 18.890000 -0.523465 -0.187111  
881 18.900000 -0.521597 -0.186477  
882 18.910000 -0.519736 -0.185845  
883 18.920000 -0.517880 -0.185216  
884 18.930000 -0.516031 -0.184589  
885 18.940000 -0.514188 -0.183965  
886 18.950000 -0.512352 -0.183344  
887 18.960000 -0.510522 -0.182725  
888 18.970000 -0.508697 -0.182109  
889 18.980000 -0.506879 -0.181496  
890 18.990000 -0.505067 -0.180885  
891 19.000000 -0.503262 -0.180277  
892 19.010000 -0.501462 -0.179671  
893 19.020000 -0.499668 -0.179068  
894 19.030000 -0.497881 -0.178467  
895 19.040000 -0.496099 -0.177869  
896 19.050000 -0.494323 -0.177274  
897 19.060000 -0.492553 -0.176681  
898 19.070000 -0.490790 -0.176090  
899 19.080000 -0.489032 -0.175502  
900 19.090000 -0.487279 -0.174916  
901 19.100000 -0.485533 -0.174333  
902 19.110000 -0.483793 -0.173752  
903 19.120000 -0.482058 -0.173173  
904 19.130000 -0.480329 -0.172597  
905 19.140000 -0.478606 -0.172024  
906 19.150000 -0.476889 -0.171452  
907 19.160000 -0.475177 -0.170883  
908 19.170000 -0.473471 -0.170317  
909 19.180000 -0.471771 -0.169753  
910 19.190000 -0.470076 -0.169191  
911 19.200000 -0.468387 -0.168631  
912 19.210000 -0.466703 -0.168074  
913 19.220000 -0.465026 -0.167519  
914 19.230000 -0.463353 -0.166966  
915 19.240000 -0.461686 -0.166416  
916 19.250000 -0.460025 -0.165868  
917 19.260000 -0.458369 -0.165322  
918 19.270000 -0.456718 -0.164778  
919 19.280000 -0.455073 -0.164237  
920 19.290000 -0.453434 -0.163698  
921 19.300000 -0.451799 -0.163161  
922 19.310000 -0.450170 -0.162626  
923 19.320000 -0.448547 -0.162094  
924 19.330000 -0.446928 -0.161563  
925 19.340000 -0.445315 -0.161035  
926 19.350000 -0.443708 -0.160509  
927 19.360000 -0.442105 -0.159985  
928 19.370000 -0.440508 -0.159463  
929 19.380000 -0.438916 -0.158943  
930 19.390000 -0.437329 -0.158426  
931 19.400000 -0.435748 -0.157910  
932 19.410000 -0.434171 -0.157397  
933 19.420000 -0.432600 -0.156886  
934 19.430000 -0.431033 -0.156376  
935 19.440000 -0.429472 -0.155869  
936 19.450000 -0.427916 -0.155364  
937 19.460000 -0.426365 -0.154861  
938 19.470000 -0.424819 -0.154360  
939 19.480000 -0.423278 -0.153861  
940 19.490000 -0.421741 -0.153364  
941 19.500000 -0.420210 -0.152869  
942 19.510000 -0.418684 -0.152376  
943 19.520000 -0.417163 -0.151885  
944 19.530000 -0.415646 -0.151396  
945 19.540000 -0.414135 -0.150908  
946 19.550000 -0.412628 -0.150423  
947 19.560000 -0.411126 -0.149940  
948 19.570000 -0.409629 -0.149459  
949 19.580000 -0.408137 -0.148979  
950 19.590000 -0.406650 -0.148502  
951 19.600000 -0.405167 -0.148026  
952 19.610000 -0.403689 -0.147553  
953 19.620000 -0.402216 -0.147081  
954 19.630000 -0.400748 -0.146611  
955 19.640000 -0.399284 -0.146143  
956 19.650000 -0.397825 -0.145677  
957 19.660000 -0.396370 -0.145213  
958 19.670000 -0.394920 -0.144750  
959 19.680000 -0.393475 -0.144290  
960 19.690000 -0.392035 -0.143831  
961 19.700000 -0.390599 -0.143374  
962 19.710000 -0.389167 -0.142919  
963 19.720000 -0.387740 -0.142465  
964 19.730000 -0.386318 -0.142014  
965 19.740000 -0.384900 -0.141564  
966 19.750000 -0.383487 -0.141116  
967 19.760000 -0.382078 -0.140670  
968 19.770000 -0.380673 -0.140225  
969 19.780000 -0.379273 -0.139782  
970 19.790000 -0.377878 -0.139341  
971 19.800000 -0.376486 -0.138902  
972 19.810000 -0.375100 -0.138465  
973 19.820000 -0.373717 -0.138029  
974 19.830000 -0.372339 -0.137595  
975 19.840000 -0.370965 -0.137162  
976 19.850000 -0.369596 -0.136731  
977 19.860000 -0.368231 -0.136302  
978 19.870000 -0.366870 -0.135875  
979 19.880000 -0.365513 -0.135449  
980 19.890000 -0.364161 -0.135025  
981 19.900000 -0.362812 -0.134603  
982 19.910000 -0.361469 -0.134182  
983 19.920000 -0.360129 -0.133763  
984 19.930000 -0.358793 -0.133346  
985 19.940000 -0.357462 -0.132930  
986 19.950000 -0.356135 -0.132515  
987 19.960000 -0.354812 -0.132103  
988 19.970000 -0.353493 -0.131692  
989 19.980000 -0.352178 -0.131282  
990 19.990000 -0.350867 -0.130874  
991 20.000000 -0.349560 -0.130468  
992 20.010000 -0.348258 -0.130063  
993 20.020000 -0.346959 -0.129660  
994 20.030000 -0.345664 -0.129259  
995 20.040000 -0.344374 -0.128859  
996 20.050000 -0.343087 -0.128460  
997 20.060000 -0.341805 -0.128063  
998 20.070000 -0.340526 -0.127668  
999 20.080000 -0.339251 -0.127274  
1000 20.090000 -0.337980 -0.126881  
1001 20.100000 -0.336714 -0.126490  
1002 20.110000 -0.335451 -0.126101  
1003 20.120000 -0.334192 -0.125713  
1004 20.130000 -0.332936 -0.125326  
1005 20.140000 -0.331685 -0.124941  
1006 20.150000 -0.330438 -0.124558  
1007 20.160000 -0.329194 -0.124176  
1008 20.170000 -0.327954 -0.123795  
1009 20.180000 -0.326718 -0.123416  
1010 20.190000 -0.325486 -0.123038  
1011 20.200000 -0.324257 -0.122662  
1012 20.210000 -0.323032 -0.122287  
1013 20.220000 -0.321811 -0.121914  
1014 20.230000 -0.320594 -0.121542  
1015 20.240000 -0.319381 -0.121171  
1016 20.250000 -0.318171 -0.120802  
1017 20.260000 -0.316965 -0.120434  
1018 20.270000 -0.315762 -0.120068  
1019 20.280000 -0.314563 -0.119703  
1020 20.290000 -0.313368 -0.119339  
1021 20.300000 -0.312176 -0.118977  
1022 20.310000 -0.310988 -0.118616  
1023 20.320000 -0.309804 -0.118257  
1024 20.330000 -0.308623 -0.117899  
1025 20.340000 -0.307446 -0.117542  
1026 20.350000 -0.306272 -0.117186  
1027 20.360000 -0.305102 -0.116832  
1028 20.370000 -0.303936 -0.116479  
1029 20.380000 -0.302773 -0.116128  
1030 20.390000 -0.301613 -0.115778  
1031 20.400000 -0.300457 -0.115429  
1032 20.410000 -0.299305 -0.115081  
1033 20.420000 -0.298156 -0.114735  
1034 20.430000 -0.297010 -0.114390  
1035 20.440000 -0.295868 -0.114046  
1036 20.450000 -0.294729 -0.113704  
1037 20.460000 -0.293594 -0.113363  
1038 20.470000 -0.292462 -0.113023  
1039 20.480000 -0.291333 -0.112684  
1040 20.490000 -0.290208 -0.112347  
1041 20.500000 -0.289086 -0.112011  
1042 20.510000 -0.287968 -0.111676  
1043 20.520000 -0.286853 -0.111343  
1044 20.530000 -0.285741 -0.111010  
1045 20.540000 -0.284633 -0.110679  
1046 20.550000 -0.283527 -0.110349  
1047 20.560000 -0.282426 -0.110021  
1048 20.570000 -0.281327 -0.109693  
1049 20.580000 -0.280232 -0.109367  
1050 20.590000 -0.279140 -0.109042  
1051 20.600000 -0.278051 -0.108718  
1052 20.610000 -0.276965 -0.108396  
1053 20.620000 -0.275883 -0.108074  
1054 20.630000 -0.274804 -0.107754  
1055 20.640000 -0.273728 -0.107435  
1056 20.650000 -0.272655 -0.107117  
1057 20.660000 -0.271586 -0.106800  
1058 20.670000 -0.270519 -0.106484  
1059 20.680000 -0.269456 -0.106170  
1060 20.690000 -0.268396 -0.105857  
1061 20.700000 -0.267339 -0.105545  
1062 20.710000 -0.266285 -0.105234  
1063 20.720000 -0.265234 -0.104924  
1064 20.730000 -0.264186 -0.104615  
1065 20.740000 -0.263142 -0.104307  
1066 20.750000 -0.262100 -0.104001  
1067 20.760000 -0.261062 -0.103696  
1068 20.770000 -0.260026 -0.103391  
1069 20.780000 -0.258994 -0.103088  
1070 20.790000 -0.257964 -0.102786  
1071 20.800000 -0.256938 -0.102485  
1072 20.810000 -0.255915 -0.102185  
1073 20.820000 -0.254894 -0.101887  
1074 20.830000 -0.253877 -0.101589  
1075 20.840000 -0.252863 -0.101292  
1076 20.850000 -0.251851 -0.100997  
1077 20.860000 -0.250843 -0.100703  
1078 20.870000 -0.249837 -0.100409  
1079 20.880000 -0.248835 -0.100117  
1080 20.890000 -0.247835 -0.099826  
1081 20.900000 -0.246838 -0.099535  
1082 20.910000 -0.245844 -0.099246  
1083 20.920000 -0.244853 -0.098958  
1084 20.930000 -0.243865 -0.098671  
1085 20.940000 -0.242880 -0.098385  
1086 20.950000 -0.241897 -0.098100  
1087 20.960000 -0.240918 -0.097816  
1088 20.970000 -0.239941 -0.097533  
1089 20.980000 -0.238967 -0.097251  
1090 20.990000 -0.237996 -0.096970  
1091 21.000000 -0.237028 -0.096690  
1092 21.010000 -0.236062 -0.096411  
1093 21.020000 -0.235099 -0.096133  
1094 21.030000 -0.234139 -0.095856  
1095 21.040000 -0.233182 -0.095580  
1096 21.050000 -0.232228 -0.095305  
1097 21.060000 -0.231276 -0.095031  
1098 21.070000 -0.230327 -0.094758  
1099 21.080000 -0.229381 -0.094486  
1100 21.090000 -0.228437 -0.094215  
1101 21.100000 -0.227497 -0.093945  
1102 21.110000 -0.226559 -0.093676  
1103 21.120000 -0.225623 -0.093407  
1104 21.130000 -0.224690 -0.093140  
1105 21.140000 -0.223760 -0.092874  
1106 21.150000 -0.222833 -0.092608  
1107 21.160000 -0.221908 -0.092344  
1108 21.170000 -0.220986 -0.092080  
1109 21.180000 -0.220067 -0.091818  
1110 21.190000 -0.219150 -0.091556  
1111 21.200000 -0.218235 -0.091296  
1112 21.210000 -0.217324 -0.091036  
1113 21.220000 -0.216415 -0.090777  
1114 21.230000 -0.215508 -0.090519  
1115 21.240000 -0.214604 -0.090262  
1116 21.250000 -0.213703 -0.090006  
1117 21.260000 -0.212804 -0.089750  
1118 21.270000 -0.211908 -0.089496  
1119 21.280000 -0.211014 -0.089243  
1120 21.290000 -0.210123 -0.088990  
1121 21.300000 -0.209234 -0.088738  
1122 21.310000 -0.208348 -0.088487  
1123 21.320000 -0.207465 -0.088238  
1124 21.330000 -0.206584 -0.087988  
1125 21.340000 -0.205705 -0.087740  
1126 21.350000 -0.204829 -0.087493  
1127 21.360000 -0.203955 -0.087247  
1128 21.370000 -0.203084 -0.087001  
1129 21.380000 -0.202215 -0.086756  
1130 21.390000 -0.201349 -0.086512  
1131 21.400000 -0.200485 -0.086269  
1132 21.410000 -0.199623 -0.086027  
1133 21.420000 -0.198764 -0.085786  
1134 21.430000 -0.197908 -0.085545  
1135 21.440000 -0.197053 -0.085305  
1136 21.450000 -0.196202 -0.085067  
1137 21.460000 -0.195352 -0.084829  
1138 21.470000 -0.194505 -0.084591  
1139 21.480000 -0.193660 -0.084355  
1140 21.490000 -0.192818 -0.084119  
1141 21.500000 -0.191978 -0.083885  
1142 21.510000 -0.191140 -0.083651  
1143 21.520000 -0.190305 -0.083418  
1144 21.530000 -0.189472 -0.083185  
1145 21.540000 -0.188641 -0.082954  
1146 21.550000 -0.187813 -0.082723  
1147 21.560000 -0.186987 -0.082493  
1148 21.570000 -0.186163 -0.082264  
1149 21.580000 -0.185341 -0.082036  
1150 21.590000 -0.184522 -0.081808  
1151 21.600000 -0.183705 -0.081581  
1152 21.610000 -0.182891 -0.081355  
1153 21.620000 -0.182078 -0.081130  
1154 21.630000 -0.181268 -0.080905  
1155 21.640000 -0.180460 -0.080682  
1156 21.650000 -0.179654 -0.080459  
1157 21.660000 -0.178851 -0.080237  
1158 21.670000 -0.178050 -0.080015  
1159 21.680000 -0.177250 -0.079795  
1160 21.690000 -0.176454 -0.079575  
1161 21.700000 -0.175659 -0.079356  
1162 21.710000 -0.174867 -0.079137  
1163 21.720000 -0.174076 -0.078919  
1164 21.730000 -0.173288 -0.078703  
1165 21.740000 -0.172502 -0.078486  
1166 21.750000 -0.171718 -0.078271  
1167 21.760000 -0.170937 -0.078056  
1168 21.770000 -0.170157 -0.077842  
1169 21.780000 -0.169380 -0.077629  
1170 21.790000 -0.168605 -0.077416  
1171 21.800000 -0.167832 -0.077204  
1172 21.810000 -0.167061 -0.076993  
1173 21.820000 -0.166292 -0.076783  
1174 21.830000 -0.165525 -0.076573  
1175 21.840000 -0.164760 -0.076364  
1176 21.850000 -0.163998 -0.076156  
1177 21.860000 -0.163237 -0.075948  
1178 21.870000 -0.162479 -0.075742  
1179 21.880000 -0.161722 -0.075535  
1180 21.890000 -0.160968 -0.075330  
1181 21.900000 -0.160216 -0.075125  
1182 21.910000 -0.159465 -0.074921  
1183 21.920000 -0.158717 -0.074718  
1184 21.930000 -0.157971 -0.074515  
1185 21.940000 -0.157227 -0.074313  
1186 21.950000 -0.156485 -0.074111  
1187 21.960000 -0.155745 -0.073911  
1188 21.970000 -0.155007 -0.073711  
1189 21.980000 -0.154271 -0.073511  
1190 21.990000 -0.153536 -0.073313  
1191 22.000000 -0.152804 -0.073115  
1192 22.010000 -0.152074 -0.072917  
1193 22.020000 -0.151346 -0.072720  
1194 22.030000 -0.150620 -0.072524  
1195 22.040000 -0.149895 -0.072329  
1196 22.050000 -0.149173 -0.072134  
1197 22.060000 -0.148453 -0.071940  
1198 22.070000 -0.147734 -0.071747  
1199 22.080000 -0.147018 -0.071554  
1200 22.090000 -0.146303 -0.071362  
1201 22.100000 -0.145591 -0.071170  
1202 22.110000 -0.144880 -0.070979  
1203 22.120000 -0.144171 -0.070789  
1204 22.130000 -0.143464 -0.070599  
1205 22.140000 -0.142759 -0.070410  
1206 22.150000 -0.142056 -0.070222  
1207 22.160000 -0.141355 -0.070034  
1208 22.170000 -0.140655 -0.069847  
1209 22.180000 -0.139958 -0.069660  
1210 22.190000 -0.139262 -0.069474  
1211 22.200000 -0.138568 -0.069289  
1212 22.210000 -0.137876 -0.069104  
1213 22.220000 -0.137186 -0.068920  
1214 22.230000 -0.136498 -0.068737  
1215 22.240000 -0.135811 -0.068554  
1216 22.250000 -0.135127 -0.068372  
1217 22.260000 -0.134444 -0.068190  
1218 22.270000 -0.133763 -0.068009  
1219 22.280000 -0.133084 -0.067828  
1220 22.290000 -0.132406 -0.067649  
1221 22.300000 -0.131731 -0.067469  
1222 22.310000 -0.131057 -0.067290  
1223 22.320000 -0.130385 -0.067112  
1224 22.330000 -0.129715 -0.066935  
1225 22.340000 -0.129046 -0.066758  
1226 22.350000 -0.128380 -0.066581  
1227 22.360000 -0.127715 -0.066406  
1228 22.370000 -0.127051 -0.066230  
1229 22.380000 -0.126390 -0.066056  
1230 22.390000 -0.125730 -0.065882  
1231 22.400000 -0.125072 -0.065708  
1232 22.410000 -0.124416 -0.065535  
1233 22.420000 -0.123762 -0.065363  
1234 22.430000 -0.123109 -0.065191  
1235 22.440000 -0.122458 -0.065019  
1236 22.450000 -0.121808 -0.064849  
1237 22.460000 -0.121161 -0.064678  
1238 22.470000 -0.120515 -0.064509  
1239 22.480000 -0.119871 -0.064340  
1240 22.490000 -0.119228 -0.064171  
1241 22.500000 -0.118587 -0.064003  
1242 22.510000 -0.117948 -0.063836  
1243 22.520000 -0.117311 -0.063669  
1244 22.530000 -0.116675 -0.063502  
1245 22.540000 -0.116040 -0.063337  
1246 22.550000 -0.115408 -0.063171  
1247 22.560000 -0.114777 -0.063006  
1248 22.570000 -0.114148 -0.062842  
1249 22.580000 -0.113520 -0.062678  
1250 22.590000 -0.112894 -0.062515  
1251 22.600000 -0.112270 -0.062353  
1252 22.610000 -0.111647 -0.062190  
1253 22.620000 -0.111026 -0.062029  
1254 22.630000 -0.110407 -0.061868  
1255 22.640000 -0.109789 -0.061707  
1256 22.650000 -0.109172 -0.061547  
1257 22.660000 -0.108558 -0.061387  
1258 22.670000 -0.107945 -0.061228  
1259 22.680000 -0.107333 -0.061070  
1260 22.690000 -0.106723 -0.060912  
1261 22.700000 -0.106115 -0.060754  
1262 22.710000 -0.105508 -0.060597  
1263 22.720000 -0.104903 -0.060441  
1264 22.730000 -0.104299 -0.060285  
1265 22.740000 -0.103697 -0.060129  
1266 22.750000 -0.103097 -0.059974  
1267 22.760000 -0.102498 -0.059820  
1268 22.770000 -0.101900 -0.059665  
1269 22.780000 -0.101305 -0.059512  
1270 22.790000 -0.100710 -0.059359  
1271 22.800000 -0.100117 -0.059206  
1272 22.810000 -0.099526 -0.059054  
1273 22.820000 -0.098936 -0.058902  
1274 22.830000 -0.098348 -0.058751  
1275 22.840000 -0.097761 -0.058601  
1276 22.850000 -0.097176 -0.058450  
1277 22.860000 -0.096592 -0.058301  
1278 22.870000 -0.096010 -0.058151  
1279 22.880000 -0.095429 -0.058003  
1280 22.890000 -0.094850 -0.057854  
1281 22.900000 -0.094272 -0.057706  
1282 22.910000 -0.093696 -0.057559  
1283 22.920000 -0.093121 -0.057412  
1284 22.930000 -0.092548 -0.057266  
1285 22.940000 -0.091976 -0.057120  
1286 22.950000 -0.091405 -0.056974  
1287 22.960000 -0.090836 -0.056829  
1288 22.970000 -0.090269 -0.056684  
1289 22.980000 -0.089702 -0.056540  
1290 22.990000 -0.089138 -0.056397  
1291 23.000000 -0.088575 -0.056253  
1292 23.010000 -0.088013 -0.056110  
1293 23.020000 -0.087452 -0.055968  
1294 23.030000 -0.086893 -0.055826  
1295 23.040000 -0.086336 -0.055685  
1296 23.050000 -0.085780 -0.055544  
1297 23.060000 -0.085225 -0.055403  
1298 23.070000 -0.084672 -0.055263  
1299 23.080000 -0.084120 -0.055123  
1300 23.090000 -0.083569 -0.054984  
1301 23.100000 -0.083020 -0.054845  
1302 23.110000 -0.082472 -0.054707  
1303 23.120000 -0.081926 -0.054569  
1304 23.130000 -0.081381 -0.054431  
1305 23.140000 -0.080837 -0.054294  
1306 23.150000 -0.080295 -0.054157  
1307 23.160000 -0.079754 -0.054021  
1308 23.170000 -0.079215 -0.053885  
1309 23.180000 -0.078676 -0.053749  
1310 23.190000 -0.078140 -0.053614  
1311 23.200000 -0.077604 -0.053480  
1312 23.210000 -0.077070 -0.053346  
1313 23.220000 -0.076537 -0.053212  
1314 23.230000 -0.076006 -0.053079  
1315 23.240000 -0.075476 -0.052946  
1316 23.250000 -0.074947 -0.052813  
1317 23.260000 -0.074419 -0.052681  
1318 23.270000 -0.073893 -0.052549  
1319 23.280000 -0.073368 -0.052418  
1320 23.290000 -0.072845 -0.052287  
1321 23.300000 -0.072323 -0.052156  
1322 23.310000 -0.071802 -0.052026  
1323 23.320000 -0.071282 -0.051897  
1324 23.330000 -0.070764 -0.051767  
1325 23.340000 -0.070247 -0.051638  
1326 23.350000 -0.069731 -0.051510  
1327 23.360000 -0.069217 -0.051382  
1328 23.370000 -0.068703 -0.051254  
1329 23.380000 -0.068191 -0.051127  
1330 23.390000 -0.067681 -0.051000  
1331 23.400000 -0.067171 -0.050873  
1332 23.410000 -0.066663 -0.050747  
1333 23.420000 -0.066157 -0.050621  
1334 23.430000 -0.065651 -0.050496  
1335 23.440000 -0.065147 -0.050371  
1336 23.450000 -0.064644 -0.050246  
1337 23.460000 -0.064142 -0.050122  
1338 23.470000 -0.063641 -0.049998  
1339 23.480000 -0.063142 -0.049874  
1340 23.490000 -0.062644 -0.049751  
1341 23.500000 -0.062147 -0.049628  
1342 23.510000 -0.061651 -0.049506  
1343 23.520000 -0.061157 -0.049384  
1344 23.530000 -0.060663 -0.049262  
1345 23.540000 -0.060171 -0.049141  
1346 23.550000 -0.059681 -0.049020  
1347 23.560000 -0.059191 -0.048899  
1348 23.570000 -0.058703 -0.048779  
1349 23.580000 -0.058215 -0.048659  
1350 23.590000 -0.057729 -0.048540  
1351 23.600000 -0.057245 -0.048421  
1352 23.610000 -0.056761 -0.048302  
1353 23.620000 -0.056279 -0.048184  
1354 23.630000 -0.055797 -0.048066  
1355 23.640000 -0.055317 -0.047948  
1356 23.650000 -0.054838 -0.047831  
1357 23.660000 -0.054361 -0.047714  
1358 23.670000 -0.053884 -0.047597  
1359 23.680000 -0.053409 -0.047481  
1360 23.690000 -0.052934 -0.047365  
1361 23.700000 -0.052461 -0.047249  
1362 23.710000 -0.051989 -0.047134  
1363 23.720000 -0.051519 -0.047019  
1364 23.730000 -0.051049 -0.046905  
1365 23.740000 -0.050581 -0.046791  
1366 23.750000 -0.050113 -0.046677  
1367 23.760000 -0.049647 -0.046563  
1368 23.770000 -0.049182 -0.046450  
1369 23.780000 -0.048718 -0.046337  
1370 23.790000 -0.048255 -0.046225  
1371 23.800000 -0.047794 -0.046113  
1372 23.810000 -0.047333 -0.046001  
1373 23.820000 -0.046874 -0.045889  
1374 23.830000 -0.046415 -0.045778  
1375 23.840000 -0.045958 -0.045667  
1376 23.850000 -0.045502 -0.045557  
1377 23.860000 -0.045047 -0.045447  
1378 23.870000 -0.044593 -0.045337  
1379 23.880000 -0.044140 -0.045227  
1380 23.890000 -0.043688 -0.045118  
1381 23.900000 -0.043238 -0.045009  
1382 23.910000 -0.042788 -0.044901  
1383 23.920000 -0.042340 -0.044792  
1384 23.930000 -0.041892 -0.044685  
1385 23.940000 -0.041446 -0.044577  
1386 23.950000 -0.041001 -0.044470  
1387 23.960000 -0.040557 -0.044363  
1388 23.970000 -0.040114 -0.044256  
1389 23.980000 -0.039672 -0.044150  
1390 23.990000 -0.039231 -0.044044  
1391 24.000000 -0.038791 -0.043938  
1392 24.010000 -0.038352 -0.043833  
1393 24.020000 -0.037914 -0.043728  
1394 24.030000 -0.037477 -0.043623  
1395 24.040000 -0.037042 -0.043518  
1396 24.050000 -0.036607 -0.043414  
1397 24.060000 -0.036173 -0.043311  
1398 24.070000 -0.035741 -0.043207  
1399 24.080000 -0.035309 -0.043104  
1400 24.090000 -0.034879 -0.043001  
1401 24.100000 -0.034449 -0.042898  
1402 24.110000 -0.034021 -0.042796  
1403 24.120000 -0.033593 -0.042694  
1404 24.130000 -0.033167 -0.042592  
1405 24.140000 -0.032741 -0.042491  
1406 24.150000 -0.032317 -0.042390  
1407 24.160000 -0.031894 -0.042289  
1408 24.170000 -0.031471 -0.042188  
1409 24.180000 -0.031050 -0.042088  
1410 24.190000 -0.030629 -0.041988  
1411 24.200000 -0.030210 -0.041888  
1412 24.210000 -0.029792 -0.041789  
1413 24.220000 -0.029374 -0.041690  
1414 24.230000 -0.028958 -0.041591  
1415 24.240000 -0.028542 -0.041493  
1416 24.250000 -0.028128 -0.041395  
1417 24.260000 -0.027715 -0.041297  
1418 24.270000 -0.027302 -0.041199  
1419 24.280000 -0.026891 -0.041102  
1420 24.290000 -0.026480 -0.041005  
1421 24.300000 -0.026070 -0.040908  
1422 24.310000 -0.025662 -0.040811  
1423 24.320000 -0.025254 -0.040715  
1424 24.330000 -0.024848 -0.040619  
1425 24.340000 -0.024442 -0.040523  
1426 24.350000 -0.024037 -0.040428  
1427 24.360000 -0.023633 -0.040333  
1428 24.370000 -0.023230 -0.040238  
1429 24.380000 -0.022829 -0.040143  
1430 24.390000 -0.022428 -0.040049  
1431 24.400000 -0.022028 -0.039955  
1432 24.410000 -0.021628 -0.039861  
1433 24.420000 -0.021230 -0.039768  
1434 24.430000 -0.020833 -0.039675  
1435 24.440000 -0.020437 -0.039582  
1436 24.450000 -0.020041 -0.039489  
1437 24.460000 -0.019647 -0.039397  
1438 24.470000 -0.019254 -0.039304  
1439 24.480000 -0.018861 -0.039212  
1440 24.490000 -0.018469 -0.039121  
1441 24.500000 -0.018079 -0.039029  
1442 24.510000 -0.017689 -0.038938  
1443 24.520000 -0.017300 -0.038848  
1444 24.530000 -0.016912 -0.038757  
1445 24.540000 -0.016525 -0.038667  
1446 24.550000 -0.016138 -0.038577  
1447 24.560000 -0.015753 -0.038487  
1448 24.570000 -0.015369 -0.038397  
1449 24.580000 -0.014985 -0.038308  
1450 24.590000 -0.014603 -0.038219  
1451 24.600000 -0.014221 -0.038130  
1452 24.610000 -0.013840 -0.038042  
1453 24.620000 -0.013460 -0.037953  
1454 24.630000 -0.013081 -0.037865  
1455 24.640000 -0.012703 -0.037778  
1456 24.650000 -0.012325 -0.037690  
1457 24.660000 -0.011949 -0.037603  
1458 24.670000 -0.011573 -0.037516  
1459 24.680000 -0.011199 -0.037429  
1460 24.690000 -0.010825 -0.037342  
1461 24.700000 -0.010452 -0.037256  
1462 24.710000 -0.010080 -0.037170  
1463 24.720000 -0.009708 -0.037084  
1464 24.730000 -0.009338 -0.036999  
1465 24.740000 -0.008968 -0.036913  
1466 24.750000 -0.008600 -0.036828  
1467 24.760000 -0.008232 -0.036743  
1468 24.770000 -0.007865 -0.036659  
1469 24.780000 -0.007499 -0.036574  
1470 24.790000 -0.007133 -0.036490  
1471 24.800000 -0.006769 -0.036406  
1472 24.810000 -0.006405 -0.036323  
1473 24.820000 -0.006042 -0.036239  
1474 24.830000 -0.005680 -0.036156  
1475 24.840000 -0.005319 -0.036073  
1476 24.850000 -0.004959 -0.035991  
1477 24.860000 -0.004599 -0.035908  
1478 24.870000 -0.004241 -0.035826  
1479 24.880000 -0.003883 -0.035744  
1480 24.890000 -0.003526 -0.035662  
1481 24.900000 -0.003170 -0.035581  
1482 24.910000 -0.002814 -0.035499  
1483 24.920000 -0.002460 -0.035418  
1484 24.930000 -0.002106 -0.035337  
1485 24.940000 -0.001753 -0.035257  
1486 24.950000 -0.001401 -0.035176  
1487 24.960000 -0.001049 -0.035096  
1488 24.970000 -0.000699 -0.035016  
1489 24.980000 -0.000349 -0.034936  
1490 24.990000 -0.000000 -0.034857  
