1 10.100000 260773732919909.562500 23498718895686668.000000  
2 10.110000 110470301037602.437500 9050788790864004.000000  
3 10.120000 50427189925400.867188 3787653455160925.500000  
4 10.130000 24508825891819.250000 1699491158441215.000000  
5 10.140000 12565433268340.988281 809174390867125.000000  
6 10.150000 6745683877745.769531 405490111537930.875000  
7 10.160000 3769514469491.960449 212453417495491.531250  
8 10.170000 2181942603539.244385 115756487770778.937500  
9 10.180000 1303016267559.915771 65295135499823.945312  
10 10.190000 800090578418.443115 37987569588373.015625  
11 10.200000 503699125219.320496 22722154937036.562500  
12 10.210000 324330288376.625488 13935700258901.605469  
13 10.220000 213146127361.634796 8743141773305.633789  
14 10.230000 142709167108.825653 5600010841466.293945  
15 10.240000 97190194251.755157 3655342058195.678711  
16 10.250000 67233417104.119232 2427805435692.985352  
17 10.260000 47185349304.399010 1638529725460.779785  
18 10.270000 33559530600.242157 1122339667659.854004  
19 10.280000 24165196260.927929 779392284970.261475  
20 10.290000 17601670429.064442 548190126837.272217  
21 10.300000 12958902847.700544 390187834099.923523  
22 10.310000 9636700113.087465 280830792685.948181  
23 10.320000 7233662587.237198 204238486354.164215  
24 10.330000 5477816210.497009 149994031684.965515  
25 10.340000 4182615333.352268 111173307487.628769  
26 10.350000 3218632858.120990 83116238492.727051  
27 10.360000 2495096753.898081 62649592556.909157  
28 10.370000 1947694492.218145 47588636224.148926  
29 10.380000 1530420706.590619 36413471203.946022  
30 10.390000 1210065790.814674 28056263397.558868  
31 10.400000 962449966.431600 21759762224.022079  
32 10.410000 769823921.173535 16982200118.018887  
33 10.420000 619057398.700251 13332708511.350817  
34 10.430000 500365365.307183 10527028601.205191  
35 10.440000 406404445.144791 8356856929.245386  
36 10.450000 331626706.268446 6668440334.259716  
37 10.460000 271813864.499477 5347503381.747021  
38 10.470000 223739014.780500 4308549469.510356  
39 10.480000 184919214.914488 3487208128.165936  
40 10.490000 153433280.970777 2834720997.168205  
41 10.500000 127786726.978099 2313940863.419172  
42 10.510000 106811022.070532 1896409030.761364  
43 10.520000 89587993.056375 1560206612.219429  
44 10.530000 75392768.455458 1288365024.637318  
45 10.540000 63650477.548353 1067683159.933774  
46 10.550000 53903213.181603 887842152.975314  
47 10.560000 45784696.208933 740739228.878228  
48 10.570000 39000750.242363 619983758.261532  
49 10.580000 33314182.648656 520514079.190003  
50 10.590000 28533023.766824 438304713.051674  
51 10.600000 24501337.963924 370141589.346551  
52 10.610000 21092013.475116 313448692.411698  
53 10.620000 18201081.583782 266153775.394872  
54 10.630000 15743222.921302 226583892.916020  
55 10.640000 13648199.118887 193383795.431280  
56 10.650000 11858008.698491 165451927.512750  
57 10.660000 10324612.029636 141890038.383421  
58 10.670000 9008105.129661 121963360.950237  
59 10.680000 7875248.790195 105069028.497229  
60 10.690000 6898280.003475 90710936.771816  
61 10.700000 6053948.448564 78479667.811223  
62 10.710000 5322733.007574 68036403.166640  
63 10.720000 4688202.761994 59099992.322218  
64 10.730000 4136494.306984 51436524.989079  
65 10.740000 3655882.999436 44850896.939020  
66 10.750000 3236430.290393 39179968.130595  
67 10.760000 2869692.863651 34286996.592366  
68 10.770000 2548482.123998 30057097.541716  
69 10.780000 2266664.815226 26393528.835332  
70 10.790000 2018997.326441 23214644.342543  
71 10.800000 1800987.663654 20451388.704359  
72 10.810000 1608780.198252 18045232.104508  
73 10.820000 1439059.214199 15946463.606697  
74 10.830000 1288968.008131 14112777.441124  
75 10.840000 1156040.887236 12508099.232680  
76 10.850000 1038145.887679 11101609.236471  
77 10.860000 933436.423817 9866927.715765  
78 10.870000 840310.393531 8781434.079061  
79 10.880000 757375.521805 7825696.613010  
80 10.890000 683419.934469 6982993.862600  
81 10.900000 617387.125891 6238912.121592  
82 10.910000 558354.625425 5581006.264420  
83 10.920000 505515.783470 4998513.402359  
84 10.930000 458164.193696 4482110.682412  
85 10.940000 415680.347036 4023710.047351  
86 10.950000 377520.178532 3616284.003742  
87 10.960000 343205.222427 3253717.453049  
88 10.970000 312314.136091 2930681.470127  
89 10.980000 284475.390974 2642525.596991  
90 10.990000 259360.960202 2385185.784211  
91 11.000000 236680.858695 2155105.579493  
92 11.010000 216178.413696 1949168.550395  
93 11.020000 197626.162064 1764640.249948  
94 11.030000 180822.286231 1599118.301851  
95 11.040000 165587.513787 1450489.405275  
96 11.050000 151762.416716 1316892.245960  
97 11.060000 139205.055612 1196685.456427  
98 11.070000 127788.922129 1088419.899082  
99 11.080000 117401.139591 990814.655936  
100 11.090000 107940.887385 902736.201127  
101 11.100000 99318.019613 823180.310399  
102 11.110000 91451.852558 751256.327401  
103 11.120000 84270.099088 686173.462289  
104 11.130000 77707.931078 627228.845163  
105 11.140000 71707.153537 573797.096739  
106 11.150000 66215.476294 525321.212575  
107 11.160000 61185.871017 481304.585920  
108 11.170000 56576.002953 441304.018840  
109 11.180000 52347.728152 404923.592144  
110 11.190000 48466.648176 371809.282532  
111 11.200000 44901.715303 341644.230641  
112 11.210000 41624.882156 314144.576755  
113 11.220000 38610.790431 289055.792152  
114 11.230000 35836.494103 266149.443700  
115 11.240000 33281.213047 245220.337584  
116 11.250000 30926.113523 226083.995160  
117 11.260000 28754.112417 208574.420090  
118 11.270000 26749.702504 192542.121202  
119 11.280000 24898.796331 177852.360075  
120 11.290000 23188.586622 164383.596340  
121 11.300000 21607.421331 152026.107081  
122 11.310000 20144.691728 140680.759721  
123 11.320000 18790.732056 130257.920318  
124 11.330000 17536.729503 120676.481477  
125 11.340000 16374.643346 111862.995998  
126 11.350000 15297.132292 103750.904085  
127 11.360000 14297.489113 96279.843429  
128 11.370000 13369.581815 89395.032761  
129 11.380000 12507.800633 83046.720579  
130 11.390000 11707.010247 77189.691770  
131 11.400000 10962.506666 71782.825685  
132 11.410000 10269.978302 66788.699982  
133 11.420000 9625.470798 62173.235228  
134 11.430000 9025.355217 57905.375812  
135 11.440000 8466.299268 53956.803249  
136 11.450000 7945.241243 50301.678383  
137 11.460000 7459.366407 46916.409413  
138 11.470000 7006.085585 43779.443008  
139 11.480000 6583.015735 40871.076053  
140 11.490000 6187.962310 38173.285907  
141 11.500000 5818.903233 35669.577203  
142 11.510000 5473.974323 33344.843518  
143 11.520000 5151.456048 31185.242362  
144 11.530000 4849.761456 29178.082136  
145 11.540000 4567.425185 27311.719847  
146 11.550000 4303.093453 25575.468494  
147 11.560000 4055.514917 23959.513147  
148 11.570000 3823.532347 22454.834879  
149 11.580000 3606.075009 21053.141739  
150 11.590000 3402.151721 19746.806110  
151 11.600000 3210.844491 18528.807795  
152 11.610000 3031.302712 17392.682307  
153 11.620000 2862.737840 16332.473824  
154 11.630000 2704.418526 15342.692399  
155 11.640000 2555.666155 14418.274991  
156 11.650000 2415.850758 13554.549967  
157 11.660000 2284.387260 12747.204742  
158 11.670000 2160.732041 11992.256274  
159 11.680000 2044.379778 11286.024131  
160 11.690000 1934.860540 10625.105903  
161 11.700000 1831.737129 10006.354742  
162 11.710000 1734.602619 9426.858833  
163 11.720000 1643.078109 8883.922620  
164 11.730000 1556.810643 8375.049622  
165 11.740000 1475.471301 7897.926716  
166 11.750000 1398.753439 7450.409724  
167 11.760000 1326.371064 7030.510222  
168 11.770000 1258.057341 6636.383432  
169 11.780000 1193.563208 6266.317126  
170 11.790000 1132.656109 5918.721435  
171 11.800000 1075.118811 5592.119497  
172 11.810000 1020.748325 5285.138864  
173 11.820000 969.354893 4996.503605  
174 11.830000 920.761066 4725.027043  
175 11.840000 874.800845 4469.605078  
176 11.850000 831.318883 4229.210038  
177 11.860000 790.169752 4002.885018  
178 11.870000 751.217260 3789.738671  
179 11.880000 714.333824 3588.940394  
180 11.890000 679.399879 3399.715908  
181 11.900000 646.303339 3221.343165  
182 11.910000 614.939093 3053.148582  
183 11.920000 585.208540 2894.503557  
184 11.930000 557.019151 2744.821257  
185 11.940000 530.284070 2603.553650  
186 11.950000 504.921739 2470.188755  
187 11.960000 480.855551 2344.248107  
188 11.970000 458.013524 2225.284411  
189 11.980000 436.328003 2112.879367  
190 11.990000 415.735381 2006.641656  
191 12.000000 396.175836 1906.205083  
192 12.010000 377.593088 1811.226847  
193 12.020000 359.934177 1721.385945  
194 12.030000 343.149249 1636.381683  
195 12.040000 327.191362 1555.932308  
196 12.050000 312.016302 1479.773724  
197 12.060000 297.582412 1407.658314  
198 12.070000 283.850434 1339.353836  
199 12.080000 270.783360 1274.642402  
200 12.090000 258.346292 1213.319527  
201 12.100000 246.506315 1155.193251  
202 12.110000 235.232374 1100.083312  
203 12.120000 224.495160 1047.820389  
204 12.130000 214.267008 998.245386  
205 12.140000 204.521792 951.208775  
206 12.150000 195.234840 906.569977  
207 12.160000 186.382841 864.196790  
208 12.170000 177.943768 823.964857  
209 12.180000 169.896798 785.757164  
210 12.190000 162.222245 749.463577  
211 12.200000 154.901492 714.980412  
212 12.210000 147.916928 682.210025  
213 12.220000 141.251889 651.060440  
214 12.230000 134.890606 621.444996  
215 12.240000 128.818148 593.282017  
216 12.250000 123.020381 566.494505  
217 12.260000 117.483916 541.009854  
218 12.270000 112.196070 516.759583  
219 12.280000 107.144825 493.679082  
220 12.290000 102.318793 471.707380  
221 12.300000 97.707174 450.786927  
222 12.310000 93.299731 430.863383  
223 12.320000 89.086755 411.885433  
224 12.330000 85.059033 393.804603  
225 12.340000 81.207825 376.575092  
226 12.350000 77.524838 360.153615  
227 12.360000 74.002196 344.499253  
228 12.370000 70.632425 329.573318  
229 12.380000 67.408424 315.339221  
230 12.390000 64.323450 301.762349  
231 12.400000 61.371095 288.809952  
232 12.410000 58.545273 276.451036  
233 12.420000 55.840194 264.656261  
234 12.430000 53.250360 253.397847  
235 12.440000 50.770538 242.649486  
236 12.450000 48.395753 232.386259  
237 12.460000 46.121274 222.584553  
238 12.470000 43.942598 213.221994  
239 12.480000 41.855441 204.277374  
240 12.490000 39.855725 195.730586  
241 12.500000 37.939567 187.562562  
242 12.510000 36.103271 179.755220  
243 12.520000 34.343318 172.291403  
244 12.530000 32.656353 165.154833  
245 12.540000 31.039182 158.330062  
246 12.550000 29.488761 151.802424  
247 12.560000 28.002189 145.557997  
248 12.570000 26.576701 139.583559  
249 12.580000 25.209660 133.866550  
250 12.590000 23.898552 128.395042  
251 12.600000 22.640979 123.157698  
252 12.610000 21.434653 118.143745  
253 12.620000 20.277393 113.342942  
254 12.630000 19.167117 108.745552  
255 12.640000 18.101835 104.342318  
256 12.650000 17.079652 100.124435  
257 12.660000 16.098757 96.083525  
258 12.670000 15.157419 92.211619  
259 12.680000 14.253986 88.501134  
260 12.690000 13.386882 84.944851  
261 12.700000 12.554598 81.535898  
262 12.710000 11.755695 78.267733  
263 12.720000 10.988795 75.134125  
264 12.730000 10.252584 72.129139  
265 12.740000 9.545802 69.247122  
266 12.750000 8.867249 66.482688  
267 12.760000 8.215774 63.830704  
268 12.770000 7.590277 61.286275  
269 12.780000 6.989705 58.844740  
270 12.790000 6.413054 56.501650  
271 12.800000 5.859358 54.252765  
272 12.810000 5.327698 52.094040  
273 12.820000 4.817190 50.021617  
274 12.830000 4.326990 48.031815  
275 12.840000 3.856290 46.121121  
276 12.850000 3.404315 44.286183  
277 12.860000 2.970324 42.523800  
278 12.870000 2.553608 40.830918  
279 12.880000 2.153484 39.204619  
280 12.890000 1.769303 37.642118  
281 12.900000 1.400438 36.140753  
282 12.910000 1.046292 34.697983  
283 12.920000 0.706291 33.311380  
284 12.930000 0.379885 31.978622  
285 12.940000 0.066547 30.697491  
286 12.950000 -0.234230 29.465868  
287 12.960000 -0.522929 28.281725  
288 12.970000 -0.800016 27.143125  
289 12.980000 -1.065937 26.048214  
290 12.990000 -1.321120 24.995220  
291 13.000000 -1.565976 23.982447  
292 13.010000 -1.800898 23.008274  
293 13.020000 -2.026264 22.071147  
294 13.030000 -2.242439 21.169583  
295 13.040000 -2.449770 20.302159  
296 13.050000 -2.648592 19.467514  
297 13.060000 -2.839225 18.664346  
298 13.070000 -3.021979 17.891407  
299 13.080000 -3.197150 17.147503  
300 13.090000 -3.365022 16.431489  
301 13.100000 -3.525869 15.742270  
302 13.110000 -3.679953 15.078795  
303 13.120000 -3.827528 14.440059  
304 13.130000 -3.968834 13.825098  
305 13.140000 -4.104106 13.232988  
306 13.150000 -4.233567 12.662842  
307 13.160000 -4.357433 12.113813  
308 13.170000 -4.475911 11.585086  
309 13.180000 -4.589200 11.075881  
310 13.190000 -4.697491 10.585448  
311 13.200000 -4.800969 10.113072  
312 13.210000 -4.899810 9.658062  
313 13.220000 -4.994186 9.219758  
314 13.230000 -5.084259 8.797526  
315 13.240000 -5.170188 8.390758  
316 13.250000 -5.252124 7.998870  
317 13.260000 -5.330213 7.621302  
318 13.270000 -5.404596 7.257516  
319 13.280000 -5.475407 6.906995  
320 13.290000 -5.542778 6.569244  
321 13.300000 -5.606833 6.243787  
322 13.310000 -5.667693 5.930167  
323 13.320000 -5.725475 5.627943  
324 13.330000 -5.780289 5.336695  
325 13.340000 -5.832244 5.056017  
326 13.350000 -5.881443 4.785519  
327 13.360000 -5.927987 4.524828  
328 13.370000 -5.971971 4.273583  
329 13.380000 -6.013489 4.031440  
330 13.390000 -6.052629 3.798065  
331 13.400000 -6.089478 3.573140  
332 13.410000 -6.124119 3.356357  
333 13.420000 -6.156632 3.147421  
334 13.430000 -6.187093 2.946049  
335 13.440000 -6.215577 2.751966  
336 13.450000 -6.242155 2.564910  
337 13.460000 -6.266898 2.384629  
338 13.470000 -6.289870 2.210879  
339 13.480000 -6.311136 2.043427  
340 13.490000 -6.330759 1.882048  
341 13.500000 -6.348797 1.726524  
342 13.510000 -6.365308 1.576648  
343 13.520000 -6.380348 1.432218  
344 13.530000 -6.393970 1.293043  
345 13.540000 -6.406226 1.158935  
346 13.550000 -6.417165 1.029715  
347 13.560000 -6.426836 0.905212  
348 13.570000 -6.435284 0.785259  
349 13.580000 -6.442555 0.669697  
350 13.590000 -6.448692 0.558371  
351 13.600000 -6.453736 0.451133  
352 13.610000 -6.457728 0.347841  
353 13.620000 -6.460706 0.248356  
354 13.630000 -6.462707 0.152545  
355 13.640000 -6.463769 0.060282  
356 13.650000 -6.463924 -0.028557  
357 13.660000 -6.463209 -0.114091  
358 13.670000 -6.461653 -0.196434  
359 13.680000 -6.459290 -0.275697  
360 13.690000 -6.456149 -0.351986  
361 13.700000 -6.452260 -0.425403  
362 13.710000 -6.447650 -0.496047  
363 13.720000 -6.442348 -0.564014  
364 13.730000 -6.436379 -0.629395  
365 13.740000 -6.429768 -0.692279  
366 13.750000 -6.422541 -0.752752  
367 13.760000 -6.414721 -0.810896  
368 13.770000 -6.406331 -0.866791  
369 13.780000 -6.397393 -0.920513  
370 13.790000 -6.387928 -0.972137  
371 13.800000 -6.377957 -1.021733  
372 13.810000 -6.367499 -1.069371  
373 13.820000 -6.356575 -1.115118  
374 13.830000 -6.345203 -1.159037  
375 13.840000 -6.333401 -1.201190  
376 13.850000 -6.321185 -1.241638  
377 13.860000 -6.308573 -1.280439  
378 13.870000 -6.295582 -1.317647  
379 13.880000 -6.282226 -1.353316  
380 13.890000 -6.268520 -1.387500  
381 13.900000 -6.254480 -1.420247  
382 13.910000 -6.240120 -1.451607  
383 13.920000 -6.225453 -1.481625  
384 13.930000 -6.210492 -1.510348  
385 13.940000 -6.195250 -1.537819  
386 13.950000 -6.179739 -1.564080  
387 13.960000 -6.163972 -1.589172  
388 13.970000 -6.147960 -1.613134  
389 13.980000 -6.131713 -1.636005  
390 13.990000 -6.115243 -1.657820  
391 14.000000 -6.098560 -1.678616  
392 14.010000 -6.081674 -1.698426  
393 14.020000 -6.064595 -1.717284  
394 14.030000 -6.047331 -1.735223  
395 14.040000 -6.029893 -1.752272  
396 14.050000 -6.012289 -1.768462  
397 14.060000 -5.994527 -1.783821  
398 14.070000 -5.976615 -1.798379  
399 14.080000 -5.958562 -1.812161  
400 14.090000 -5.940374 -1.825193  
401 14.100000 -5.922060 -1.837502  
402 14.110000 -5.903627 -1.849111  
403 14.120000 -5.885080 -1.860045  
404 14.130000 -5.866428 -1.870325  
405 14.140000 -5.847676 -1.879974  
406 14.150000 -5.828831 -1.889013  
407 14.160000 -5.809898 -1.897464  
408 14.170000 -5.790883 -1.905345  
409 14.180000 -5.771793 -1.912677  
410 14.190000 -5.752631 -1.919477  
411 14.200000 -5.733405 -1.925765  
412 14.210000 -5.714118 -1.931557  
413 14.220000 -5.694775 -1.936871  
414 14.230000 -5.675382 -1.941722  
415 14.240000 -5.655942 -1.946127  
416 14.250000 -5.636461 -1.950100  
417 14.260000 -5.616942 -1.953658  
418 14.270000 -5.597389 -1.956813  
419 14.280000 -5.577807 -1.959581  
420 14.290000 -5.558199 -1.961973  
421 14.300000 -5.538568 -1.964004  
422 14.310000 -5.518920 -1.965686  
423 14.320000 -5.499256 -1.967031  
424 14.330000 -5.479580 -1.968051  
425 14.340000 -5.459896 -1.968757  
426 14.350000 -5.440206 -1.969160  
427 14.360000 -5.420514 -1.969271  
428 14.370000 -5.400822 -1.969100  
429 14.380000 -5.381133 -1.968658  
430 14.390000 -5.361449 -1.967953  
431 14.400000 -5.341774 -1.966996  
432 14.410000 -5.322110 -1.965795  
433 14.420000 -5.302459 -1.964360  
434 14.430000 -5.282824 -1.962697  
435 14.440000 -5.263206 -1.960817  
436 14.450000 -5.243608 -1.958727  
437 14.460000 -5.224032 -1.956434  
438 14.470000 -5.204480 -1.953946  
439 14.480000 -5.184954 -1.951270  
440 14.490000 -5.165455 -1.948414  
441 14.500000 -5.145986 -1.945383  
442 14.510000 -5.126548 -1.942186  
443 14.520000 -5.107143 -1.938827  
444 14.530000 -5.087772 -1.935313  
445 14.540000 -5.068437 -1.931650  
446 14.550000 -5.049140 -1.927844  
447 14.560000 -5.029881 -1.923900  
448 14.570000 -5.010662 -1.919824  
449 14.580000 -4.991485 -1.915621  
450 14.590000 -4.972350 -1.911296  
451 14.600000 -4.953259 -1.906854  
452 14.610000 -4.934213 -1.902300  
453 14.620000 -4.915214 -1.897639  
454 14.630000 -4.896261 -1.892874  
455 14.640000 -4.877356 -1.888010  
456 14.650000 -4.858501 -1.883051  
457 14.660000 -4.839696 -1.878002  
458 14.670000 -4.820941 -1.872866  
459 14.680000 -4.802239 -1.867647  
460 14.690000 -4.783589 -1.862349  
461 14.700000 -4.764992 -1.856975  
462 14.710000 -4.746449 -1.851529  
463 14.720000 -4.727962 -1.846014  
464 14.730000 -4.709529 -1.840433  
465 14.740000 -4.691153 -1.834789  
466 14.750000 -4.672834 -1.829086  
467 14.760000 -4.654572 -1.823326  
468 14.770000 -4.636367 -1.817513  
469 14.780000 -4.618221 -1.811648  
470 14.790000 -4.600135 -1.805735  
471 14.800000 -4.582107 -1.799776  
472 14.810000 -4.564139 -1.793774  
473 14.820000 -4.546232 -1.787731  
474 14.830000 -4.528385 -1.781649  
475 14.840000 -4.510599 -1.775531  
476 14.850000 -4.492874 -1.769379  
477 14.860000 -4.475211 -1.763194  
478 14.870000 -4.457610 -1.756980  
479 14.880000 -4.440072 -1.750738  
480 14.890000 -4.422596 -1.744469  
481 14.900000 -4.405182 -1.738176  
482 14.910000 -4.387832 -1.731861  
483 14.920000 -4.370545 -1.725525  
484 14.930000 -4.353322 -1.719170  
485 14.940000 -4.336162 -1.712798  
486 14.950000 -4.319066 -1.706409  
487 14.960000 -4.302034 -1.700006  
488 14.970000 -4.285066 -1.693591  
489 14.980000 -4.268162 -1.687164  
490 14.990000 -4.251323 -1.680726  
491 15.000000 -4.234548 -1.674281  
492 15.010000 -4.217837 -1.667827  
493 15.020000 -4.201191 -1.661367  
494 15.030000 -4.184610 -1.654903  
495 15.040000 -4.168093 -1.648434  
496 15.050000 -4.151641 -1.641963  
497 15.060000 -4.135254 -1.635490  
498 15.070000 -4.118931 -1.629016  
499 15.080000 -4.102673 -1.622542  
500 15.090000 -4.086480 -1.616070  
501 15.100000 -4.070352 -1.609601  
502 15.110000 -4.054288 -1.603134  
503 15.120000 -4.038289 -1.596671  
504 15.130000 -4.022355 -1.590214  
505 15.140000 -4.006485 -1.583762  
506 15.150000 -3.990680 -1.577316  
507 15.160000 -3.974939 -1.570878  
508 15.170000 -3.959262 -1.564448  
509 15.180000 -3.943650 -1.558027  
510 15.190000 -3.928101 -1.551614  
511 15.200000 -3.912617 -1.545212  
512 15.210000 -3.897197 -1.538821  
513 15.220000 -3.881841 -1.532441  
514 15.230000 -3.866548 -1.526073  
515 15.240000 -3.851319 -1.519717  
516 15.250000 -3.836154 -1.513374  
517 15.260000 -3.821052 -1.507044  
518 15.270000 -3.806013 -1.500729  
519 15.280000 -3.791037 -1.494428  
520 15.290000 -3.776124 -1.488142  
521 15.300000 -3.761274 -1.481872  
522 15.310000 -3.746487 -1.475617  
523 15.320000 -3.731762 -1.469378  
524 15.330000 -3.717099 -1.463157  
525 15.340000 -3.702499 -1.456952  
526 15.350000 -3.687960 -1.450764  
527 15.360000 -3.673483 -1.444594  
528 15.370000 -3.659068 -1.438443  
529 15.380000 -3.644714 -1.432309  
530 15.390000 -3.630422 -1.426195  
531 15.400000 -3.616191 -1.420099  
532 15.410000 -3.602020 -1.414022  
533 15.420000 -3.587910 -1.407965  
534 15.430000 -3.573861 -1.401928  
535 15.440000 -3.559871 -1.395911  
536 15.450000 -3.545942 -1.389914  
537 15.460000 -3.532073 -1.383938  
538 15.470000 -3.518263 -1.377982  
539 15.480000 -3.504513 -1.372047  
540 15.490000 -3.490822 -1.366133  
541 15.500000 -3.477191 -1.360241  
542 15.510000 -3.463618 -1.354369  
543 15.520000 -3.450103 -1.348520  
544 15.530000 -3.436647 -1.342692  
545 15.540000 -3.423249 -1.336886  
546 15.550000 -3.409909 -1.331102  
547 15.560000 -3.396627 -1.325340  
548 15.570000 -3.383402 -1.319601  
549 15.580000 -3.370235 -1.313884  
550 15.590000 -3.357125 -1.308189  
551 15.600000 -3.344071 -1.302517  
552 15.610000 -3.331074 -1.296867  
553 15.620000 -3.318134 -1.291240  
554 15.630000 -3.305249 -1.285637  
555 15.640000 -3.292421 -1.280056  
556 15.650000 -3.279648 -1.274498  
557 15.660000 -3.266931 -1.268963  
558 15.670000 -3.254269 -1.263451  
559 15.680000 -3.241662 -1.257962  
560 15.690000 -3.229110 -1.252496  
561 15.700000 -3.216612 -1.247054  
562 15.710000 -3.204168 -1.241634  
563 15.720000 -3.191779 -1.236238  
564 15.730000 -3.179444 -1.230866  
565 15.740000 -3.167162 -1.225516  
566 15.750000 -3.154933 -1.220190  
567 15.760000 -3.142758 -1.214888  
568 15.770000 -3.130635 -1.209608  
569 15.780000 -3.118566 -1.204352  
570 15.790000 -3.106548 -1.199120  
571 15.800000 -3.094583 -1.193910  
572 15.810000 -3.082670 -1.188724  
573 15.820000 -3.070809 -1.183561  
574 15.830000 -3.058999 -1.178422  
575 15.840000 -3.047240 -1.173306  
576 15.850000 -3.035532 -1.168213  
577 15.860000 -3.023876 -1.163143  
578 15.870000 -3.012270 -1.158096  
579 15.880000 -3.000714 -1.153073  
580 15.890000 -2.989208 -1.148073  
581 15.900000 -2.977752 -1.143096  
582 15.910000 -2.966346 -1.138142  
583 15.920000 -2.954989 -1.133210  
584 15.930000 -2.943682 -1.128302  
585 15.940000 -2.932423 -1.123417  
586 15.950000 -2.921213 -1.118555  
587 15.960000 -2.910052 -1.113715  
588 15.970000 -2.898939 -1.108899  
589 15.980000 -2.887874 -1.104105  
590 15.990000 -2.876857 -1.099333  
591 16.000000 -2.865887 -1.094585  
592 16.010000 -2.854965 -1.089858  
593 16.020000 -2.844090 -1.085155  
594 16.030000 -2.833262 -1.080474  
595 16.040000 -2.822480 -1.075815  
596 16.050000 -2.811745 -1.071178  
597 16.060000 -2.801057 -1.066564  
598 16.070000 -2.790414 -1.061971  
599 16.080000 -2.779817 -1.057401  
600 16.090000 -2.769266 -1.052853  
601 16.100000 -2.758760 -1.048327  
602 16.110000 -2.748299 -1.043823  
603 16.120000 -2.737884 -1.039340  
604 16.130000 -2.727512 -1.034880  
605 16.140000 -2.717186 -1.030440  
606 16.150000 -2.706904 -1.026023  
607 16.160000 -2.696665 -1.021627  
608 16.170000 -2.686471 -1.017252  
609 16.180000 -2.676320 -1.012899  
610 16.190000 -2.666213 -1.008567  
611 16.200000 -2.656149 -1.004256  
612 16.210000 -2.646128 -0.999966  
613 16.220000 -2.636149 -0.995698  
614 16.230000 -2.626214 -0.991450  
615 16.240000 -2.616320 -0.987223  
616 16.250000 -2.606469 -0.983016  
617 16.260000 -2.596660 -0.978831  
618 16.270000 -2.586893 -0.974666  
619 16.280000 -2.577167 -0.970521  
620 16.290000 -2.567482 -0.966397  
621 16.300000 -2.557839 -0.962294  
622 16.310000 -2.548236 -0.958210  
623 16.320000 -2.538674 -0.954147  
624 16.330000 -2.529153 -0.950104  
625 16.340000 -2.519672 -0.946080  
626 16.350000 -2.510231 -0.942077  
627 16.360000 -2.500831 -0.938093  
628 16.370000 -2.491469 -0.934129  
629 16.380000 -2.482148 -0.930185  
630 16.390000 -2.472866 -0.926260  
631 16.400000 -2.463623 -0.922355  
632 16.410000 -2.454419 -0.918469  
633 16.420000 -2.445253 -0.914602  
634 16.430000 -2.436126 -0.910755  
635 16.440000 -2.427038 -0.906927  
636 16.450000 -2.417988 -0.903117  
637 16.460000 -2.408976 -0.899327  
638 16.470000 -2.400001 -0.895555  
639 16.480000 -2.391064 -0.891802  
640 16.490000 -2.382165 -0.888068  
641 16.500000 -2.373303 -0.884352  
642 16.510000 -2.364478 -0.880655  
643 16.520000 -2.355690 -0.876976  
644 16.530000 -2.346938 -0.873315  
645 16.540000 -2.338224 -0.869672  
646 16.550000 -2.329545 -0.866048  
647 16.560000 -2.320903 -0.862442  
648 16.570000 -2.312296 -0.858853  
649 16.580000 -2.303725 -0.855283  
650 16.590000 -2.295190 -0.851730  
651 16.600000 -2.286691 -0.848194  
652 16.610000 -2.278226 -0.844677  
653 16.620000 -2.269797 -0.841177  
654 16.630000 -2.261403 -0.837694  
655 16.640000 -2.253043 -0.834228  
656 16.650000 -2.244718 -0.830780  
657 16.660000 -2.236428 -0.827349  
658 16.670000 -2.228171 -0.823935  
659 16.680000 -2.219949 -0.820537  
660 16.690000 -2.211760 -0.817157  
661 16.700000 -2.203606 -0.813794  
662 16.710000 -2.195484 -0.810447  
663 16.720000 -2.187397 -0.807116  
664 16.730000 -2.179342 -0.803803  
665 16.740000 -2.171321 -0.800505  
666 16.750000 -2.163332 -0.797224  
667 16.760000 -2.155376 -0.793960  
668 16.770000 -2.147453 -0.790711  
669 16.780000 -2.139562 -0.787478  
670 16.790000 -2.131703 -0.784262  
671 16.800000 -2.123876 -0.781061  
672 16.810000 -2.116082 -0.777877  
673 16.820000 -2.108319 -0.774708  
674 16.830000 -2.100588 -0.771554  
675 16.840000 -2.092888 -0.768416  
676 16.850000 -2.085219 -0.765294  
677 16.860000 -2.077582 -0.762187  
678 16.870000 -2.069975 -0.759096  
679 16.880000 -2.062400 -0.756020  
680 16.890000 -2.054855 -0.752958  
681 16.900000 -2.047341 -0.749912  
682 16.910000 -2.039857 -0.746881  
683 16.920000 -2.032403 -0.743865  
684 16.930000 -2.024979 -0.740864  
685 16.940000 -2.017586 -0.737878  
686 16.950000 -2.010222 -0.734906  
687 16.960000 -2.002887 -0.731949  
688 16.970000 -1.995583 -0.729006  
689 16.980000 -1.988307 -0.726078  
690 16.990000 -1.981061 -0.723164  
691 17.000000 -1.973844 -0.720264  
692 17.010000 -1.966656 -0.717379  
693 17.020000 -1.959496 -0.714508  
694 17.030000 -1.952365 -0.711651  
695 17.040000 -1.945263 -0.708808  
696 17.050000 -1.938189 -0.705978  
697 17.060000 -1.931144 -0.703163  
698 17.070000 -1.924126 -0.700361  
699 17.080000 -1.917136 -0.697573  
700 17.090000 -1.910174 -0.694799  
701 17.100000 -1.903240 -0.692038  
702 17.110000 -1.896334 -0.689291  
703 17.120000 -1.889454 -0.686557  
704 17.130000 -1.882602 -0.683836  
705 17.140000 -1.875778 -0.681129  
706 17.150000 -1.868980 -0.678435  
707 17.160000 -1.862209 -0.675753  
708 17.170000 -1.855465 -0.673085  
709 17.180000 -1.848747 -0.670430  
710 17.190000 -1.842056 -0.667788  
711 17.200000 -1.835391 -0.665158  
712 17.210000 -1.828753 -0.662542  
713 17.220000 -1.822140 -0.659937  
714 17.230000 -1.815554 -0.657346  
715 17.240000 -1.808994 -0.654767  
716 17.250000 -1.802459 -0.652200  
717 17.260000 -1.795949 -0.649646  
718 17.270000 -1.789466 -0.647105  
719 17.280000 -1.783007 -0.644575  
720 17.290000 -1.776574 -0.642058  
721 17.300000 -1.770166 -0.639552  
722 17.310000 -1.763783 -0.637059  
723 17.320000 -1.757425 -0.634578  
724 17.330000 -1.751091 -0.632109  
725 17.340000 -1.744783 -0.629651  
726 17.350000 -1.738498 -0.627206  
727 17.360000 -1.732239 -0.624772  
728 17.370000 -1.726003 -0.622350  
729 17.380000 -1.719792 -0.619939  
730 17.390000 -1.713604 -0.617540  
731 17.400000 -1.707441 -0.615152  
732 17.410000 -1.701301 -0.612776  
733 17.420000 -1.695185 -0.610411  
734 17.430000 -1.689093 -0.608058  
735 17.440000 -1.683024 -0.605715  
736 17.450000 -1.676978 -0.603384  
737 17.460000 -1.670956 -0.601064  
738 17.470000 -1.664957 -0.598755  
739 17.480000 -1.658981 -0.596457  
740 17.490000 -1.653028 -0.594170  
741 17.500000 -1.647098 -0.591893  
742 17.510000 -1.641190 -0.589628  
743 17.520000 -1.635305 -0.587373  
744 17.530000 -1.629443 -0.585129  
745 17.540000 -1.623602 -0.582895  
746 17.550000 -1.617785 -0.580672  
747 17.560000 -1.611989 -0.578460  
748 17.570000 -1.606215 -0.576258  
749 17.580000 -1.600464 -0.574066  
750 17.590000 -1.594734 -0.571885  
751 17.600000 -1.589026 -0.569714  
752 17.610000 -1.583340 -0.567553  
753 17.620000 -1.577675 -0.565403  
754 17.630000 -1.572032 -0.563262  
755 17.640000 -1.566410 -0.561132  
756 17.650000 -1.560809 -0.559011  
757 17.660000 -1.555229 -0.556901  
758 17.670000 -1.549671 -0.554800  
759 17.680000 -1.544133 -0.552709  
760 17.690000 -1.538617 -0.550628  
761 17.700000 -1.533121 -0.548557  
762 17.710000 -1.527646 -0.546495  
763 17.720000 -1.522191 -0.544443  
764 17.730000 -1.516757 -0.542400  
765 17.740000 -1.511343 -0.540368  
766 17.750000 -1.505949 -0.538344  
767 17.760000 -1.500576 -0.536330  
768 17.770000 -1.495223 -0.534325  
769 17.780000 -1.489889 -0.532330  
770 17.790000 -1.484576 -0.530343  
771 17.800000 -1.479282 -0.528366  
772 17.810000 -1.474009 -0.526399  
773 17.820000 -1.468754 -0.524440  
774 17.830000 -1.463520 -0.522490  
775 17.840000 -1.458305 -0.520550  
776 17.850000 -1.453109 -0.518618  
777 17.860000 -1.447932 -0.516695  
778 17.870000 -1.442775 -0.514781  
779 17.880000 -1.437637 -0.512876  
780 17.890000 -1.432517 -0.510980  
781 17.900000 -1.427417 -0.509092  
782 17.910000 -1.422335 -0.507213  
783 17.920000 -1.417273 -0.505343  
784 17.930000 -1.412229 -0.503481  
785 17.940000 -1.407203 -0.501628  
786 17.950000 -1.402196 -0.499783  
787 17.960000 -1.397207 -0.497946  
788 17.970000 -1.392237 -0.496118  
789 17.980000 -1.387285 -0.494299  
790 17.990000 -1.382351 -0.492488  
791 18.000000 -1.377435 -0.490684  
792 18.010000 -1.372537 -0.488890  
793 18.020000 -1.367657 -0.487103  
794 18.030000 -1.362795 -0.485324  
795 18.040000 -1.357951 -0.483554  
796 18.050000 -1.353124 -0.481791  
797 18.060000 -1.348315 -0.480037  
798 18.070000 -1.343523 -0.478291  
799 18.080000 -1.338749 -0.476552  
800 18.090000 -1.333992 -0.474821  
801 18.100000 -1.329253 -0.473098  
802 18.110000 -1.324530 -0.471383  
803 18.120000 -1.319825 -0.469676  
804 18.130000 -1.315137 -0.467976  
805 18.140000 -1.310465 -0.466284  
806 18.150000 -1.305811 -0.464600  
807 18.160000 -1.301173 -0.462923  
808 18.170000 -1.296553 -0.461254  
809 18.180000 -1.291948 -0.459592  
810 18.190000 -1.287361 -0.457937  
811 18.200000 -1.282790 -0.456290  
812 18.210000 -1.278235 -0.454651  
813 18.220000 -1.273697 -0.453019  
814 18.230000 -1.269174 -0.451394  
815 18.240000 -1.264669 -0.449776  
816 18.250000 -1.260179 -0.448165  
817 18.260000 -1.255705 -0.446562  
818 18.270000 -1.251248 -0.444966  
819 18.280000 -1.246806 -0.443377  
820 18.290000 -1.242380 -0.441795  
821 18.300000 -1.237970 -0.440220  
822 18.310000 -1.233576 -0.438652  
823 18.320000 -1.229197 -0.437091  
824 18.330000 -1.224834 -0.435537  
825 18.340000 -1.220486 -0.433990  
826 18.350000 -1.216154 -0.432449  
827 18.360000 -1.211837 -0.430916  
828 18.370000 -1.207536 -0.429389  
829 18.380000 -1.203249 -0.427869  
830 18.390000 -1.198978 -0.426356  
831 18.400000 -1.194722 -0.424849  
832 18.410000 -1.190481 -0.423349  
833 18.420000 -1.186255 -0.421856  
834 18.430000 -1.182044 -0.420369  
835 18.440000 -1.177848 -0.418888  
836 18.450000 -1.173666 -0.417415  
837 18.460000 -1.169500 -0.415947  
838 18.470000 -1.165347 -0.414486  
839 18.480000 -1.161210 -0.413032  
840 18.490000 -1.157087 -0.411583  
841 18.500000 -1.152978 -0.410142  
842 18.510000 -1.148884 -0.408706  
843 18.520000 -1.144804 -0.407277  
844 18.530000 -1.140738 -0.405853  
845 18.540000 -1.136687 -0.404437  
846 18.550000 -1.132650 -0.403026  
847 18.560000 -1.128626 -0.401621  
848 18.570000 -1.124617 -0.400223  
849 18.580000 -1.120622 -0.398830  
850 18.590000 -1.116640 -0.397444  
851 18.600000 -1.112673 -0.396063  
852 18.610000 -1.108719 -0.394689  
853 18.620000 -1.104779 -0.393320  
854 18.630000 -1.100853 -0.391958  
855 18.640000 -1.096940 -0.390601  
856 18.650000 -1.093041 -0.389250  
857 18.660000 -1.089155 -0.387905  
858 18.670000 -1.085283 -0.386566  
859 18.680000 -1.081424 -0.385232  
860 18.690000 -1.077578 -0.383905  
861 18.700000 -1.073745 -0.382583  
862 18.710000 -1.069926 -0.381266  
863 18.720000 -1.066120 -0.379956  
864 18.730000 -1.062327 -0.378650  
865 18.740000 -1.058547 -0.377351  
866 18.750000 -1.054780 -0.376057  
867 18.760000 -1.051026 -0.374768  
868 18.770000 -1.047285 -0.373485  
869 18.780000 -1.043556 -0.372208  
870 18.790000 -1.039841 -0.370936  
871 18.800000 -1.036137 -0.369669  
872 18.810000 -1.032447 -0.368408  
873 18.820000 -1.028769 -0.367152  
874 18.830000 -1.025104 -0.365902  
875 18.840000 -1.021451 -0.364656  
876 18.850000 -1.017811 -0.363416  
877 18.860000 -1.014183 -0.362182  
878 18.870000 -1.010567 -0.360952  
879 18.880000 -1.006964 -0.359728  
880 18.890000 -1.003373 -0.358509  
881 18.900000 -0.999794 -0.357295  
882 18.910000 -0.996227 -0.356086  
883 18.920000 -0.992672 -0.354882  
884 18.930000 -0.989129 -0.353684  
885 18.940000 -0.985598 -0.352490  
886 18.950000 -0.982079 -0.351301  
887 18.960000 -0.978572 -0.350118  
888 18.970000 -0.975077 -0.348939  
889 18.980000 -0.971593 -0.347765  
890 18.990000 -0.968122 -0.346596  
891 19.000000 -0.964661 -0.345433  
892 19.010000 -0.961213 -0.344274  
893 19.020000 -0.957776 -0.343119  
894 19.030000 -0.954351 -0.341970  
895 19.040000 -0.950937 -0.340825  
896 19.050000 -0.947534 -0.339686  
897 19.060000 -0.944143 -0.338550  
898 19.070000 -0.940763 -0.337420  
899 19.080000 -0.937394 -0.336294  
900 19.090000 -0.934037 -0.335174  
901 19.100000 -0.930691 -0.334057  
902 19.110000 -0.927356 -0.332946  
903 19.120000 -0.924032 -0.331838  
904 19.130000 -0.920719 -0.330736  
905 19.140000 -0.917417 -0.329638  
906 19.150000 -0.914126 -0.328545  
907 19.160000 -0.910846 -0.327456  
908 19.170000 -0.907577 -0.326371  
909 19.180000 -0.904319 -0.325291  
910 19.190000 -0.901071 -0.324216  
911 19.200000 -0.897835 -0.323145  
912 19.210000 -0.894608 -0.322078  
913 19.220000 -0.891393 -0.321016  
914 19.230000 -0.888188 -0.319958  
915 19.240000 -0.884994 -0.318905  
916 19.250000 -0.881810 -0.317855  
917 19.260000 -0.878637 -0.316811  
918 19.270000 -0.875474 -0.315770  
919 19.280000 -0.872321 -0.314734  
920 19.290000 -0.869179 -0.313701  
921 19.300000 -0.866047 -0.312673  
922 19.310000 -0.862926 -0.311650  
923 19.320000 -0.859814 -0.310630  
924 19.330000 -0.856713 -0.309615  
925 19.340000 -0.853622 -0.308603  
926 19.350000 -0.850541 -0.307596  
927 19.360000 -0.847470 -0.306593  
928 19.370000 -0.844409 -0.305594  
929 19.380000 -0.841358 -0.304599  
930 19.390000 -0.838317 -0.303608  
931 19.400000 -0.835286 -0.302621  
932 19.410000 -0.832265 -0.301638  
933 19.420000 -0.829253 -0.300659  
934 19.430000 -0.826251 -0.299684  
935 19.440000 -0.823259 -0.298713  
936 19.450000 -0.820277 -0.297746  
937 19.460000 -0.817305 -0.296783  
938 19.470000 -0.814341 -0.295823  
939 19.480000 -0.811388 -0.294868  
940 19.490000 -0.808444 -0.293916  
941 19.500000 -0.805510 -0.292968  
942 19.510000 -0.802585 -0.292024  
943 19.520000 -0.799669 -0.291084  
944 19.530000 -0.796763 -0.290148  
945 19.540000 -0.793866 -0.289215  
946 19.550000 -0.790979 -0.288286  
947 19.560000 -0.788100 -0.287361  
948 19.570000 -0.785232 -0.286439  
949 19.580000 -0.782372 -0.285521  
950 19.590000 -0.779521 -0.284607  
951 19.600000 -0.776680 -0.283696  
952 19.610000 -0.773847 -0.282789  
953 19.620000 -0.771024 -0.281886  
954 19.630000 -0.768209 -0.280986  
955 19.640000 -0.765404 -0.280090  
956 19.650000 -0.762608 -0.279197  
957 19.660000 -0.759820 -0.278308  
958 19.670000 -0.757041 -0.277422  
959 19.680000 -0.754272 -0.276540  
960 19.690000 -0.751511 -0.275661  
961 19.700000 -0.748758 -0.274786  
962 19.710000 -0.746015 -0.273915  
963 19.720000 -0.743280 -0.273046  
964 19.730000 -0.740554 -0.272181  
965 19.740000 -0.737836 -0.271320  
966 19.750000 -0.735128 -0.270462  
967 19.760000 -0.732427 -0.269607  
968 19.770000 -0.729735 -0.268756  
969 19.780000 -0.727052 -0.267908  
970 19.790000 -0.724377 -0.267063  
971 19.800000 -0.721711 -0.266222  
972 19.810000 -0.719053 -0.265384  
973 19.820000 -0.716403 -0.264549  
974 19.830000 -0.713762 -0.263718  
975 19.840000 -0.711129 -0.262890  
976 19.850000 -0.708504 -0.262065  
977 19.860000 -0.705887 -0.261243  
978 19.870000 -0.703279 -0.260424  
979 19.880000 -0.700679 -0.259609  
980 19.890000 -0.698087 -0.258797  
981 19.900000 -0.695503 -0.257987  
982 19.910000 -0.692927 -0.257182  
983 19.920000 -0.690359 -0.256379  
984 19.930000 -0.687800 -0.255579  
985 19.940000 -0.685248 -0.254782  
986 19.950000 -0.682704 -0.253989  
987 19.960000 -0.680168 -0.253199  
988 19.970000 -0.677640 -0.252411  
989 19.980000 -0.675120 -0.251627  
990 19.990000 -0.672607 -0.250846  
991 20.000000 -0.670103 -0.250067  
992 20.010000 -0.667606 -0.249292  
993 20.020000 -0.665117 -0.248520  
994 20.030000 -0.662636 -0.247750  
995 20.040000 -0.660162 -0.246984  
996 20.050000 -0.657696 -0.246221  
997 20.060000 -0.655238 -0.245460  
998 20.070000 -0.652787 -0.244703  
999 20.080000 -0.650343 -0.243948  
1000 20.090000 -0.647908 -0.243196  
1001 20.100000 -0.645480 -0.242447  
1002 20.110000 -0.643059 -0.241701  
1003 20.120000 -0.640646 -0.240958  
1004 20.130000 -0.638240 -0.240218  
1005 20.140000 -0.635841 -0.239480  
1006 20.150000 -0.633450 -0.238746  
1007 20.160000 -0.631066 -0.238014  
1008 20.170000 -0.628690 -0.237285  
1009 20.180000 -0.626321 -0.236558  
1010 20.190000 -0.623959 -0.235835  
1011 20.200000 -0.621604 -0.235114  
1012 20.210000 -0.619256 -0.234396  
1013 20.220000 -0.616916 -0.233680  
1014 20.230000 -0.614583 -0.232968  
1015 20.240000 -0.612257 -0.232258  
1016 20.250000 -0.609937 -0.231550  
1017 20.260000 -0.607626 -0.230846  
1018 20.270000 -0.605321 -0.230144  
1019 20.280000 -0.603023 -0.229445  
1020 20.290000 -0.600732 -0.228748  
1021 20.300000 -0.598448 -0.228054  
1022 20.310000 -0.596171 -0.227363  
1023 20.320000 -0.593900 -0.226674  
1024 20.330000 -0.591637 -0.225987  
1025 20.340000 -0.589381 -0.225304  
1026 20.350000 -0.587131 -0.224623  
1027 20.360000 -0.584888 -0.223944  
1028 20.370000 -0.582652 -0.223268  
1029 20.380000 -0.580423 -0.222595  
1030 20.390000 -0.578200 -0.221924  
1031 20.400000 -0.575984 -0.221256  
1032 20.410000 -0.573775 -0.220590  
1033 20.420000 -0.571573 -0.219926  
1034 20.430000 -0.569377 -0.219265  
1035 20.440000 -0.567187 -0.218607  
1036 20.450000 -0.565004 -0.217951  
1037 20.460000 -0.562828 -0.217297  
1038 20.470000 -0.560658 -0.216646  
1039 20.480000 -0.558495 -0.215997  
1040 20.490000 -0.556339 -0.215351  
1041 20.500000 -0.554188 -0.214707  
1042 20.510000 -0.552044 -0.214066  
1043 20.520000 -0.549907 -0.213426  
1044 20.530000 -0.547776 -0.212790  
1045 20.540000 -0.545651 -0.212155  
1046 20.550000 -0.543533 -0.211523  
1047 20.560000 -0.541421 -0.210893  
1048 20.570000 -0.539315 -0.210266  
1049 20.580000 -0.537215 -0.209641  
1050 20.590000 -0.535122 -0.209018  
1051 20.600000 -0.533035 -0.208398  
1052 20.610000 -0.530954 -0.207779  
1053 20.620000 -0.528879 -0.207163  
1054 20.630000 -0.526811 -0.206550  
1055 20.640000 -0.524748 -0.205938  
1056 20.650000 -0.522692 -0.205329  
1057 20.660000 -0.520642 -0.204722  
1058 20.670000 -0.518598 -0.204117  
1059 20.680000 -0.516559 -0.203515  
1060 20.690000 -0.514527 -0.202915  
1061 20.700000 -0.512501 -0.202317  
1062 20.710000 -0.510481 -0.201721  
1063 20.720000 -0.508467 -0.201127  
1064 20.730000 -0.506458 -0.200535  
1065 20.740000 -0.504456 -0.199946  
1066 20.750000 -0.502459 -0.199359  
1067 20.760000 -0.500469 -0.198773  
1068 20.770000 -0.498484 -0.198190  
1069 20.780000 -0.496505 -0.197610  
1070 20.790000 -0.494532 -0.197031  
1071 20.800000 -0.492564 -0.196454  
1072 20.810000 -0.490603 -0.195880  
1073 20.820000 -0.488647 -0.195307  
1074 20.830000 -0.486697 -0.194737  
1075 20.840000 -0.484752 -0.194168  
1076 20.850000 -0.482813 -0.193602  
1077 20.860000 -0.480880 -0.193038  
1078 20.870000 -0.478952 -0.192476  
1079 20.880000 -0.477030 -0.191915  
1080 20.890000 -0.475114 -0.191357  
1081 20.900000 -0.473203 -0.190801  
1082 20.910000 -0.471298 -0.190247  
1083 20.920000 -0.469398 -0.189695  
1084 20.930000 -0.467504 -0.189145  
1085 20.940000 -0.465615 -0.188596  
1086 20.950000 -0.463732 -0.188050  
1087 20.960000 -0.461854 -0.187506  
1088 20.970000 -0.459982 -0.186964  
1089 20.980000 -0.458115 -0.186423  
1090 20.990000 -0.456254 -0.185885  
1091 21.000000 -0.454397 -0.185348  
1092 21.010000 -0.452547 -0.184814  
1093 21.020000 -0.450701 -0.184281  
1094 21.030000 -0.448861 -0.183750  
1095 21.040000 -0.447026 -0.183221  
1096 21.050000 -0.445197 -0.182694  
1097 21.060000 -0.443372 -0.182169  
1098 21.070000 -0.441553 -0.181646  
1099 21.080000 -0.439739 -0.181125  
1100 21.090000 -0.437931 -0.180605  
1101 21.100000 -0.436127 -0.180087  
1102 21.110000 -0.434329 -0.179571  
1103 21.120000 -0.432536 -0.179057  
1104 21.130000 -0.430748 -0.178545  
1105 21.140000 -0.428965 -0.178035  
1106 21.150000 -0.427187 -0.177526  
1107 21.160000 -0.425414 -0.177020  
1108 21.170000 -0.423647 -0.176515  
1109 21.180000 -0.421884 -0.176011  
1110 21.190000 -0.420126 -0.175510  
1111 21.200000 -0.418374 -0.175010  
1112 21.210000 -0.416626 -0.174512  
1113 21.220000 -0.414884 -0.174016  
1114 21.230000 -0.413146 -0.173522  
1115 21.240000 -0.411413 -0.173029  
1116 21.250000 -0.409685 -0.172538  
1117 21.260000 -0.407962 -0.172049  
1118 21.270000 -0.406244 -0.171561  
1119 21.280000 -0.404531 -0.171076  
1120 21.290000 -0.402823 -0.170592  
1121 21.300000 -0.401119 -0.170109  
1122 21.310000 -0.399421 -0.169629  
1123 21.320000 -0.397727 -0.169150  
1124 21.330000 -0.396038 -0.168672  
1125 21.340000 -0.394353 -0.168197  
1126 21.350000 -0.392674 -0.167723  
1127 21.360000 -0.390999 -0.167250  
1128 21.370000 -0.389329 -0.166779  
1129 21.380000 -0.387663 -0.166310  
1130 21.390000 -0.386002 -0.165843  
1131 21.400000 -0.384346 -0.165377  
1132 21.410000 -0.382695 -0.164913  
1133 21.420000 -0.381048 -0.164450  
1134 21.430000 -0.379406 -0.163989  
1135 21.440000 -0.377768 -0.163530  
1136 21.450000 -0.376135 -0.163072  
1137 21.460000 -0.374507 -0.162616  
1138 21.470000 -0.372883 -0.162161  
1139 21.480000 -0.371264 -0.161708  
1140 21.490000 -0.369649 -0.161257  
1141 21.500000 -0.368038 -0.160807  
1142 21.510000 -0.366433 -0.160359  
1143 21.520000 -0.364831 -0.159912  
1144 21.530000 -0.363234 -0.159466  
1145 21.540000 -0.361642 -0.159023  
1146 21.550000 -0.360054 -0.158580  
1147 21.560000 -0.358470 -0.158140  
1148 21.570000 -0.356891 -0.157701  
1149 21.580000 -0.355316 -0.157263  
1150 21.590000 -0.353746 -0.156827  
1151 21.600000 -0.352180 -0.156392  
1152 21.610000 -0.350618 -0.155959  
1153 21.620000 -0.349061 -0.155527  
1154 21.630000 -0.347508 -0.155097  
1155 21.640000 -0.345959 -0.154668  
1156 21.650000 -0.344414 -0.154241  
1157 21.660000 -0.342874 -0.153815  
1158 21.670000 -0.341338 -0.153391  
1159 21.680000 -0.339806 -0.152968  
1160 21.690000 -0.338278 -0.152546  
1161 21.700000 -0.336755 -0.152126  
1162 21.710000 -0.335236 -0.151707  
1163 21.720000 -0.333721 -0.151290  
1164 21.730000 -0.332210 -0.150874  
1165 21.740000 -0.330703 -0.150460  
1166 21.750000 -0.329201 -0.150047  
1167 21.760000 -0.327703 -0.149636  
1168 21.770000 -0.326208 -0.149225  
1169 21.780000 -0.324718 -0.148817  
1170 21.790000 -0.323232 -0.148409  
1171 21.800000 -0.321750 -0.148003  
1172 21.810000 -0.320272 -0.147599  
1173 21.820000 -0.318798 -0.147195  
1174 21.830000 -0.317328 -0.146793  
1175 21.840000 -0.315862 -0.146393  
1176 21.850000 -0.314400 -0.145994  
1177 21.860000 -0.312942 -0.145596  
1178 21.870000 -0.311488 -0.145199  
1179 21.880000 -0.310038 -0.144804  
1180 21.890000 -0.308592 -0.144410  
1181 21.900000 -0.307150 -0.144018  
1182 21.910000 -0.305712 -0.143626  
1183 21.920000 -0.304277 -0.143237  
1184 21.930000 -0.302847 -0.142848  
1185 21.940000 -0.301420 -0.142461  
1186 21.950000 -0.299998 -0.142075  
1187 21.960000 -0.298579 -0.141690  
1188 21.970000 -0.297164 -0.141306  
1189 21.980000 -0.295753 -0.140924  
1190 21.990000 -0.294345 -0.140543  
1191 22.000000 -0.292942 -0.140164  
1192 22.010000 -0.291542 -0.139786  
1193 22.020000 -0.290146 -0.139408  
1194 22.030000 -0.288754 -0.139033  
1195 22.040000 -0.287366 -0.138658  
1196 22.050000 -0.285981 -0.138285  
1197 22.060000 -0.284600 -0.137913  
1198 22.070000 -0.283223 -0.137542  
1199 22.080000 -0.281849 -0.137172  
1200 22.090000 -0.280479 -0.136804  
1201 22.100000 -0.279113 -0.136437  
1202 22.110000 -0.277750 -0.136071  
1203 22.120000 -0.276391 -0.135706  
1204 22.130000 -0.275036 -0.135343  
1205 22.140000 -0.273685 -0.134980  
1206 22.150000 -0.272337 -0.134619  
1207 22.160000 -0.270992 -0.134259  
1208 22.170000 -0.269651 -0.133901  
1209 22.180000 -0.268314 -0.133543  
1210 22.190000 -0.266981 -0.133187  
1211 22.200000 -0.265650 -0.132831  
1212 22.210000 -0.264324 -0.132477  
1213 22.220000 -0.263001 -0.132124  
1214 22.230000 -0.261681 -0.131773  
1215 22.240000 -0.260365 -0.131422  
1216 22.250000 -0.259053 -0.131073  
1217 22.260000 -0.257744 -0.130725  
1218 22.270000 -0.256439 -0.130377  
1219 22.280000 -0.255136 -0.130031  
1220 22.290000 -0.253838 -0.129687  
1221 22.300000 -0.252543 -0.129343  
1222 22.310000 -0.251251 -0.129000  
1223 22.320000 -0.249963 -0.128659  
1224 22.330000 -0.248678 -0.128319  
1225 22.340000 -0.247396 -0.127979  
1226 22.350000 -0.246118 -0.127641  
1227 22.360000 -0.244844 -0.127304  
1228 22.370000 -0.243572 -0.126968  
1229 22.380000 -0.242304 -0.126633  
1230 22.390000 -0.241039 -0.126300  
1231 22.400000 -0.239778 -0.125967  
1232 22.410000 -0.238520 -0.125635  
1233 22.420000 -0.237265 -0.125305  
1234 22.430000 -0.236014 -0.124975  
1235 22.440000 -0.234766 -0.124647  
1236 22.450000 -0.233521 -0.124320  
1237 22.460000 -0.232280 -0.123993  
1238 22.470000 -0.231041 -0.123668  
1239 22.480000 -0.229806 -0.123344  
1240 22.490000 -0.228574 -0.123021  
1241 22.500000 -0.227346 -0.122699  
1242 22.510000 -0.226120 -0.122378  
1243 22.520000 -0.224898 -0.122058  
1244 22.530000 -0.223679 -0.121739  
1245 22.540000 -0.222463 -0.121421  
1246 22.550000 -0.221251 -0.121104  
1247 22.560000 -0.220041 -0.120788  
1248 22.570000 -0.218835 -0.120474  
1249 22.580000 -0.217632 -0.120160  
1250 22.590000 -0.216432 -0.119847  
1251 22.600000 -0.215235 -0.119535  
1252 22.610000 -0.214041 -0.119224  
1253 22.620000 -0.212850 -0.118914  
1254 22.630000 -0.211663 -0.118606  
1255 22.640000 -0.210478 -0.118298  
1256 22.650000 -0.209297 -0.117991  
1257 22.660000 -0.208118 -0.117685  
1258 22.670000 -0.206943 -0.117380  
1259 22.680000 -0.205771 -0.117076  
1260 22.690000 -0.204602 -0.116773  
1261 22.700000 -0.203435 -0.116471  
1262 22.710000 -0.202272 -0.116170  
1263 22.720000 -0.201112 -0.115870  
1264 22.730000 -0.199955 -0.115571  
1265 22.740000 -0.198801 -0.115273  
1266 22.750000 -0.197649 -0.114976  
1267 22.760000 -0.196501 -0.114679  
1268 22.770000 -0.195356 -0.114384  
1269 22.780000 -0.194213 -0.114090  
1270 22.790000 -0.193074 -0.113796  
1271 22.800000 -0.191937 -0.113504  
1272 22.810000 -0.190804 -0.113212  
1273 22.820000 -0.189673 -0.112921  
1274 22.830000 -0.188545 -0.112632  
1275 22.840000 -0.187421 -0.112343  
1276 22.850000 -0.186299 -0.112055  
1277 22.860000 -0.185179 -0.111768  
1278 22.870000 -0.184063 -0.111482  
1279 22.880000 -0.182950 -0.111197  
1280 22.890000 -0.181839 -0.110912  
1281 22.900000 -0.180732 -0.110629  
1282 22.910000 -0.179627 -0.110346  
1283 22.920000 -0.178525 -0.110065  
1284 22.930000 -0.177425 -0.109784  
1285 22.940000 -0.176329 -0.109504  
1286 22.950000 -0.175235 -0.109225  
1287 22.960000 -0.174144 -0.108947  
1288 22.970000 -0.173056 -0.108670  
1289 22.980000 -0.171971 -0.108393  
1290 22.990000 -0.170889 -0.108118  
1291 23.000000 -0.169809 -0.107843  
1292 23.010000 -0.168732 -0.107569  
1293 23.020000 -0.167657 -0.107296  
1294 23.030000 -0.166586 -0.107024  
1295 23.040000 -0.165517 -0.106753  
1296 23.050000 -0.164451 -0.106483  
1297 23.060000 -0.163387 -0.106213  
1298 23.070000 -0.162326 -0.105945  
1299 23.080000 -0.161268 -0.105677  
1300 23.090000 -0.160213 -0.105410  
1301 23.100000 -0.159160 -0.105143  
1302 23.110000 -0.158110 -0.104878  
1303 23.120000 -0.157063 -0.104614  
1304 23.130000 -0.156018 -0.104350  
1305 23.140000 -0.154976 -0.104087  
1306 23.150000 -0.153936 -0.103825  
1307 23.160000 -0.152899 -0.103564  
1308 23.170000 -0.151865 -0.103303  
1309 23.180000 -0.150833 -0.103043  
1310 23.190000 -0.149804 -0.102785  
1311 23.200000 -0.148777 -0.102527  
1312 23.210000 -0.147753 -0.102269  
1313 23.220000 -0.146732 -0.102013  
1314 23.230000 -0.145713 -0.101757  
1315 23.240000 -0.144697 -0.101502  
1316 23.250000 -0.143683 -0.101248  
1317 23.260000 -0.142672 -0.100995  
1318 23.270000 -0.141663 -0.100742  
1319 23.280000 -0.140657 -0.100491  
1320 23.290000 -0.139653 -0.100240  
1321 23.300000 -0.138652 -0.099989  
1322 23.310000 -0.137653 -0.099740  
1323 23.320000 -0.136657 -0.099491  
1324 23.330000 -0.135664 -0.099243  
1325 23.340000 -0.134672 -0.098996  
1326 23.350000 -0.133684 -0.098750  
1327 23.360000 -0.132697 -0.098504  
1328 23.370000 -0.131714 -0.098259  
1329 23.380000 -0.130732 -0.098015  
1330 23.390000 -0.129753 -0.097772  
1331 23.400000 -0.128777 -0.097529  
1332 23.410000 -0.127803 -0.097287  
1333 23.420000 -0.126831 -0.097046  
1334 23.430000 -0.125862 -0.096806  
1335 23.440000 -0.124895 -0.096566  
1336 23.450000 -0.123930 -0.096327  
1337 23.460000 -0.122968 -0.096089  
1338 23.470000 -0.122009 -0.095851  
1339 23.480000 -0.121051 -0.095615  
1340 23.490000 -0.120096 -0.095378  
1341 23.500000 -0.119144 -0.095143  
1342 23.510000 -0.118194 -0.094908  
1343 23.520000 -0.117246 -0.094675  
1344 23.530000 -0.116300 -0.094441  
1345 23.540000 -0.115357 -0.094209  
1346 23.550000 -0.114416 -0.093977  
1347 23.560000 -0.113477 -0.093746  
1348 23.570000 -0.112541 -0.093515  
1349 23.580000 -0.111607 -0.093286  
1350 23.590000 -0.110675 -0.093057  
1351 23.600000 -0.109746 -0.092828  
1352 23.610000 -0.108819 -0.092601  
1353 23.620000 -0.107894 -0.092374  
1354 23.630000 -0.106971 -0.092148  
1355 23.640000 -0.106051 -0.091922  
1356 23.650000 -0.105133 -0.091697  
1357 23.660000 -0.104217 -0.091473  
1358 23.670000 -0.103303 -0.091249  
1359 23.680000 -0.102392 -0.091026  
1360 23.690000 -0.101483 -0.090804  
1361 23.700000 -0.100576 -0.090583  
1362 23.710000 -0.099671 -0.090362  
1363 23.720000 -0.098769 -0.090142  
1364 23.730000 -0.097868 -0.089922  
1365 23.740000 -0.096970 -0.089703  
1366 23.750000 -0.096074 -0.089485  
1367 23.760000 -0.095180 -0.089267  
1368 23.770000 -0.094289 -0.089050  
1369 23.780000 -0.093399 -0.088834  
1370 23.790000 -0.092512 -0.088618  
1371 23.800000 -0.091627 -0.088403  
1372 23.810000 -0.090744 -0.088189  
1373 23.820000 -0.089863 -0.087975  
1374 23.830000 -0.088985 -0.087762  
1375 23.840000 -0.088108 -0.087550  
1376 23.850000 -0.087234 -0.087338  
1377 23.860000 -0.086361 -0.087127  
1378 23.870000 -0.085491 -0.086916  
1379 23.880000 -0.084623 -0.086706  
1380 23.890000 -0.083757 -0.086497  
1381 23.900000 -0.082893 -0.086288  
1382 23.910000 -0.082031 -0.086080  
1383 23.920000 -0.081171 -0.085873  
1384 23.930000 -0.080314 -0.085666  
1385 23.940000 -0.079458 -0.085460  
1386 23.950000 -0.078605 -0.085254  
1387 23.960000 -0.077753 -0.085049  
1388 23.970000 -0.076904 -0.084845  
1389 23.980000 -0.076056 -0.084641  
1390 23.990000 -0.075211 -0.084438  
1391 24.000000 -0.074367 -0.084235  
1392 24.010000 -0.073526 -0.084033  
1393 24.020000 -0.072687 -0.083832  
1394 24.030000 -0.071849 -0.083631  
1395 24.040000 -0.071014 -0.083431  
1396 24.050000 -0.070181 -0.083231  
1397 24.060000 -0.069349 -0.083032  
1398 24.070000 -0.068520 -0.082833  
1399 24.080000 -0.067693 -0.082636  
1400 24.090000 -0.066867 -0.082438  
1401 24.100000 -0.066044 -0.082241  
1402 24.110000 -0.065223 -0.082045  
1403 24.120000 -0.064403 -0.081850  
1404 24.130000 -0.063586 -0.081655  
1405 24.140000 -0.062770 -0.081460  
1406 24.150000 -0.061956 -0.081266  
1407 24.160000 -0.061145 -0.081073  
1408 24.170000 -0.060335 -0.080880  
1409 24.180000 -0.059527 -0.080688  
1410 24.190000 -0.058721 -0.080497  
1411 24.200000 -0.057917 -0.080306  
1412 24.210000 -0.057115 -0.080115  
1413 24.220000 -0.056315 -0.079925  
1414 24.230000 -0.055517 -0.079736  
1415 24.240000 -0.054720 -0.079547  
1416 24.250000 -0.053926 -0.079359  
1417 24.260000 -0.053133 -0.079171  
1418 24.270000 -0.052342 -0.078984  
1419 24.280000 -0.051553 -0.078797  
1420 24.290000 -0.050766 -0.078611  
1421 24.300000 -0.049981 -0.078426  
1422 24.310000 -0.049198 -0.078241  
1423 24.320000 -0.048416 -0.078056  
1424 24.330000 -0.047637 -0.077872  
1425 24.340000 -0.046859 -0.077689  
1426 24.350000 -0.046083 -0.077506  
1427 24.360000 -0.045309 -0.077323  
1428 24.370000 -0.044536 -0.077142  
1429 24.380000 -0.043766 -0.076960  
1430 24.390000 -0.042997 -0.076779  
1431 24.400000 -0.042230 -0.076599  
1432 24.410000 -0.041465 -0.076419  
1433 24.420000 -0.040702 -0.076240  
1434 24.430000 -0.039940 -0.076062  
1435 24.440000 -0.039181 -0.075883  
1436 24.450000 -0.038423 -0.075706  
1437 24.460000 -0.037666 -0.075528  
1438 24.470000 -0.036912 -0.075352  
1439 24.480000 -0.036159 -0.075176  
1440 24.490000 -0.035409 -0.075000  
1441 24.500000 -0.034659 -0.074825  
1442 24.510000 -0.033912 -0.074650  
1443 24.520000 -0.033166 -0.074476  
1444 24.530000 -0.032423 -0.074302  
1445 24.540000 -0.031680 -0.074129  
1446 24.550000 -0.030940 -0.073957  
1447 24.560000 -0.030201 -0.073784  
1448 24.570000 -0.029464 -0.073613  
1449 24.580000 -0.028729 -0.073442  
1450 24.590000 -0.027995 -0.073271  
1451 24.600000 -0.027264 -0.073101  
1452 24.610000 -0.026533 -0.072931  
1453 24.620000 -0.025805 -0.072762  
1454 24.630000 -0.025078 -0.072593  
1455 24.640000 -0.024353 -0.072425  
1456 24.650000 -0.023630 -0.072257  
1457 24.660000 -0.022908 -0.072090  
1458 24.670000 -0.022188 -0.071923  
1459 24.680000 -0.021470 -0.071756  
1460 24.690000 -0.020753 -0.071591  
1461 24.700000 -0.020038 -0.071425  
1462 24.710000 -0.019324 -0.071260  
1463 24.720000 -0.018612 -0.071096  
1464 24.730000 -0.017902 -0.070932  
1465 24.740000 -0.017194 -0.070768  
1466 24.750000 -0.016487 -0.070605  
1467 24.760000 -0.015782 -0.070442  
1468 24.770000 -0.015078 -0.070280  
1469 24.780000 -0.014376 -0.070118  
1470 24.790000 -0.013676 -0.069957  
1471 24.800000 -0.012977 -0.069796  
1472 24.810000 -0.012280 -0.069636  
1473 24.820000 -0.011584 -0.069476  
1474 24.830000 -0.010890 -0.069317  
1475 24.840000 -0.010198 -0.069158  
1476 24.850000 -0.009507 -0.068999  
1477 24.860000 -0.008818 -0.068841  
1478 24.870000 -0.008130 -0.068683  
1479 24.880000 -0.007444 -0.068526  
1480 24.890000 -0.006760 -0.068369  
1481 24.900000 -0.006077 -0.068213  
1482 24.910000 -0.005396 -0.068057  
1483 24.920000 -0.004716 -0.067902  
1484 24.930000 -0.004038 -0.067747  
1485 24.940000 -0.003361 -0.067592  
1486 24.950000 -0.002686 -0.067438  
1487 24.960000 -0.002012 -0.067284  
1488 24.970000 -0.001340 -0.067131  
1489 24.980000 -0.000669 -0.066978  
1490 24.990000 -0.000000 -0.066826  
