1 15.100000 2359900421.647264 141784792085.541443  
2 15.110000 1331024420.528654 72709223623.762360  
3 15.120000 789045586.779629 39516433842.799171  
4 15.130000 487725840.068881 22550211557.218769  
5 15.140000 312401229.988431 13414202481.687294  
6 15.150000 206337002.819901 8270440857.983745  
7 15.160000 139973893.615686 5260575433.436333  
8 15.170000 97210709.671139 3439026914.313555  
9 15.180000 68930533.599607 2303427580.968722  
10 15.190000 49792314.300750 1576558504.916981  
11 15.200000 36571207.523222 1100215095.792534  
12 15.210000 27266968.889286 781364709.856719  
13 15.220000 20608567.013735 563806835.809968  
14 15.230000 15770515.722055 412756008.092271  
15 15.240000 12205966.353200 306201678.552893  
16 15.250000 9546052.969889 229933895.544133  
17 15.260000 7537816.052955 174608411.459183  
18 15.270000 6005125.915784 133975834.948833  
19 15.280000 4823617.210004 103790942.664862  
20 15.290000 3904329.748488 81128065.384678  
21 15.300000 3182859.189172 63943774.864687  
22 15.310000 2612054.191820 50792970.293157  
23 15.320000 2157032.429231 40641753.886309  
24 15.330000 1791735.098946 32742353.054495  
25 15.340000 1496516.204333 26548410.364049  
26 15.350000 1256436.735504 21656902.889277  
27 15.360000 1060044.811526 17767857.414821  
28 15.370000 898494.628397 14656103.926296  
29 15.380000 764904.126130 12151266.439140  
30 15.390000 653882.538189 10123451.532030  
31 15.400000 561179.978426 8472918.341795  
32 15.410000 483425.478725 7122557.706842  
33 15.420000 417929.676708 6012371.520524  
34 15.430000 362535.136463 5095388.702696  
35 15.440000 315502.032004 4334621.531188  
36 15.450000 275420.274322 3700781.298375  
37 15.460000 241141.548991 3170552.324468  
38 15.470000 211726.443982 2725279.479739  
39 15.480000 186403.086200 2349964.030352  
40 15.490000 164534.607949 2032490.875180  
41 15.500000 145593.426967 1763030.518242  
42 15.510000 129140.812997 1533573.779692  
43 15.520000 114810.577714 1337567.918060  
44 15.530000 102295.996992 1169630.654305  
45 15.540000 91339.279333 1025324.352942  
46 15.550000 81723.049290 900976.892142  
47 15.560000 73263.432659 793538.945997  
48 15.570000 65804.420467 700469.796895  
49 15.580000 59213.258119 619645.602812  
50 15.590000 53376.659688 549285.414585  
51 15.600000 48197.688892 487891.282756  
52 15.610000 43593.180758 434199.593557  
53 15.620000 39491.603350 387141.389166  
54 15.630000 35831.278912 345809.903244  
55 15.640000 32558.899541 309433.912134  
56 15.650000 29628.285006 277355.790097  
57 15.660000 26999.340264 249013.382421  
58 15.670000 24637.178174 223924.987367  
59 15.680000 22511.379273 201676.877719  
60 15.690000 20595.365583 181912.903315  
61 15.700000 18865.869565 164325.803913  
62 15.710000 17302.482678 148649.931851  
63 15.720000 15887.270690 134655.140031  
64 15.730000 14604.445134 122141.635834  
65 15.740000 13440.082094 110935.637804  
66 15.750000 12381.880969 100885.701219  
67 15.760000 11418.957113 91859.602439  
68 15.770000 10541.663215 83741.691139  
69 15.780000 9741.435145 76430.635299  
70 15.790000 9010.658643 69837.496631  
71 15.800000 8342.553825 63884.084641  
72 15.810000 7731.074939 58501.546160  
73 15.820000 7170.823199 53629.154306  
74 15.830000 6656.970858 49213.266695  
75 15.840000 6185.194970 45206.427579  
76 15.850000 5751.619485 41566.592628  
77 15.860000 5352.764576 38256.458426  
78 15.870000 4985.502197 35242.881525  
79 15.880000 4647.017070 32496.374253  
80 15.890000 4334.772362 29990.666418  
81 15.900000 4046.479469 27702.323677  
82 15.910000 3780.071354 25610.414725  
83 15.920000 3533.679009 23696.220616  
84 15.930000 3305.610621 21942.980494  
85 15.940000 3094.333141 20335.668857  
86 15.950000 2898.455920 18860.800151  
87 15.960000 2716.716188 17506.257113  
88 15.970000 2547.966145 16261.139757  
89 15.980000 2391.161467 15115.632349  
90 15.990000 2245.351057 14060.886078  
91 16.000000 2109.667912 13088.915421  
92 16.010000 1983.320953 12192.506506  
93 16.020000 1865.587722 11365.135975  
94 16.030000 1755.807849 10600.899058  
95 16.040000 1653.377185 9894.445732  
96 16.050000 1557.742546 9240.924004  
97 16.060000 1468.396992 8635.929446  
98 16.070000 1384.875579 8075.460257  
99 16.080000 1306.751536 7555.877201  
100 16.090000 1233.632822 7073.867847  
101 16.100000 1165.159022 6626.414615  
102 16.110000 1100.998540 6210.766208  
103 16.120000 1040.846074 5824.412024  
104 16.130000 984.420317 5465.059229  
105 16.140000 931.461890 5130.612191  
106 16.150000 881.731462 4819.154006  
107 16.160000 835.008046 4528.929904  
108 16.170000 791.087457 4258.332309  
109 16.180000 749.780904 4005.887399  
110 16.190000 710.913720 3770.242978  
111 16.200000 674.324193 3550.157550  
112 16.210000 639.862518 3344.490443  
113 16.220000 607.389828 3152.192896  
114 16.230000 576.777319 2972.299987  
115 16.240000 547.905449 2803.923333  
116 16.250000 520.663201 2646.244478  
117 16.260000 494.947421 2498.508897  
118 16.270000 470.662204 2360.020553  
119 16.280000 447.718333 2230.136962  
120 16.290000 426.032766 2108.264700  
121 16.300000 405.528167 1993.855324  
122 16.310000 386.132478 1886.401655  
123 16.320000 367.778517 1785.434399  
124 16.330000 350.403620 1690.519059  
125 16.340000 333.949308 1601.253128  
126 16.350000 318.360973 1517.263519  
127 16.360000 303.587606 1438.204226  
128 16.370000 289.581527 1363.754179  
129 16.380000 276.298154 1293.615285  
130 16.390000 263.695776 1227.510639  
131 16.400000 251.735353 1165.182883  
132 16.410000 240.380328 1106.392699  
133 16.420000 229.596451 1050.917435  
134 16.430000 219.351622 998.549837  
135 16.440000 209.615741 949.096891  
136 16.450000 200.360570 902.378756  
137 16.460000 191.559610 858.227782  
138 16.470000 183.187979 816.487615  
139 16.480000 175.222309 777.012361  
140 16.490000 167.640637 739.665828  
141 16.500000 160.422321 704.320823  
142 16.510000 153.547946 670.858498  
143 16.520000 146.999247 639.167764  
144 16.530000 140.759033 609.144727  
145 16.540000 134.811118 580.692190  
146 16.550000 129.140258 553.719178  
147 16.560000 123.732087 528.140502  
148 16.570000 118.573066 503.876364  
149 16.580000 113.650428 480.851981  
150 16.590000 108.952128 458.997240  
151 16.600000 104.466804 438.246386  
152 16.610000 100.183727 418.537722  
153 16.620000 96.092769 399.813336  
154 16.630000 92.184361 382.018852  
155 16.640000 88.449463 365.103191  
156 16.650000 84.879528 349.018355  
157 16.660000 81.466477 333.719224  
158 16.670000 78.202666 319.163368  
159 16.680000 75.080865 305.310871  
160 16.690000 72.094230 292.124172  
161 16.700000 69.236281 279.567910  
162 16.710000 66.500881 267.608785  
163 16.720000 63.882219 256.215429  
164 16.730000 61.374786 245.358280  
165 16.740000 58.973359 235.009473  
166 16.750000 56.672989 225.142731  
167 16.760000 54.468981 215.733267  
168 16.770000 52.356878 206.757691  
169 16.780000 50.332454 198.193928  
170 16.790000 48.391696 190.021132  
171 16.800000 46.530794 182.219618  
172 16.810000 44.746129 174.770784  
173 16.820000 43.034262 167.657052  
174 16.830000 41.391926 160.861805  
175 16.840000 39.816016 154.369329  
176 16.850000 38.303580 148.164759  
177 16.860000 36.851808 142.234031  
178 16.870000 35.458031 136.563835  
179 16.880000 34.119705 131.141568  
180 16.890000 32.834413 125.955296  
181 16.900000 31.599851 120.993714  
182 16.910000 30.413825 116.246112  
183 16.920000 29.274249 111.702337  
184 16.930000 28.179131 107.352766  
185 16.940000 27.126577 103.188271  
186 16.950000 26.114778 99.200196  
187 16.960000 25.142012 95.380328  
188 16.970000 24.206637 91.720872  
189 16.980000 23.307085 88.214428  
190 16.990000 22.441862 84.853972  
191 17.000000 21.609541 81.632830  
192 17.010000 20.808762 78.544664  
193 17.020000 20.038225 75.583450  
194 17.030000 19.296689 72.743465  
195 17.040000 18.582969 70.019266  
196 17.050000 17.895935 67.405678  
197 17.060000 17.234503 64.897778  
198 17.070000 16.597642 62.490886  
199 17.080000 15.984364 60.180544  
200 17.090000 15.393724 57.962512  
201 17.100000 14.824819 55.832754  
202 17.110000 14.276787 53.787424  
203 17.120000 13.748802 51.822862  
204 17.130000 13.240073 49.935581  
205 17.140000 12.749844 48.122256  
206 17.150000 12.277392 46.379721  
207 17.160000 11.822023 44.704957  
208 17.170000 11.383076 43.095086  
209 17.180000 10.959915 41.547363  
210 17.190000 10.551930 40.059169  
211 17.200000 10.158541 38.628008  
212 17.210000 9.779188 37.251495  
213 17.220000 9.413337 35.927357  
214 17.230000 9.060474 34.653421  
215 17.240000 8.720108 33.427614  
216 17.250000 8.391768 32.247958  
217 17.260000 8.075001 31.112560  
218 17.270000 7.769375 30.019615  
219 17.280000 7.474473 28.967396  
220 17.290000 7.189897 27.954253  
221 17.300000 6.915263 26.978610  
222 17.310000 6.650204 26.038960  
223 17.320000 6.394369 25.133860  
224 17.330000 6.147417 24.261933  
225 17.340000 5.909024 23.421858  
226 17.350000 5.678878 22.612376  
227 17.360000 5.456678 21.832278  
228 17.370000 5.242138 21.080410  
229 17.380000 5.034980 20.355665  
230 17.390000 4.834938 19.656984  
231 17.400000 4.641757 18.983353  
232 17.410000 4.455190 18.333802  
233 17.420000 4.275003 17.707400  
234 17.430000 4.100968 17.103257  
235 17.440000 3.932867 16.520518  
236 17.450000 3.770489 15.958365  
237 17.460000 3.613634 15.416015  
238 17.470000 3.462105 14.892715  
239 17.480000 3.315718 14.387744  
240 17.490000 3.174292 13.900412  
241 17.500000 3.037653 13.430056  
242 17.510000 2.905636 12.976038  
243 17.520000 2.778080 12.537751  
244 17.530000 2.654831 12.114607  
245 17.540000 2.535739 11.706046  
246 17.550000 2.420663 11.311528  
247 17.560000 2.309464 10.930536  
248 17.570000 2.202009 10.562572  
249 17.580000 2.098170 10.207161  
250 17.590000 1.997825 9.863842  
251 17.600000 1.900855 9.532178  
252 17.610000 1.807144 9.211743  
253 17.620000 1.716584 8.902134  
254 17.630000 1.629067 8.602958  
255 17.640000 1.544491 8.313841  
256 17.650000 1.462758 8.034423  
257 17.660000 1.383771 7.764357  
258 17.670000 1.307441 7.503310  
259 17.680000 1.233676 7.250961  
260 17.690000 1.162393 7.007003  
261 17.700000 1.093509 6.771139  
262 17.710000 1.026945 6.543084  
263 17.720000 0.962622 6.322564  
264 17.730000 0.900469 6.109316  
265 17.740000 0.840413 5.903085  
266 17.750000 0.782385 5.703626  
267 17.760000 0.726318 5.510706  
268 17.770000 0.672150 5.324097  
269 17.780000 0.619816 5.143582  
270 17.790000 0.569258 4.968951  
271 17.800000 0.520418 4.800002  
272 17.810000 0.473240 4.636540  
273 17.820000 0.427670 4.478378  
274 17.830000 0.383655 4.325335  
275 17.840000 0.341147 4.177238  
276 17.850000 0.300095 4.033918  
277 17.860000 0.260453 3.895215  
278 17.870000 0.222176 3.760973  
279 17.880000 0.185219 3.631041  
280 17.890000 0.149541 3.505275  
281 17.900000 0.115100 3.383536  
282 17.910000 0.081857 3.265690  
283 17.920000 0.049774 3.151606  
284 17.930000 0.018813 3.041160  
285 17.940000 -0.011061 2.934231  
286 17.950000 -0.039883 2.830703  
287 17.960000 -0.067686 2.730464  
288 17.970000 -0.094503 2.633406  
289 17.980000 -0.120365 2.539423  
290 17.990000 -0.145301 2.448417  
291 18.000000 -0.169343 2.360288  
292 18.010000 -0.192516 2.274944  
293 18.020000 -0.214850 2.192294  
294 18.030000 -0.236371 2.112250  
295 18.040000 -0.257104 2.034729  
296 18.050000 -0.277074 1.959648  
297 18.060000 -0.296305 1.886928  
298 18.070000 -0.314820 1.816495  
299 18.080000 -0.332642 1.748274  
300 18.090000 -0.349792 1.682195  
301 18.100000 -0.366293 1.618189  
302 18.110000 -0.382163 1.556190  
303 18.120000 -0.397423 1.496134  
304 18.130000 -0.412092 1.437959  
305 18.140000 -0.426188 1.381606  
306 18.150000 -0.439730 1.327017  
307 18.160000 -0.452734 1.274136  
308 18.170000 -0.465218 1.222909  
309 18.180000 -0.477198 1.173285  
310 18.190000 -0.488689 1.125213  
311 18.200000 -0.499707 1.078644  
312 18.210000 -0.510267 1.033532  
313 18.220000 -0.520382 0.989830  
314 18.230000 -0.530068 0.947495  
315 18.240000 -0.539337 0.906484  
316 18.250000 -0.548202 0.866756  
317 18.260000 -0.556676 0.828271  
318 18.270000 -0.564771 0.790991  
319 18.280000 -0.572500 0.754878  
320 18.290000 -0.579873 0.719897  
321 18.300000 -0.586901 0.686012  
322 18.310000 -0.593596 0.653190  
323 18.320000 -0.599968 0.621399  
324 18.330000 -0.606028 0.590605  
325 18.340000 -0.611784 0.560780  
326 18.350000 -0.617246 0.531893  
327 18.360000 -0.622425 0.503915  
328 18.370000 -0.627328 0.476819  
329 18.380000 -0.631964 0.450579  
330 18.390000 -0.636342 0.425167  
331 18.400000 -0.640470 0.400559  
332 18.410000 -0.644356 0.376730  
333 18.420000 -0.648007 0.353658  
334 18.430000 -0.651431 0.331318  
335 18.440000 -0.654636 0.309689  
336 18.450000 -0.657627 0.288749  
337 18.460000 -0.660413 0.268477  
338 18.470000 -0.662999 0.248854  
339 18.480000 -0.665392 0.229860  
340 18.490000 -0.667598 0.211476  
341 18.500000 -0.669624 0.193684  
342 18.510000 -0.671474 0.176465  
343 18.520000 -0.673155 0.159803  
344 18.530000 -0.674672 0.143681  
345 18.540000 -0.676030 0.128083  
346 18.550000 -0.677235 0.112994  
347 18.560000 -0.678292 0.098397  
348 18.570000 -0.679205 0.084278  
349 18.580000 -0.679979 0.070624  
350 18.590000 -0.680619 0.057420  
351 18.600000 -0.681129 0.044653  
352 18.610000 -0.681513 0.032309  
353 18.620000 -0.681776 0.020377  
354 18.630000 -0.681922 0.008844  
355 18.640000 -0.681954 -0.002301  
356 18.650000 -0.681877 -0.013072  
357 18.660000 -0.681694 -0.023477  
358 18.670000 -0.681409 -0.033529  
359 18.680000 -0.681025 -0.043237  
360 18.690000 -0.680545 -0.052612  
361 18.700000 -0.679974 -0.061664  
362 18.710000 -0.679313 -0.070403  
363 18.720000 -0.678567 -0.078837  
364 18.730000 -0.677737 -0.086975  
365 18.740000 -0.676828 -0.094827  
366 18.750000 -0.675842 -0.102400  
367 18.760000 -0.674781 -0.109704  
368 18.770000 -0.673648 -0.116745  
369 18.780000 -0.672447 -0.123533  
370 18.790000 -0.671179 -0.130073  
371 18.800000 -0.669846 -0.136374  
372 18.810000 -0.668452 -0.142442  
373 18.820000 -0.666998 -0.148285  
374 18.830000 -0.665487 -0.153910  
375 18.840000 -0.663921 -0.159321  
376 18.850000 -0.662301 -0.164527  
377 18.860000 -0.660631 -0.169533  
378 18.870000 -0.658911 -0.174344  
379 18.880000 -0.657145 -0.178967  
380 18.890000 -0.655332 -0.183408  
381 18.900000 -0.653477 -0.187671  
382 18.910000 -0.651580 -0.191761  
383 18.920000 -0.649642 -0.195685  
384 18.930000 -0.647666 -0.199447  
385 18.940000 -0.645654 -0.203052  
386 18.950000 -0.643606 -0.206503  
387 18.960000 -0.641524 -0.209807  
388 18.970000 -0.639410 -0.212968  
389 18.980000 -0.637265 -0.215989  
390 18.990000 -0.635091 -0.218874  
391 19.000000 -0.632888 -0.221629  
392 19.010000 -0.630659 -0.224256  
393 19.020000 -0.628404 -0.226760  
394 19.030000 -0.626124 -0.229145  
395 19.040000 -0.623821 -0.231413  
396 19.050000 -0.621496 -0.233568  
397 19.060000 -0.619150 -0.235614  
398 19.070000 -0.616784 -0.237554  
399 19.080000 -0.614399 -0.239392  
400 19.090000 -0.611997 -0.241129  
401 19.100000 -0.609577 -0.242770  
402 19.110000 -0.607142 -0.244318  
403 19.120000 -0.604691 -0.245774  
404 19.130000 -0.602226 -0.247143  
405 19.140000 -0.599749 -0.248425  
406 19.150000 -0.597258 -0.249626  
407 19.160000 -0.594756 -0.250745  
408 19.170000 -0.592244 -0.251787  
409 19.180000 -0.589721 -0.252754  
410 19.190000 -0.587189 -0.253648  
411 19.200000 -0.584648 -0.254470  
412 19.210000 -0.582100 -0.255224  
413 19.220000 -0.579544 -0.255912  
414 19.230000 -0.576981 -0.256535  
415 19.240000 -0.574413 -0.257096  
416 19.250000 -0.571840 -0.257596  
417 19.260000 -0.569262 -0.258038  
418 19.270000 -0.566679 -0.258423  
419 19.280000 -0.564093 -0.258753  
420 19.290000 -0.561504 -0.259031  
421 19.300000 -0.558913 -0.259256  
422 19.310000 -0.556319 -0.259432  
423 19.320000 -0.553724 -0.259560  
424 19.330000 -0.551128 -0.259641  
425 19.340000 -0.548532 -0.259676  
426 19.350000 -0.545935 -0.259669  
427 19.360000 -0.543338 -0.259619  
428 19.370000 -0.540743 -0.259528  
429 19.380000 -0.538148 -0.259397  
430 19.390000 -0.535555 -0.259229  
431 19.400000 -0.532964 -0.259024  
432 19.410000 -0.530375 -0.258782  
433 19.420000 -0.527788 -0.258507  
434 19.430000 -0.525204 -0.258198  
435 19.440000 -0.522624 -0.257857  
436 19.450000 -0.520047 -0.257485  
437 19.460000 -0.517475 -0.257083  
438 19.470000 -0.514906 -0.256652  
439 19.480000 -0.512342 -0.256193  
440 19.490000 -0.509782 -0.255707  
441 19.500000 -0.507228 -0.255196  
442 19.510000 -0.504678 -0.254659  
443 19.520000 -0.502134 -0.254098  
444 19.530000 -0.499596 -0.253514  
445 19.540000 -0.497064 -0.252907  
446 19.550000 -0.494538 -0.252279  
447 19.560000 -0.492019 -0.251630  
448 19.570000 -0.489506 -0.250961  
449 19.580000 -0.487000 -0.250273  
450 19.590000 -0.484500 -0.249566  
451 19.600000 -0.482008 -0.248842  
452 19.610000 -0.479524 -0.248100  
453 19.620000 -0.477046 -0.247342  
454 19.630000 -0.474577 -0.246568  
455 19.640000 -0.472115 -0.245780  
456 19.650000 -0.469661 -0.244976  
457 19.660000 -0.467216 -0.244159  
458 19.670000 -0.464778 -0.243329  
459 19.680000 -0.462349 -0.242486  
460 19.690000 -0.459928 -0.241630  
461 19.700000 -0.457517 -0.240763  
462 19.710000 -0.455113 -0.239885  
463 19.720000 -0.452719 -0.238997  
464 19.730000 -0.450333 -0.238098  
465 19.740000 -0.447957 -0.237189  
466 19.750000 -0.445590 -0.236272  
467 19.760000 -0.443232 -0.235345  
468 19.770000 -0.440883 -0.234411  
469 19.780000 -0.438543 -0.233468  
470 19.790000 -0.436213 -0.232518  
471 19.800000 -0.433893 -0.231561  
472 19.810000 -0.431582 -0.230598  
473 19.820000 -0.429281 -0.229628  
474 19.830000 -0.426990 -0.228652  
475 19.840000 -0.424708 -0.227671  
476 19.850000 -0.422436 -0.226684  
477 19.860000 -0.420174 -0.225693  
478 19.870000 -0.417922 -0.224696  
479 19.880000 -0.415680 -0.223696  
480 19.890000 -0.413448 -0.222692  
481 19.900000 -0.411227 -0.221684  
482 19.910000 -0.409015 -0.220673  
483 19.920000 -0.406813 -0.219658  
484 19.930000 -0.404622 -0.218641  
485 19.940000 -0.402440 -0.217621  
486 19.950000 -0.400269 -0.216599  
487 19.960000 -0.398108 -0.215575  
488 19.970000 -0.395958 -0.214549  
489 19.980000 -0.393817 -0.213522  
490 19.990000 -0.391687 -0.212493  
491 20.000000 -0.389568 -0.211463  
492 20.010000 -0.387458 -0.210432  
493 20.020000 -0.385359 -0.209401  
494 20.030000 -0.383270 -0.208369  
495 20.040000 -0.381192 -0.207336  
496 20.050000 -0.379123 -0.206303  
497 20.060000 -0.377065 -0.205271  
498 20.070000 -0.375018 -0.204238  
499 20.080000 -0.372981 -0.203206  
500 20.090000 -0.370954 -0.202175  
501 20.100000 -0.368937 -0.201144  
502 20.110000 -0.366931 -0.200114  
503 20.120000 -0.364935 -0.199085  
504 20.130000 -0.362949 -0.198057  
505 20.140000 -0.360974 -0.197030  
506 20.150000 -0.359009 -0.196005  
507 20.160000 -0.357054 -0.194982  
508 20.170000 -0.355109 -0.193959  
509 20.180000 -0.353174 -0.192939  
510 20.190000 -0.351250 -0.191921  
511 20.200000 -0.349336 -0.190904  
512 20.210000 -0.347432 -0.189890  
513 20.220000 -0.345538 -0.188878  
514 20.230000 -0.343654 -0.187868  
515 20.240000 -0.341781 -0.186861  
516 20.250000 -0.339917 -0.185856  
517 20.260000 -0.338064 -0.184853  
518 20.270000 -0.336220 -0.183854  
519 20.280000 -0.334387 -0.182857  
520 20.290000 -0.332563 -0.181863  
521 20.300000 -0.330749 -0.180871  
522 20.310000 -0.328946 -0.179883  
523 20.320000 -0.327152 -0.178898  
524 20.330000 -0.325368 -0.177916  
525 20.340000 -0.323593 -0.176937  
526 20.350000 -0.321829 -0.175962  
527 20.360000 -0.320074 -0.174989  
528 20.370000 -0.318329 -0.174021  
529 20.380000 -0.316594 -0.173055  
530 20.390000 -0.314868 -0.172093  
531 20.400000 -0.313152 -0.171135  
532 20.410000 -0.311445 -0.170180  
533 20.420000 -0.309748 -0.169229  
534 20.430000 -0.308061 -0.168281  
535 20.440000 -0.306383 -0.167337  
536 20.450000 -0.304714 -0.166397  
537 20.460000 -0.303055 -0.165461  
538 20.470000 -0.301405 -0.164528  
539 20.480000 -0.299764 -0.163600  
540 20.490000 -0.298133 -0.162675  
541 20.500000 -0.296511 -0.161754  
542 20.510000 -0.294898 -0.160837  
543 20.520000 -0.293294 -0.159924  
544 20.530000 -0.291699 -0.159015  
545 20.540000 -0.290113 -0.158111  
546 20.550000 -0.288537 -0.157210  
547 20.560000 -0.286969 -0.156313  
548 20.570000 -0.285411 -0.155420  
549 20.580000 -0.283861 -0.154532  
550 20.590000 -0.282320 -0.153648  
551 20.600000 -0.280788 -0.152768  
552 20.610000 -0.279265 -0.151892  
553 20.620000 -0.277750 -0.151020  
554 20.630000 -0.276244 -0.150152  
555 20.640000 -0.274747 -0.149289  
556 20.650000 -0.273258 -0.148430  
557 20.660000 -0.271778 -0.147575  
558 20.670000 -0.270307 -0.146724  
559 20.680000 -0.268844 -0.145877  
560 20.690000 -0.267389 -0.145035  
561 20.700000 -0.265943 -0.144197  
562 20.710000 -0.264505 -0.143364  
563 20.720000 -0.263076 -0.142534  
564 20.730000 -0.261655 -0.141709  
565 20.740000 -0.260242 -0.140888  
566 20.750000 -0.258837 -0.140072  
567 20.760000 -0.257440 -0.139259  
568 20.770000 -0.256052 -0.138451  
569 20.780000 -0.254671 -0.137647  
570 20.790000 -0.253299 -0.136848  
571 20.800000 -0.251934 -0.136053  
572 20.810000 -0.250578 -0.135262  
573 20.820000 -0.249229 -0.134475  
574 20.830000 -0.247888 -0.133693  
575 20.840000 -0.246555 -0.132914  
576 20.850000 -0.245230 -0.132140  
577 20.860000 -0.243912 -0.131371  
578 20.870000 -0.242602 -0.130605  
579 20.880000 -0.241300 -0.129844  
580 20.890000 -0.240006 -0.129087  
581 20.900000 -0.238718 -0.128334  
582 20.910000 -0.237439 -0.127586  
583 20.920000 -0.236167 -0.126841  
584 20.930000 -0.234902 -0.126101  
585 20.940000 -0.233645 -0.125365  
586 20.950000 -0.232395 -0.124633  
587 20.960000 -0.231152 -0.123906  
588 20.970000 -0.229917 -0.123182  
589 20.980000 -0.228688 -0.122463  
590 20.990000 -0.227467 -0.121748  
591 21.000000 -0.226253 -0.121037  
592 21.010000 -0.225047 -0.120329  
593 21.020000 -0.223847 -0.119627  
594 21.030000 -0.222654 -0.118928  
595 21.040000 -0.221468 -0.118233  
596 21.050000 -0.220289 -0.117542  
597 21.060000 -0.219117 -0.116855  
598 21.070000 -0.217952 -0.116173  
599 21.080000 -0.216794 -0.115494  
600 21.090000 -0.215642 -0.114819  
601 21.100000 -0.214497 -0.114148  
602 21.110000 -0.213359 -0.113482  
603 21.120000 -0.212228 -0.112819  
604 21.130000 -0.211103 -0.112160  
605 21.140000 -0.209985 -0.111505  
606 21.150000 -0.208873 -0.110854  
607 21.160000 -0.207768 -0.110207  
608 21.170000 -0.206669 -0.109563  
609 21.180000 -0.205576 -0.108924  
610 21.190000 -0.204490 -0.108288  
611 21.200000 -0.203410 -0.107656  
612 21.210000 -0.202337 -0.107028  
613 21.220000 -0.201270 -0.106404  
614 21.230000 -0.200209 -0.105783  
615 21.240000 -0.199154 -0.105167  
616 21.250000 -0.198106 -0.104554  
617 21.260000 -0.197063 -0.103944  
618 21.270000 -0.196027 -0.103339  
619 21.280000 -0.194996 -0.102737  
620 21.290000 -0.193972 -0.102139  
621 21.300000 -0.192954 -0.101544  
622 21.310000 -0.191941 -0.100953  
623 21.320000 -0.190934 -0.100366  
624 21.330000 -0.189934 -0.099782  
625 21.340000 -0.188939 -0.099202  
626 21.350000 -0.187950 -0.098625  
627 21.360000 -0.186966 -0.098052  
628 21.370000 -0.185989 -0.097482  
629 21.380000 -0.185017 -0.096916  
630 21.390000 -0.184050 -0.096354  
631 21.400000 -0.183090 -0.095795  
632 21.410000 -0.182134 -0.095239  
633 21.420000 -0.181185 -0.094687  
634 21.430000 -0.180241 -0.094138  
635 21.440000 -0.179302 -0.093592  
636 21.450000 -0.178369 -0.093050  
637 21.460000 -0.177441 -0.092511  
638 21.470000 -0.176519 -0.091976  
639 21.480000 -0.175601 -0.091444  
640 21.490000 -0.174690 -0.090915  
641 21.500000 -0.173783 -0.090390  
642 21.510000 -0.172882 -0.089868  
643 21.520000 -0.171986 -0.089349  
644 21.530000 -0.171095 -0.088833  
645 21.540000 -0.170209 -0.088320  
646 21.550000 -0.169328 -0.087811  
647 21.560000 -0.168453 -0.087305  
648 21.570000 -0.167582 -0.086802  
649 21.580000 -0.166717 -0.086302  
650 21.590000 -0.165856 -0.085805  
651 21.600000 -0.165001 -0.085312  
652 21.610000 -0.164150 -0.084821  
653 21.620000 -0.163304 -0.084333  
654 21.630000 -0.162463 -0.083849  
655 21.640000 -0.161627 -0.083368  
656 21.650000 -0.160796 -0.082889  
657 21.660000 -0.159969 -0.082414  
658 21.670000 -0.159148 -0.081941  
659 21.680000 -0.158331 -0.081472  
660 21.690000 -0.157518 -0.081005  
661 21.700000 -0.156711 -0.080542  
662 21.710000 -0.155907 -0.080081  
663 21.720000 -0.155109 -0.079623  
664 21.730000 -0.154315 -0.079168  
665 21.740000 -0.153526 -0.078716  
666 21.750000 -0.152741 -0.078267  
667 21.760000 -0.151960 -0.077820  
668 21.770000 -0.151184 -0.077377  
669 21.780000 -0.150413 -0.076936  
670 21.790000 -0.149645 -0.076498  
671 21.800000 -0.148883 -0.076062  
672 21.810000 -0.148124 -0.075630  
673 21.820000 -0.147370 -0.075200  
674 21.830000 -0.146620 -0.074773  
675 21.840000 -0.145875 -0.074348  
676 21.850000 -0.145133 -0.073926  
677 21.860000 -0.144396 -0.073507  
678 21.870000 -0.143663 -0.073091  
679 21.880000 -0.142934 -0.072677  
680 21.890000 -0.142210 -0.072265  
681 21.900000 -0.141489 -0.071857  
682 21.910000 -0.140772 -0.071450  
683 21.920000 -0.140060 -0.071047  
684 21.930000 -0.139351 -0.070646  
685 21.940000 -0.138647 -0.070247  
686 21.950000 -0.137947 -0.069851  
687 21.960000 -0.137250 -0.069458  
688 21.970000 -0.136557 -0.069066  
689 21.980000 -0.135869 -0.068678  
690 21.990000 -0.135184 -0.068292  
691 22.000000 -0.134503 -0.067908  
692 22.010000 -0.133826 -0.067526  
693 22.020000 -0.133152 -0.067147  
694 22.030000 -0.132483 -0.066771  
695 22.040000 -0.131817 -0.066397  
696 22.050000 -0.131155 -0.066025  
697 22.060000 -0.130496 -0.065655  
698 22.070000 -0.129842 -0.065288  
699 22.080000 -0.129191 -0.064923  
700 22.090000 -0.128543 -0.064560  
701 22.100000 -0.127899 -0.064200  
702 22.110000 -0.127259 -0.063842  
703 22.120000 -0.126623 -0.063486  
704 22.130000 -0.125989 -0.063132  
705 22.140000 -0.125360 -0.062781  
706 22.150000 -0.124734 -0.062432  
707 22.160000 -0.124111 -0.062085  
708 22.170000 -0.123492 -0.061740  
709 22.180000 -0.122876 -0.061397  
710 22.190000 -0.122264 -0.061056  
711 22.200000 -0.121655 -0.060718  
712 22.210000 -0.121050 -0.060382  
713 22.220000 -0.120448 -0.060047  
714 22.230000 -0.119849 -0.059715  
715 22.240000 -0.119253 -0.059385  
716 22.250000 -0.118661 -0.059057  
717 22.260000 -0.118072 -0.058731  
718 22.270000 -0.117486 -0.058407  
719 22.280000 -0.116904 -0.058086  
720 22.290000 -0.116325 -0.057766  
721 22.300000 -0.115749 -0.057448  
722 22.310000 -0.115176 -0.057132  
723 22.320000 -0.114606 -0.056818  
724 22.330000 -0.114039 -0.056506  
725 22.340000 -0.113476 -0.056196  
726 22.350000 -0.112916 -0.055888  
727 22.360000 -0.112358 -0.055582  
728 22.370000 -0.111804 -0.055277  
729 22.380000 -0.111253 -0.054975  
730 22.390000 -0.110704 -0.054674  
731 22.400000 -0.110159 -0.054376  
732 22.410000 -0.109617 -0.054079  
733 22.420000 -0.109078 -0.053784  
734 22.430000 -0.108541 -0.053491  
735 22.440000 -0.108008 -0.053200  
736 22.450000 -0.107477 -0.052910  
737 22.460000 -0.106950 -0.052622  
738 22.470000 -0.106425 -0.052336  
739 22.480000 -0.105903 -0.052052  
740 22.490000 -0.105384 -0.051770  
741 22.500000 -0.104867 -0.051489  
742 22.510000 -0.104354 -0.051210  
743 22.520000 -0.103843 -0.050933  
744 22.530000 -0.103335 -0.050658  
745 22.540000 -0.102830 -0.050384  
746 22.550000 -0.102328 -0.050112  
747 22.560000 -0.101828 -0.049841  
748 22.570000 -0.101331 -0.049573  
749 22.580000 -0.100836 -0.049306  
750 22.590000 -0.100345 -0.049040  
751 22.600000 -0.099855 -0.048776  
752 22.610000 -0.099369 -0.048514  
753 22.620000 -0.098885 -0.048254  
754 22.630000 -0.098404 -0.047995  
755 22.640000 -0.097925 -0.047737  
756 22.650000 -0.097449 -0.047481  
757 22.660000 -0.096976 -0.047227  
758 22.670000 -0.096505 -0.046974  
759 22.680000 -0.096036 -0.046723  
760 22.690000 -0.095570 -0.046474  
761 22.700000 -0.095107 -0.046226  
762 22.710000 -0.094646 -0.045979  
763 22.720000 -0.094187 -0.045734  
764 22.730000 -0.093731 -0.045491  
765 22.740000 -0.093277 -0.045249  
766 22.750000 -0.092826 -0.045008  
767 22.760000 -0.092377 -0.044769  
768 22.770000 -0.091931 -0.044531  
769 22.780000 -0.091486 -0.044295  
770 22.790000 -0.091045 -0.044060  
771 22.800000 -0.090605 -0.043827  
772 22.810000 -0.090168 -0.043595  
773 22.820000 -0.089733 -0.043365  
774 22.830000 -0.089301 -0.043136  
775 22.840000 -0.088871 -0.042908  
776 22.850000 -0.088443 -0.042682  
777 22.860000 -0.088017 -0.042457  
778 22.870000 -0.087594 -0.042233  
779 22.880000 -0.087172 -0.042011  
780 22.890000 -0.086753 -0.041790  
781 22.900000 -0.086337 -0.041570  
782 22.910000 -0.085922 -0.041352  
783 22.920000 -0.085510 -0.041135  
784 22.930000 -0.085099 -0.040920  
785 22.940000 -0.084691 -0.040705  
786 22.950000 -0.084285 -0.040492  
787 22.960000 -0.083881 -0.040281  
788 22.970000 -0.083480 -0.040070  
789 22.980000 -0.083080 -0.039861  
790 22.990000 -0.082682 -0.039653  
791 23.000000 -0.082287 -0.039447  
792 23.010000 -0.081893 -0.039241  
793 23.020000 -0.081502 -0.039037  
794 23.030000 -0.081113 -0.038834  
795 23.040000 -0.080725 -0.038632  
796 23.050000 -0.080340 -0.038432  
797 23.060000 -0.079957 -0.038233  
798 23.070000 -0.079575 -0.038034  
799 23.080000 -0.079196 -0.037838  
800 23.090000 -0.078819 -0.037642  
801 23.100000 -0.078443 -0.037447  
802 23.110000 -0.078070 -0.037254  
803 23.120000 -0.077698 -0.037062  
804 23.130000 -0.077328 -0.036870  
805 23.140000 -0.076961 -0.036680  
806 23.150000 -0.076595 -0.036492  
807 23.160000 -0.076231 -0.036304  
808 23.170000 -0.075869 -0.036117  
809 23.180000 -0.075508 -0.035932  
810 23.190000 -0.075150 -0.035747  
811 23.200000 -0.074793 -0.035564  
812 23.210000 -0.074439 -0.035382  
813 23.220000 -0.074086 -0.035201  
814 23.230000 -0.073735 -0.035021  
815 23.240000 -0.073385 -0.034842  
816 23.250000 -0.073038 -0.034664  
817 23.260000 -0.072692 -0.034487  
818 23.270000 -0.072348 -0.034311  
819 23.280000 -0.072006 -0.034136  
820 23.290000 -0.071665 -0.033963  
821 23.300000 -0.071327 -0.033790  
822 23.310000 -0.070990 -0.033618  
823 23.320000 -0.070654 -0.033448  
824 23.330000 -0.070321 -0.033278  
825 23.340000 -0.069989 -0.033109  
826 23.350000 -0.069658 -0.032941  
827 23.360000 -0.069330 -0.032775  
828 23.370000 -0.069003 -0.032609  
829 23.380000 -0.068678 -0.032444  
830 23.390000 -0.068354 -0.032280  
831 23.400000 -0.068032 -0.032118  
832 23.410000 -0.067712 -0.031956  
833 23.420000 -0.067393 -0.031795  
834 23.430000 -0.067076 -0.031635  
835 23.440000 -0.066760 -0.031476  
836 23.450000 -0.066446 -0.031318  
837 23.460000 -0.066134 -0.031160  
838 23.470000 -0.065823 -0.031004  
839 23.480000 -0.065514 -0.030849  
840 23.490000 -0.065206 -0.030694  
841 23.500000 -0.064900 -0.030541  
842 23.510000 -0.064595 -0.030388  
843 23.520000 -0.064292 -0.030236  
844 23.530000 -0.063991 -0.030085  
845 23.540000 -0.063690 -0.029935  
846 23.550000 -0.063392 -0.029786  
847 23.560000 -0.063095 -0.029638  
848 23.570000 -0.062799 -0.029490  
849 23.580000 -0.062505 -0.029344  
850 23.590000 -0.062212 -0.029198  
851 23.600000 -0.061921 -0.029053  
852 23.610000 -0.061631 -0.028909  
853 23.620000 -0.061343 -0.028766  
854 23.630000 -0.061056 -0.028623  
855 23.640000 -0.060770 -0.028482  
856 23.650000 -0.060486 -0.028341  
857 23.660000 -0.060203 -0.028201  
858 23.670000 -0.059922 -0.028062  
859 23.680000 -0.059642 -0.027924  
860 23.690000 -0.059364 -0.027786  
861 23.700000 -0.059087 -0.027649  
862 23.710000 -0.058811 -0.027513  
863 23.720000 -0.058536 -0.027378  
864 23.730000 -0.058263 -0.027244  
865 23.740000 -0.057991 -0.027110  
866 23.750000 -0.057721 -0.026977  
867 23.760000 -0.057452 -0.026845  
868 23.770000 -0.057184 -0.026714  
869 23.780000 -0.056918 -0.026583  
870 23.790000 -0.056652 -0.026453  
871 23.800000 -0.056388 -0.026324  
872 23.810000 -0.056126 -0.026196  
873 23.820000 -0.055865 -0.026068  
874 23.830000 -0.055605 -0.025941  
875 23.840000 -0.055346 -0.025815  
876 23.850000 -0.055088 -0.025689  
877 23.860000 -0.054832 -0.025564  
878 23.870000 -0.054577 -0.025440  
879 23.880000 -0.054323 -0.025317  
880 23.890000 -0.054071 -0.025194  
881 23.900000 -0.053819 -0.025072  
882 23.910000 -0.053569 -0.024951  
883 23.920000 -0.053320 -0.024830  
884 23.930000 -0.053073 -0.024710  
885 23.940000 -0.052826 -0.024591  
886 23.950000 -0.052581 -0.024472  
887 23.960000 -0.052337 -0.024355  
888 23.970000 -0.052094 -0.024237  
889 23.980000 -0.051852 -0.024121  
890 23.990000 -0.051611 -0.024005  
891 24.000000 -0.051372 -0.023889  
892 24.010000 -0.051133 -0.023775  
893 24.020000 -0.050896 -0.023661  
894 24.030000 -0.050660 -0.023547  
895 24.040000 -0.050425 -0.023435  
896 24.050000 -0.050192 -0.023323  
897 24.060000 -0.049959 -0.023211  
898 24.070000 -0.049727 -0.023100  
899 24.080000 -0.049497 -0.022990  
900 24.090000 -0.049267 -0.022880  
901 24.100000 -0.049039 -0.022771  
902 24.110000 -0.048812 -0.022663  
903 24.120000 -0.048586 -0.022555  
904 24.130000 -0.048361 -0.022448  
905 24.140000 -0.048137 -0.022341  
906 24.150000 -0.047914 -0.022235  
907 24.160000 -0.047692 -0.022130  
908 24.170000 -0.047472 -0.022025  
909 24.180000 -0.047252 -0.021921  
910 24.190000 -0.047033 -0.021817  
911 24.200000 -0.046815 -0.021714  
912 24.210000 -0.046599 -0.021611  
913 24.220000 -0.046383 -0.021509  
914 24.230000 -0.046169 -0.021408  
915 24.240000 -0.045955 -0.021307  
916 24.250000 -0.045743 -0.021207  
917 24.260000 -0.045531 -0.021107  
918 24.270000 -0.045320 -0.021008  
919 24.280000 -0.045111 -0.020909  
920 24.290000 -0.044902 -0.020811  
921 24.300000 -0.044695 -0.020714  
922 24.310000 -0.044488 -0.020617  
923 24.320000 -0.044282 -0.020520  
924 24.330000 -0.044077 -0.020424  
925 24.340000 -0.043874 -0.020329  
926 24.350000 -0.043671 -0.020234  
927 24.360000 -0.043469 -0.020139  
928 24.370000 -0.043268 -0.020045  
929 24.380000 -0.043068 -0.019952  
930 24.390000 -0.042869 -0.019859  
931 24.400000 -0.042671 -0.019767  
932 24.410000 -0.042474 -0.019675  
933 24.420000 -0.042277 -0.019584  
934 24.430000 -0.042082 -0.019493  
935 24.440000 -0.041888 -0.019402  
936 24.450000 -0.041694 -0.019312  
937 24.460000 -0.041501 -0.019223  
938 24.470000 -0.041310 -0.019134  
939 24.480000 -0.041119 -0.019046  
940 24.490000 -0.040929 -0.018958  
941 24.500000 -0.040740 -0.018870  
942 24.510000 -0.040551 -0.018783  
943 24.520000 -0.040364 -0.018697  
944 24.530000 -0.040177 -0.018611  
945 24.540000 -0.039992 -0.018525  
946 24.550000 -0.039807 -0.018440  
947 24.560000 -0.039623 -0.018355  
948 24.570000 -0.039440 -0.018271  
949 24.580000 -0.039257 -0.018187  
950 24.590000 -0.039076 -0.018104  
951 24.600000 -0.038895 -0.018021  
952 24.610000 -0.038716 -0.017939  
953 24.620000 -0.038537 -0.017857  
954 24.630000 -0.038358 -0.017775  
955 24.640000 -0.038181 -0.017694  
956 24.650000 -0.038005 -0.017613  
957 24.660000 -0.037829 -0.017533  
958 24.670000 -0.037654 -0.017453  
959 24.680000 -0.037480 -0.017374  
960 24.690000 -0.037306 -0.017295  
961 24.700000 -0.037134 -0.017216  
962 24.710000 -0.036962 -0.017138  
963 24.720000 -0.036791 -0.017061  
964 24.730000 -0.036621 -0.016983  
965 24.740000 -0.036451 -0.016906  
966 24.750000 -0.036283 -0.016830  
967 24.760000 -0.036115 -0.016754  
968 24.770000 -0.035948 -0.016678  
969 24.780000 -0.035781 -0.016603  
970 24.790000 -0.035616 -0.016528  
971 24.800000 -0.035451 -0.016454  
972 24.810000 -0.035286 -0.016380  
973 24.820000 -0.035123 -0.016306  
974 24.830000 -0.034960 -0.016233  
975 24.840000 -0.034798 -0.016160  
976 24.850000 -0.034637 -0.016087  
977 24.860000 -0.034477 -0.016015  
978 24.870000 -0.034317 -0.015943  
979 24.880000 -0.034158 -0.015872  
980 24.890000 -0.033999 -0.015801  
981 24.900000 -0.033842 -0.015730  
982 24.910000 -0.033685 -0.015660  
983 24.920000 -0.033529 -0.015590  
984 24.930000 -0.033373 -0.015520  
985 24.940000 -0.033218 -0.015451  
986 24.950000 -0.033064 -0.015382  
987 24.960000 -0.032910 -0.015314  
988 24.970000 -0.032758 -0.015246  
989 24.980000 -0.032606 -0.015178  
990 24.990000 -0.032454 -0.015111  
991 25.000000 -0.032303 -0.015044  
992 25.010000 -0.032153 -0.014977  
993 25.020000 -0.032004 -0.014911  
994 25.030000 -0.031855 -0.014845  
995 25.040000 -0.031707 -0.014779  
996 25.050000 -0.031559 -0.014714  
997 25.060000 -0.031413 -0.014649  
998 25.070000 -0.031266 -0.014584  
999 25.080000 -0.031121 -0.014520  
1000 25.090000 -0.030976 -0.014456  
1001 25.100000 -0.030832 -0.014392  
1002 25.110000 -0.030688 -0.014329  
1003 25.120000 -0.030545 -0.014266  
1004 25.130000 -0.030403 -0.014203  
1005 25.140000 -0.030261 -0.014141  
1006 25.150000 -0.030120 -0.014079  
1007 25.160000 -0.029980 -0.014017  
1008 25.170000 -0.029840 -0.013956  
1009 25.180000 -0.029700 -0.013895  
1010 25.190000 -0.029562 -0.013834  
1011 25.200000 -0.029424 -0.013774  
1012 25.210000 -0.029286 -0.013714  
1013 25.220000 -0.029150 -0.013654  
1014 25.230000 -0.029013 -0.013594  
1015 25.240000 -0.028878 -0.013535  
1016 25.250000 -0.028743 -0.013476  
1017 25.260000 -0.028608 -0.013418  
1018 25.270000 -0.028474 -0.013359  
1019 25.280000 -0.028341 -0.013301  
1020 25.290000 -0.028208 -0.013244  
1021 25.300000 -0.028076 -0.013186  
1022 25.310000 -0.027944 -0.013129  
1023 25.320000 -0.027813 -0.013072  
1024 25.330000 -0.027683 -0.013016  
1025 25.340000 -0.027553 -0.012959  
1026 25.350000 -0.027424 -0.012903  
1027 25.360000 -0.027295 -0.012848  
1028 25.370000 -0.027167 -0.012792  
1029 25.380000 -0.027039 -0.012737  
1030 25.390000 -0.026912 -0.012682  
1031 25.400000 -0.026786 -0.012628  
1032 25.410000 -0.026660 -0.012574  
1033 25.420000 -0.026534 -0.012520  
1034 25.430000 -0.026409 -0.012466  
1035 25.440000 -0.026285 -0.012412  
1036 25.450000 -0.026161 -0.012359  
1037 25.460000 -0.026038 -0.012306  
1038 25.470000 -0.025915 -0.012254  
1039 25.480000 -0.025793 -0.012201  
1040 25.490000 -0.025671 -0.012149  
1041 25.500000 -0.025550 -0.012097  
1042 25.510000 -0.025429 -0.012046  
1043 25.520000 -0.025309 -0.011994  
1044 25.530000 -0.025189 -0.011943  
1045 25.540000 -0.025070 -0.011892  
1046 25.550000 -0.024951 -0.011842  
1047 25.560000 -0.024833 -0.011791  
1048 25.570000 -0.024715 -0.011741  
1049 25.580000 -0.024598 -0.011691  
1050 25.590000 -0.024481 -0.011642  
1051 25.600000 -0.024365 -0.011592  
1052 25.610000 -0.024250 -0.011543  
1053 25.620000 -0.024134 -0.011495  
1054 25.630000 -0.024020 -0.011446  
1055 25.640000 -0.023906 -0.011398  
1056 25.650000 -0.023792 -0.011349  
1057 25.660000 -0.023679 -0.011302  
1058 25.670000 -0.023566 -0.011254  
1059 25.680000 -0.023453 -0.011207  
1060 25.690000 -0.023342 -0.011159  
1061 25.700000 -0.023230 -0.011112  
1062 25.710000 -0.023119 -0.011066  
1063 25.720000 -0.023009 -0.011019  
1064 25.730000 -0.022899 -0.010973  
1065 25.740000 -0.022789 -0.010927  
1066 25.750000 -0.022680 -0.010881  
1067 25.760000 -0.022572 -0.010836  
1068 25.770000 -0.022464 -0.010790  
1069 25.780000 -0.022356 -0.010745  
1070 25.790000 -0.022249 -0.010700  
1071 25.800000 -0.022142 -0.010656  
1072 25.810000 -0.022036 -0.010611  
1073 25.820000 -0.021930 -0.010567  
1074 25.830000 -0.021824 -0.010523  
1075 25.840000 -0.021719 -0.010479  
1076 25.850000 -0.021615 -0.010435  
1077 25.860000 -0.021511 -0.010392  
1078 25.870000 -0.021407 -0.010349  
1079 25.880000 -0.021304 -0.010306  
1080 25.890000 -0.021201 -0.010263  
1081 25.900000 -0.021098 -0.010221  
1082 25.910000 -0.020996 -0.010178  
1083 25.920000 -0.020895 -0.010136  
1084 25.930000 -0.020794 -0.010094  
1085 25.940000 -0.020693 -0.010053  
1086 25.950000 -0.020593 -0.010011  
1087 25.960000 -0.020493 -0.009970  
1088 25.970000 -0.020393 -0.009929  
1089 25.980000 -0.020294 -0.009888  
1090 25.990000 -0.020195 -0.009847  
1091 26.000000 -0.020097 -0.009806  
1092 26.010000 -0.019999 -0.009766  
1093 26.020000 -0.019902 -0.009726  
1094 26.030000 -0.019805 -0.009686  
1095 26.040000 -0.019708 -0.009646  
1096 26.050000 -0.019612 -0.009607  
1097 26.060000 -0.019516 -0.009567  
1098 26.070000 -0.019421 -0.009528  
1099 26.080000 -0.019325 -0.009489  
1100 26.090000 -0.019231 -0.009450  
1101 26.100000 -0.019136 -0.009412  
1102 26.110000 -0.019043 -0.009373  
1103 26.120000 -0.018949 -0.009335  
1104 26.130000 -0.018856 -0.009297  
1105 26.140000 -0.018763 -0.009259  
1106 26.150000 -0.018671 -0.009222  
1107 26.160000 -0.018579 -0.009184  
1108 26.170000 -0.018487 -0.009147  
1109 26.180000 -0.018396 -0.009110  
1110 26.190000 -0.018305 -0.009073  
1111 26.200000 -0.018214 -0.009036  
1112 26.210000 -0.018124 -0.008999  
1113 26.220000 -0.018034 -0.008963  
1114 26.230000 -0.017945 -0.008927  
1115 26.240000 -0.017856 -0.008890  
1116 26.250000 -0.017767 -0.008855  
1117 26.260000 -0.017679 -0.008819  
1118 26.270000 -0.017591 -0.008783  
1119 26.280000 -0.017503 -0.008748  
1120 26.290000 -0.017416 -0.008713  
1121 26.300000 -0.017329 -0.008677  
1122 26.310000 -0.017242 -0.008643  
1123 26.320000 -0.017156 -0.008608  
1124 26.330000 -0.017070 -0.008573  
1125 26.340000 -0.016984 -0.008539  
1126 26.350000 -0.016899 -0.008504  
1127 26.360000 -0.016814 -0.008470  
1128 26.370000 -0.016730 -0.008436  
1129 26.380000 -0.016646 -0.008403  
1130 26.390000 -0.016562 -0.008369  
1131 26.400000 -0.016478 -0.008336  
1132 26.410000 -0.016395 -0.008302  
1133 26.420000 -0.016312 -0.008269  
1134 26.430000 -0.016230 -0.008236  
1135 26.440000 -0.016147 -0.008203  
1136 26.450000 -0.016066 -0.008171  
1137 26.460000 -0.015984 -0.008138  
1138 26.470000 -0.015903 -0.008106  
1139 26.480000 -0.015822 -0.008074  
1140 26.490000 -0.015741 -0.008041  
1141 26.500000 -0.015661 -0.008010  
1142 26.510000 -0.015581 -0.007978  
1143 26.520000 -0.015502 -0.007946  
1144 26.530000 -0.015422 -0.007915  
1145 26.540000 -0.015343 -0.007883  
1146 26.550000 -0.015265 -0.007852  
1147 26.560000 -0.015186 -0.007821  
1148 26.570000 -0.015108 -0.007790  
1149 26.580000 -0.015030 -0.007759  
1150 26.590000 -0.014953 -0.007729  
1151 26.600000 -0.014876 -0.007698  
1152 26.610000 -0.014799 -0.007668  
1153 26.620000 -0.014722 -0.007638  
1154 26.630000 -0.014646 -0.007608  
1155 26.640000 -0.014570 -0.007578  
1156 26.650000 -0.014495 -0.007548  
1157 26.660000 -0.014419 -0.007518  
1158 26.670000 -0.014344 -0.007489  
1159 26.680000 -0.014270 -0.007460  
1160 26.690000 -0.014195 -0.007430  
1161 26.700000 -0.014121 -0.007401  
1162 26.710000 -0.014047 -0.007372  
1163 26.720000 -0.013973 -0.007344  
1164 26.730000 -0.013900 -0.007315  
1165 26.740000 -0.013827 -0.007286  
1166 26.750000 -0.013754 -0.007258  
1167 26.760000 -0.013682 -0.007230  
1168 26.770000 -0.013610 -0.007201  
1169 26.780000 -0.013538 -0.007173  
1170 26.790000 -0.013466 -0.007145  
1171 26.800000 -0.013395 -0.007118  
1172 26.810000 -0.013324 -0.007090  
1173 26.820000 -0.013253 -0.007063  
1174 26.830000 -0.013183 -0.007035  
1175 26.840000 -0.013113 -0.007008  
1176 26.850000 -0.013043 -0.006981  
1177 26.860000 -0.012973 -0.006954  
1178 26.870000 -0.012904 -0.006927  
1179 26.880000 -0.012834 -0.006900  
1180 26.890000 -0.012766 -0.006873  
1181 26.900000 -0.012697 -0.006847  
1182 26.910000 -0.012629 -0.006820  
1183 26.920000 -0.012561 -0.006794  
1184 26.930000 -0.012493 -0.006768  
1185 26.940000 -0.012425 -0.006742  
1186 26.950000 -0.012358 -0.006716  
1187 26.960000 -0.012291 -0.006690  
1188 26.970000 -0.012224 -0.006664  
1189 26.980000 -0.012158 -0.006639  
1190 26.990000 -0.012091 -0.006613  
1191 27.000000 -0.012025 -0.006588  
1192 27.010000 -0.011960 -0.006563  
1193 27.020000 -0.011894 -0.006538  
1194 27.030000 -0.011829 -0.006513  
1195 27.040000 -0.011764 -0.006488  
1196 27.050000 -0.011699 -0.006463  
1197 27.060000 -0.011635 -0.006438  
1198 27.070000 -0.011570 -0.006414  
1199 27.080000 -0.011506 -0.006389  
1200 27.090000 -0.011443 -0.006365  
1201 27.100000 -0.011379 -0.006341  
1202 27.110000 -0.011316 -0.006316  
1203 27.120000 -0.011253 -0.006292  
1204 27.130000 -0.011190 -0.006268  
1205 27.140000 -0.011127 -0.006245  
1206 27.150000 -0.011065 -0.006221  
1207 27.160000 -0.011003 -0.006197  
1208 27.170000 -0.010941 -0.006174  
1209 27.180000 -0.010879 -0.006150  
1210 27.190000 -0.010818 -0.006127  
1211 27.200000 -0.010757 -0.006104  
1212 27.210000 -0.010696 -0.006081  
1213 27.220000 -0.010635 -0.006058  
1214 27.230000 -0.010575 -0.006035  
1215 27.240000 -0.010515 -0.006012  
1216 27.250000 -0.010455 -0.005990  
1217 27.260000 -0.010395 -0.005967  
1218 27.270000 -0.010335 -0.005945  
1219 27.280000 -0.010276 -0.005922  
1220 27.290000 -0.010217 -0.005900  
1221 27.300000 -0.010158 -0.005878  
1222 27.310000 -0.010099 -0.005856  
1223 27.320000 -0.010041 -0.005834  
1224 27.330000 -0.009983 -0.005812  
1225 27.340000 -0.009925 -0.005790  
1226 27.350000 -0.009867 -0.005768  
1227 27.360000 -0.009809 -0.005747  
1228 27.370000 -0.009752 -0.005725  
1229 27.380000 -0.009695 -0.005704  
1230 27.390000 -0.009638 -0.005683  
1231 27.400000 -0.009581 -0.005661  
1232 27.410000 -0.009524 -0.005640  
1233 27.420000 -0.009468 -0.005619  
1234 27.430000 -0.009412 -0.005598  
1235 27.440000 -0.009356 -0.005577  
1236 27.450000 -0.009301 -0.005557  
1237 27.460000 -0.009245 -0.005536  
1238 27.470000 -0.009190 -0.005515  
1239 27.480000 -0.009135 -0.005495  
1240 27.490000 -0.009080 -0.005475  
1241 27.500000 -0.009025 -0.005454  
1242 27.510000 -0.008971 -0.005434  
1243 27.520000 -0.008917 -0.005414  
1244 27.530000 -0.008863 -0.005394  
1245 27.540000 -0.008809 -0.005374  
1246 27.550000 -0.008755 -0.005354  
1247 27.560000 -0.008702 -0.005334  
1248 27.570000 -0.008648 -0.005315  
1249 27.580000 -0.008595 -0.005295  
1250 27.590000 -0.008542 -0.005275  
1251 27.600000 -0.008490 -0.005256  
1252 27.610000 -0.008437 -0.005237  
1253 27.620000 -0.008385 -0.005217  
1254 27.630000 -0.008333 -0.005198  
1255 27.640000 -0.008281 -0.005179  
1256 27.650000 -0.008229 -0.005160  
1257 27.660000 -0.008178 -0.005141  
1258 27.670000 -0.008127 -0.005122  
1259 27.680000 -0.008075 -0.005104  
1260 27.690000 -0.008025 -0.005085  
1261 27.700000 -0.007974 -0.005066  
1262 27.710000 -0.007923 -0.005048  
1263 27.720000 -0.007873 -0.005029  
1264 27.730000 -0.007823 -0.005011  
1265 27.740000 -0.007773 -0.004993  
1266 27.750000 -0.007723 -0.004974  
1267 27.760000 -0.007673 -0.004956  
1268 27.770000 -0.007624 -0.004938  
1269 27.780000 -0.007574 -0.004920  
1270 27.790000 -0.007525 -0.004902  
1271 27.800000 -0.007476 -0.004884  
1272 27.810000 -0.007428 -0.004867  
1273 27.820000 -0.007379 -0.004849  
1274 27.830000 -0.007331 -0.004831  
1275 27.840000 -0.007282 -0.004814  
1276 27.850000 -0.007234 -0.004796  
1277 27.860000 -0.007186 -0.004779  
1278 27.870000 -0.007139 -0.004762  
1279 27.880000 -0.007091 -0.004745  
1280 27.890000 -0.007044 -0.004727  
1281 27.900000 -0.006997 -0.004710  
1282 27.910000 -0.006950 -0.004693  
1283 27.920000 -0.006903 -0.004676  
1284 27.930000 -0.006856 -0.004659  
1285 27.940000 -0.006810 -0.004643  
1286 27.950000 -0.006763 -0.004626  
1287 27.960000 -0.006717 -0.004609  
1288 27.970000 -0.006671 -0.004593  
1289 27.980000 -0.006625 -0.004576  
1290 27.990000 -0.006580 -0.004560  
1291 28.000000 -0.006534 -0.004543  
1292 28.010000 -0.006489 -0.004527  
1293 28.020000 -0.006443 -0.004511  
1294 28.030000 -0.006398 -0.004495  
1295 28.040000 -0.006354 -0.004479  
1296 28.050000 -0.006309 -0.004463  
1297 28.060000 -0.006264 -0.004447  
1298 28.070000 -0.006220 -0.004431  
1299 28.080000 -0.006176 -0.004415  
1300 28.090000 -0.006132 -0.004399  
1301 28.100000 -0.006088 -0.004383  
1302 28.110000 -0.006044 -0.004368  
1303 28.120000 -0.006000 -0.004352  
1304 28.130000 -0.005957 -0.004337  
1305 28.140000 -0.005914 -0.004321  
1306 28.150000 -0.005871 -0.004306  
1307 28.160000 -0.005828 -0.004291  
1308 28.170000 -0.005785 -0.004275  
1309 28.180000 -0.005742 -0.004260  
1310 28.190000 -0.005700 -0.004245  
1311 28.200000 -0.005657 -0.004230  
1312 28.210000 -0.005615 -0.004215  
1313 28.220000 -0.005573 -0.004200  
1314 28.230000 -0.005531 -0.004185  
1315 28.240000 -0.005489 -0.004170  
1316 28.250000 -0.005447 -0.004156  
1317 28.260000 -0.005406 -0.004141  
1318 28.270000 -0.005365 -0.004126  
1319 28.280000 -0.005323 -0.004112  
1320 28.290000 -0.005282 -0.004097  
1321 28.300000 -0.005242 -0.004083  
1322 28.310000 -0.005201 -0.004069  
1323 28.320000 -0.005160 -0.004054  
1324 28.330000 -0.005120 -0.004040  
1325 28.340000 -0.005079 -0.004026  
1326 28.350000 -0.005039 -0.004012  
1327 28.360000 -0.004999 -0.003998  
1328 28.370000 -0.004959 -0.003984  
1329 28.380000 -0.004919 -0.003970  
1330 28.390000 -0.004880 -0.003956  
1331 28.400000 -0.004840 -0.003942  
1332 28.410000 -0.004801 -0.003928  
1333 28.420000 -0.004762 -0.003914  
1334 28.430000 -0.004723 -0.003901  
1335 28.440000 -0.004684 -0.003887  
1336 28.450000 -0.004645 -0.003873  
1337 28.460000 -0.004606 -0.003860  
1338 28.470000 -0.004568 -0.003846  
1339 28.480000 -0.004529 -0.003833  
1340 28.490000 -0.004491 -0.003820  
1341 28.500000 -0.004453 -0.003806  
1342 28.510000 -0.004415 -0.003793  
1343 28.520000 -0.004377 -0.003780  
1344 28.530000 -0.004339 -0.003767  
1345 28.540000 -0.004302 -0.003754  
1346 28.550000 -0.004264 -0.003741  
1347 28.560000 -0.004227 -0.003728  
1348 28.570000 -0.004190 -0.003715  
1349 28.580000 -0.004153 -0.003702  
1350 28.590000 -0.004116 -0.003689  
1351 28.600000 -0.004079 -0.003676  
1352 28.610000 -0.004042 -0.003664  
1353 28.620000 -0.004006 -0.003651  
1354 28.630000 -0.003969 -0.003638  
1355 28.640000 -0.003933 -0.003626  
1356 28.650000 -0.003897 -0.003613  
1357 28.660000 -0.003861 -0.003601  
1358 28.670000 -0.003825 -0.003589  
1359 28.680000 -0.003789 -0.003576  
1360 28.690000 -0.003753 -0.003564  
1361 28.700000 -0.003718 -0.003552  
1362 28.710000 -0.003682 -0.003539  
1363 28.720000 -0.003647 -0.003527  
1364 28.730000 -0.003612 -0.003515  
1365 28.740000 -0.003576 -0.003503  
1366 28.750000 -0.003541 -0.003491  
1367 28.760000 -0.003507 -0.003479  
1368 28.770000 -0.003472 -0.003467  
1369 28.780000 -0.003437 -0.003455  
1370 28.790000 -0.003403 -0.003444  
1371 28.800000 -0.003368 -0.003432  
1372 28.810000 -0.003334 -0.003420  
1373 28.820000 -0.003300 -0.003408  
1374 28.830000 -0.003266 -0.003397  
1375 28.840000 -0.003232 -0.003385  
1376 28.850000 -0.003198 -0.003374  
1377 28.860000 -0.003165 -0.003362  
1378 28.870000 -0.003131 -0.003351  
1379 28.880000 -0.003098 -0.003339  
1380 28.890000 -0.003064 -0.003328  
1381 28.900000 -0.003031 -0.003317  
1382 28.910000 -0.002998 -0.003305  
1383 28.920000 -0.002965 -0.003294  
1384 28.930000 -0.002932 -0.003283  
1385 28.940000 -0.002899 -0.003272  
1386 28.950000 -0.002867 -0.003261  
1387 28.960000 -0.002834 -0.003250  
1388 28.970000 -0.002802 -0.003239  
1389 28.980000 -0.002769 -0.003228  
1390 28.990000 -0.002737 -0.003217  
1391 29.000000 -0.002705 -0.003206  
1392 29.010000 -0.002673 -0.003195  
1393 29.020000 -0.002641 -0.003185  
1394 29.030000 -0.002609 -0.003174  
1395 29.040000 -0.002578 -0.003163  
1396 29.050000 -0.002546 -0.003152  
1397 29.060000 -0.002514 -0.003142  
1398 29.070000 -0.002483 -0.003131  
1399 29.080000 -0.002452 -0.003121  
1400 29.090000 -0.002421 -0.003110  
1401 29.100000 -0.002390 -0.003100  
1402 29.110000 -0.002359 -0.003089  
1403 29.120000 -0.002328 -0.003079  
1404 29.130000 -0.002297 -0.003069  
1405 29.140000 -0.002266 -0.003058  
1406 29.150000 -0.002236 -0.003048  
1407 29.160000 -0.002206 -0.003038  
1408 29.170000 -0.002175 -0.003028  
1409 29.180000 -0.002145 -0.003018  
1410 29.190000 -0.002115 -0.003008  
1411 29.200000 -0.002085 -0.002998  
1412 29.210000 -0.002055 -0.002988  
1413 29.220000 -0.002025 -0.002978  
1414 29.230000 -0.001995 -0.002968  
1415 29.240000 -0.001966 -0.002958  
1416 29.250000 -0.001936 -0.002948  
1417 29.260000 -0.001907 -0.002938  
1418 29.270000 -0.001877 -0.002929  
1419 29.280000 -0.001848 -0.002919  
1420 29.290000 -0.001819 -0.002909  
1421 29.300000 -0.001790 -0.002899  
1422 29.310000 -0.001761 -0.002890  
1423 29.320000 -0.001732 -0.002880  
1424 29.330000 -0.001703 -0.002871  
1425 29.340000 -0.001675 -0.002861  
1426 29.350000 -0.001646 -0.002852  
1427 29.360000 -0.001618 -0.002842  
1428 29.370000 -0.001589 -0.002833  
1429 29.380000 -0.001561 -0.002824  
1430 29.390000 -0.001533 -0.002814  
1431 29.400000 -0.001505 -0.002805  
1432 29.410000 -0.001477 -0.002796  
1433 29.420000 -0.001449 -0.002787  
1434 29.430000 -0.001421 -0.002777  
1435 29.440000 -0.001393 -0.002768  
1436 29.450000 -0.001366 -0.002759  
1437 29.460000 -0.001338 -0.002750  
1438 29.470000 -0.001311 -0.002741  
1439 29.480000 -0.001283 -0.002732  
1440 29.490000 -0.001256 -0.002723  
1441 29.500000 -0.001229 -0.002714  
1442 29.510000 -0.001202 -0.002705  
1443 29.520000 -0.001175 -0.002696  
1444 29.530000 -0.001148 -0.002688  
1445 29.540000 -0.001121 -0.002679  
1446 29.550000 -0.001094 -0.002670  
1447 29.560000 -0.001068 -0.002661  
1448 29.570000 -0.001041 -0.002653  
1449 29.580000 -0.001015 -0.002644  
1450 29.590000 -0.000988 -0.002635  
1451 29.600000 -0.000962 -0.002627  
1452 29.610000 -0.000936 -0.002618  
1453 29.620000 -0.000909 -0.002610  
1454 29.630000 -0.000883 -0.002601  
1455 29.640000 -0.000857 -0.002593  
1456 29.650000 -0.000832 -0.002584  
1457 29.660000 -0.000806 -0.002576  
1458 29.670000 -0.000780 -0.002567  
1459 29.680000 -0.000754 -0.002559  
1460 29.690000 -0.000729 -0.002551  
1461 29.700000 -0.000703 -0.002543  
1462 29.710000 -0.000678 -0.002534  
1463 29.720000 -0.000653 -0.002526  
1464 29.730000 -0.000628 -0.002518  
1465 29.740000 -0.000602 -0.002510  
1466 29.750000 -0.000577 -0.002502  
1467 29.760000 -0.000552 -0.002494  
1468 29.770000 -0.000527 -0.002486  
1469 29.780000 -0.000503 -0.002478  
1470 29.790000 -0.000478 -0.002470  
1471 29.800000 -0.000453 -0.002462  
1472 29.810000 -0.000429 -0.002454  
1473 29.820000 -0.000404 -0.002446  
1474 29.830000 -0.000380 -0.002438  
1475 29.840000 -0.000355 -0.002430  
1476 29.850000 -0.000331 -0.002422  
1477 29.860000 -0.000307 -0.002414  
1478 29.870000 -0.000283 -0.002407  
1479 29.880000 -0.000259 -0.002399  
1480 29.890000 -0.000235 -0.002391  
1481 29.900000 -0.000211 -0.002384  
1482 29.910000 -0.000187 -0.002376  
1483 29.920000 -0.000163 -0.002368  
1484 29.930000 -0.000140 -0.002361  
1485 29.940000 -0.000116 -0.002353  
1486 29.950000 -0.000093 -0.002346  
1487 29.960000 -0.000069 -0.002338  
1488 29.970000 -0.000046 -0.002331  
1489 29.980000 -0.000023 -0.002323  
1490 29.990000 0.000000 -0.002316  
