1 15.100000 1508554954.555481 90635443190.245560  
2 15.110000 850849697.403075 46479088468.090790  
3 15.120000 504391967.458503 25260704547.270561  
4 15.130000 311774747.513300 14415107508.734016  
5 15.140000 199699446.543764 8574950042.630734  
6 15.150000 131898555.452266 5286823316.691075  
7 15.160000 89476417.741517 3362781875.262308  
8 15.170000 62140407.855980 2198367208.117494  
9 15.180000 44062574.902331 1472442501.374712  
10 15.190000 31828676.868578 1007796601.487812  
11 15.200000 23377248.676831 703297872.704065  
12 15.210000 17429645.499069 499475612.669397  
13 15.220000 13173368.526817 360403917.918054  
14 15.230000 10080731.470882 263846364.226671  
15 15.240000 7802165.531936 195732836.236779  
16 15.250000 6101876.292186 146979712.268706  
17 15.260000 4818161.747434 111613746.584862  
18 15.270000 3838432.810988 85640062.868398  
19 15.280000 3083190.342944 66344936.984125  
20 15.290000 2495567.649689 51858161.077528  
21 15.300000 2034395.132684 40873493.556678  
22 15.310000 1669531.999865 32467169.036401  
23 15.320000 1378680.290579 25978280.250441  
24 15.330000 1145182.376869 20928822.897545  
25 15.340000 956479.933812 16969545.367923  
26 15.350000 803023.511746 13842821.143473  
27 15.360000 677492.755344 11356897.078638  
28 15.370000 574233.201318 9367837.072885  
29 15.380000 488845.675118 7766731.400259  
30 15.390000 417884.283225 6470548.251401  
31 15.400000 358632.416631 5415530.391175  
32 15.410000 308935.295432 4552387.539247  
33 15.420000 267073.840187 3842767.365738  
34 15.430000 231668.992078 3256644.830467  
35 15.440000 201608.638201 2770376.561029  
36 15.450000 175991.440550 2365240.620752  
37 15.460000 154083.392502 2026333.199395  
38 15.470000 135284.021474 1741729.634108  
39 15.480000 119099.948326 1501842.522042  
40 15.490000 105124.091137 1298927.746316  
41 15.500000 93019.224411 1126702.199042  
42 15.510000 82504.917602 980046.355335  
43 15.520000 73347.109396 854771.672740  
44 15.530000 65349.748190 747437.787972  
45 15.540000 58348.060152 655208.167941  
46 15.550000 52203.105299 575735.605758  
47 15.560000 46797.357475 507070.992448  
48 15.570000 42031.101753 447590.325912  
49 15.580000 37819.487144 395936.073658  
50 15.590000 34090.106750 350969.881783  
51 15.600000 30781.004075 311734.290346  
52 15.610000 27839.024949 277421.626658  
53 15.620000 25218.450750 247348.641525  
54 15.630000 22879.861368 220935.757638  
55 15.640000 20789.186428 197690.035441  
56 15.650000 18916.911304 177191.145907  
57 15.660000 17237.410777 159079.783755  
58 15.670000 15728.388285 143048.067884  
59 15.680000 14370.402784 128831.565146  
60 15.690000 13146.468503 116202.644313  
61 15.700000 12041.715510 104964.923308  
62 15.710000 11043.101165 94948.617570  
63 15.720000 10139.164236 86006.633326  
64 15.730000 9319.814910 78011.278268  
65 15.740000 8576.155045 70851.485374  
66 15.750000 7900.323991 64430.464276  
67 15.760000 7285.366045 58663.709798  
68 15.770000 6725.116295 53477.309567  
69 15.780000 6214.102087 48806.502668  
70 15.790000 5747.457823 44594.449512  
71 15.800000 5320.851146 40791.179808  
72 15.810000 4930.418867 37352.691037  
73 15.820000 4572.711254 34240.174409  
74 15.830000 4244.643513 31419.348989  
75 15.840000 3943.453443 28859.887830  
76 15.850000 3666.664439 26534.922486  
77 15.860000 3412.053097 24420.614465  
78 15.870000 3177.620817 22495.783919  
79 15.880000 2961.568867 20741.587397  
80 15.890000 2762.276448 19141.237710  
81 15.900000 2578.281383 17679.760021  
82 15.910000 2408.263081 16343.779137  
83 15.920000 2251.027488 15121.333727  
84 15.930000 2105.493778 14001.713814  
85 15.940000 1970.682572 12975.318421  
86 15.950000 1845.705481 12033.530685  
87 15.960000 1729.755827 11168.608151  
88 15.970000 1622.100393 10373.586256  
89 15.980000 1522.072074 9642.193317  
90 15.990000 1429.063337 8968.775541  
91 16.000000 1342.520375 8348.230799  
92 16.010000 1261.937890 7775.950060  
93 16.020000 1186.854430 7247.765537  
94 16.030000 1116.848206 6759.904723  
95 16.040000 1051.533352 6308.949592  
96 16.050000 990.556560 5891.800352  
97 16.060000 933.594066 5505.643196  
98 16.070000 880.348937 5147.921586  
99 16.080000 830.548622 4816.310648  
100 16.090000 783.942762 4508.694321  
101 16.100000 740.301198 4223.144943  
102 16.110000 699.412183 3957.904985  
103 16.120000 661.080762 3711.370708  
104 16.130000 625.127312 3482.077509  
105 16.140000 591.386216 3268.686781  
106 16.150000 559.704661 3069.974105  
107 16.160000 529.941554 2884.818650  
108 16.170000 501.966530 2712.193624  
109 16.180000 475.659059 2551.157687  
110 16.190000 450.907632 2400.847202  
111 16.200000 427.609014 2260.469253  
112 16.210000 405.667574 2129.295336  
113 16.220000 384.994666 2006.655661  
114 16.230000 365.508072 1891.933996  
115 16.240000 347.131489 1784.563007  
116 16.250000 329.794057 1684.020024  
117 16.260000 313.429938 1589.823221  
118 16.270000 297.977924 1501.528128  
119 16.280000 283.381074 1418.724487  
120 16.290000 269.586395 1341.033375  
121 16.300000 256.544535 1268.104600  
122 16.310000 244.209511 1199.614330  
123 16.320000 232.538455 1135.262926  
124 16.330000 221.491383 1074.772979  
125 16.340000 211.030983 1017.887508  
126 16.350000 201.122414 964.368325  
127 16.360000 191.733133 913.994536  
128 16.370000 182.832724 866.561172  
129 16.380000 174.392744 821.877941  
130 16.390000 166.386588 779.768079  
131 16.400000 158.789354 740.067306  
132 16.410000 151.577722 702.622865  
133 16.420000 144.729850 667.292637  
134 16.430000 138.225264 633.944339  
135 16.440000 132.044768 602.454781  
136 16.450000 126.170356 572.709182  
137 16.460000 120.585129 544.600550  
138 16.470000 115.273222 518.029100  
139 16.480000 110.219734 492.901730  
140 16.490000 105.410664 469.131531  
141 16.500000 100.832851 446.637337  
142 16.510000 96.473917 425.343316  
143 16.520000 92.322221 405.178583  
144 16.530000 88.366803 386.076852  
145 16.540000 84.597347 367.976107  
146 16.550000 81.004138 350.818308  
147 16.560000 77.578020 334.549108  
148 16.570000 74.310364 319.117600  
149 16.580000 71.193035 304.476078  
150 16.590000 68.218358 290.579819  
151 16.600000 65.379094 277.386880  
152 16.610000 62.668408 264.857907  
153 16.620000 60.079846 252.955966  
154 16.630000 57.607314 241.646376  
155 16.640000 55.245053 230.896561  
156 16.650000 52.987619 220.675912  
157 16.660000 50.829867 210.955656  
158 16.670000 48.766929 201.708736  
159 16.680000 46.794199 192.909702  
160 16.690000 44.907322 184.534604  
161 16.700000 43.102169 176.560897  
162 16.710000 41.374837 168.967351  
163 16.720000 39.721622 161.733968  
164 16.730000 38.139020 154.841903  
165 16.740000 36.623706 148.273394  
166 16.750000 35.172529 142.011691  
167 16.760000 33.782502 136.040995  
168 16.770000 32.450789 130.346400  
169 16.780000 31.174700 124.913836  
170 16.790000 29.951683 119.730019  
171 16.800000 28.779313 114.782403  
172 16.810000 27.655287 110.059136  
173 16.820000 26.577420 105.549018  
174 16.830000 25.543632 101.241462  
175 16.840000 24.551949 97.126454  
176 16.850000 23.600493 93.194527  
177 16.860000 22.687478 89.436721  
178 16.870000 21.811206 85.844557  
179 16.880000 20.970061 82.410007  
180 16.890000 20.162506 79.125472  
181 16.900000 19.387076 75.983750  
182 16.910000 18.642378 72.978022  
183 16.920000 17.927084 70.101822  
184 16.930000 17.239930 67.349022  
185 16.940000 16.579711 64.713811  
186 16.950000 15.945280 62.190678  
187 16.960000 15.335542 59.774394  
188 16.970000 14.749453 57.459996  
189 16.980000 14.186018 55.242775  
190 16.990000 13.644288 53.118259  
191 17.000000 13.123358 51.082201  
192 17.010000 12.622363 49.130567  
193 17.020000 12.140478 47.259524  
194 17.030000 11.676916 45.465430  
195 17.040000 11.230924 43.744821  
196 17.050000 10.801785 42.094406  
197 17.060000 10.388813 40.511053  
198 17.070000 9.991351 38.991783  
199 17.080000 9.608773 37.533762  
200 17.090000 9.240480 36.134293  
201 17.100000 8.885900 34.790808  
202 17.110000 8.544486 33.500863  
203 17.120000 8.215712 32.262129  
204 17.130000 7.899080 31.072390  
205 17.140000 7.594108 29.929531  
206 17.150000 7.300340 28.831540  
207 17.160000 7.017334 27.776498  
208 17.170000 6.744673 26.762575  
209 17.180000 6.481952 25.788027  
210 17.190000 6.228786 24.851189  
211 17.200000 5.984808 23.950475  
212 17.210000 5.749662 23.084370  
213 17.220000 5.523010 22.251428  
214 17.230000 5.304527 21.450272  
215 17.240000 5.093903 20.679582  
216 17.250000 4.890838 19.938103  
217 17.260000 4.695047 19.224632  
218 17.270000 4.506256 18.538023  
219 17.280000 4.324201 17.877180  
220 17.290000 4.148630 17.241055  
221 17.300000 3.979301 16.628647  
222 17.310000 3.815981 16.038999  
223 17.320000 3.658448 15.471196  
224 17.330000 3.506487 14.924364  
225 17.340000 3.359894 14.397664  
226 17.350000 3.218470 13.890297  
227 17.360000 3.082026 13.401497  
228 17.370000 2.950380 12.930530  
229 17.380000 2.823358 12.476695  
230 17.390000 2.700791 12.039320  
231 17.400000 2.582519 11.617763  
232 17.410000 2.468385 11.211407  
233 17.420000 2.358242 10.819663  
234 17.430000 2.251945 10.441965  
235 17.440000 2.149358 10.077773  
236 17.450000 2.050347 9.726568  
237 17.460000 1.954785 9.387853  
238 17.470000 1.862550 9.061151  
239 17.480000 1.773523 8.746006  
240 17.490000 1.687592 8.441979  
241 17.500000 1.604648 8.148651  
242 17.510000 1.524585 7.865619  
243 17.520000 1.447303 7.592497  
244 17.530000 1.372703 7.328913  
245 17.540000 1.300694 7.074513  
246 17.550000 1.231184 6.828954  
247 17.560000 1.164086 6.591909  
248 17.570000 1.099318 6.363065  
249 17.580000 1.036799 6.142117  
250 17.590000 0.976450 5.928778  
251 17.600000 0.918199 5.722767  
252 17.610000 0.861971 5.523819  
253 17.620000 0.807700 5.331675  
254 17.630000 0.755316 5.146089  
255 17.640000 0.704757 4.966825  
256 17.650000 0.655959 4.793653  
257 17.660000 0.608864 4.626354  
258 17.670000 0.563413 4.464719  
259 17.680000 0.519551 4.308545  
260 17.690000 0.477225 4.157637  
261 17.700000 0.436382 4.011807  
262 17.710000 0.396972 3.870877  
263 17.720000 0.358949 3.734672  
264 17.730000 0.322264 3.603026  
265 17.740000 0.286873 3.475778  
266 17.750000 0.252734 3.352776  
267 17.760000 0.219804 3.233869  
268 17.770000 0.188043 3.118915  
269 17.780000 0.157413 3.007777  
270 17.790000 0.127876 2.900323  
271 17.800000 0.099395 2.796424  
272 17.810000 0.071936 2.695958  
273 17.820000 0.045465 2.598808  
274 17.830000 0.019949 2.504858  
275 17.840000 -0.004643 2.414000  
276 17.850000 -0.028341 2.326127  
277 17.860000 -0.051175 2.241139  
278 17.870000 -0.073173 2.158936  
279 17.880000 -0.094363 2.079425  
280 17.890000 -0.114770 2.002515  
281 17.900000 -0.134421 1.928117  
282 17.910000 -0.153341 1.856147  
283 17.920000 -0.171552 1.786523  
284 17.930000 -0.189079 1.719167  
285 17.940000 -0.205943 1.654002  
286 17.950000 -0.222166 1.590957  
287 17.960000 -0.237769 1.529960  
288 17.970000 -0.252772 1.470942  
289 17.980000 -0.267194 1.413839  
290 17.990000 -0.281055 1.358588  
291 18.000000 -0.294372 1.305126  
292 18.010000 -0.307163 1.253395  
293 18.020000 -0.319445 1.203338  
294 18.030000 -0.331235 1.154901  
295 18.040000 -0.342548 1.108030  
296 18.050000 -0.353401 1.062673  
297 18.060000 -0.363807 1.018783  
298 18.070000 -0.373781 0.976310  
299 18.080000 -0.383337 0.935209  
300 18.090000 -0.392490 0.895435  
301 18.100000 -0.401250 0.856946  
302 18.110000 -0.409633 0.819700  
303 18.120000 -0.417648 0.783656  
304 18.130000 -0.425310 0.748777  
305 18.140000 -0.432628 0.715025  
306 18.150000 -0.439614 0.682363  
307 18.160000 -0.446279 0.650757  
308 18.170000 -0.452632 0.620172  
309 18.180000 -0.458685 0.590578  
310 18.190000 -0.464447 0.561941  
311 18.200000 -0.469927 0.534231  
312 18.210000 -0.475135 0.507419  
313 18.220000 -0.480079 0.481477  
314 18.230000 -0.484767 0.456377  
315 18.240000 -0.489209 0.432092  
316 18.250000 -0.493412 0.408597  
317 18.260000 -0.497383 0.385867  
318 18.270000 -0.501131 0.363877  
319 18.280000 -0.504663 0.342605  
320 18.290000 -0.507986 0.322027  
321 18.300000 -0.511106 0.302123  
322 18.310000 -0.514030 0.282871  
323 18.320000 -0.516765 0.264250  
324 18.330000 -0.519317 0.246242  
325 18.340000 -0.521692 0.228826  
326 18.350000 -0.523896 0.211985  
327 18.360000 -0.525934 0.195701  
328 18.370000 -0.527812 0.179956  
329 18.380000 -0.529535 0.164733  
330 18.390000 -0.531108 0.150017  
331 18.400000 -0.532537 0.135791  
332 18.410000 -0.533825 0.122041  
333 18.420000 -0.534979 0.108752  
334 18.430000 -0.536002 0.095909  
335 18.440000 -0.536899 0.083499  
336 18.450000 -0.537673 0.071509  
337 18.460000 -0.538330 0.059925  
338 18.470000 -0.538873 0.048735  
339 18.480000 -0.539306 0.037927  
340 18.490000 -0.539633 0.027490  
341 18.500000 -0.539857 0.017411  
342 18.510000 -0.539982 0.007680  
343 18.520000 -0.540012 -0.001713  
344 18.530000 -0.539949 -0.010780  
345 18.540000 -0.539797 -0.019530  
346 18.550000 -0.539560 -0.027973  
347 18.560000 -0.539239 -0.036118  
348 18.570000 -0.538838 -0.043975  
349 18.580000 -0.538360 -0.051551  
350 18.590000 -0.537808 -0.058857  
351 18.600000 -0.537184 -0.065899  
352 18.610000 -0.536491 -0.072686  
353 18.620000 -0.535731 -0.079227  
354 18.630000 -0.534907 -0.085527  
355 18.640000 -0.534021 -0.091595  
356 18.650000 -0.533076 -0.097438  
357 18.660000 -0.532073 -0.103063  
358 18.670000 -0.531015 -0.108476  
359 18.680000 -0.529905 -0.113683  
360 18.690000 -0.528742 -0.118692  
361 18.700000 -0.527531 -0.123508  
362 18.710000 -0.526273 -0.128137  
363 18.720000 -0.524969 -0.132584  
364 18.730000 -0.523622 -0.136856  
365 18.740000 -0.522233 -0.140957  
366 18.750000 -0.520803 -0.144893  
367 18.760000 -0.519335 -0.148669  
368 18.770000 -0.517830 -0.152290  
369 18.780000 -0.516290 -0.155760  
370 18.790000 -0.514716 -0.159084  
371 18.800000 -0.513109 -0.162267  
372 18.810000 -0.511471 -0.165312  
373 18.820000 -0.509803 -0.168225  
374 18.830000 -0.508107 -0.171009  
375 18.840000 -0.506383 -0.173668  
376 18.850000 -0.504634 -0.176206  
377 18.860000 -0.502860 -0.178627  
378 18.870000 -0.501062 -0.180934  
379 18.880000 -0.499241 -0.183131  
380 18.890000 -0.497399 -0.185221  
381 18.900000 -0.495537 -0.187208  
382 18.910000 -0.493656 -0.189095  
383 18.920000 -0.491756 -0.190884  
384 18.930000 -0.489838 -0.192579  
385 18.940000 -0.487904 -0.194183  
386 18.950000 -0.485955 -0.195699  
387 18.960000 -0.483991 -0.197129  
388 18.970000 -0.482012 -0.198476  
389 18.980000 -0.480021 -0.199743  
390 18.990000 -0.478018 -0.200932  
391 19.000000 -0.476003 -0.202046  
392 19.010000 -0.473977 -0.203087  
393 19.020000 -0.471941 -0.204057  
394 19.030000 -0.469896 -0.204959  
395 19.040000 -0.467842 -0.205794  
396 19.050000 -0.465781 -0.206565  
397 19.060000 -0.463711 -0.207274  
398 19.070000 -0.461635 -0.207923  
399 19.080000 -0.459553 -0.208514  
400 19.090000 -0.457465 -0.209049  
401 19.100000 -0.455372 -0.209529  
402 19.110000 -0.453275 -0.209956  
403 19.120000 -0.451173 -0.210332  
404 19.130000 -0.449068 -0.210659  
405 19.140000 -0.446960 -0.210938  
406 19.150000 -0.444850 -0.211171  
407 19.160000 -0.442737 -0.211360  
408 19.170000 -0.440623 -0.211505  
409 19.180000 -0.438507 -0.211608  
410 19.190000 -0.436391 -0.211671  
411 19.200000 -0.434274 -0.211695  
412 19.210000 -0.432157 -0.211682  
413 19.220000 -0.430040 -0.211632  
414 19.230000 -0.427924 -0.211547  
415 19.240000 -0.425809 -0.211428  
416 19.250000 -0.423696 -0.211276  
417 19.260000 -0.421584 -0.211092  
418 19.270000 -0.419474 -0.210878  
419 19.280000 -0.417367 -0.210634  
420 19.290000 -0.415262 -0.210362  
421 19.300000 -0.413159 -0.210062  
422 19.310000 -0.411060 -0.209736  
423 19.320000 -0.408965 -0.209385  
424 19.330000 -0.406873 -0.209009  
425 19.340000 -0.404785 -0.208609  
426 19.350000 -0.402701 -0.208186  
427 19.360000 -0.400621 -0.207741  
428 19.370000 -0.398546 -0.207275  
429 19.380000 -0.396476 -0.206789  
430 19.390000 -0.394410 -0.206283  
431 19.400000 -0.392350 -0.205758  
432 19.410000 -0.390295 -0.205215  
433 19.420000 -0.388246 -0.204654  
434 19.430000 -0.386202 -0.204077  
435 19.440000 -0.384164 -0.203483  
436 19.450000 -0.382133 -0.202875  
437 19.460000 -0.380107 -0.202251  
438 19.470000 -0.378088 -0.201613  
439 19.480000 -0.376075 -0.200962  
440 19.490000 -0.374068 -0.200297  
441 19.500000 -0.372069 -0.199620  
442 19.510000 -0.370076 -0.198931  
443 19.520000 -0.368090 -0.198230  
444 19.530000 -0.366111 -0.197519  
445 19.540000 -0.364140 -0.196797  
446 19.550000 -0.362176 -0.196065  
447 19.560000 -0.360219 -0.195324  
448 19.570000 -0.358269 -0.194573  
449 19.580000 -0.356327 -0.193814  
450 19.590000 -0.354393 -0.193047  
451 19.600000 -0.352466 -0.192272  
452 19.610000 -0.350547 -0.191490  
453 19.620000 -0.348636 -0.190700  
454 19.630000 -0.346733 -0.189904  
455 19.640000 -0.344838 -0.189102  
456 19.650000 -0.342951 -0.188294  
457 19.660000 -0.341073 -0.187480  
458 19.670000 -0.339202 -0.186661  
459 19.680000 -0.337339 -0.185837  
460 19.690000 -0.335485 -0.185008  
461 19.700000 -0.333639 -0.184175  
462 19.710000 -0.331802 -0.183338  
463 19.720000 -0.329972 -0.182498  
464 19.730000 -0.328152 -0.181654  
465 19.740000 -0.326339 -0.180806  
466 19.750000 -0.324536 -0.179956  
467 19.760000 -0.322740 -0.179103  
468 19.770000 -0.320954 -0.178248  
469 19.780000 -0.319175 -0.177390  
470 19.790000 -0.317406 -0.176531  
471 19.800000 -0.315645 -0.175670  
472 19.810000 -0.313892 -0.174807  
473 19.820000 -0.312149 -0.173943  
474 19.830000 -0.310413 -0.173077  
475 19.840000 -0.308687 -0.172211  
476 19.850000 -0.306969 -0.171344  
477 19.860000 -0.305260 -0.170476  
478 19.870000 -0.303560 -0.169608  
479 19.880000 -0.301868 -0.168740  
480 19.890000 -0.300185 -0.167872  
481 19.900000 -0.298511 -0.167004  
482 19.910000 -0.296845 -0.166135  
483 19.920000 -0.295188 -0.165268  
484 19.930000 -0.293540 -0.164401  
485 19.940000 -0.291900 -0.163534  
486 19.950000 -0.290269 -0.162669  
487 19.960000 -0.288646 -0.161804  
488 19.970000 -0.287033 -0.160940  
489 19.980000 -0.285428 -0.160078  
490 19.990000 -0.283831 -0.159217  
491 20.000000 -0.282243 -0.158357  
492 20.010000 -0.280664 -0.157499  
493 20.020000 -0.279093 -0.156642  
494 20.030000 -0.277531 -0.155787  
495 20.040000 -0.275978 -0.154934  
496 20.050000 -0.274433 -0.154083  
497 20.060000 -0.272896 -0.153233  
498 20.070000 -0.271368 -0.152386  
499 20.080000 -0.269848 -0.151541  
500 20.090000 -0.268337 -0.150698  
501 20.100000 -0.266834 -0.149858  
502 20.110000 -0.265340 -0.149020  
503 20.120000 -0.263854 -0.148184  
504 20.130000 -0.262376 -0.147351  
505 20.140000 -0.260907 -0.146521  
506 20.150000 -0.259446 -0.145693  
507 20.160000 -0.257993 -0.144868  
508 20.170000 -0.256548 -0.144046  
509 20.180000 -0.255112 -0.143226  
510 20.190000 -0.253684 -0.142410  
511 20.200000 -0.252264 -0.141596  
512 20.210000 -0.250852 -0.140786  
513 20.220000 -0.249448 -0.139978  
514 20.230000 -0.248052 -0.139174  
515 20.240000 -0.246665 -0.138372  
516 20.250000 -0.245285 -0.137574  
517 20.260000 -0.243913 -0.136779  
518 20.270000 -0.242549 -0.135987  
519 20.280000 -0.241193 -0.135199  
520 20.290000 -0.239845 -0.134414  
521 20.300000 -0.238505 -0.133632  
522 20.310000 -0.237173 -0.132853  
523 20.320000 -0.235848 -0.132078  
524 20.330000 -0.234531 -0.131307  
525 20.340000 -0.233222 -0.130539  
526 20.350000 -0.231920 -0.129774  
527 20.360000 -0.230626 -0.129013  
528 20.370000 -0.229340 -0.128255  
529 20.380000 -0.228061 -0.127501  
530 20.390000 -0.226790 -0.126751  
531 20.400000 -0.225526 -0.126004  
532 20.410000 -0.224270 -0.125260  
533 20.420000 -0.223021 -0.124520  
534 20.430000 -0.221779 -0.123784  
535 20.440000 -0.220545 -0.123052  
536 20.450000 -0.219318 -0.122323  
537 20.460000 -0.218099 -0.121598  
538 20.470000 -0.216886 -0.120876  
539 20.480000 -0.215681 -0.120158  
540 20.490000 -0.214483 -0.119444  
541 20.500000 -0.213292 -0.118733  
542 20.510000 -0.212109 -0.118027  
543 20.520000 -0.210932 -0.117323  
544 20.530000 -0.209762 -0.116624  
545 20.540000 -0.208599 -0.115928  
546 20.550000 -0.207444 -0.115236  
547 20.560000 -0.206295 -0.114548  
548 20.570000 -0.205153 -0.113863  
549 20.580000 -0.204017 -0.113183  
550 20.590000 -0.202889 -0.112505  
551 20.600000 -0.201767 -0.111832  
552 20.610000 -0.200652 -0.111162  
553 20.620000 -0.199544 -0.110496  
554 20.630000 -0.198442 -0.109834  
555 20.640000 -0.197347 -0.109175  
556 20.650000 -0.196259 -0.108520  
557 20.660000 -0.195177 -0.107869  
558 20.670000 -0.194101 -0.107221  
559 20.680000 -0.193032 -0.106577  
560 20.690000 -0.191970 -0.105937  
561 20.700000 -0.190914 -0.105300  
562 20.710000 -0.189864 -0.104668  
563 20.720000 -0.188820 -0.104038  
564 20.730000 -0.187783 -0.103413  
565 20.740000 -0.186752 -0.102791  
566 20.750000 -0.185727 -0.102172  
567 20.760000 -0.184709 -0.101558  
568 20.770000 -0.183696 -0.100946  
569 20.780000 -0.182690 -0.100339  
570 20.790000 -0.181689 -0.099735  
571 20.800000 -0.180695 -0.099134  
572 20.810000 -0.179707 -0.098538  
573 20.820000 -0.178724 -0.097944  
574 20.830000 -0.177748 -0.097355  
575 20.840000 -0.176777 -0.096768  
576 20.850000 -0.175812 -0.096186  
577 20.860000 -0.174853 -0.095607  
578 20.870000 -0.173900 -0.095031  
579 20.880000 -0.172953 -0.094459  
580 20.890000 -0.172011 -0.093890  
581 20.900000 -0.171075 -0.093325  
582 20.910000 -0.170144 -0.092763  
583 20.920000 -0.169220 -0.092204  
584 20.930000 -0.168300 -0.091649  
585 20.940000 -0.167387 -0.091098  
586 20.950000 -0.166478 -0.090550  
587 20.960000 -0.165576 -0.090005  
588 20.970000 -0.164678 -0.089463  
589 20.980000 -0.163786 -0.088925  
590 20.990000 -0.162900 -0.088390  
591 21.000000 -0.162019 -0.087859  
592 21.010000 -0.161143 -0.087331  
593 21.020000 -0.160272 -0.086806  
594 21.030000 -0.159406 -0.086284  
595 21.040000 -0.158546 -0.085766  
596 21.050000 -0.157691 -0.085250  
597 21.060000 -0.156841 -0.084738  
598 21.070000 -0.155996 -0.084230  
599 21.080000 -0.155157 -0.083724  
600 21.090000 -0.154322 -0.083222  
601 21.100000 -0.153492 -0.082723  
602 21.110000 -0.152667 -0.082227  
603 21.120000 -0.151848 -0.081734  
604 21.130000 -0.151033 -0.081244  
605 21.140000 -0.150223 -0.080757  
606 21.150000 -0.149418 -0.080273  
607 21.160000 -0.148617 -0.079793  
608 21.170000 -0.147822 -0.079315  
609 21.180000 -0.147031 -0.078841  
610 21.190000 -0.146245 -0.078369  
611 21.200000 -0.145464 -0.077901  
612 21.210000 -0.144687 -0.077435  
613 21.220000 -0.143915 -0.076972  
614 21.230000 -0.143147 -0.076513  
615 21.240000 -0.142385 -0.076056  
616 21.250000 -0.141626 -0.075602  
617 21.260000 -0.140872 -0.075151  
618 21.270000 -0.140123 -0.074703  
619 21.280000 -0.139378 -0.074258  
620 21.290000 -0.138638 -0.073816  
621 21.300000 -0.137902 -0.073377  
622 21.310000 -0.137171 -0.072940  
623 21.320000 -0.136443 -0.072506  
624 21.330000 -0.135720 -0.072075  
625 21.340000 -0.135002 -0.071647  
626 21.350000 -0.134287 -0.071221  
627 21.360000 -0.133577 -0.070799  
628 21.370000 -0.132871 -0.070378  
629 21.380000 -0.132170 -0.069961  
630 21.390000 -0.131472 -0.069546  
631 21.400000 -0.130779 -0.069134  
632 21.410000 -0.130090 -0.068725  
633 21.420000 -0.129404 -0.068318  
634 21.430000 -0.128723 -0.067914  
635 21.440000 -0.128046 -0.067513  
636 21.450000 -0.127373 -0.067114  
637 21.460000 -0.126704 -0.066718  
638 21.470000 -0.126039 -0.066324  
639 21.480000 -0.125377 -0.065933  
640 21.490000 -0.124720 -0.065544  
641 21.500000 -0.124066 -0.065158  
642 21.510000 -0.123417 -0.064774  
643 21.520000 -0.122771 -0.064393  
644 21.530000 -0.122129 -0.064014  
645 21.540000 -0.121491 -0.063638  
646 21.550000 -0.120856 -0.063264  
647 21.560000 -0.120225 -0.062893  
648 21.570000 -0.119598 -0.062524  
649 21.580000 -0.118975 -0.062157  
650 21.590000 -0.118355 -0.061793  
651 21.600000 -0.117739 -0.061431  
652 21.610000 -0.117126 -0.061071  
653 21.620000 -0.116517 -0.060714  
654 21.630000 -0.115912 -0.060359  
655 21.640000 -0.115310 -0.060007  
656 21.650000 -0.114712 -0.059656  
657 21.660000 -0.114117 -0.059308  
658 21.670000 -0.113526 -0.058962  
659 21.680000 -0.112938 -0.058619  
660 21.690000 -0.112353 -0.058278  
661 21.700000 -0.111772 -0.057938  
662 21.710000 -0.111195 -0.057602  
663 21.720000 -0.110620 -0.057267  
664 21.730000 -0.110049 -0.056934  
665 21.740000 -0.109482 -0.056604  
666 21.750000 -0.108917 -0.056276  
667 21.760000 -0.108356 -0.055949  
668 21.770000 -0.107798 -0.055625  
669 21.780000 -0.107244 -0.055303  
670 21.790000 -0.106692 -0.054984  
671 21.800000 -0.106144 -0.054666  
672 21.810000 -0.105599 -0.054350  
673 21.820000 -0.105057 -0.054036  
674 21.830000 -0.104518 -0.053725  
675 21.840000 -0.103982 -0.053415  
676 21.850000 -0.103450 -0.053107  
677 21.860000 -0.102920 -0.052802  
678 21.870000 -0.102394 -0.052498  
679 21.880000 -0.101870 -0.052196  
680 21.890000 -0.101350 -0.051897  
681 21.900000 -0.100832 -0.051599  
682 21.910000 -0.100318 -0.051303  
683 21.920000 -0.099806 -0.051009  
684 21.930000 -0.099298 -0.050717  
685 21.940000 -0.098792 -0.050427  
686 21.950000 -0.098289 -0.050138  
687 21.960000 -0.097789 -0.049852  
688 21.970000 -0.097292 -0.049567  
689 21.980000 -0.096798 -0.049284  
690 21.990000 -0.096306 -0.049003  
691 22.000000 -0.095818 -0.048724  
692 22.010000 -0.095332 -0.048447  
693 22.020000 -0.094849 -0.048171  
694 22.030000 -0.094368 -0.047897  
695 22.040000 -0.093891 -0.047625  
696 22.050000 -0.093416 -0.047355  
697 22.060000 -0.092944 -0.047087  
698 22.070000 -0.092474 -0.046820  
699 22.080000 -0.092007 -0.046555  
700 22.090000 -0.091543 -0.046291  
701 22.100000 -0.091082 -0.046030  
702 22.110000 -0.090623 -0.045769  
703 22.120000 -0.090166 -0.045511  
704 22.130000 -0.089712 -0.045254  
705 22.140000 -0.089261 -0.044999  
706 22.150000 -0.088812 -0.044746  
707 22.160000 -0.088366 -0.044494  
708 22.170000 -0.087922 -0.044244  
709 22.180000 -0.087481 -0.043995  
710 22.190000 -0.087042 -0.043748  
711 22.200000 -0.086606 -0.043503  
712 22.210000 -0.086172 -0.043259  
713 22.220000 -0.085741 -0.043017  
714 22.230000 -0.085312 -0.042776  
715 22.240000 -0.084886 -0.042537  
716 22.250000 -0.084461 -0.042299  
717 22.260000 -0.084040 -0.042063  
718 22.270000 -0.083620 -0.041828  
719 22.280000 -0.083203 -0.041595  
720 22.290000 -0.082788 -0.041363  
721 22.300000 -0.082376 -0.041133  
722 22.310000 -0.081966 -0.040904  
723 22.320000 -0.081558 -0.040677  
724 22.330000 -0.081152 -0.040451  
725 22.340000 -0.080749 -0.040227  
726 22.350000 -0.080347 -0.040004  
727 22.360000 -0.079949 -0.039782  
728 22.370000 -0.079552 -0.039562  
729 22.380000 -0.079157 -0.039343  
730 22.390000 -0.078765 -0.039126  
731 22.400000 -0.078375 -0.038910  
732 22.410000 -0.077987 -0.038695  
733 22.420000 -0.077601 -0.038482  
734 22.430000 -0.077217 -0.038270  
735 22.440000 -0.076835 -0.038059  
736 22.450000 -0.076456 -0.037850  
737 22.460000 -0.076078 -0.037642  
738 22.470000 -0.075703 -0.037435  
739 22.480000 -0.075330 -0.037230  
740 22.490000 -0.074958 -0.037026  
741 22.500000 -0.074589 -0.036823  
742 22.510000 -0.074222 -0.036622  
743 22.520000 -0.073857 -0.036421  
744 22.530000 -0.073494 -0.036222  
745 22.540000 -0.073132 -0.036025  
746 22.550000 -0.072773 -0.035828  
747 22.560000 -0.072416 -0.035633  
748 22.570000 -0.072060 -0.035439  
749 22.580000 -0.071707 -0.035246  
750 22.590000 -0.071355 -0.035055  
751 22.600000 -0.071006 -0.034864  
752 22.610000 -0.070658 -0.034675  
753 22.620000 -0.070312 -0.034487  
754 22.630000 -0.069968 -0.034300  
755 22.640000 -0.069626 -0.034114  
756 22.650000 -0.069286 -0.033930  
757 22.660000 -0.068948 -0.033747  
758 22.670000 -0.068611 -0.033564  
759 22.680000 -0.068276 -0.033383  
760 22.690000 -0.067944 -0.033203  
761 22.700000 -0.067612 -0.033024  
762 22.710000 -0.067283 -0.032847  
763 22.720000 -0.066955 -0.032670  
764 22.730000 -0.066630 -0.032495  
765 22.740000 -0.066306 -0.032320  
766 22.750000 -0.065983 -0.032147  
767 22.760000 -0.065663 -0.031974  
768 22.770000 -0.065344 -0.031803  
769 22.780000 -0.065027 -0.031633  
770 22.790000 -0.064711 -0.031464  
771 22.800000 -0.064397 -0.031296  
772 22.810000 -0.064085 -0.031129  
773 22.820000 -0.063775 -0.030963  
774 22.830000 -0.063466 -0.030798  
775 22.840000 -0.063159 -0.030634  
776 22.850000 -0.062853 -0.030471  
777 22.860000 -0.062549 -0.030309  
778 22.870000 -0.062247 -0.030148  
779 22.880000 -0.061946 -0.029988  
780 22.890000 -0.061647 -0.029829  
781 22.900000 -0.061350 -0.029671  
782 22.910000 -0.061054 -0.029514  
783 22.920000 -0.060759 -0.029358  
784 22.930000 -0.060467 -0.029203  
785 22.940000 -0.060175 -0.029049  
786 22.950000 -0.059886 -0.028896  
787 22.960000 -0.059598 -0.028743  
788 22.970000 -0.059311 -0.028592  
789 22.980000 -0.059026 -0.028442  
790 22.990000 -0.058742 -0.028292  
791 23.000000 -0.058460 -0.028143  
792 23.010000 -0.058179 -0.027996  
793 23.020000 -0.057900 -0.027849  
794 23.030000 -0.057622 -0.027703  
795 23.040000 -0.057346 -0.027558  
796 23.050000 -0.057071 -0.027414  
797 23.060000 -0.056798 -0.027271  
798 23.070000 -0.056526 -0.027128  
799 23.080000 -0.056255 -0.026987  
800 23.090000 -0.055986 -0.026846  
801 23.100000 -0.055718 -0.026706  
802 23.110000 -0.055452 -0.026567  
803 23.120000 -0.055187 -0.026429  
804 23.130000 -0.054923 -0.026292  
805 23.140000 -0.054661 -0.026155  
806 23.150000 -0.054400 -0.026020  
807 23.160000 -0.054140 -0.025885  
808 23.170000 -0.053882 -0.025751  
809 23.180000 -0.053625 -0.025618  
810 23.190000 -0.053370 -0.025485  
811 23.200000 -0.053116 -0.025354  
812 23.210000 -0.052863 -0.025223  
813 23.220000 -0.052611 -0.025093  
814 23.230000 -0.052361 -0.024964  
815 23.240000 -0.052112 -0.024835  
816 23.250000 -0.051864 -0.024707  
817 23.260000 -0.051618 -0.024580  
818 23.270000 -0.051373 -0.024454  
819 23.280000 -0.051129 -0.024329  
820 23.290000 -0.050886 -0.024204  
821 23.300000 -0.050645 -0.024080  
822 23.310000 -0.050405 -0.023957  
823 23.320000 -0.050166 -0.023835  
824 23.330000 -0.049928 -0.023713  
825 23.340000 -0.049691 -0.023592  
826 23.350000 -0.049456 -0.023472  
827 23.360000 -0.049222 -0.023352  
828 23.370000 -0.048989 -0.023233  
829 23.380000 -0.048757 -0.023115  
830 23.390000 -0.048527 -0.022997  
831 23.400000 -0.048297 -0.022881  
832 23.410000 -0.048069 -0.022765  
833 23.420000 -0.047842 -0.022649  
834 23.430000 -0.047616 -0.022535  
835 23.440000 -0.047391 -0.022421  
836 23.450000 -0.047168 -0.022307  
837 23.460000 -0.046945 -0.022194  
838 23.470000 -0.046724 -0.022082  
839 23.480000 -0.046503 -0.021971  
840 23.490000 -0.046284 -0.021860  
841 23.500000 -0.046066 -0.021750  
842 23.510000 -0.045849 -0.021641  
843 23.520000 -0.045633 -0.021532  
844 23.530000 -0.045419 -0.021424  
845 23.540000 -0.045205 -0.021317  
846 23.550000 -0.044992 -0.021210  
847 23.560000 -0.044781 -0.021103  
848 23.570000 -0.044570 -0.020998  
849 23.580000 -0.044361 -0.020893  
850 23.590000 -0.044152 -0.020788  
851 23.600000 -0.043945 -0.020685  
852 23.610000 -0.043739 -0.020581  
853 23.620000 -0.043533 -0.020479  
854 23.630000 -0.043329 -0.020377  
855 23.640000 -0.043126 -0.020276  
856 23.650000 -0.042924 -0.020175  
857 23.660000 -0.042722 -0.020075  
858 23.670000 -0.042522 -0.019975  
859 23.680000 -0.042323 -0.019876  
860 23.690000 -0.042125 -0.019777  
861 23.700000 -0.041927 -0.019680  
862 23.710000 -0.041731 -0.019582  
863 23.720000 -0.041536 -0.019485  
864 23.730000 -0.041341 -0.019389  
865 23.740000 -0.041148 -0.019294  
866 23.750000 -0.040955 -0.019198  
867 23.760000 -0.040764 -0.019104  
868 23.770000 -0.040573 -0.019010  
869 23.780000 -0.040384 -0.018916  
870 23.790000 -0.040195 -0.018823  
871 23.800000 -0.040007 -0.018731  
872 23.810000 -0.039820 -0.018639  
873 23.820000 -0.039634 -0.018548  
874 23.830000 -0.039449 -0.018457  
875 23.840000 -0.039265 -0.018367  
876 23.850000 -0.039082 -0.018277  
877 23.860000 -0.038900 -0.018188  
878 23.870000 -0.038718 -0.018099  
879 23.880000 -0.038538 -0.018011  
880 23.890000 -0.038358 -0.017923  
881 23.900000 -0.038179 -0.017836  
882 23.910000 -0.038001 -0.017749  
883 23.920000 -0.037824 -0.017663  
884 23.930000 -0.037648 -0.017577  
885 23.940000 -0.037473 -0.017492  
886 23.950000 -0.037298 -0.017407  
887 23.960000 -0.037125 -0.017322  
888 23.970000 -0.036952 -0.017239  
889 23.980000 -0.036780 -0.017155  
890 23.990000 -0.036609 -0.017072  
891 24.000000 -0.036438 -0.016990  
892 24.010000 -0.036269 -0.016908  
893 24.020000 -0.036100 -0.016827  
894 24.030000 -0.035932 -0.016746  
895 24.040000 -0.035765 -0.016665  
896 24.050000 -0.035599 -0.016585  
897 24.060000 -0.035434 -0.016505  
898 24.070000 -0.035269 -0.016426  
899 24.080000 -0.035105 -0.016347  
900 24.090000 -0.034942 -0.016269  
901 24.100000 -0.034780 -0.016191  
902 24.110000 -0.034618 -0.016113  
903 24.120000 -0.034457 -0.016036  
904 24.130000 -0.034298 -0.015960  
905 24.140000 -0.034138 -0.015884  
906 24.150000 -0.033980 -0.015808  
907 24.160000 -0.033822 -0.015733  
908 24.170000 -0.033665 -0.015658  
909 24.180000 -0.033509 -0.015583  
910 24.190000 -0.033354 -0.015509  
911 24.200000 -0.033199 -0.015436  
912 24.210000 -0.033045 -0.015362  
913 24.220000 -0.032892 -0.015290  
914 24.230000 -0.032739 -0.015217  
915 24.240000 -0.032587 -0.015145  
916 24.250000 -0.032436 -0.015074  
917 24.260000 -0.032286 -0.015002  
918 24.270000 -0.032136 -0.014931  
919 24.280000 -0.031987 -0.014861  
920 24.290000 -0.031839 -0.014791  
921 24.300000 -0.031691 -0.014721  
922 24.310000 -0.031544 -0.014652  
923 24.320000 -0.031398 -0.014583  
924 24.330000 -0.031253 -0.014515  
925 24.340000 -0.031108 -0.014447  
926 24.350000 -0.030964 -0.014379  
927 24.360000 -0.030820 -0.014311  
928 24.370000 -0.030678 -0.014244  
929 24.380000 -0.030535 -0.014178  
930 24.390000 -0.030394 -0.014111  
931 24.400000 -0.030253 -0.014046  
932 24.410000 -0.030113 -0.013980  
933 24.420000 -0.029974 -0.013915  
934 24.430000 -0.029835 -0.013850  
935 24.440000 -0.029697 -0.013785  
936 24.450000 -0.029559 -0.013721  
937 24.460000 -0.029422 -0.013658  
938 24.470000 -0.029286 -0.013594  
939 24.480000 -0.029150 -0.013531  
940 24.490000 -0.029015 -0.013468  
941 24.500000 -0.028881 -0.013406  
942 24.510000 -0.028747 -0.013344  
943 24.520000 -0.028614 -0.013282  
944 24.530000 -0.028482 -0.013221  
945 24.540000 -0.028350 -0.013160  
946 24.550000 -0.028218 -0.013099  
947 24.560000 -0.028088 -0.013039  
948 24.570000 -0.027958 -0.012978  
949 24.580000 -0.027828 -0.012919  
950 24.590000 -0.027699 -0.012859  
951 24.600000 -0.027571 -0.012800  
952 24.610000 -0.027443 -0.012741  
953 24.620000 -0.027316 -0.012683  
954 24.630000 -0.027190 -0.012625  
955 24.640000 -0.027064 -0.012567  
956 24.650000 -0.026938 -0.012509  
957 24.660000 -0.026813 -0.012452  
958 24.670000 -0.026689 -0.012395  
959 24.680000 -0.026565 -0.012339  
960 24.690000 -0.026442 -0.012282  
961 24.700000 -0.026320 -0.012226  
962 24.710000 -0.026198 -0.012171  
963 24.720000 -0.026076 -0.012115  
964 24.730000 -0.025956 -0.012060  
965 24.740000 -0.025835 -0.012005  
966 24.750000 -0.025715 -0.011951  
967 24.760000 -0.025596 -0.011897  
968 24.770000 -0.025478 -0.011843  
969 24.780000 -0.025359 -0.011789  
970 24.790000 -0.025242 -0.011736  
971 24.800000 -0.025125 -0.011683  
972 24.810000 -0.025008 -0.011630  
973 24.820000 -0.024892 -0.011577  
974 24.830000 -0.024777 -0.011525  
975 24.840000 -0.024662 -0.011473  
976 24.850000 -0.024547 -0.011422  
977 24.860000 -0.024433 -0.011370  
978 24.870000 -0.024320 -0.011319  
979 24.880000 -0.024207 -0.011268  
980 24.890000 -0.024094 -0.011218  
981 24.900000 -0.023982 -0.011167  
982 24.910000 -0.023871 -0.011117  
983 24.920000 -0.023760 -0.011067  
984 24.930000 -0.023650 -0.011018  
985 24.940000 -0.023540 -0.010968  
986 24.950000 -0.023430 -0.010919  
987 24.960000 -0.023321 -0.010871  
988 24.970000 -0.023213 -0.010822  
989 24.980000 -0.023105 -0.010774  
990 24.990000 -0.022997 -0.010726  
991 25.000000 -0.022890 -0.010678  
992 25.010000 -0.022784 -0.010631  
993 25.020000 -0.022678 -0.010583  
994 25.030000 -0.022572 -0.010536  
995 25.040000 -0.022467 -0.010490  
996 25.050000 -0.022362 -0.010443  
997 25.060000 -0.022258 -0.010397  
998 25.070000 -0.022154 -0.010351  
999 25.080000 -0.022051 -0.010305  
1000 25.090000 -0.021948 -0.010260  
1001 25.100000 -0.021846 -0.010214  
1002 25.110000 -0.021744 -0.010169  
1003 25.120000 -0.021643 -0.010124  
1004 25.130000 -0.021541 -0.010080  
1005 25.140000 -0.021441 -0.010035  
1006 25.150000 -0.021341 -0.009991  
1007 25.160000 -0.021241 -0.009947  
1008 25.170000 -0.021142 -0.009904  
1009 25.180000 -0.021043 -0.009860  
1010 25.190000 -0.020945 -0.009817  
1011 25.200000 -0.020847 -0.009774  
1012 25.210000 -0.020749 -0.009731  
1013 25.220000 -0.020652 -0.009688  
1014 25.230000 -0.020555 -0.009646  
1015 25.240000 -0.020459 -0.009604  
1016 25.250000 -0.020363 -0.009562  
1017 25.260000 -0.020268 -0.009520  
1018 25.270000 -0.020173 -0.009479  
1019 25.280000 -0.020078 -0.009438  
1020 25.290000 -0.019984 -0.009396  
1021 25.300000 -0.019890 -0.009356  
1022 25.310000 -0.019797 -0.009315  
1023 25.320000 -0.019704 -0.009274  
1024 25.330000 -0.019612 -0.009234  
1025 25.340000 -0.019519 -0.009194  
1026 25.350000 -0.019428 -0.009154  
1027 25.360000 -0.019336 -0.009115  
1028 25.370000 -0.019245 -0.009075  
1029 25.380000 -0.019155 -0.009036  
1030 25.390000 -0.019065 -0.008997  
1031 25.400000 -0.018975 -0.008958  
1032 25.410000 -0.018885 -0.008920  
1033 25.420000 -0.018796 -0.008881  
1034 25.430000 -0.018708 -0.008843  
1035 25.440000 -0.018620 -0.008805  
1036 25.450000 -0.018532 -0.008767  
1037 25.460000 -0.018444 -0.008729  
1038 25.470000 -0.018357 -0.008692  
1039 25.480000 -0.018270 -0.008655  
1040 25.490000 -0.018184 -0.008618  
1041 25.500000 -0.018098 -0.008581  
1042 25.510000 -0.018012 -0.008544  
1043 25.520000 -0.017927 -0.008507  
1044 25.530000 -0.017842 -0.008471  
1045 25.540000 -0.017758 -0.008435  
1046 25.550000 -0.017674 -0.008399  
1047 25.560000 -0.017590 -0.008363  
1048 25.570000 -0.017506 -0.008327  
1049 25.580000 -0.017423 -0.008292  
1050 25.590000 -0.017340 -0.008257  
1051 25.600000 -0.017258 -0.008222  
1052 25.610000 -0.017176 -0.008187  
1053 25.620000 -0.017094 -0.008152  
1054 25.630000 -0.017013 -0.008117  
1055 25.640000 -0.016932 -0.008083  
1056 25.650000 -0.016851 -0.008049  
1057 25.660000 -0.016771 -0.008015  
1058 25.670000 -0.016691 -0.007981  
1059 25.680000 -0.016611 -0.007947  
1060 25.690000 -0.016532 -0.007914  
1061 25.700000 -0.016453 -0.007880  
1062 25.710000 -0.016375 -0.007847  
1063 25.720000 -0.016296 -0.007814  
1064 25.730000 -0.016218 -0.007781  
1065 25.740000 -0.016141 -0.007748  
1066 25.750000 -0.016063 -0.007716  
1067 25.760000 -0.015986 -0.007683  
1068 25.770000 -0.015910 -0.007651  
1069 25.780000 -0.015833 -0.007619  
1070 25.790000 -0.015757 -0.007587  
1071 25.800000 -0.015681 -0.007555  
1072 25.810000 -0.015606 -0.007524  
1073 25.820000 -0.015531 -0.007492  
1074 25.830000 -0.015456 -0.007461  
1075 25.840000 -0.015382 -0.007430  
1076 25.850000 -0.015308 -0.007399  
1077 25.860000 -0.015234 -0.007368  
1078 25.870000 -0.015160 -0.007337  
1079 25.880000 -0.015087 -0.007307  
1080 25.890000 -0.015014 -0.007276  
1081 25.900000 -0.014942 -0.007246  
1082 25.910000 -0.014869 -0.007216  
1083 25.920000 -0.014797 -0.007186  
1084 25.930000 -0.014726 -0.007156  
1085 25.940000 -0.014654 -0.007127  
1086 25.950000 -0.014583 -0.007097  
1087 25.960000 -0.014512 -0.007068  
1088 25.970000 -0.014442 -0.007039  
1089 25.980000 -0.014371 -0.007010  
1090 25.990000 -0.014301 -0.006981  
1091 26.000000 -0.014232 -0.006952  
1092 26.010000 -0.014162 -0.006923  
1093 26.020000 -0.014093 -0.006895  
1094 26.030000 -0.014024 -0.006866  
1095 26.040000 -0.013956 -0.006838  
1096 26.050000 -0.013888 -0.006810  
1097 26.060000 -0.013820 -0.006782  
1098 26.070000 -0.013752 -0.006754  
1099 26.080000 -0.013685 -0.006726  
1100 26.090000 -0.013618 -0.006699  
1101 26.100000 -0.013551 -0.006671  
1102 26.110000 -0.013484 -0.006644  
1103 26.120000 -0.013418 -0.006617  
1104 26.130000 -0.013352 -0.006590  
1105 26.140000 -0.013286 -0.006563  
1106 26.150000 -0.013221 -0.006536  
1107 26.160000 -0.013155 -0.006510  
1108 26.170000 -0.013090 -0.006483  
1109 26.180000 -0.013026 -0.006457  
1110 26.190000 -0.012961 -0.006430  
1111 26.200000 -0.012897 -0.006404  
1112 26.210000 -0.012833 -0.006378  
1113 26.220000 -0.012769 -0.006352  
1114 26.230000 -0.012706 -0.006327  
1115 26.240000 -0.012643 -0.006301  
1116 26.250000 -0.012580 -0.006275  
1117 26.260000 -0.012517 -0.006250  
1118 26.270000 -0.012455 -0.006225  
1119 26.280000 -0.012393 -0.006200  
1120 26.290000 -0.012331 -0.006175  
1121 26.300000 -0.012269 -0.006150  
1122 26.310000 -0.012208 -0.006125  
1123 26.320000 -0.012147 -0.006100  
1124 26.330000 -0.012086 -0.006076  
1125 26.340000 -0.012025 -0.006051  
1126 26.350000 -0.011965 -0.006027  
1127 26.360000 -0.011905 -0.006003  
1128 26.370000 -0.011845 -0.005979  
1129 26.380000 -0.011785 -0.005955  
1130 26.390000 -0.011726 -0.005931  
1131 26.400000 -0.011667 -0.005907  
1132 26.410000 -0.011608 -0.005883  
1133 26.420000 -0.011549 -0.005860  
1134 26.430000 -0.011491 -0.005836  
1135 26.440000 -0.011432 -0.005813  
1136 26.450000 -0.011374 -0.005790  
1137 26.460000 -0.011317 -0.005767  
1138 26.470000 -0.011259 -0.005744  
1139 26.480000 -0.011202 -0.005721  
1140 26.490000 -0.011145 -0.005698  
1141 26.500000 -0.011088 -0.005675  
1142 26.510000 -0.011031 -0.005653  
1143 26.520000 -0.010975 -0.005630  
1144 26.530000 -0.010918 -0.005608  
1145 26.540000 -0.010862 -0.005586  
1146 26.550000 -0.010807 -0.005564  
1147 26.560000 -0.010751 -0.005542  
1148 26.570000 -0.010696 -0.005520  
1149 26.580000 -0.010641 -0.005498  
1150 26.590000 -0.010586 -0.005476  
1151 26.600000 -0.010531 -0.005454  
1152 26.610000 -0.010477 -0.005433  
1153 26.620000 -0.010423 -0.005411  
1154 26.630000 -0.010369 -0.005390  
1155 26.640000 -0.010315 -0.005369  
1156 26.650000 -0.010261 -0.005348  
1157 26.660000 -0.010208 -0.005327  
1158 26.670000 -0.010155 -0.005306  
1159 26.680000 -0.010102 -0.005285  
1160 26.690000 -0.010049 -0.005264  
1161 26.700000 -0.009996 -0.005243  
1162 26.710000 -0.009944 -0.005223  
1163 26.720000 -0.009892 -0.005202  
1164 26.730000 -0.009840 -0.005182  
1165 26.740000 -0.009788 -0.005162  
1166 26.750000 -0.009737 -0.005142  
1167 26.760000 -0.009686 -0.005122  
1168 26.770000 -0.009634 -0.005102  
1169 26.780000 -0.009583 -0.005082  
1170 26.790000 -0.009533 -0.005062  
1171 26.800000 -0.009482 -0.005042  
1172 26.810000 -0.009432 -0.005023  
1173 26.820000 -0.009382 -0.005003  
1174 26.830000 -0.009332 -0.004984  
1175 26.840000 -0.009282 -0.004964  
1176 26.850000 -0.009233 -0.004945  
1177 26.860000 -0.009183 -0.004926  
1178 26.870000 -0.009134 -0.004907  
1179 26.880000 -0.009085 -0.004888  
1180 26.890000 -0.009036 -0.004869  
1181 26.900000 -0.008988 -0.004850  
1182 26.910000 -0.008939 -0.004831  
1183 26.920000 -0.008891 -0.004812  
1184 26.930000 -0.008843 -0.004794  
1185 26.940000 -0.008795 -0.004775  
1186 26.950000 -0.008748 -0.004757  
1187 26.960000 -0.008700 -0.004739  
1188 26.970000 -0.008653 -0.004720  
1189 26.980000 -0.008606 -0.004702  
1190 26.990000 -0.008559 -0.004684  
1191 27.000000 -0.008512 -0.004666  
1192 27.010000 -0.008465 -0.004648  
1193 27.020000 -0.008419 -0.004630  
1194 27.030000 -0.008373 -0.004613  
1195 27.040000 -0.008327 -0.004595  
1196 27.050000 -0.008281 -0.004577  
1197 27.060000 -0.008235 -0.004560  
1198 27.070000 -0.008190 -0.004542  
1199 27.080000 -0.008144 -0.004525  
1200 27.090000 -0.008099 -0.004508  
1201 27.100000 -0.008054 -0.004491  
1202 27.110000 -0.008009 -0.004473  
1203 27.120000 -0.007965 -0.004456  
1204 27.130000 -0.007920 -0.004439  
1205 27.140000 -0.007876 -0.004423  
1206 27.150000 -0.007832 -0.004406  
1207 27.160000 -0.007788 -0.004389  
1208 27.170000 -0.007744 -0.004372  
1209 27.180000 -0.007700 -0.004356  
1210 27.190000 -0.007657 -0.004339  
1211 27.200000 -0.007614 -0.004323  
1212 27.210000 -0.007570 -0.004306  
1213 27.220000 -0.007527 -0.004290  
1214 27.230000 -0.007485 -0.004274  
1215 27.240000 -0.007442 -0.004258  
1216 27.250000 -0.007400 -0.004242  
1217 27.260000 -0.007357 -0.004226  
1218 27.270000 -0.007315 -0.004210  
1219 27.280000 -0.007273 -0.004194  
1220 27.290000 -0.007231 -0.004178  
1221 27.300000 -0.007189 -0.004162  
1222 27.310000 -0.007148 -0.004147  
1223 27.320000 -0.007106 -0.004131  
1224 27.330000 -0.007065 -0.004116  
1225 27.340000 -0.007024 -0.004100  
1226 27.350000 -0.006983 -0.004085  
1227 27.360000 -0.006942 -0.004069  
1228 27.370000 -0.006902 -0.004054  
1229 27.380000 -0.006861 -0.004039  
1230 27.390000 -0.006821 -0.004024  
1231 27.400000 -0.006781 -0.004009  
1232 27.410000 -0.006741 -0.003994  
1233 27.420000 -0.006701 -0.003979  
1234 27.430000 -0.006661 -0.003964  
1235 27.440000 -0.006622 -0.003949  
1236 27.450000 -0.006582 -0.003935  
1237 27.460000 -0.006543 -0.003920  
1238 27.470000 -0.006504 -0.003905  
1239 27.480000 -0.006465 -0.003891  
1240 27.490000 -0.006426 -0.003876  
1241 27.500000 -0.006387 -0.003862  
1242 27.510000 -0.006349 -0.003848  
1243 27.520000 -0.006310 -0.003833  
1244 27.530000 -0.006272 -0.003819  
1245 27.540000 -0.006234 -0.003805  
1246 27.550000 -0.006196 -0.003791  
1247 27.560000 -0.006158 -0.003777  
1248 27.570000 -0.006121 -0.003763  
1249 27.580000 -0.006083 -0.003749  
1250 27.590000 -0.006046 -0.003735  
1251 27.600000 -0.006008 -0.003721  
1252 27.610000 -0.005971 -0.003708  
1253 27.620000 -0.005934 -0.003694  
1254 27.630000 -0.005897 -0.003680  
1255 27.640000 -0.005861 -0.003667  
1256 27.650000 -0.005824 -0.003653  
1257 27.660000 -0.005788 -0.003640  
1258 27.670000 -0.005751 -0.003626  
1259 27.680000 -0.005715 -0.003613  
1260 27.690000 -0.005679 -0.003600  
1261 27.700000 -0.005643 -0.003587  
1262 27.710000 -0.005607 -0.003574  
1263 27.720000 -0.005572 -0.003561  
1264 27.730000 -0.005536 -0.003547  
1265 27.740000 -0.005501 -0.003535  
1266 27.750000 -0.005465 -0.003522  
1267 27.760000 -0.005430 -0.003509  
1268 27.770000 -0.005395 -0.003496  
1269 27.780000 -0.005360 -0.003483  
1270 27.790000 -0.005325 -0.003470  
1271 27.800000 -0.005291 -0.003458  
1272 27.810000 -0.005256 -0.003445  
1273 27.820000 -0.005222 -0.003433  
1274 27.830000 -0.005188 -0.003420  
1275 27.840000 -0.005153 -0.003408  
1276 27.850000 -0.005119 -0.003395  
1277 27.860000 -0.005086 -0.003383  
1278 27.870000 -0.005052 -0.003371  
1279 27.880000 -0.005018 -0.003359  
1280 27.890000 -0.004985 -0.003346  
1281 27.900000 -0.004951 -0.003334  
1282 27.910000 -0.004918 -0.003322  
1283 27.920000 -0.004885 -0.003310  
1284 27.930000 -0.004852 -0.003298  
1285 27.940000 -0.004819 -0.003286  
1286 27.950000 -0.004786 -0.003275  
1287 27.960000 -0.004753 -0.003263  
1288 27.970000 -0.004721 -0.003251  
1289 27.980000 -0.004688 -0.003239  
1290 27.990000 -0.004656 -0.003228  
1291 28.000000 -0.004624 -0.003216  
1292 28.010000 -0.004592 -0.003204  
1293 28.020000 -0.004560 -0.003193  
1294 28.030000 -0.004528 -0.003182  
1295 28.040000 -0.004496 -0.003170  
1296 28.050000 -0.004464 -0.003159  
1297 28.060000 -0.004433 -0.003147  
1298 28.070000 -0.004401 -0.003136  
1299 28.080000 -0.004370 -0.003125  
1300 28.090000 -0.004339 -0.003114  
1301 28.100000 -0.004308 -0.003103  
1302 28.110000 -0.004277 -0.003092  
1303 28.120000 -0.004246 -0.003081  
1304 28.130000 -0.004215 -0.003070  
1305 28.140000 -0.004185 -0.003059  
1306 28.150000 -0.004154 -0.003048  
1307 28.160000 -0.004124 -0.003037  
1308 28.170000 -0.004093 -0.003026  
1309 28.180000 -0.004063 -0.003015  
1310 28.190000 -0.004033 -0.003005  
1311 28.200000 -0.004003 -0.002994  
1312 28.210000 -0.003973 -0.002983  
1313 28.220000 -0.003943 -0.002973  
1314 28.230000 -0.003914 -0.002962  
1315 28.240000 -0.003884 -0.002952  
1316 28.250000 -0.003855 -0.002941  
1317 28.260000 -0.003825 -0.002931  
1318 28.270000 -0.003796 -0.002920  
1319 28.280000 -0.003767 -0.002910  
1320 28.290000 -0.003738 -0.002900  
1321 28.300000 -0.003709 -0.002890  
1322 28.310000 -0.003680 -0.002879  
1323 28.320000 -0.003651 -0.002869  
1324 28.330000 -0.003623 -0.002859  
1325 28.340000 -0.003594 -0.002849  
1326 28.350000 -0.003566 -0.002839  
1327 28.360000 -0.003537 -0.002829  
1328 28.370000 -0.003509 -0.002819  
1329 28.380000 -0.003481 -0.002809  
1330 28.390000 -0.003453 -0.002799  
1331 28.400000 -0.003425 -0.002790  
1332 28.410000 -0.003397 -0.002780  
1333 28.420000 -0.003369 -0.002770  
1334 28.430000 -0.003342 -0.002760  
1335 28.440000 -0.003314 -0.002751  
1336 28.450000 -0.003287 -0.002741  
1337 28.460000 -0.003259 -0.002732  
1338 28.470000 -0.003232 -0.002722  
1339 28.480000 -0.003205 -0.002713  
1340 28.490000 -0.003178 -0.002703  
1341 28.500000 -0.003151 -0.002694  
1342 28.510000 -0.003124 -0.002684  
1343 28.520000 -0.003097 -0.002675  
1344 28.530000 -0.003070 -0.002666  
1345 28.540000 -0.003044 -0.002656  
1346 28.550000 -0.003017 -0.002647  
1347 28.560000 -0.002991 -0.002638  
1348 28.570000 -0.002965 -0.002629  
1349 28.580000 -0.002938 -0.002620  
1350 28.590000 -0.002912 -0.002611  
1351 28.600000 -0.002886 -0.002602  
1352 28.610000 -0.002860 -0.002593  
1353 28.620000 -0.002834 -0.002584  
1354 28.630000 -0.002808 -0.002575  
1355 28.640000 -0.002783 -0.002566  
1356 28.650000 -0.002757 -0.002557  
1357 28.660000 -0.002732 -0.002548  
1358 28.670000 -0.002706 -0.002539  
1359 28.680000 -0.002681 -0.002531  
1360 28.690000 -0.002656 -0.002522  
1361 28.700000 -0.002630 -0.002513  
1362 28.710000 -0.002605 -0.002505  
1363 28.720000 -0.002580 -0.002496  
1364 28.730000 -0.002555 -0.002487  
1365 28.740000 -0.002531 -0.002479  
1366 28.750000 -0.002506 -0.002470  
1367 28.760000 -0.002481 -0.002462  
1368 28.770000 -0.002457 -0.002453  
1369 28.780000 -0.002432 -0.002445  
1370 28.790000 -0.002408 -0.002437  
1371 28.800000 -0.002383 -0.002428  
1372 28.810000 -0.002359 -0.002420  
1373 28.820000 -0.002335 -0.002412  
1374 28.830000 -0.002311 -0.002403  
1375 28.840000 -0.002287 -0.002395  
1376 28.850000 -0.002263 -0.002387  
1377 28.860000 -0.002239 -0.002379  
1378 28.870000 -0.002215 -0.002371  
1379 28.880000 -0.002192 -0.002363  
1380 28.890000 -0.002168 -0.002355  
1381 28.900000 -0.002145 -0.002347  
1382 28.910000 -0.002121 -0.002339  
1383 28.920000 -0.002098 -0.002331  
1384 28.930000 -0.002075 -0.002323  
1385 28.940000 -0.002051 -0.002315  
1386 28.950000 -0.002028 -0.002307  
1387 28.960000 -0.002005 -0.002299  
1388 28.970000 -0.001982 -0.002292  
1389 28.980000 -0.001959 -0.002284  
1390 28.990000 -0.001937 -0.002276  
1391 29.000000 -0.001914 -0.002268  
1392 29.010000 -0.001891 -0.002261  
1393 29.020000 -0.001869 -0.002253  
1394 29.030000 -0.001846 -0.002246  
1395 29.040000 -0.001824 -0.002238  
1396 29.050000 -0.001801 -0.002230  
1397 29.060000 -0.001779 -0.002223  
1398 29.070000 -0.001757 -0.002215  
1399 29.080000 -0.001735 -0.002208  
1400 29.090000 -0.001713 -0.002201  
1401 29.100000 -0.001691 -0.002193  
1402 29.110000 -0.001669 -0.002186  
1403 29.120000 -0.001647 -0.002178  
1404 29.130000 -0.001625 -0.002171  
1405 29.140000 -0.001604 -0.002164  
1406 29.150000 -0.001582 -0.002157  
1407 29.160000 -0.001561 -0.002149  
1408 29.170000 -0.001539 -0.002142  
1409 29.180000 -0.001518 -0.002135  
1410 29.190000 -0.001496 -0.002128  
1411 29.200000 -0.001475 -0.002121  
1412 29.210000 -0.001454 -0.002114  
1413 29.220000 -0.001433 -0.002107  
1414 29.230000 -0.001412 -0.002100  
1415 29.240000 -0.001391 -0.002093  
1416 29.250000 -0.001370 -0.002086  
1417 29.260000 -0.001349 -0.002079  
1418 29.270000 -0.001328 -0.002072  
1419 29.280000 -0.001308 -0.002065  
1420 29.290000 -0.001287 -0.002058  
1421 29.300000 -0.001267 -0.002051  
1422 29.310000 -0.001246 -0.002044  
1423 29.320000 -0.001226 -0.002038  
1424 29.330000 -0.001205 -0.002031  
1425 29.340000 -0.001185 -0.002024  
1426 29.350000 -0.001165 -0.002017  
1427 29.360000 -0.001145 -0.002011  
1428 29.370000 -0.001125 -0.002004  
1429 29.380000 -0.001105 -0.001997  
1430 29.390000 -0.001085 -0.001991  
1431 29.400000 -0.001065 -0.001984  
1432 29.410000 -0.001045 -0.001978  
1433 29.420000 -0.001025 -0.001971  
1434 29.430000 -0.001006 -0.001965  
1435 29.440000 -0.000986 -0.001958  
1436 29.450000 -0.000966 -0.001952  
1437 29.460000 -0.000947 -0.001945  
1438 29.470000 -0.000928 -0.001939  
1439 29.480000 -0.000908 -0.001933  
1440 29.490000 -0.000889 -0.001926  
1441 29.500000 -0.000870 -0.001920  
1442 29.510000 -0.000850 -0.001914  
1443 29.520000 -0.000831 -0.001907  
1444 29.530000 -0.000812 -0.001901  
1445 29.540000 -0.000793 -0.001895  
1446 29.550000 -0.000774 -0.001889  
1447 29.560000 -0.000756 -0.001883  
1448 29.570000 -0.000737 -0.001876  
1449 29.580000 -0.000718 -0.001870  
1450 29.590000 -0.000699 -0.001864  
1451 29.600000 -0.000681 -0.001858  
1452 29.610000 -0.000662 -0.001852  
1453 29.620000 -0.000644 -0.001846  
1454 29.630000 -0.000625 -0.001840  
1455 29.640000 -0.000607 -0.001834  
1456 29.650000 -0.000589 -0.001828  
1457 29.660000 -0.000570 -0.001822  
1458 29.670000 -0.000552 -0.001816  
1459 29.680000 -0.000534 -0.001810  
1460 29.690000 -0.000516 -0.001804  
1461 29.700000 -0.000498 -0.001799  
1462 29.710000 -0.000480 -0.001793  
1463 29.720000 -0.000462 -0.001787  
1464 29.730000 -0.000444 -0.001781  
1465 29.740000 -0.000426 -0.001775  
1466 29.750000 -0.000409 -0.001770  
1467 29.760000 -0.000391 -0.001764  
1468 29.770000 -0.000373 -0.001758  
1469 29.780000 -0.000356 -0.001752  
1470 29.790000 -0.000338 -0.001747  
1471 29.800000 -0.000321 -0.001741  
1472 29.810000 -0.000304 -0.001736  
1473 29.820000 -0.000286 -0.001730  
1474 29.830000 -0.000269 -0.001724  
1475 29.840000 -0.000252 -0.001719  
1476 29.850000 -0.000235 -0.001713  
1477 29.860000 -0.000218 -0.001708  
1478 29.870000 -0.000200 -0.001702  
1479 29.880000 -0.000183 -0.001697  
1480 29.890000 -0.000167 -0.001691  
1481 29.900000 -0.000150 -0.001686  
1482 29.910000 -0.000133 -0.001681  
1483 29.920000 -0.000116 -0.001675  
1484 29.930000 -0.000099 -0.001670  
1485 29.940000 -0.000083 -0.001664  
1486 29.950000 -0.000066 -0.001659  
1487 29.960000 -0.000049 -0.001654  
1488 29.970000 -0.000033 -0.001649  
1489 29.980000 -0.000016 -0.001643  
1490 29.990000 -0.000000 -0.001638  
