1 15.100000 1502698866.936972 90283729020.514328  
2 15.110000 847545988.771762 46298703312.272667  
3 15.120000 502432942.906387 25162653940.889420  
4 15.130000 310563430.883113 14359145214.783516  
5 15.140000 198923266.179223 8541653885.491827  
6 15.150000 131385669.607084 5266290183.710591  
7 15.160000 89128311.516480 3349718031.708434  
8 15.170000 61898511.531676 2189824428.133939  
9 15.180000 43890938.959369 1466718762.398905  
10 15.190000 31704605.047380 1003877616.929365  
11 15.200000 23286047.814824 700561868.481568  
12 15.210000 17361587.120785 497531653.835368  
13 15.220000 13121879.386977 359000532.300891  
14 15.230000 10041287.868547 262818410.174857  
15 15.240000 7771601.749788 194969804.545215  
16 15.250000 6077942.798049 146406369.024415  
17 15.260000 4799237.444782 111178057.757161  
18 15.270000 3823334.272060 85305512.864653  
19 15.280000 3071043.257785 66085553.723965  
20 15.290000 2485718.885733 51655240.068961  
21 15.300000 2026351.730505 40713407.351427  
22 15.310000 1662918.302596 32339881.409116  
23 15.320000 1373207.450915 25876324.904320  
24 15.330000 1140626.422196 20846592.705110  
25 15.340000 952665.820253 16902791.950487  
26 15.350000 799813.416731 13788298.686455  
27 15.360000 674777.401790 11312106.203064  
28 15.370000 571925.371875 9330838.873822  
29 15.380000 486875.323420 7736011.197748  
30 15.390000 416194.820059 6444914.903965  
31 15.400000 357177.867741 5394041.282924  
32 15.410000 307678.111105 4534292.262366  
33 15.420000 265983.195903 3827465.128932  
34 15.430000 230719.461783 3243652.023598  
35 15.440000 200779.152254 2759301.890430  
36 15.450000 175264.462555 2355765.927793  
37 15.460000 153444.265498 2018198.574194  
38 15.470000 134720.445912 1734721.796171  
39 15.480000 118601.563189 1495785.701041  
40 15.490000 104682.136215 1293676.487405  
41 15.500000 92626.266765 1122135.657972  
42 15.510000 82154.629030 976063.753034  
43 15.520000 73034.084646 851288.656928  
44 15.530000 65069.355842 744383.507862  
45 15.540000 58096.319830 652522.912206  
46 15.550000 51976.586184 573368.887469  
47 15.560000 46593.094117 504979.990250  
48 15.570000 41846.523998 445738.610339  
49 15.580000 37652.361609 394292.562595  
50 15.590000 33938.487786 349507.980817  
51 15.600000 30643.192550 310431.182854  
52 15.610000 27713.533503 276257.685616  
53 15.620000 25103.974422 246306.940609  
54 15.630000 22775.252681 220001.663594  
55 15.640000 20693.434219 196850.867206  
56 15.650000 18829.122671 176435.888722  
57 15.660000 17156.795653 158398.848724  
58 15.670000 15654.246219 142433.089206  
59 15.680000 14302.111597 128275.228670  
60 15.690000 13083.474512 115698.542200  
61 15.700000 11983.525104 104507.430525  
62 15.710000 10989.273512 94532.786682  
63 15.720000 10089.304972 85628.104658  
64 15.730000 9273.570652 77666.203031  
65 15.740000 8533.208625 70536.459726  
66 15.750000 7860.390293 64142.472645  
67 15.760000 7248.188373 58400.076068  
68 15.770000 6690.463196 53235.654944  
69 15.780000 6181.764564 48584.709242  
70 15.790000 5717.246886 44390.628690  
71 15.800000 5292.595660 40603.644900  
72 15.810000 4903.963654 37179.933427  
73 15.820000 4547.915421 34080.842781  
74 15.830000 4221.378971 31272.231205  
75 15.840000 3921.603594 28723.895079  
76 15.850000 3646.123016 26409.075411  
77 15.860000 3392.723129 24304.030987  
78 15.870000 3159.413714 22387.668543  
79 15.880000 2944.403599 20641.221799  
80 15.890000 2746.078820 19047.972448  
81 15.900000 2562.983380 17593.007213  
82 15.910000 2393.802285 16263.005994  
83 15.920000 2237.346558 15046.056826  
84 15.930000 2092.539983 13931.494023  
85 15.940000 1958.407369 12909.756395  
86 15.950000 1834.064138 11972.262866  
87 15.960000 1718.707085 11111.303202  
88 15.970000 1611.606156 10319.941889  
89 15.980000 1512.097139 9591.933461  
90 15.990000 1419.575139 8921.647815  
91 16.000000 1333.488764 8304.004249  
92 16.010000 1253.334928 7734.413132  
93 16.020000 1178.654204 7208.724265  
94 16.030000 1109.026663 6723.181100  
95 16.040000 1044.068143 6274.380104  
96 16.050000 983.426907 5859.234665  
97 16.060000 926.780633 5474.942969  
98 16.070000 873.833713 5118.959403  
99 16.080000 824.314824 4788.969057  
100 16.090000 777.974732 4482.864962  
101 16.100000 734.584320 4198.727761  
102 16.110000 693.932804 3934.807519  
103 16.120000 655.826118 3689.507447  
104 16.130000 620.085462 3461.369308  
105 16.140000 586.545980 3249.060326  
106 16.150000 555.055567 3051.361437  
107 16.160000 525.473782 2867.156724  
108 16.170000 497.670869 2695.423913  
109 16.180000 471.526863 2535.225816  
110 16.190000 446.930777 2385.702618  
111 16.200000 423.779866 2246.064926  
112 16.210000 401.978951 2115.587480  
113 16.220000 381.439811 1993.603484  
114 16.230000 362.080620 1879.499471  
115 16.240000 343.825442 1772.710658  
116 16.250000 326.603762 1672.716738  
117 16.260000 310.350061 1579.038066  
118 16.270000 295.003428 1491.232196  
119 16.280000 280.507206 1408.890740  
120 16.290000 266.808659 1331.636511  
121 16.300000 253.858683 1259.120928  
122 16.310000 241.611522 1191.021653  
123 16.320000 230.024525 1127.040436  
124 16.330000 219.057909 1066.901157  
125 16.340000 208.674550 1010.348035  
126 16.350000 198.839787 957.143997  
127 16.360000 189.521241 907.069190  
128 16.370000 180.688654 859.919612  
129 16.380000 172.313731 815.505874  
130 16.390000 164.370005 773.652055  
131 16.400000 156.832703 734.194660  
132 16.410000 149.678632 696.981664  
133 16.420000 142.886061 661.871636  
134 16.430000 136.434629 628.732932  
135 16.440000 130.305241 597.442962  
136 16.450000 124.479989 567.887506  
137 16.460000 118.942065 539.960096  
138 16.470000 113.675692 513.561440  
139 16.480000 108.666050 488.598896  
140 16.490000 103.899216 464.985989  
141 16.500000 99.362101 442.641958  
142 16.510000 95.042399 421.491350  
143 16.520000 90.928532 401.463640  
144 16.530000 87.009603 382.492877  
145 16.540000 83.275357 364.517361  
146 16.550000 79.716132 347.479349  
147 16.560000 76.322826 331.324773  
148 16.570000 73.086860 316.002989  
149 16.580000 70.000148 301.466539  
150 16.590000 67.055061 287.670935  
151 16.600000 64.244400 274.574451  
152 16.610000 61.561372 262.137944  
153 16.620000 58.999563 250.324673  
154 16.630000 56.552916 239.100142  
155 16.640000 54.215706 228.431951  
156 16.650000 51.982524 218.289655  
157 16.660000 49.848256 208.644637  
158 16.670000 47.808064 199.469987  
159 16.680000 45.857373 190.740393  
160 16.690000 43.991852 182.432039  
161 16.700000 42.207403 174.522502  
162 16.710000 40.500143 166.990673  
163 16.720000 38.866397 159.816664  
164 16.730000 37.302680 152.981737  
165 16.740000 35.805691 146.468230  
166 16.750000 34.372299 140.259487  
167 16.760000 32.999537 134.339802  
168 16.770000 31.684589 128.694352  
169 16.780000 30.424783 123.309150  
170 16.790000 29.217583 118.170989  
171 16.800000 28.060581 113.267396  
172 16.810000 26.951492 108.586591  
173 16.820000 25.888144 104.117438  
174 16.830000 24.868473 99.849412  
175 16.840000 23.890519 95.772563  
176 16.850000 22.952416 91.877478  
177 16.860000 22.052393 88.155252  
178 16.870000 21.188763 84.597458  
179 16.880000 20.359922 81.196118  
180 16.890000 19.564344 77.943679  
181 16.900000 18.800576 74.832985  
182 16.910000 18.067235 71.857258  
183 16.920000 17.363003 69.010074  
184 16.930000 16.686625 66.285343  
185 16.940000 16.036907 63.677292  
186 16.950000 15.412709 61.180445  
187 16.960000 14.812945 58.789606  
188 16.970000 14.236580 56.499846  
189 16.980000 13.682627 54.306485  
190 16.990000 13.150144 52.205082  
191 17.000000 12.638232 50.191418  
192 17.010000 12.146036 48.261485  
193 17.020000 11.672736 46.411476  
194 17.030000 11.217552 44.637774  
195 17.040000 10.779738 42.936939  
196 17.050000 10.358581 41.305702  
197 17.060000 9.953402 39.740952  
198 17.070000 9.563551 38.239732  
199 17.080000 9.188405 36.799227  
200 17.090000 8.827373 35.416760  
201 17.100000 8.479885 34.089780  
202 17.110000 8.145400 32.815861  
203 17.120000 7.823399 31.592691  
204 17.130000 7.513385 30.418070  
205 17.140000 7.214883 29.289898  
206 17.150000 6.927438 28.206179  
207 17.160000 6.650617 27.165006  
208 17.170000 6.384003 26.164565  
209 17.180000 6.127196 25.203123  
210 17.190000 5.879816 24.279030  
211 17.200000 5.641496 23.390709  
212 17.210000 5.411887 22.536659  
213 17.220000 5.190654 21.715446  
214 17.230000 4.977473 20.925700  
215 17.240000 4.772039 20.166116  
216 17.250000 4.574055 19.435445  
217 17.260000 4.383238 18.732496  
218 17.270000 4.199316 18.056131  
219 17.280000 4.022030 17.405262  
220 17.290000 3.851129 16.778852  
221 17.300000 3.686375 16.175906  
222 17.310000 3.527536 15.595477  
223 17.320000 3.374393 15.036656  
224 17.330000 3.226734 14.498576  
225 17.340000 3.084355 13.980407  
226 17.350000 2.947062 13.481355  
227 17.360000 2.814667 13.000660  
228 17.370000 2.686990 12.537597  
229 17.380000 2.563859 12.091470  
230 17.390000 2.445107 11.661613  
231 17.400000 2.330574 11.247388  
232 17.410000 2.220109 10.848185  
233 17.420000 2.113563 10.463420  
234 17.430000 2.010794 10.092533  
235 17.440000 1.911667 9.734987  
236 17.450000 1.816052 9.390269  
237 17.460000 1.723821 9.057887  
238 17.470000 1.634854 8.737368  
239 17.480000 1.549036 8.428260  
240 17.490000 1.466253 8.130128  
241 17.500000 1.386398 7.842558  
242 17.510000 1.309367 7.565151  
243 17.520000 1.235062 7.297522  
244 17.530000 1.163386 7.039307  
245 17.540000 1.094246 6.790151  
246 17.550000 1.027554 6.549718  
247 17.560000 0.963223 6.317683  
248 17.570000 0.901173 6.093735  
249 17.580000 0.841323 5.877574  
250 17.590000 0.783596 5.668914  
251 17.600000 0.727920 5.467480  
252 17.610000 0.674224 5.273006  
253 17.620000 0.622438 5.085239  
254 17.630000 0.572497 4.903933  
255 17.640000 0.524339 4.728855  
256 17.650000 0.477900 4.559779  
257 17.660000 0.433124 4.396489  
258 17.670000 0.389952 4.238775  
259 17.680000 0.348330 4.086439  
260 17.690000 0.308206 3.939286  
261 17.700000 0.269528 3.797133  
262 17.710000 0.232247 3.659801  
263 17.720000 0.196316 3.527118  
264 17.730000 0.161690 3.398922  
265 17.740000 0.128323 3.275052  
266 17.750000 0.096175 3.155356  
267 17.760000 0.065203 3.039688  
268 17.770000 0.035368 2.927907  
269 17.780000 0.006632 2.819877  
270 17.790000 -0.021041 2.715466  
271 17.800000 -0.047689 2.614550  
272 17.810000 -0.073344 2.517006  
273 17.820000 -0.098040 2.422719  
274 17.830000 -0.121809 2.331575  
275 17.840000 -0.144681 2.243467  
276 17.850000 -0.166688 2.158290  
277 17.860000 -0.187857 2.075944  
278 17.870000 -0.208216 1.996332  
279 17.880000 -0.227792 1.919360  
280 17.890000 -0.246611 1.844939  
281 17.900000 -0.264699 1.772982  
282 17.910000 -0.282079 1.703406  
283 17.920000 -0.298775 1.636130  
284 17.930000 -0.314809 1.571077  
285 17.940000 -0.330203 1.508171  
286 17.950000 -0.344979 1.447341  
287 17.960000 -0.359157 1.388518  
288 17.970000 -0.372756 1.331633  
289 17.980000 -0.385796 1.276622  
290 17.990000 -0.398295 1.223424  
291 18.000000 -0.410270 1.171977  
292 18.010000 -0.421740 1.122223  
293 18.020000 -0.432720 1.074107  
294 18.030000 -0.443227 1.027575  
295 18.040000 -0.453277 0.982573  
296 18.050000 -0.462884 0.939052  
297 18.060000 -0.472063 0.896964  
298 18.070000 -0.480828 0.856260  
299 18.080000 -0.489192 0.816897  
300 18.090000 -0.497170 0.778829  
301 18.100000 -0.504773 0.742015  
302 18.110000 -0.512014 0.706414  
303 18.120000 -0.518905 0.671987  
304 18.130000 -0.525458 0.638695  
305 18.140000 -0.531683 0.606501  
306 18.150000 -0.537591 0.575371  
307 18.160000 -0.543194 0.545270  
308 18.170000 -0.548500 0.516164  
309 18.180000 -0.553520 0.488021  
310 18.190000 -0.558263 0.460812  
311 18.200000 -0.562739 0.434505  
312 18.210000 -0.566956 0.409071  
313 18.220000 -0.570924 0.384484  
314 18.230000 -0.574649 0.360715  
315 18.240000 -0.578140 0.337739  
316 18.250000 -0.581406 0.315531  
317 18.260000 -0.584454 0.294065  
318 18.270000 -0.587290 0.273318  
319 18.280000 -0.589922 0.253268  
320 18.290000 -0.592358 0.233893  
321 18.300000 -0.594602 0.215170  
322 18.310000 -0.596663 0.197080  
323 18.320000 -0.598546 0.179603  
324 18.330000 -0.600257 0.162718  
325 18.340000 -0.601802 0.146408  
326 18.350000 -0.603187 0.130654  
327 18.360000 -0.604417 0.115439  
328 18.370000 -0.605498 0.100746  
329 18.380000 -0.606434 0.086558  
330 18.390000 -0.607230 0.072859  
331 18.400000 -0.607892 0.059635  
332 18.410000 -0.608425 0.046871  
333 18.420000 -0.608831 0.034551  
334 18.430000 -0.609117 0.022663  
335 18.440000 -0.609286 0.011192  
336 18.450000 -0.609342 0.000125  
337 18.460000 -0.609290 -0.010549  
338 18.470000 -0.609133 -0.020844  
339 18.480000 -0.608874 -0.030771  
340 18.490000 -0.608518 -0.040341  
341 18.500000 -0.608068 -0.049566  
342 18.510000 -0.607528 -0.058457  
343 18.520000 -0.606900 -0.067024  
344 18.530000 -0.606189 -0.075276  
345 18.540000 -0.605396 -0.083224  
346 18.550000 -0.604525 -0.090878  
347 18.560000 -0.603579 -0.098246  
348 18.570000 -0.602561 -0.105337  
349 18.580000 -0.601473 -0.112159  
350 18.590000 -0.600319 -0.118722  
351 18.600000 -0.599100 -0.125034  
352 18.610000 -0.597819 -0.131101  
353 18.620000 -0.596479 -0.136932  
354 18.630000 -0.595081 -0.142534  
355 18.640000 -0.593629 -0.147914  
356 18.650000 -0.592124 -0.153080  
357 18.660000 -0.590568 -0.158037  
358 18.670000 -0.588963 -0.162792  
359 18.680000 -0.587313 -0.167351  
360 18.690000 -0.585617 -0.171722  
361 18.700000 -0.583879 -0.175908  
362 18.710000 -0.582100 -0.179917  
363 18.720000 -0.580281 -0.183754  
364 18.730000 -0.578425 -0.187423  
365 18.740000 -0.576533 -0.190931  
366 18.750000 -0.574607 -0.194283  
367 18.760000 -0.572648 -0.197483  
368 18.770000 -0.570658 -0.200535  
369 18.780000 -0.568638 -0.203446  
370 18.790000 -0.566589 -0.206218  
371 18.800000 -0.564514 -0.208857  
372 18.810000 -0.562413 -0.211367  
373 18.820000 -0.560287 -0.213751  
374 18.830000 -0.558138 -0.216014  
375 18.840000 -0.555967 -0.218160  
376 18.850000 -0.553775 -0.220192  
377 18.860000 -0.551564 -0.222113  
378 18.870000 -0.549333 -0.223928  
379 18.880000 -0.547085 -0.225640  
380 18.890000 -0.544821 -0.227251  
381 18.900000 -0.542541 -0.228766  
382 18.910000 -0.540246 -0.230187  
383 18.920000 -0.537937 -0.231517  
384 18.930000 -0.535616 -0.232760  
385 18.940000 -0.533282 -0.233917  
386 18.950000 -0.530938 -0.234993  
387 18.960000 -0.528583 -0.235988  
388 18.970000 -0.526218 -0.236907  
389 18.980000 -0.523845 -0.237751  
390 18.990000 -0.521463 -0.238524  
391 19.000000 -0.519075 -0.239226  
392 19.010000 -0.516679 -0.239861  
393 19.020000 -0.514278 -0.240431  
394 19.030000 -0.511871 -0.240938  
395 19.040000 -0.509459 -0.241383  
396 19.050000 -0.507043 -0.241770  
397 19.060000 -0.504624 -0.242100  
398 19.070000 -0.502201 -0.242375  
399 19.080000 -0.499776 -0.242596  
400 19.090000 -0.497350 -0.242766  
401 19.100000 -0.494921 -0.242886  
402 19.110000 -0.492492 -0.242959  
403 19.120000 -0.490062 -0.242985  
404 19.130000 -0.487632 -0.242966  
405 19.140000 -0.485203 -0.242904  
406 19.150000 -0.482775 -0.242800  
407 19.160000 -0.480347 -0.242656  
408 19.170000 -0.477922 -0.242473  
409 19.180000 -0.475498 -0.242252  
410 19.190000 -0.473077 -0.241996  
411 19.200000 -0.470658 -0.241704  
412 19.210000 -0.468243 -0.241379  
413 19.220000 -0.465831 -0.241021  
414 19.230000 -0.463422 -0.240632  
415 19.240000 -0.461018 -0.240213  
416 19.250000 -0.458618 -0.239765  
417 19.260000 -0.456223 -0.239289  
418 19.270000 -0.453832 -0.238786  
419 19.280000 -0.451447 -0.238258  
420 19.290000 -0.449067 -0.237704  
421 19.300000 -0.446693 -0.237127  
422 19.310000 -0.444325 -0.236526  
423 19.320000 -0.441963 -0.235903  
424 19.330000 -0.439607 -0.235259  
425 19.340000 -0.437258 -0.234595  
426 19.350000 -0.434915 -0.233911  
427 19.360000 -0.432580 -0.233209  
428 19.370000 -0.430251 -0.232488  
429 19.380000 -0.427930 -0.231750  
430 19.390000 -0.425616 -0.230995  
431 19.400000 -0.423310 -0.230225  
432 19.410000 -0.421012 -0.229439  
433 19.420000 -0.418721 -0.228639  
434 19.430000 -0.416439 -0.227825  
435 19.440000 -0.414165 -0.226998  
436 19.450000 -0.411899 -0.226159  
437 19.460000 -0.409642 -0.225307  
438 19.470000 -0.407393 -0.224443  
439 19.480000 -0.405153 -0.223569  
440 19.490000 -0.402922 -0.222685  
441 19.500000 -0.400699 -0.221790  
442 19.510000 -0.398486 -0.220886  
443 19.520000 -0.396281 -0.219973  
444 19.530000 -0.394086 -0.219052  
445 19.540000 -0.391900 -0.218123  
446 19.550000 -0.389724 -0.217186  
447 19.560000 -0.387557 -0.216242  
448 19.570000 -0.385399 -0.215292  
449 19.580000 -0.383251 -0.214335  
450 19.590000 -0.381112 -0.213372  
451 19.600000 -0.378983 -0.212404  
452 19.610000 -0.376864 -0.211431  
453 19.620000 -0.374755 -0.210453  
454 19.630000 -0.372655 -0.209470  
455 19.640000 -0.370565 -0.208484  
456 19.650000 -0.368486 -0.207493  
457 19.660000 -0.366416 -0.206499  
458 19.670000 -0.364356 -0.205502  
459 19.680000 -0.362306 -0.204502  
460 19.690000 -0.360266 -0.203500  
461 19.700000 -0.358236 -0.202495  
462 19.710000 -0.356216 -0.201488  
463 19.720000 -0.354206 -0.200479  
464 19.730000 -0.352206 -0.199469  
465 19.740000 -0.350216 -0.198457  
466 19.750000 -0.348237 -0.197444  
467 19.760000 -0.346268 -0.196431  
468 19.770000 -0.344308 -0.195417  
469 19.780000 -0.342359 -0.194402  
470 19.790000 -0.340420 -0.193387  
471 19.800000 -0.338492 -0.192372  
472 19.810000 -0.336573 -0.191358  
473 19.820000 -0.334664 -0.190343  
474 19.830000 -0.332766 -0.189329  
475 19.840000 -0.330878 -0.188316  
476 19.850000 -0.329000 -0.187304  
477 19.860000 -0.327132 -0.186293  
478 19.870000 -0.325274 -0.185283  
479 19.880000 -0.323426 -0.184274  
480 19.890000 -0.321588 -0.183267  
481 19.900000 -0.319761 -0.182261  
482 19.910000 -0.317943 -0.181257  
483 19.920000 -0.316136 -0.180255  
484 19.930000 -0.314338 -0.179255  
485 19.940000 -0.312550 -0.178257  
486 19.950000 -0.310773 -0.177261  
487 19.960000 -0.309005 -0.176267  
488 19.970000 -0.307248 -0.175276  
489 19.980000 -0.305500 -0.174288  
490 19.990000 -0.303762 -0.173302  
491 20.000000 -0.302034 -0.172319  
492 20.010000 -0.300315 -0.171339  
493 20.020000 -0.298607 -0.170361  
494 20.030000 -0.296908 -0.169387  
495 20.040000 -0.295219 -0.168416  
496 20.050000 -0.293540 -0.167448  
497 20.060000 -0.291870 -0.166483  
498 20.070000 -0.290210 -0.165521  
499 20.080000 -0.288560 -0.164563  
500 20.090000 -0.286919 -0.163608  
501 20.100000 -0.285288 -0.162657  
502 20.110000 -0.283666 -0.161709  
503 20.120000 -0.282053 -0.160765  
504 20.130000 -0.280450 -0.159824  
505 20.140000 -0.278857 -0.158888  
506 20.150000 -0.277273 -0.157955  
507 20.160000 -0.275698 -0.157025  
508 20.170000 -0.274132 -0.156100  
509 20.180000 -0.272576 -0.155179  
510 20.190000 -0.271029 -0.154261  
511 20.200000 -0.269491 -0.153348  
512 20.210000 -0.267962 -0.152438  
513 20.220000 -0.266442 -0.151533  
514 20.230000 -0.264931 -0.150632  
515 20.240000 -0.263429 -0.149735  
516 20.250000 -0.261936 -0.148841  
517 20.260000 -0.260452 -0.147953  
518 20.270000 -0.258977 -0.147068  
519 20.280000 -0.257511 -0.146187  
520 20.290000 -0.256053 -0.145311  
521 20.300000 -0.254605 -0.144439  
522 20.310000 -0.253165 -0.143572  
523 20.320000 -0.251733 -0.142708  
524 20.330000 -0.250310 -0.141849  
525 20.340000 -0.248896 -0.140994  
526 20.350000 -0.247490 -0.140144  
527 20.360000 -0.246093 -0.139298  
528 20.370000 -0.244705 -0.138456  
529 20.380000 -0.243324 -0.137619  
530 20.390000 -0.241952 -0.136786  
531 20.400000 -0.240588 -0.135957  
532 20.410000 -0.239233 -0.135133  
533 20.420000 -0.237886 -0.134314  
534 20.430000 -0.236547 -0.133498  
535 20.440000 -0.235216 -0.132687  
536 20.450000 -0.233893 -0.131881  
537 20.460000 -0.232578 -0.131079  
538 20.470000 -0.231271 -0.130281  
539 20.480000 -0.229972 -0.129488  
540 20.490000 -0.228682 -0.128699  
541 20.500000 -0.227398 -0.127915  
542 20.510000 -0.226123 -0.127135  
543 20.520000 -0.224856 -0.126359  
544 20.530000 -0.223596 -0.125588  
545 20.540000 -0.222344 -0.124821  
546 20.550000 -0.221100 -0.124059  
547 20.560000 -0.219863 -0.123301  
548 20.570000 -0.218634 -0.122547  
549 20.580000 -0.217412 -0.121798  
550 20.590000 -0.216198 -0.121053  
551 20.600000 -0.214991 -0.120312  
552 20.610000 -0.213791 -0.119576  
553 20.620000 -0.212599 -0.118844  
554 20.630000 -0.211414 -0.118117  
555 20.640000 -0.210237 -0.117394  
556 20.650000 -0.209067 -0.116675  
557 20.660000 -0.207903 -0.115960  
558 20.670000 -0.206747 -0.115250  
559 20.680000 -0.205598 -0.114544  
560 20.690000 -0.204456 -0.113842  
561 20.700000 -0.203322 -0.113144  
562 20.710000 -0.202194 -0.112451  
563 20.720000 -0.201073 -0.111762  
564 20.730000 -0.199958 -0.111077  
565 20.740000 -0.198851 -0.110396  
566 20.750000 -0.197750 -0.109719  
567 20.760000 -0.196657 -0.109047  
568 20.770000 -0.195569 -0.108379  
569 20.780000 -0.194489 -0.107715  
570 20.790000 -0.193415 -0.107055  
571 20.800000 -0.192348 -0.106399  
572 20.810000 -0.191287 -0.105747  
573 20.820000 -0.190233 -0.105099  
574 20.830000 -0.189185 -0.104455  
575 20.840000 -0.188144 -0.103815  
576 20.850000 -0.187109 -0.103180  
577 20.860000 -0.186080 -0.102548  
578 20.870000 -0.185058 -0.101920  
579 20.880000 -0.184042 -0.101296  
580 20.890000 -0.183032 -0.100677  
581 20.900000 -0.182028 -0.100061  
582 20.910000 -0.181031 -0.099449  
583 20.920000 -0.180039 -0.098840  
584 20.930000 -0.179054 -0.098236  
585 20.940000 -0.178075 -0.097636  
586 20.950000 -0.177101 -0.097039  
587 20.960000 -0.176134 -0.096446  
588 20.970000 -0.175172 -0.095857  
589 20.980000 -0.174217 -0.095272  
590 20.990000 -0.173267 -0.094690  
591 21.000000 -0.172323 -0.094112  
592 21.010000 -0.171384 -0.093538  
593 21.020000 -0.170452 -0.092968  
594 21.030000 -0.169525 -0.092401  
595 21.040000 -0.168604 -0.091838  
596 21.050000 -0.167688 -0.091279  
597 21.060000 -0.166778 -0.090723  
598 21.070000 -0.165874 -0.090171  
599 21.080000 -0.164975 -0.089622  
600 21.090000 -0.164081 -0.089077  
601 21.100000 -0.163193 -0.088535  
602 21.110000 -0.162311 -0.087997  
603 21.120000 -0.161433 -0.087463  
604 21.130000 -0.160561 -0.086931  
605 21.140000 -0.159695 -0.086404  
606 21.150000 -0.158833 -0.085880  
607 21.160000 -0.157977 -0.085359  
608 21.170000 -0.157126 -0.084841  
609 21.180000 -0.156280 -0.084327  
610 21.190000 -0.155440 -0.083817  
611 21.200000 -0.154604 -0.083309  
612 21.210000 -0.153773 -0.082805  
613 21.220000 -0.152948 -0.082305  
614 21.230000 -0.152127 -0.081807  
615 21.240000 -0.151312 -0.081313  
616 21.250000 -0.150501 -0.080822  
617 21.260000 -0.149695 -0.080334  
618 21.270000 -0.148894 -0.079850  
619 21.280000 -0.148098 -0.079368  
620 21.290000 -0.147307 -0.078890  
621 21.300000 -0.146520 -0.078415  
622 21.310000 -0.145739 -0.077943  
623 21.320000 -0.144962 -0.077474  
624 21.330000 -0.144189 -0.077008  
625 21.340000 -0.143421 -0.076546  
626 21.350000 -0.142658 -0.076086  
627 21.360000 -0.141900 -0.075629  
628 21.370000 -0.141146 -0.075176  
629 21.380000 -0.140396 -0.074725  
630 21.390000 -0.139651 -0.074278  
631 21.400000 -0.138911 -0.073833  
632 21.410000 -0.138174 -0.073391  
633 21.420000 -0.137443 -0.072952  
634 21.430000 -0.136715 -0.072516  
635 21.440000 -0.135992 -0.072083  
636 21.450000 -0.135274 -0.071653  
637 21.460000 -0.134559 -0.071225  
638 21.470000 -0.133849 -0.070801  
639 21.480000 -0.133143 -0.070379  
640 21.490000 -0.132442 -0.069960  
641 21.500000 -0.131744 -0.069544  
642 21.510000 -0.131051 -0.069130  
643 21.520000 -0.130362 -0.068719  
644 21.530000 -0.129676 -0.068311  
645 21.540000 -0.128995 -0.067906  
646 21.550000 -0.128318 -0.067503  
647 21.560000 -0.127645 -0.067103  
648 21.570000 -0.126976 -0.066706  
649 21.580000 -0.126311 -0.066311  
650 21.590000 -0.125650 -0.065919  
651 21.600000 -0.124993 -0.065529  
652 21.610000 -0.124339 -0.065142  
653 21.620000 -0.123690 -0.064757  
654 21.630000 -0.123044 -0.064375  
655 21.640000 -0.122402 -0.063996  
656 21.650000 -0.121764 -0.063619  
657 21.660000 -0.121130 -0.063245  
658 21.670000 -0.120499 -0.062873  
659 21.680000 -0.119873 -0.062503  
660 21.690000 -0.119249 -0.062136  
661 21.700000 -0.118630 -0.061771  
662 21.710000 -0.118014 -0.061409  
663 21.720000 -0.117402 -0.061049  
664 21.730000 -0.116793 -0.060692  
665 21.740000 -0.116188 -0.060336  
666 21.750000 -0.115586 -0.059984  
667 21.760000 -0.114988 -0.059633  
668 21.770000 -0.114393 -0.059285  
669 21.780000 -0.113802 -0.058939  
670 21.790000 -0.113215 -0.058595  
671 21.800000 -0.112630 -0.058254  
672 21.810000 -0.112050 -0.057915  
673 21.820000 -0.111472 -0.057578  
674 21.830000 -0.110898 -0.057243  
675 21.840000 -0.110327 -0.056911  
676 21.850000 -0.109760 -0.056580  
677 21.860000 -0.109196 -0.056252  
678 21.870000 -0.108635 -0.055926  
679 21.880000 -0.108077 -0.055602  
680 21.890000 -0.107523 -0.055280  
681 21.900000 -0.106972 -0.054961  
682 21.910000 -0.106424 -0.054643  
683 21.920000 -0.105879 -0.054328  
684 21.930000 -0.105337 -0.054014  
685 21.940000 -0.104798 -0.053703  
686 21.950000 -0.104263 -0.053394  
687 21.960000 -0.103730 -0.053086  
688 21.970000 -0.103201 -0.052781  
689 21.980000 -0.102675 -0.052478  
690 21.990000 -0.102152 -0.052176  
691 22.000000 -0.101631 -0.051877  
692 22.010000 -0.101114 -0.051580  
693 22.020000 -0.100600 -0.051284  
694 22.030000 -0.100088 -0.050991  
695 22.040000 -0.099580 -0.050699  
696 22.050000 -0.099074 -0.050409  
697 22.060000 -0.098572 -0.050122  
698 22.070000 -0.098072 -0.049836  
699 22.080000 -0.097575 -0.049551  
700 22.090000 -0.097081 -0.049269  
701 22.100000 -0.096590 -0.048989  
702 22.110000 -0.096101 -0.048710  
703 22.120000 -0.095615 -0.048433  
704 22.130000 -0.095132 -0.048158  
705 22.140000 -0.094652 -0.047885  
706 22.150000 -0.094175 -0.047614  
707 22.160000 -0.093700 -0.047344  
708 22.170000 -0.093228 -0.047076  
709 22.180000 -0.092758 -0.046810  
710 22.190000 -0.092292 -0.046545  
711 22.200000 -0.091827 -0.046283  
712 22.210000 -0.091366 -0.046022  
713 22.220000 -0.090907 -0.045762  
714 22.230000 -0.090451 -0.045505  
715 22.240000 -0.089997 -0.045248  
716 22.250000 -0.089546 -0.044994  
717 22.260000 -0.089097 -0.044741  
718 22.270000 -0.088651 -0.044490  
719 22.280000 -0.088207 -0.044241  
720 22.290000 -0.087766 -0.043993  
721 22.300000 -0.087327 -0.043746  
722 22.310000 -0.086891 -0.043502  
723 22.320000 -0.086457 -0.043259  
724 22.330000 -0.086026 -0.043017  
725 22.340000 -0.085597 -0.042777  
726 22.350000 -0.085170 -0.042538  
727 22.360000 -0.084746 -0.042301  
728 22.370000 -0.084324 -0.042066  
729 22.380000 -0.083905 -0.041832  
730 22.390000 -0.083488 -0.041600  
731 22.400000 -0.083073 -0.041369  
732 22.410000 -0.082660 -0.041139  
733 22.420000 -0.082250 -0.040911  
734 22.430000 -0.081842 -0.040684  
735 22.440000 -0.081436 -0.040459  
736 22.450000 -0.081033 -0.040236  
737 22.460000 -0.080632 -0.040013  
738 22.470000 -0.080233 -0.039792  
739 22.480000 -0.079836 -0.039573  
740 22.490000 -0.079441 -0.039355  
741 22.500000 -0.079049 -0.039138  
742 22.510000 -0.078658 -0.038923  
743 22.520000 -0.078270 -0.038709  
744 22.530000 -0.077884 -0.038497  
745 22.540000 -0.077500 -0.038285  
746 22.550000 -0.077119 -0.038075  
747 22.560000 -0.076739 -0.037867  
748 22.570000 -0.076361 -0.037660  
749 22.580000 -0.075986 -0.037454  
750 22.590000 -0.075612 -0.037249  
751 22.600000 -0.075241 -0.037046  
752 22.610000 -0.074871 -0.036844  
753 22.620000 -0.074504 -0.036643  
754 22.630000 -0.074138 -0.036443  
755 22.640000 -0.073775 -0.036245  
756 22.650000 -0.073413 -0.036048  
757 22.660000 -0.073054 -0.035852  
758 22.670000 -0.072696 -0.035658  
759 22.680000 -0.072341 -0.035464  
760 22.690000 -0.071987 -0.035272  
761 22.700000 -0.071635 -0.035081  
762 22.710000 -0.071285 -0.034892  
763 22.720000 -0.070938 -0.034703  
764 22.730000 -0.070591 -0.034516  
765 22.740000 -0.070247 -0.034330  
766 22.750000 -0.069905 -0.034145  
767 22.760000 -0.069564 -0.033961  
768 22.770000 -0.069226 -0.033778  
769 22.780000 -0.068889 -0.033597  
770 22.790000 -0.068554 -0.033416  
771 22.800000 -0.068220 -0.033237  
772 22.810000 -0.067889 -0.033059  
773 22.820000 -0.067559 -0.032882  
774 22.830000 -0.067231 -0.032706  
775 22.840000 -0.066905 -0.032531  
776 22.850000 -0.066581 -0.032357  
777 22.860000 -0.066258 -0.032184  
778 22.870000 -0.065937 -0.032012  
779 22.880000 -0.065618 -0.031842  
780 22.890000 -0.065300 -0.031672  
781 22.900000 -0.064984 -0.031504  
782 22.910000 -0.064670 -0.031336  
783 22.920000 -0.064358 -0.031170  
784 22.930000 -0.064047 -0.031005  
785 22.940000 -0.063737 -0.030840  
786 22.950000 -0.063430 -0.030677  
787 22.960000 -0.063124 -0.030515  
788 22.970000 -0.062820 -0.030353  
789 22.980000 -0.062517 -0.030193  
790 22.990000 -0.062216 -0.030033  
791 23.000000 -0.061916 -0.029875  
792 23.010000 -0.061618 -0.029718  
793 23.020000 -0.061322 -0.029561  
794 23.030000 -0.061027 -0.029406  
795 23.040000 -0.060734 -0.029251  
796 23.050000 -0.060442 -0.029097  
797 23.060000 -0.060152 -0.028945  
798 23.070000 -0.059863 -0.028793  
799 23.080000 -0.059576 -0.028642  
800 23.090000 -0.059290 -0.028492  
801 23.100000 -0.059006 -0.028343  
802 23.110000 -0.058723 -0.028195  
803 23.120000 -0.058442 -0.028048  
804 23.130000 -0.058162 -0.027902  
805 23.140000 -0.057884 -0.027757  
806 23.150000 -0.057607 -0.027612  
807 23.160000 -0.057332 -0.027468  
808 23.170000 -0.057058 -0.027326  
809 23.180000 -0.056785 -0.027184  
810 23.190000 -0.056514 -0.027043  
811 23.200000 -0.056244 -0.026903  
812 23.210000 -0.055976 -0.026763  
813 23.220000 -0.055709 -0.026625  
814 23.230000 -0.055444 -0.026487  
815 23.240000 -0.055179 -0.026350  
816 23.250000 -0.054917 -0.026214  
817 23.260000 -0.054655 -0.026079  
818 23.270000 -0.054395 -0.025945  
819 23.280000 -0.054136 -0.025811  
820 23.290000 -0.053879 -0.025678  
821 23.300000 -0.053623 -0.025546  
822 23.310000 -0.053368 -0.025415  
823 23.320000 -0.053114 -0.025285  
824 23.330000 -0.052862 -0.025155  
825 23.340000 -0.052611 -0.025026  
826 23.350000 -0.052362 -0.024898  
827 23.360000 -0.052113 -0.024771  
828 23.370000 -0.051866 -0.024645  
829 23.380000 -0.051620 -0.024519  
830 23.390000 -0.051376 -0.024394  
831 23.400000 -0.051133 -0.024270  
832 23.410000 -0.050890 -0.024146  
833 23.420000 -0.050650 -0.024023  
834 23.430000 -0.050410 -0.023901  
835 23.440000 -0.050172 -0.023780  
836 23.450000 -0.049934 -0.023659  
837 23.460000 -0.049698 -0.023539  
838 23.470000 -0.049464 -0.023420  
839 23.480000 -0.049230 -0.023301  
840 23.490000 -0.048998 -0.023184  
841 23.500000 -0.048766 -0.023067  
842 23.510000 -0.048536 -0.022950  
843 23.520000 -0.048307 -0.022834  
844 23.530000 -0.048080 -0.022719  
845 23.540000 -0.047853 -0.022605  
846 23.550000 -0.047627 -0.022491  
847 23.560000 -0.047403 -0.022378  
848 23.570000 -0.047180 -0.022266  
849 23.580000 -0.046958 -0.022154  
850 23.590000 -0.046737 -0.022043  
851 23.600000 -0.046517 -0.021933  
852 23.610000 -0.046298 -0.021823  
853 23.620000 -0.046080 -0.021714  
854 23.630000 -0.045864 -0.021606  
855 23.640000 -0.045648 -0.021498  
856 23.650000 -0.045434 -0.021391  
857 23.660000 -0.045221 -0.021284  
858 23.670000 -0.045008 -0.021178  
859 23.680000 -0.044797 -0.021073  
860 23.690000 -0.044587 -0.020968  
861 23.700000 -0.044378 -0.020864  
862 23.710000 -0.044169 -0.020760  
863 23.720000 -0.043962 -0.020657  
864 23.730000 -0.043756 -0.020555  
865 23.740000 -0.043551 -0.020453  
866 23.750000 -0.043347 -0.020352  
867 23.760000 -0.043144 -0.020252  
868 23.770000 -0.042942 -0.020152  
869 23.780000 -0.042741 -0.020052  
870 23.790000 -0.042541 -0.019954  
871 23.800000 -0.042342 -0.019855  
872 23.810000 -0.042144 -0.019758  
873 23.820000 -0.041947 -0.019661  
874 23.830000 -0.041751 -0.019564  
875 23.840000 -0.041556 -0.019468  
876 23.850000 -0.041361 -0.019373  
877 23.860000 -0.041168 -0.019278  
878 23.870000 -0.040976 -0.019183  
879 23.880000 -0.040785 -0.019090  
880 23.890000 -0.040594 -0.018996  
881 23.900000 -0.040405 -0.018904  
882 23.910000 -0.040216 -0.018811  
883 23.920000 -0.040028 -0.018720  
884 23.930000 -0.039842 -0.018629  
885 23.940000 -0.039656 -0.018538  
886 23.950000 -0.039471 -0.018448  
887 23.960000 -0.039287 -0.018358  
888 23.970000 -0.039104 -0.018269  
889 23.980000 -0.038921 -0.018181  
890 23.990000 -0.038740 -0.018092  
891 24.000000 -0.038560 -0.018005  
892 24.010000 -0.038380 -0.017918  
893 24.020000 -0.038201 -0.017831  
894 24.030000 -0.038023 -0.017745  
895 24.040000 -0.037846 -0.017660  
896 24.050000 -0.037670 -0.017574  
897 24.060000 -0.037495 -0.017490  
898 24.070000 -0.037320 -0.017406  
899 24.080000 -0.037147 -0.017322  
900 24.090000 -0.036974 -0.017239  
901 24.100000 -0.036802 -0.017156  
902 24.110000 -0.036631 -0.017074  
903 24.120000 -0.036461 -0.016992  
904 24.130000 -0.036291 -0.016910  
905 24.140000 -0.036122 -0.016830  
906 24.150000 -0.035954 -0.016749  
907 24.160000 -0.035787 -0.016669  
908 24.170000 -0.035621 -0.016590  
909 24.180000 -0.035456 -0.016511  
910 24.190000 -0.035291 -0.016432  
911 24.200000 -0.035127 -0.016354  
912 24.210000 -0.034964 -0.016276  
913 24.220000 -0.034801 -0.016199  
914 24.230000 -0.034640 -0.016122  
915 24.240000 -0.034479 -0.016045  
916 24.250000 -0.034319 -0.015969  
917 24.260000 -0.034160 -0.015893  
918 24.270000 -0.034001 -0.015818  
919 24.280000 -0.033843 -0.015743  
920 24.290000 -0.033686 -0.015669  
921 24.300000 -0.033530 -0.015595  
922 24.310000 -0.033374 -0.015522  
923 24.320000 -0.033219 -0.015448  
924 24.330000 -0.033065 -0.015376  
925 24.340000 -0.032912 -0.015303  
926 24.350000 -0.032759 -0.015231  
927 24.360000 -0.032607 -0.015160  
928 24.370000 -0.032456 -0.015089  
929 24.380000 -0.032305 -0.015018  
930 24.390000 -0.032156 -0.014948  
931 24.400000 -0.032006 -0.014878  
932 24.410000 -0.031858 -0.014808  
933 24.420000 -0.031710 -0.014739  
934 24.430000 -0.031563 -0.014670  
935 24.440000 -0.031417 -0.014601  
936 24.450000 -0.031271 -0.014533  
937 24.460000 -0.031126 -0.014466  
938 24.470000 -0.030982 -0.014398  
939 24.480000 -0.030838 -0.014331  
940 24.490000 -0.030695 -0.014265  
941 24.500000 -0.030553 -0.014199  
942 24.510000 -0.030411 -0.014133  
943 24.520000 -0.030270 -0.014067  
944 24.530000 -0.030130 -0.014002  
945 24.540000 -0.029990 -0.013937  
946 24.550000 -0.029851 -0.013873  
947 24.560000 -0.029713 -0.013809  
948 24.570000 -0.029575 -0.013745  
949 24.580000 -0.029438 -0.013681  
950 24.590000 -0.029301 -0.013618  
951 24.600000 -0.029166 -0.013556  
952 24.610000 -0.029030 -0.013493  
953 24.620000 -0.028896 -0.013431  
954 24.630000 -0.028762 -0.013370  
955 24.640000 -0.028628 -0.013308  
956 24.650000 -0.028496 -0.013247  
957 24.660000 -0.028363 -0.013186  
958 24.670000 -0.028232 -0.013126  
959 24.680000 -0.028101 -0.013066  
960 24.690000 -0.027971 -0.013006  
961 24.700000 -0.027841 -0.012947  
962 24.710000 -0.027712 -0.012888  
963 24.720000 -0.027583 -0.012829  
964 24.730000 -0.027455 -0.012770  
965 24.740000 -0.027328 -0.012712  
966 24.750000 -0.027201 -0.012654  
967 24.760000 -0.027074 -0.012597  
968 24.770000 -0.026949 -0.012540  
969 24.780000 -0.026824 -0.012483  
970 24.790000 -0.026699 -0.012426  
971 24.800000 -0.026575 -0.012370  
972 24.810000 -0.026452 -0.012314  
973 24.820000 -0.026329 -0.012258  
974 24.830000 -0.026207 -0.012203  
975 24.840000 -0.026085 -0.012148  
976 24.850000 -0.025964 -0.012093  
977 24.860000 -0.025843 -0.012038  
978 24.870000 -0.025723 -0.011984  
979 24.880000 -0.025603 -0.011930  
980 24.890000 -0.025484 -0.011876  
981 24.900000 -0.025366 -0.011823  
982 24.910000 -0.025248 -0.011770  
983 24.920000 -0.025130 -0.011717  
984 24.930000 -0.025013 -0.011664  
985 24.940000 -0.024897 -0.011612  
986 24.950000 -0.024781 -0.011560  
987 24.960000 -0.024666 -0.011508  
988 24.970000 -0.024551 -0.011457  
989 24.980000 -0.024437 -0.011406  
990 24.990000 -0.024323 -0.011355  
991 25.000000 -0.024210 -0.011304  
992 25.010000 -0.024097 -0.011254  
993 25.020000 -0.023985 -0.011204  
994 25.030000 -0.023873 -0.011154  
995 25.040000 -0.023761 -0.011104  
996 25.050000 -0.023651 -0.011055  
997 25.060000 -0.023540 -0.011006  
998 25.070000 -0.023431 -0.010957  
999 25.080000 -0.023321 -0.010909  
1000 25.090000 -0.023212 -0.010860  
1001 25.100000 -0.023104 -0.010812  
1002 25.110000 -0.022996 -0.010764  
1003 25.120000 -0.022889 -0.010717  
1004 25.130000 -0.022782 -0.010670  
1005 25.140000 -0.022675 -0.010623  
1006 25.150000 -0.022569 -0.010576  
1007 25.160000 -0.022464 -0.010529  
1008 25.170000 -0.022359 -0.010483  
1009 25.180000 -0.022254 -0.010437  
1010 25.190000 -0.022150 -0.010391  
1011 25.200000 -0.022046 -0.010345  
1012 25.210000 -0.021943 -0.010300  
1013 25.220000 -0.021840 -0.010255  
1014 25.230000 -0.021738 -0.010210  
1015 25.240000 -0.021636 -0.010165  
1016 25.250000 -0.021535 -0.010121  
1017 25.260000 -0.021434 -0.010076  
1018 25.270000 -0.021333 -0.010032  
1019 25.280000 -0.021233 -0.009989  
1020 25.290000 -0.021133 -0.009945  
1021 25.300000 -0.021034 -0.009902  
1022 25.310000 -0.020935 -0.009859  
1023 25.320000 -0.020837 -0.009816  
1024 25.330000 -0.020739 -0.009773  
1025 25.340000 -0.020642 -0.009731  
1026 25.350000 -0.020544 -0.009689  
1027 25.360000 -0.020448 -0.009647  
1028 25.370000 -0.020352 -0.009605  
1029 25.380000 -0.020256 -0.009563  
1030 25.390000 -0.020160 -0.009522  
1031 25.400000 -0.020065 -0.009481  
1032 25.410000 -0.019971 -0.009440  
1033 25.420000 -0.019876 -0.009399  
1034 25.430000 -0.019783 -0.009358  
1035 25.440000 -0.019689 -0.009318  
1036 25.450000 -0.019596 -0.009278  
1037 25.460000 -0.019504 -0.009238  
1038 25.470000 -0.019412 -0.009198  
1039 25.480000 -0.019320 -0.009159  
1040 25.490000 -0.019228 -0.009120  
1041 25.500000 -0.019137 -0.009080  
1042 25.510000 -0.019047 -0.009041  
1043 25.520000 -0.018957 -0.009003  
1044 25.530000 -0.018867 -0.008964  
1045 25.540000 -0.018777 -0.008926  
1046 25.550000 -0.018688 -0.008888  
1047 25.560000 -0.018599 -0.008850  
1048 25.570000 -0.018511 -0.008812  
1049 25.580000 -0.018423 -0.008774  
1050 25.590000 -0.018336 -0.008737  
1051 25.600000 -0.018248 -0.008700  
1052 25.610000 -0.018162 -0.008663  
1053 25.620000 -0.018075 -0.008626  
1054 25.630000 -0.017989 -0.008589  
1055 25.640000 -0.017903 -0.008553  
1056 25.650000 -0.017818 -0.008517  
1057 25.660000 -0.017733 -0.008481  
1058 25.670000 -0.017648 -0.008445  
1059 25.680000 -0.017564 -0.008409  
1060 25.690000 -0.017480 -0.008373  
1061 25.700000 -0.017397 -0.008338  
1062 25.710000 -0.017314 -0.008303  
1063 25.720000 -0.017231 -0.008268  
1064 25.730000 -0.017148 -0.008233  
1065 25.740000 -0.017066 -0.008198  
1066 25.750000 -0.016984 -0.008164  
1067 25.760000 -0.016903 -0.008130  
1068 25.770000 -0.016822 -0.008095  
1069 25.780000 -0.016741 -0.008061  
1070 25.790000 -0.016660 -0.008028  
1071 25.800000 -0.016580 -0.007994  
1072 25.810000 -0.016501 -0.007960  
1073 25.820000 -0.016421 -0.007927  
1074 25.830000 -0.016342 -0.007894  
1075 25.840000 -0.016263 -0.007861  
1076 25.850000 -0.016185 -0.007828  
1077 25.860000 -0.016107 -0.007795  
1078 25.870000 -0.016029 -0.007763  
1079 25.880000 -0.015951 -0.007731  
1080 25.890000 -0.015874 -0.007698  
1081 25.900000 -0.015797 -0.007666  
1082 25.910000 -0.015721 -0.007634  
1083 25.920000 -0.015645 -0.007603  
1084 25.930000 -0.015569 -0.007571  
1085 25.940000 -0.015493 -0.007540  
1086 25.950000 -0.015418 -0.007508  
1087 25.960000 -0.015343 -0.007477  
1088 25.970000 -0.015269 -0.007446  
1089 25.980000 -0.015194 -0.007416  
1090 25.990000 -0.015120 -0.007385  
1091 26.000000 -0.015046 -0.007354  
1092 26.010000 -0.014973 -0.007324  
1093 26.020000 -0.014900 -0.007294  
1094 26.030000 -0.014827 -0.007264  
1095 26.040000 -0.014755 -0.007234  
1096 26.050000 -0.014683 -0.007204  
1097 26.060000 -0.014611 -0.007175  
1098 26.070000 -0.014539 -0.007145  
1099 26.080000 -0.014468 -0.007116  
1100 26.090000 -0.014397 -0.007087  
1101 26.100000 -0.014326 -0.007057  
1102 26.110000 -0.014256 -0.007029  
1103 26.120000 -0.014185 -0.007000  
1104 26.130000 -0.014116 -0.006971  
1105 26.140000 -0.014046 -0.006943  
1106 26.150000 -0.013977 -0.006914  
1107 26.160000 -0.013908 -0.006886  
1108 26.170000 -0.013839 -0.006858  
1109 26.180000 -0.013771 -0.006830  
1110 26.190000 -0.013702 -0.006802  
1111 26.200000 -0.013635 -0.006774  
1112 26.210000 -0.013567 -0.006747  
1113 26.220000 -0.013500 -0.006720  
1114 26.230000 -0.013433 -0.006692  
1115 26.240000 -0.013366 -0.006665  
1116 26.250000 -0.013299 -0.006638  
1117 26.260000 -0.013233 -0.006611  
1118 26.270000 -0.013167 -0.006584  
1119 26.280000 -0.013101 -0.006558  
1120 26.290000 -0.013036 -0.006531  
1121 26.300000 -0.012971 -0.006505  
1122 26.310000 -0.012906 -0.006479  
1123 26.320000 -0.012841 -0.006452  
1124 26.330000 -0.012777 -0.006426  
1125 26.340000 -0.012713 -0.006400  
1126 26.350000 -0.012649 -0.006375  
1127 26.360000 -0.012585 -0.006349  
1128 26.370000 -0.012522 -0.006324  
1129 26.380000 -0.012459 -0.006298  
1130 26.390000 -0.012396 -0.006273  
1131 26.400000 -0.012333 -0.006248  
1132 26.410000 -0.012271 -0.006223  
1133 26.420000 -0.012209 -0.006198  
1134 26.430000 -0.012147 -0.006173  
1135 26.440000 -0.012085 -0.006148  
1136 26.450000 -0.012024 -0.006124  
1137 26.460000 -0.011963 -0.006099  
1138 26.470000 -0.011902 -0.006075  
1139 26.480000 -0.011841 -0.006051  
1140 26.490000 -0.011781 -0.006026  
1141 26.500000 -0.011721 -0.006002  
1142 26.510000 -0.011661 -0.005979  
1143 26.520000 -0.011601 -0.005955  
1144 26.530000 -0.011542 -0.005931  
1145 26.540000 -0.011483 -0.005908  
1146 26.550000 -0.011424 -0.005884  
1147 26.560000 -0.011365 -0.005861  
1148 26.570000 -0.011306 -0.005838  
1149 26.580000 -0.011248 -0.005814  
1150 26.590000 -0.011190 -0.005791  
1151 26.600000 -0.011132 -0.005769  
1152 26.610000 -0.011075 -0.005746  
1153 26.620000 -0.011017 -0.005723  
1154 26.630000 -0.010960 -0.005700  
1155 26.640000 -0.010903 -0.005678  
1156 26.650000 -0.010847 -0.005656  
1157 26.660000 -0.010790 -0.005633  
1158 26.670000 -0.010734 -0.005611  
1159 26.680000 -0.010678 -0.005589  
1160 26.690000 -0.010622 -0.005567  
1161 26.700000 -0.010567 -0.005545  
1162 26.710000 -0.010511 -0.005523  
1163 26.720000 -0.010456 -0.005502  
1164 26.730000 -0.010401 -0.005480  
1165 26.740000 -0.010347 -0.005459  
1166 26.750000 -0.010292 -0.005437  
1167 26.760000 -0.010238 -0.005416  
1168 26.770000 -0.010184 -0.005395  
1169 26.780000 -0.010130 -0.005374  
1170 26.790000 -0.010076 -0.005353  
1171 26.800000 -0.010023 -0.005332  
1172 26.810000 -0.009970 -0.005311  
1173 26.820000 -0.009917 -0.005291  
1174 26.830000 -0.009864 -0.005270  
1175 26.840000 -0.009811 -0.005250  
1176 26.850000 -0.009759 -0.005229  
1177 26.860000 -0.009707 -0.005209  
1178 26.870000 -0.009655 -0.005189  
1179 26.880000 -0.009603 -0.005169  
1180 26.890000 -0.009551 -0.005148  
1181 26.900000 -0.009500 -0.005129  
1182 26.910000 -0.009449 -0.005109  
1183 26.920000 -0.009398 -0.005089  
1184 26.930000 -0.009347 -0.005069  
1185 26.940000 -0.009296 -0.005050  
1186 26.950000 -0.009246 -0.005030  
1187 26.960000 -0.009196 -0.005011  
1188 26.970000 -0.009146 -0.004992  
1189 26.980000 -0.009096 -0.004972  
1190 26.990000 -0.009046 -0.004953  
1191 27.000000 -0.008997 -0.004934  
1192 27.010000 -0.008948 -0.004915  
1193 27.020000 -0.008899 -0.004896  
1194 27.030000 -0.008850 -0.004877  
1195 27.040000 -0.008801 -0.004859  
1196 27.050000 -0.008753 -0.004840  
1197 27.060000 -0.008704 -0.004822  
1198 27.070000 -0.008656 -0.004803  
1199 27.080000 -0.008608 -0.004785  
1200 27.090000 -0.008560 -0.004766  
1201 27.100000 -0.008513 -0.004748  
1202 27.110000 -0.008465 -0.004730  
1203 27.120000 -0.008418 -0.004712  
1204 27.130000 -0.008371 -0.004694  
1205 27.140000 -0.008324 -0.004676  
1206 27.150000 -0.008278 -0.004658  
1207 27.160000 -0.008231 -0.004641  
1208 27.170000 -0.008185 -0.004623  
1209 27.180000 -0.008139 -0.004606  
1210 27.190000 -0.008093 -0.004588  
1211 27.200000 -0.008047 -0.004571  
1212 27.210000 -0.008001 -0.004553  
1213 27.220000 -0.007956 -0.004536  
1214 27.230000 -0.007911 -0.004519  
1215 27.240000 -0.007866 -0.004502  
1216 27.250000 -0.007821 -0.004485  
1217 27.260000 -0.007776 -0.004468  
1218 27.270000 -0.007731 -0.004451  
1219 27.280000 -0.007687 -0.004434  
1220 27.290000 -0.007643 -0.004417  
1221 27.300000 -0.007598 -0.004401  
1222 27.310000 -0.007555 -0.004384  
1223 27.320000 -0.007511 -0.004368  
1224 27.330000 -0.007467 -0.004351  
1225 27.340000 -0.007424 -0.004335  
1226 27.350000 -0.007380 -0.004319  
1227 27.360000 -0.007337 -0.004302  
1228 27.370000 -0.007294 -0.004286  
1229 27.380000 -0.007252 -0.004270  
1230 27.390000 -0.007209 -0.004254  
1231 27.400000 -0.007167 -0.004238  
1232 27.410000 -0.007124 -0.004222  
1233 27.420000 -0.007082 -0.004207  
1234 27.430000 -0.007040 -0.004191  
1235 27.440000 -0.006998 -0.004175  
1236 27.450000 -0.006957 -0.004160  
1237 27.460000 -0.006915 -0.004144  
1238 27.470000 -0.006874 -0.004129  
1239 27.480000 -0.006833 -0.004113  
1240 27.490000 -0.006791 -0.004098  
1241 27.500000 -0.006751 -0.004083  
1242 27.510000 -0.006710 -0.004068  
1243 27.520000 -0.006669 -0.004053  
1244 27.530000 -0.006629 -0.004038  
1245 27.540000 -0.006588 -0.004023  
1246 27.550000 -0.006548 -0.004008  
1247 27.560000 -0.006508 -0.003993  
1248 27.570000 -0.006468 -0.003978  
1249 27.580000 -0.006429 -0.003963  
1250 27.590000 -0.006389 -0.003949  
1251 27.600000 -0.006350 -0.003934  
1252 27.610000 -0.006310 -0.003920  
1253 27.620000 -0.006271 -0.003905  
1254 27.630000 -0.006232 -0.003891  
1255 27.640000 -0.006194 -0.003876  
1256 27.650000 -0.006155 -0.003862  
1257 27.660000 -0.006116 -0.003848  
1258 27.670000 -0.006078 -0.003834  
1259 27.680000 -0.006040 -0.003820  
1260 27.690000 -0.006001 -0.003806  
1261 27.700000 -0.005964 -0.003792  
1262 27.710000 -0.005926 -0.003778  
1263 27.720000 -0.005888 -0.003764  
1264 27.730000 -0.005850 -0.003750  
1265 27.740000 -0.005813 -0.003736  
1266 27.750000 -0.005776 -0.003723  
1267 27.760000 -0.005738 -0.003709  
1268 27.770000 -0.005701 -0.003696  
1269 27.780000 -0.005665 -0.003682  
1270 27.790000 -0.005628 -0.003669  
1271 27.800000 -0.005591 -0.003655  
1272 27.810000 -0.005555 -0.003642  
1273 27.820000 -0.005518 -0.003629  
1274 27.830000 -0.005482 -0.003616  
1275 27.840000 -0.005446 -0.003602  
1276 27.850000 -0.005410 -0.003589  
1277 27.860000 -0.005374 -0.003576  
1278 27.870000 -0.005339 -0.003563  
1279 27.880000 -0.005303 -0.003550  
1280 27.890000 -0.005268 -0.003538  
1281 27.900000 -0.005232 -0.003525  
1282 27.910000 -0.005197 -0.003512  
1283 27.920000 -0.005162 -0.003499  
1284 27.930000 -0.005127 -0.003487  
1285 27.940000 -0.005092 -0.003474  
1286 27.950000 -0.005058 -0.003462  
1287 27.960000 -0.005023 -0.003449  
1288 27.970000 -0.004989 -0.003437  
1289 27.980000 -0.004954 -0.003424  
1290 27.990000 -0.004920 -0.003412  
1291 28.000000 -0.004886 -0.003400  
1292 28.010000 -0.004852 -0.003387  
1293 28.020000 -0.004818 -0.003375  
1294 28.030000 -0.004785 -0.003363  
1295 28.040000 -0.004751 -0.003351  
1296 28.050000 -0.004718 -0.003339  
1297 28.060000 -0.004684 -0.003327  
1298 28.070000 -0.004651 -0.003315  
1299 28.080000 -0.004618 -0.003303  
1300 28.090000 -0.004585 -0.003291  
1301 28.100000 -0.004552 -0.003280  
1302 28.110000 -0.004519 -0.003268  
1303 28.120000 -0.004487 -0.003256  
1304 28.130000 -0.004454 -0.003245  
1305 28.140000 -0.004422 -0.003233  
1306 28.150000 -0.004390 -0.003222  
1307 28.160000 -0.004357 -0.003210  
1308 28.170000 -0.004325 -0.003199  
1309 28.180000 -0.004293 -0.003187  
1310 28.190000 -0.004262 -0.003176  
1311 28.200000 -0.004230 -0.003165  
1312 28.210000 -0.004198 -0.003153  
1313 28.220000 -0.004167 -0.003142  
1314 28.230000 -0.004136 -0.003131  
1315 28.240000 -0.004104 -0.003120  
1316 28.250000 -0.004073 -0.003109  
1317 28.260000 -0.004042 -0.003098  
1318 28.270000 -0.004011 -0.003087  
1319 28.280000 -0.003980 -0.003076  
1320 28.290000 -0.003950 -0.003065  
1321 28.300000 -0.003919 -0.003054  
1322 28.310000 -0.003889 -0.003044  
1323 28.320000 -0.003858 -0.003033  
1324 28.330000 -0.003828 -0.003022  
1325 28.340000 -0.003798 -0.003011  
1326 28.350000 -0.003768 -0.003001  
1327 28.360000 -0.003738 -0.002990  
1328 28.370000 -0.003708 -0.002980  
1329 28.380000 -0.003678 -0.002969  
1330 28.390000 -0.003648 -0.002959  
1331 28.400000 -0.003619 -0.002949  
1332 28.410000 -0.003590 -0.002938  
1333 28.420000 -0.003560 -0.002928  
1334 28.430000 -0.003531 -0.002918  
1335 28.440000 -0.003502 -0.002907  
1336 28.450000 -0.003473 -0.002897  
1337 28.460000 -0.003444 -0.002887  
1338 28.470000 -0.003415 -0.002877  
1339 28.480000 -0.003386 -0.002867  
1340 28.490000 -0.003358 -0.002857  
1341 28.500000 -0.003329 -0.002847  
1342 28.510000 -0.003301 -0.002837  
1343 28.520000 -0.003272 -0.002827  
1344 28.530000 -0.003244 -0.002817  
1345 28.540000 -0.003216 -0.002808  
1346 28.550000 -0.003188 -0.002798  
1347 28.560000 -0.003160 -0.002788  
1348 28.570000 -0.003132 -0.002778  
1349 28.580000 -0.003105 -0.002769  
1350 28.590000 -0.003077 -0.002759  
1351 28.600000 -0.003049 -0.002750  
1352 28.610000 -0.003022 -0.002740  
1353 28.620000 -0.002995 -0.002731  
1354 28.630000 -0.002967 -0.002721  
1355 28.640000 -0.002940 -0.002712  
1356 28.650000 -0.002913 -0.002702  
1357 28.660000 -0.002886 -0.002693  
1358 28.670000 -0.002859 -0.002684  
1359 28.680000 -0.002832 -0.002675  
1360 28.690000 -0.002806 -0.002665  
1361 28.700000 -0.002779 -0.002656  
1362 28.710000 -0.002753 -0.002647  
1363 28.720000 -0.002726 -0.002638  
1364 28.730000 -0.002700 -0.002629  
1365 28.740000 -0.002674 -0.002620  
1366 28.750000 -0.002647 -0.002611  
1367 28.760000 -0.002621 -0.002602  
1368 28.770000 -0.002595 -0.002593  
1369 28.780000 -0.002570 -0.002584  
1370 28.790000 -0.002544 -0.002575  
1371 28.800000 -0.002518 -0.002566  
1372 28.810000 -0.002492 -0.002558  
1373 28.820000 -0.002467 -0.002549  
1374 28.830000 -0.002441 -0.002540  
1375 28.840000 -0.002416 -0.002531  
1376 28.850000 -0.002391 -0.002523  
1377 28.860000 -0.002366 -0.002514  
1378 28.870000 -0.002341 -0.002506  
1379 28.880000 -0.002316 -0.002497  
1380 28.890000 -0.002291 -0.002489  
1381 28.900000 -0.002266 -0.002480  
1382 28.910000 -0.002241 -0.002472  
1383 28.920000 -0.002216 -0.002463  
1384 28.930000 -0.002192 -0.002455  
1385 28.940000 -0.002167 -0.002447  
1386 28.950000 -0.002143 -0.002438  
1387 28.960000 -0.002118 -0.002430  
1388 28.970000 -0.002094 -0.002422  
1389 28.980000 -0.002070 -0.002414  
1390 28.990000 -0.002046 -0.002405  
1391 29.000000 -0.002022 -0.002397  
1392 29.010000 -0.001998 -0.002389  
1393 29.020000 -0.001974 -0.002381  
1394 29.030000 -0.001950 -0.002373  
1395 29.040000 -0.001927 -0.002365  
1396 29.050000 -0.001903 -0.002357  
1397 29.060000 -0.001880 -0.002349  
1398 29.070000 -0.001856 -0.002341  
1399 29.080000 -0.001833 -0.002333  
1400 29.090000 -0.001809 -0.002326  
1401 29.100000 -0.001786 -0.002318  
1402 29.110000 -0.001763 -0.002310  
1403 29.120000 -0.001740 -0.002302  
1404 29.130000 -0.001717 -0.002294  
1405 29.140000 -0.001694 -0.002287  
1406 29.150000 -0.001671 -0.002279  
1407 29.160000 -0.001649 -0.002271  
1408 29.170000 -0.001626 -0.002264  
1409 29.180000 -0.001603 -0.002256  
1410 29.190000 -0.001581 -0.002249  
1411 29.200000 -0.001558 -0.002241  
1412 29.210000 -0.001536 -0.002234  
1413 29.220000 -0.001514 -0.002226  
1414 29.230000 -0.001491 -0.002219  
1415 29.240000 -0.001469 -0.002211  
1416 29.250000 -0.001447 -0.002204  
1417 29.260000 -0.001425 -0.002197  
1418 29.270000 -0.001403 -0.002189  
1419 29.280000 -0.001381 -0.002182  
1420 29.290000 -0.001360 -0.002175  
1421 29.300000 -0.001338 -0.002168  
1422 29.310000 -0.001316 -0.002160  
1423 29.320000 -0.001295 -0.002153  
1424 29.330000 -0.001273 -0.002146  
1425 29.340000 -0.001252 -0.002139  
1426 29.350000 -0.001230 -0.002132  
1427 29.360000 -0.001209 -0.002125  
1428 29.370000 -0.001188 -0.002118  
1429 29.380000 -0.001167 -0.002111  
1430 29.390000 -0.001146 -0.002104  
1431 29.400000 -0.001125 -0.002097  
1432 29.410000 -0.001104 -0.002090  
1433 29.420000 -0.001083 -0.002083  
1434 29.430000 -0.001062 -0.002076  
1435 29.440000 -0.001041 -0.002069  
1436 29.450000 -0.001021 -0.002063  
1437 29.460000 -0.001000 -0.002056  
1438 29.470000 -0.000980 -0.002049  
1439 29.480000 -0.000959 -0.002042  
1440 29.490000 -0.000939 -0.002036  
1441 29.500000 -0.000918 -0.002029  
1442 29.510000 -0.000898 -0.002022  
1443 29.520000 -0.000878 -0.002016  
1444 29.530000 -0.000858 -0.002009  
1445 29.540000 -0.000838 -0.002002  
1446 29.550000 -0.000818 -0.001996  
1447 29.560000 -0.000798 -0.001989  
1448 29.570000 -0.000778 -0.001983  
1449 29.580000 -0.000758 -0.001976  
1450 29.590000 -0.000738 -0.001970  
1451 29.600000 -0.000719 -0.001963  
1452 29.610000 -0.000699 -0.001957  
1453 29.620000 -0.000680 -0.001951  
1454 29.630000 -0.000660 -0.001944  
1455 29.640000 -0.000641 -0.001938  
1456 29.650000 -0.000621 -0.001932  
1457 29.660000 -0.000602 -0.001925  
1458 29.670000 -0.000583 -0.001919  
1459 29.680000 -0.000564 -0.001913  
1460 29.690000 -0.000545 -0.001907  
1461 29.700000 -0.000526 -0.001900  
1462 29.710000 -0.000507 -0.001894  
1463 29.720000 -0.000488 -0.001888  
1464 29.730000 -0.000469 -0.001882  
1465 29.740000 -0.000450 -0.001876  
1466 29.750000 -0.000431 -0.001870  
1467 29.760000 -0.000413 -0.001864  
1468 29.770000 -0.000394 -0.001858  
1469 29.780000 -0.000376 -0.001852  
1470 29.790000 -0.000357 -0.001846  
1471 29.800000 -0.000339 -0.001840  
1472 29.810000 -0.000320 -0.001834  
1473 29.820000 -0.000302 -0.001828  
1474 29.830000 -0.000284 -0.001822  
1475 29.840000 -0.000266 -0.001816  
1476 29.850000 -0.000247 -0.001810  
1477 29.860000 -0.000229 -0.001805  
1478 29.870000 -0.000211 -0.001799  
1479 29.880000 -0.000193 -0.001793  
1480 29.890000 -0.000175 -0.001787  
1481 29.900000 -0.000158 -0.001781  
1482 29.910000 -0.000140 -0.001776  
1483 29.920000 -0.000122 -0.001770  
1484 29.930000 -0.000104 -0.001764  
1485 29.940000 -0.000087 -0.001759  
1486 29.950000 -0.000069 -0.001753  
1487 29.960000 -0.000052 -0.001747  
1488 29.970000 -0.000034 -0.001742  
1489 29.980000 -0.000017 -0.001736  
1490 29.990000 0.000000 -0.001731  
