1 15.100000 784199151.636818 47115803163.580551  
2 15.110000 442298933.072621 24161563853.370411  
3 15.120000 262197519.743831 13131416634.885767  
4 15.130000 162068365.645063 7493461007.678827  
5 15.140000 103807937.310013 4457530776.022462  
6 15.150000 68562961.638545 2748245057.596023  
7 15.160000 46510751.203284 1748062536.634475  
8 15.170000 32300814.013612 1142762011.075848  
9 15.180000 22903569.381150 765404222.157627  
10 15.190000 16544174.397416 523868145.633575  
11 15.200000 12151009.945579 365581845.228230  
12 15.210000 9059395.250766 259630327.680192  
13 15.220000 6846968.635996 187338067.019478  
14 15.230000 5239423.652186 137145829.354829  
15 15.240000 4055045.142718 101739519.406813  
16 15.250000 3171261.429943 76397194.165672  
17 15.260000 2504016.272366 58013788.455171  
18 15.270000 1994783.697530 44512657.586983  
19 15.280000 1602238.752428 34483139.610999  
20 15.290000 1296821.376283 26953057.391727  
21 15.300000 1057131.203803 21243399.359925  
22 15.310000 867500.860606 16873975.246969  
23 15.320000 716339.811232 13501234.968254  
24 15.330000 594989.447452 10876705.608626  
25 15.340000 496922.027012 8818842.610303  
26 15.350000 417173.847409 7193729.873045  
27 15.360000 351939.901809 5901693.375867  
28 15.370000 298281.117717 4867915.083135  
29 15.380000 253910.919980 4035784.082872  
30 15.390000 217038.243982 3362141.041460  
31 15.400000 186251.100500 2813845.671727  
32 15.410000 160429.531547 2365277.659012  
33 15.420000 138680.048459 1996502.238644  
34 15.430000 120285.897634 1691913.146442  
35 15.440000 104669.076634 1439221.268290  
36 15.450000 91361.136946 1228695.603136  
37 15.460000 79980.602553 1052589.759433  
38 15.470000 70215.402611 904705.853617  
39 15.480000 61809.128141 780060.858769  
40 15.490000 54550.222650 674629.839750  
41 15.500000 48263.436676 585147.249055  
42 15.510000 42803.038862 508952.328441  
43 15.520000 38047.397057 443868.206825  
44 15.530000 33894.633402 388106.882700  
45 15.540000 30259.125382 340194.194882  
46 15.550000 27068.676372 298910.306446  
47 15.560000 24262.218366 263242.287108  
48 15.570000 21787.939582 232346.175072  
49 15.580000 19601.752671 205516.499713  
50 15.590000 17666.037060 182161.701808  
51 15.600000 15948.602808 161784.235067  
52 15.610000 14421.834078 143964.398548  
53 15.620000 13061.978824 128347.154074  
54 15.630000 11848.557875 114631.340883  
55 15.640000 10763.871867 102560.822471  
56 15.650000 9792.588628 91917.196305  
57 15.660000 8921.396893 82513.771946  
58 15.670000 8138.714907 74190.582036  
59 15.680000 7434.444553 66810.236998  
60 15.690000 6799.763368 60254.471090  
61 15.700000 6226.948157 54421.256664  
62 15.710000 5709.225059 49222.386776  
63 15.720000 5240.641778 44581.444930  
64 15.730000 4815.958475 40432.095714  
65 15.740000 4430.554367 36716.642108  
66 15.750000 4080.347618 33384.805005  
67 15.760000 3761.726475 30392.688339  
68 15.770000 3471.489952 27701.899658  
69 15.780000 3206.796637 25278.801145  
70 15.790000 2965.120432 23093.870413  
71 15.800000 2744.212192 21121.153851  
72 15.810000 2542.066451 19337.798188  
73 15.820000 2356.892470 17723.648298  
74 15.830000 2187.089036 16260.901220  
75 15.840000 2031.222465 14933.807985  
76 15.850000 1888.007380 13728.416183  
77 15.860000 1756.289885 12632.347300  
78 15.870000 1635.032817 11634.603807  
79 15.880000 1523.302789 10725.401741  
80 15.890000 1420.258802 9896.025165  
81 15.900000 1325.142208 9138.699455  
82 15.910000 1237.267870 8446.480794  
83 15.920000 1156.016339 7813.159660  
84 15.930000 1080.826948 7233.176410  
85 15.940000 1011.191687 6701.547325  
86 15.950000 946.649780 6213.799742  
87 15.960000 886.782861 5765.915066  
88 15.970000 831.210691 5354.278635  
89 15.980000 779.587346 4975.635566  
90 15.990000 731.597814 4627.051803  
91 16.000000 686.954966 4305.879721  
92 16.010000 645.396845 4009.727707  
93 16.020000 606.684243 3736.433228  
94 16.030000 570.598533 3484.038964  
95 16.040000 536.939726 3250.771615  
96 16.050000 505.524722 3035.023078  
97 16.060000 476.185748 2835.333703  
98 16.070000 448.768951 2650.377380  
99 16.080000 423.133122 2478.948240  
100 16.090000 399.148564 2319.948794  
101 16.100000 376.696056 2172.379330  
102 16.110000 355.665925 2035.328431  
103 16.120000 335.957206 1907.964488  
104 16.130000 317.476884 1789.528096  
105 16.140000 300.139205 1679.325223  
106 16.150000 283.865056 1576.721092  
107 16.160000 268.581397 1481.134667  
108 16.170000 254.220749 1392.033707  
109 16.180000 240.720735 1308.930296  
110 16.190000 228.023648 1231.376834  
111 16.200000 216.076072 1158.962401  
112 16.210000 204.828531 1091.309490  
113 16.220000 194.235170 1028.071049  
114 16.230000 184.253463 968.927803  
115 16.240000 174.843946 913.585835  
116 16.250000 165.969980 861.774391  
117 16.260000 157.597524 813.243898  
118 16.270000 149.694935 767.764150  
119 16.280000 142.232782 725.122683  
120 16.290000 135.183676 685.123277  
121 16.300000 128.522115 647.584608  
122 16.310000 122.224341 612.339015  
123 16.320000 116.268210 579.231379  
124 16.330000 110.633067 548.118102  
125 16.340000 105.299644 518.866177  
126 16.350000 100.249951 491.352331  
127 16.360000 95.467186 465.462258  
128 16.370000 90.935648 441.089901  
129 16.380000 86.640658 418.136808  
130 16.390000 82.568486 396.511538  
131 16.400000 78.706285 376.129115  
132 16.410000 75.042025 356.910533  
133 16.420000 71.564440 338.782296  
134 16.430000 68.262973 321.676004  
135 16.440000 65.127726 305.527963  
136 16.450000 62.149418 290.278838  
137 16.460000 59.319338 275.873323  
138 16.470000 56.629312 262.259847  
139 16.480000 54.071662 249.390296  
140 16.490000 51.639176 237.219764  
141 16.500000 49.325076 225.706318  
142 16.510000 47.122990 214.810784  
143 16.520000 45.026923 204.496549  
144 16.530000 43.031236 194.729382  
145 16.540000 41.130619 185.477259  
146 16.550000 39.320074 176.710214  
147 16.560000 37.594892 168.400191  
148 16.570000 35.950635 160.520914  
149 16.580000 34.383120 153.047765  
150 16.590000 32.888403 145.957664  
151 16.600000 31.462762 139.228972  
152 16.610000 30.102686 132.841389  
153 16.620000 28.804861 126.775865  
154 16.630000 27.566155 121.014514  
155 16.640000 26.383613 115.540540  
156 16.650000 25.254439 110.338163  
157 16.660000 24.175994 105.392552  
158 16.670000 23.145779 100.689762  
159 16.680000 22.161433 96.216680  
160 16.690000 21.220721 91.960965  
161 16.700000 20.321528 87.911005  
162 16.710000 19.461851 84.055865  
163 16.720000 18.639795 80.385249  
164 16.730000 17.853564 76.889453  
165 16.740000 17.101454 73.559334  
166 16.750000 16.381854 70.386272  
167 16.760000 15.693232 67.362137  
168 16.770000 15.034140 64.479260  
169 16.780000 14.403200 61.730403  
170 16.790000 13.799108 59.108736  
171 16.800000 13.220623 56.607806  
172 16.810000 12.666570 54.221521  
173 16.820000 12.135830 51.944125  
174 16.830000 11.627343 49.770175  
175 16.840000 11.140099 47.694529  
176 16.850000 10.673141 45.712322  
177 16.860000 10.225556 43.818953  
178 16.870000 9.796480 42.010068  
179 16.880000 9.385087 40.281546  
180 16.890000 8.990594 38.629487  
181 16.900000 8.612255 37.050196  
182 16.910000 8.249359 35.540173  
183 16.920000 7.901232 34.096102  
184 16.930000 7.567228 32.714841  
185 16.940000 7.246735 31.393411  
186 16.950000 6.939170 30.128987  
187 16.960000 6.643974 28.918890  
188 16.970000 6.360619 27.760576  
189 16.980000 6.088598 26.651634  
190 16.990000 5.827430 25.589773  
191 17.000000 5.576653 24.572820  
192 17.010000 5.335830 23.598710  
193 17.020000 5.104543 22.665481  
194 17.030000 4.882391 21.771271  
195 17.040000 4.668993 20.914307  
196 17.050000 4.463986 20.092907  
197 17.060000 4.267022 19.305469  
198 17.070000 4.077769 18.550473  
199 17.080000 3.895909 17.826469  
200 17.090000 3.721141 17.132079  
201 17.100000 3.553173 16.465994  
202 17.110000 3.391730 15.826965  
203 17.120000 3.236548 15.213804  
204 17.130000 3.087372 14.625379  
205 17.140000 2.943961 14.060612  
206 17.150000 2.806084 13.518478  
207 17.160000 2.673520 12.997998  
208 17.170000 2.546055 12.498239  
209 17.180000 2.423489 12.018314  
210 17.190000 2.305626 11.557373  
211 17.200000 2.192281 11.114610  
212 17.210000 2.083275 10.689253  
213 17.220000 1.978440 10.280567  
214 17.230000 1.877611 9.887851  
215 17.240000 1.780632 9.510435  
216 17.250000 1.687353 9.147679  
217 17.260000 1.597632 8.798973  
218 17.270000 1.511329 8.463735  
219 17.280000 1.428314 8.141408  
220 17.290000 1.348460 7.831459  
221 17.300000 1.271645 7.533382  
222 17.310000 1.197754 7.246691  
223 17.320000 1.126675 6.970921  
224 17.330000 1.058301 6.705628  
225 17.340000 0.992529 6.450390  
226 17.350000 0.929261 6.204800  
227 17.360000 0.868402 5.968471  
228 17.370000 0.809862 5.741031  
229 17.380000 0.753553 5.522125  
230 17.390000 0.699392 5.311414  
231 17.400000 0.647298 5.108572  
232 17.410000 0.597195 4.913288  
233 17.420000 0.549008 4.725265  
234 17.430000 0.502667 4.544216  
235 17.440000 0.458102 4.369870  
236 17.450000 0.415248 4.201963  
237 17.460000 0.374042 4.040245  
238 17.470000 0.334423 3.884477  
239 17.480000 0.296333 3.734427  
240 17.490000 0.259716 3.589876  
241 17.500000 0.224518 3.450611  
242 17.510000 0.190687 3.316430  
243 17.520000 0.158173 3.187139  
244 17.530000 0.126929 3.062551  
245 17.540000 0.096907 2.942487  
246 17.550000 0.068064 2.826776  
247 17.560000 0.040358 2.715253  
248 17.570000 0.013746 2.607761  
249 17.580000 -0.011811 2.504147  
250 17.590000 -0.036350 2.404267  
251 17.600000 -0.059908 2.307981  
252 17.610000 -0.082521 2.215155  
253 17.620000 -0.104222 2.125659  
254 17.630000 -0.125045 2.039372  
255 17.640000 -0.145020 1.956173  
256 17.650000 -0.164178 1.875949  
257 17.660000 -0.182548 1.798591  
258 17.670000 -0.200159 1.723993  
259 17.680000 -0.217037 1.652054  
260 17.690000 -0.233209 1.582677  
261 17.700000 -0.248699 1.515769  
262 17.710000 -0.263532 1.451240  
263 17.720000 -0.277731 1.389003  
264 17.730000 -0.291319 1.328976  
265 17.740000 -0.304318 1.271079  
266 17.750000 -0.316748 1.215235  
267 17.760000 -0.328629 1.161370  
268 17.770000 -0.339982 1.109414  
269 17.780000 -0.350824 1.059298  
270 17.790000 -0.361173 1.010956  
271 17.800000 -0.371048 0.964326  
272 17.810000 -0.380465 0.919346  
273 17.820000 -0.389441 0.875957  
274 17.830000 -0.397990 0.834105  
275 17.840000 -0.406128 0.793733  
276 17.850000 -0.413869 0.754791  
277 17.860000 -0.421228 0.717227  
278 17.870000 -0.428218 0.680994  
279 17.880000 -0.434852 0.646044  
280 17.890000 -0.441143 0.612333  
281 17.900000 -0.447103 0.579817  
282 17.910000 -0.452743 0.548456  
283 17.920000 -0.458076 0.518208  
284 17.930000 -0.463111 0.489035  
285 17.940000 -0.467860 0.460899  
286 17.950000 -0.472332 0.433765  
287 17.960000 -0.476538 0.407599  
288 17.970000 -0.480487 0.382366  
289 17.980000 -0.484189 0.358035  
290 17.990000 -0.487651 0.334574  
291 18.000000 -0.490883 0.311954  
292 18.010000 -0.493893 0.290146  
293 18.020000 -0.496689 0.269122  
294 18.030000 -0.499278 0.248855  
295 18.040000 -0.501668 0.229319  
296 18.050000 -0.503867 0.210490  
297 18.060000 -0.505880 0.192343  
298 18.070000 -0.507716 0.174855  
299 18.080000 -0.509379 0.158004  
300 18.090000 -0.510878 0.141768  
301 18.100000 -0.512217 0.126126  
302 18.110000 -0.513402 0.111058  
303 18.120000 -0.514440 0.096545  
304 18.130000 -0.515335 0.082568  
305 18.140000 -0.516093 0.069108  
306 18.150000 -0.516719 0.056149  
307 18.160000 -0.517217 0.043674  
308 18.170000 -0.517594 0.031665  
309 18.180000 -0.517852 0.020109  
310 18.190000 -0.517997 0.008988  
311 18.200000 -0.518033 -0.001711  
312 18.210000 -0.517964 -0.012002  
313 18.220000 -0.517795 -0.021900  
314 18.230000 -0.517528 -0.031416  
315 18.240000 -0.517168 -0.040565  
316 18.250000 -0.516718 -0.049359  
317 18.260000 -0.516181 -0.057809  
318 18.270000 -0.515563 -0.065926  
319 18.280000 -0.514864 -0.073723  
320 18.290000 -0.514089 -0.081210  
321 18.300000 -0.513241 -0.088396  
322 18.310000 -0.512322 -0.095293  
323 18.320000 -0.511336 -0.101909  
324 18.330000 -0.510285 -0.108255  
325 18.340000 -0.509172 -0.114338  
326 18.350000 -0.507999 -0.120169  
327 18.360000 -0.506769 -0.125755  
328 18.370000 -0.505485 -0.131105  
329 18.380000 -0.504148 -0.136227  
330 18.390000 -0.502761 -0.141127  
331 18.400000 -0.501326 -0.145814  
332 18.410000 -0.499845 -0.150295  
333 18.420000 -0.498321 -0.154576  
334 18.430000 -0.496754 -0.158665  
335 18.440000 -0.495148 -0.162567  
336 18.450000 -0.493504 -0.166289  
337 18.460000 -0.491823 -0.169838  
338 18.470000 -0.490107 -0.173218  
339 18.480000 -0.488359 -0.176435  
340 18.490000 -0.486579 -0.179496  
341 18.500000 -0.484770 -0.182405  
342 18.510000 -0.482932 -0.185167  
343 18.520000 -0.481067 -0.187788  
344 18.530000 -0.479176 -0.190272  
345 18.540000 -0.477262 -0.192623  
346 18.550000 -0.475324 -0.194847  
347 18.560000 -0.473365 -0.196948  
348 18.570000 -0.471386 -0.198929  
349 18.580000 -0.469387 -0.200795  
350 18.590000 -0.467370 -0.202549  
351 18.600000 -0.465336 -0.204197  
352 18.610000 -0.463287 -0.205740  
353 18.620000 -0.461222 -0.207184  
354 18.630000 -0.459143 -0.208530  
355 18.640000 -0.457052 -0.209783  
356 18.650000 -0.454948 -0.210946  
357 18.660000 -0.452833 -0.212022  
358 18.670000 -0.450708 -0.213014  
359 18.680000 -0.448573 -0.213924  
360 18.690000 -0.446430 -0.214757  
361 18.700000 -0.444278 -0.215513  
362 18.710000 -0.442119 -0.216197  
363 18.720000 -0.439954 -0.216811  
364 18.730000 -0.437784 -0.217356  
365 18.740000 -0.435607 -0.217837  
366 18.750000 -0.433427 -0.218254  
367 18.760000 -0.431243 -0.218610  
368 18.770000 -0.429055 -0.218907  
369 18.780000 -0.426865 -0.219148  
370 18.790000 -0.424672 -0.219335  
371 18.800000 -0.422478 -0.219469  
372 18.810000 -0.420283 -0.219552  
373 18.820000 -0.418087 -0.219586  
374 18.830000 -0.415891 -0.219574  
375 18.840000 -0.413696 -0.219516  
376 18.850000 -0.411501 -0.219415  
377 18.860000 -0.409308 -0.219272  
378 18.870000 -0.407116 -0.219088  
379 18.880000 -0.404926 -0.218865  
380 18.890000 -0.402739 -0.218606  
381 18.900000 -0.400554 -0.218310  
382 18.910000 -0.398373 -0.217980  
383 18.920000 -0.396195 -0.217616  
384 18.930000 -0.394020 -0.217221  
385 18.940000 -0.391850 -0.216795  
386 18.950000 -0.389685 -0.216340  
387 18.960000 -0.387524 -0.215856  
388 18.970000 -0.385368 -0.215345  
389 18.980000 -0.383217 -0.214809  
390 18.990000 -0.381072 -0.214247  
391 19.000000 -0.378932 -0.213661  
392 19.010000 -0.376798 -0.213053  
393 19.020000 -0.374671 -0.212423  
394 19.030000 -0.372550 -0.211771  
395 19.040000 -0.370436 -0.211100  
396 19.050000 -0.368328 -0.210409  
397 19.060000 -0.366227 -0.209700  
398 19.070000 -0.364134 -0.208974  
399 19.080000 -0.362048 -0.208231  
400 19.090000 -0.359970 -0.207472  
401 19.100000 -0.357899 -0.206697  
402 19.110000 -0.355836 -0.205908  
403 19.120000 -0.353781 -0.205106  
404 19.130000 -0.351734 -0.204290  
405 19.140000 -0.349695 -0.203462  
406 19.150000 -0.347664 -0.202622  
407 19.160000 -0.345642 -0.201770  
408 19.170000 -0.343629 -0.200908  
409 19.180000 -0.341624 -0.200036  
410 19.190000 -0.339628 -0.199155  
411 19.200000 -0.337641 -0.198265  
412 19.210000 -0.335663 -0.197366  
413 19.220000 -0.333694 -0.196459  
414 19.230000 -0.331734 -0.195544  
415 19.240000 -0.329783 -0.194623  
416 19.250000 -0.327841 -0.193695  
417 19.260000 -0.325909 -0.192761  
418 19.270000 -0.323986 -0.191822  
419 19.280000 -0.322073 -0.190877  
420 19.290000 -0.320169 -0.189927  
421 19.300000 -0.318274 -0.188972  
422 19.310000 -0.316389 -0.188014  
423 19.320000 -0.314514 -0.187052  
424 19.330000 -0.312648 -0.186086  
425 19.340000 -0.310792 -0.185117  
426 19.350000 -0.308946 -0.184146  
427 19.360000 -0.307109 -0.183171  
428 19.370000 -0.305283 -0.182195  
429 19.380000 -0.303465 -0.181217  
430 19.390000 -0.301658 -0.180237  
431 19.400000 -0.299861 -0.179256  
432 19.410000 -0.298073 -0.178274  
433 19.420000 -0.296295 -0.177291  
434 19.430000 -0.294527 -0.176307  
435 19.440000 -0.292769 -0.175324  
436 19.450000 -0.291021 -0.174339  
437 19.460000 -0.289282 -0.173355  
438 19.470000 -0.287554 -0.172372  
439 19.480000 -0.285835 -0.171389  
440 19.490000 -0.284126 -0.170406  
441 19.500000 -0.282427 -0.169424  
442 19.510000 -0.280737 -0.168444  
443 19.520000 -0.279058 -0.167464  
444 19.530000 -0.277388 -0.166486  
445 19.540000 -0.275728 -0.165510  
446 19.550000 -0.274078 -0.164535  
447 19.560000 -0.272437 -0.163562  
448 19.570000 -0.270807 -0.162591  
449 19.580000 -0.269186 -0.161622  
450 19.590000 -0.267574 -0.160656  
451 19.600000 -0.265972 -0.159692  
452 19.610000 -0.264380 -0.158730  
453 19.620000 -0.262798 -0.157771  
454 19.630000 -0.261225 -0.156815  
455 19.640000 -0.259662 -0.155861  
456 19.650000 -0.258108 -0.154911  
457 19.660000 -0.256563 -0.153963  
458 19.670000 -0.255028 -0.153019  
459 19.680000 -0.253503 -0.152078  
460 19.690000 -0.251987 -0.151140  
461 19.700000 -0.250480 -0.150206  
462 19.710000 -0.248983 -0.149275  
463 19.720000 -0.247495 -0.148347  
464 19.730000 -0.246016 -0.147424  
465 19.740000 -0.244546 -0.146503  
466 19.750000 -0.243086 -0.145587  
467 19.760000 -0.241634 -0.144675  
468 19.770000 -0.240192 -0.143766  
469 19.780000 -0.238759 -0.142861  
470 19.790000 -0.237335 -0.141960  
471 19.800000 -0.235920 -0.141064  
472 19.810000 -0.234514 -0.140171  
473 19.820000 -0.233116 -0.139282  
474 19.830000 -0.231728 -0.138398  
475 19.840000 -0.230348 -0.137518  
476 19.850000 -0.228978 -0.136642  
477 19.860000 -0.227616 -0.135770  
478 19.870000 -0.226262 -0.134903  
479 19.880000 -0.224918 -0.134040  
480 19.890000 -0.223581 -0.133181  
481 19.900000 -0.222254 -0.132326  
482 19.910000 -0.220935 -0.131477  
483 19.920000 -0.219624 -0.130631  
484 19.930000 -0.218322 -0.129790  
485 19.940000 -0.217029 -0.128954  
486 19.950000 -0.215743 -0.128122  
487 19.960000 -0.214466 -0.127294  
488 19.970000 -0.213197 -0.126471  
489 19.980000 -0.211937 -0.125653  
490 19.990000 -0.210684 -0.124839  
491 20.000000 -0.209440 -0.124029  
492 20.010000 -0.208204 -0.123225  
493 20.020000 -0.206975 -0.122424  
494 20.030000 -0.205755 -0.121629  
495 20.040000 -0.204543 -0.120838  
496 20.050000 -0.203338 -0.120051  
497 20.060000 -0.202142 -0.119270  
498 20.070000 -0.200953 -0.118492  
499 20.080000 -0.199772 -0.117720  
500 20.090000 -0.198598 -0.116952  
501 20.100000 -0.197433 -0.116188  
502 20.110000 -0.196275 -0.115429  
503 20.120000 -0.195124 -0.114675  
504 20.130000 -0.193981 -0.113925  
505 20.140000 -0.192846 -0.113180  
506 20.150000 -0.191718 -0.112440  
507 20.160000 -0.190597 -0.111704  
508 20.170000 -0.189483 -0.110972  
509 20.180000 -0.188377 -0.110246  
510 20.190000 -0.187279 -0.109523  
511 20.200000 -0.186187 -0.108806  
512 20.210000 -0.185102 -0.108092  
513 20.220000 -0.184025 -0.107384  
514 20.230000 -0.182955 -0.106679  
515 20.240000 -0.181891 -0.105980  
516 20.250000 -0.180835 -0.105284  
517 20.260000 -0.179786 -0.104594  
518 20.270000 -0.178743 -0.103907  
519 20.280000 -0.177708 -0.103225  
520 20.290000 -0.176679 -0.102548  
521 20.300000 -0.175657 -0.101875  
522 20.310000 -0.174641 -0.101206  
523 20.320000 -0.173632 -0.100542  
524 20.330000 -0.172630 -0.099882  
525 20.340000 -0.171635 -0.099226  
526 20.350000 -0.170646 -0.098575  
527 20.360000 -0.169663 -0.097928  
528 20.370000 -0.168687 -0.097285  
529 20.380000 -0.167718 -0.096647  
530 20.390000 -0.166754 -0.096013  
531 20.400000 -0.165797 -0.095383  
532 20.410000 -0.164847 -0.094757  
533 20.420000 -0.163902 -0.094135  
534 20.430000 -0.162964 -0.093518  
535 20.440000 -0.162032 -0.092905  
536 20.450000 -0.161106 -0.092296  
537 20.460000 -0.160186 -0.091691  
538 20.470000 -0.159272 -0.091090  
539 20.480000 -0.158364 -0.090493  
540 20.490000 -0.157462 -0.089901  
541 20.500000 -0.156566 -0.089312  
542 20.510000 -0.155676 -0.088727  
543 20.520000 -0.154791 -0.088147  
544 20.530000 -0.153913 -0.087570  
545 20.540000 -0.153040 -0.086997  
546 20.550000 -0.152173 -0.086428  
547 20.560000 -0.151311 -0.085863  
548 20.570000 -0.150456 -0.085302  
549 20.580000 -0.149605 -0.084745  
550 20.590000 -0.148761 -0.084192  
551 20.600000 -0.147922 -0.083642  
552 20.610000 -0.147088 -0.083097  
553 20.620000 -0.146260 -0.082555  
554 20.630000 -0.145437 -0.082016  
555 20.640000 -0.144619 -0.081482  
556 20.650000 -0.143807 -0.080951  
557 20.660000 -0.143000 -0.080424  
558 20.670000 -0.142199 -0.079901  
559 20.680000 -0.141402 -0.079381  
560 20.690000 -0.140611 -0.078865  
561 20.700000 -0.139825 -0.078352  
562 20.710000 -0.139044 -0.077844  
563 20.720000 -0.138268 -0.077338  
564 20.730000 -0.137497 -0.076836  
565 20.740000 -0.136731 -0.076338  
566 20.750000 -0.135970 -0.075843  
567 20.760000 -0.135214 -0.075352  
568 20.770000 -0.134463 -0.074864  
569 20.780000 -0.133717 -0.074379  
570 20.790000 -0.132976 -0.073898  
571 20.800000 -0.132239 -0.073420  
572 20.810000 -0.131507 -0.072946  
573 20.820000 -0.130780 -0.072475  
574 20.830000 -0.130058 -0.072007  
575 20.840000 -0.129340 -0.071543  
576 20.850000 -0.128627 -0.071082  
577 20.860000 -0.127918 -0.070624  
578 20.870000 -0.127214 -0.070169  
579 20.880000 -0.126515 -0.069718  
580 20.890000 -0.125820 -0.069269  
581 20.900000 -0.125130 -0.068824  
582 20.910000 -0.124444 -0.068382  
583 20.920000 -0.123762 -0.067943  
584 20.930000 -0.123085 -0.067507  
585 20.940000 -0.122412 -0.067075  
586 20.950000 -0.121743 -0.066645  
587 20.960000 -0.121079 -0.066218  
588 20.970000 -0.120419 -0.065795  
589 20.980000 -0.119763 -0.065374  
590 20.990000 -0.119111 -0.064957  
591 21.000000 -0.118464 -0.064542  
592 21.010000 -0.117820 -0.064130  
593 21.020000 -0.117181 -0.063721  
594 21.030000 -0.116546 -0.063315  
595 21.040000 -0.115915 -0.062912  
596 21.050000 -0.115288 -0.062512  
597 21.060000 -0.114665 -0.062115  
598 21.070000 -0.114046 -0.061720  
599 21.080000 -0.113430 -0.061328  
600 21.090000 -0.112819 -0.060939  
601 21.100000 -0.112211 -0.060553  
602 21.110000 -0.111608 -0.060169  
603 21.120000 -0.111008 -0.059789  
604 21.130000 -0.110412 -0.059410  
605 21.140000 -0.109820 -0.059035  
606 21.150000 -0.109231 -0.058662  
607 21.160000 -0.108647 -0.058292  
608 21.170000 -0.108066 -0.057924  
609 21.180000 -0.107488 -0.057559  
610 21.190000 -0.106914 -0.057197  
611 21.200000 -0.106344 -0.056837  
612 21.210000 -0.105778 -0.056480  
613 21.220000 -0.105215 -0.056125  
614 21.230000 -0.104655 -0.055773  
615 21.240000 -0.104099 -0.055423  
616 21.250000 -0.103547 -0.055076  
617 21.260000 -0.102998 -0.054731  
618 21.270000 -0.102452 -0.054389  
619 21.280000 -0.101910 -0.054049  
620 21.290000 -0.101371 -0.053711  
621 21.300000 -0.100836 -0.053376  
622 21.310000 -0.100303 -0.053043  
623 21.320000 -0.099775 -0.052712  
624 21.330000 -0.099249 -0.052384  
625 21.340000 -0.098727 -0.052058  
626 21.350000 -0.098208 -0.051735  
627 21.360000 -0.097692 -0.051413  
628 21.370000 -0.097180 -0.051094  
629 21.380000 -0.096670 -0.050777  
630 21.390000 -0.096164 -0.050463  
631 21.400000 -0.095661 -0.050150  
632 21.410000 -0.095161 -0.049840  
633 21.420000 -0.094664 -0.049532  
634 21.430000 -0.094171 -0.049226  
635 21.440000 -0.093680 -0.048923  
636 21.450000 -0.093192 -0.048621  
637 21.460000 -0.092707 -0.048322  
638 21.470000 -0.092226 -0.048024  
639 21.480000 -0.091747 -0.047729  
640 21.490000 -0.091271 -0.047436  
641 21.500000 -0.090798 -0.047145  
642 21.510000 -0.090328 -0.046855  
643 21.520000 -0.089861 -0.046568  
644 21.530000 -0.089397 -0.046283  
645 21.540000 -0.088935 -0.046000  
646 21.550000 -0.088477 -0.045719  
647 21.560000 -0.088021 -0.045440  
648 21.570000 -0.087568 -0.045163  
649 21.580000 -0.087118 -0.044887  
650 21.590000 -0.086670 -0.044614  
651 21.600000 -0.086225 -0.044342  
652 21.610000 -0.085783 -0.044073  
653 21.620000 -0.085344 -0.043805  
654 21.630000 -0.084907 -0.043539  
655 21.640000 -0.084473 -0.043275  
656 21.650000 -0.084042 -0.043013  
657 21.660000 -0.083613 -0.042753  
658 21.670000 -0.083187 -0.042494  
659 21.680000 -0.082763 -0.042237  
660 21.690000 -0.082342 -0.041982  
661 21.700000 -0.081923 -0.041729  
662 21.710000 -0.081507 -0.041478  
663 21.720000 -0.081094 -0.041228  
664 21.730000 -0.080683 -0.040980  
665 21.740000 -0.080274 -0.040734  
666 21.750000 -0.079868 -0.040489  
667 21.760000 -0.079464 -0.040246  
668 21.770000 -0.079063 -0.040005  
669 21.780000 -0.078664 -0.039766  
670 21.790000 -0.078268 -0.039528  
671 21.800000 -0.077874 -0.039291  
672 21.810000 -0.077482 -0.039057  
673 21.820000 -0.077093 -0.038824  
674 21.830000 -0.076706 -0.038592  
675 21.840000 -0.076321 -0.038362  
676 21.850000 -0.075938 -0.038134  
677 21.860000 -0.075558 -0.037907  
678 21.870000 -0.075180 -0.037682  
679 21.880000 -0.074804 -0.037459  
680 21.890000 -0.074431 -0.037237  
681 21.900000 -0.074060 -0.037016  
682 21.910000 -0.073691 -0.036797  
683 21.920000 -0.073324 -0.036579  
684 21.930000 -0.072959 -0.036363  
685 21.940000 -0.072596 -0.036149  
686 21.950000 -0.072236 -0.035936  
687 21.960000 -0.071878 -0.035724  
688 21.970000 -0.071522 -0.035514  
689 21.980000 -0.071167 -0.035305  
690 21.990000 -0.070815 -0.035097  
691 22.000000 -0.070466 -0.034891  
692 22.010000 -0.070118 -0.034687  
693 22.020000 -0.069772 -0.034484  
694 22.030000 -0.069428 -0.034282  
695 22.040000 -0.069086 -0.034081  
696 22.050000 -0.068746 -0.033882  
697 22.060000 -0.068408 -0.033685  
698 22.070000 -0.068073 -0.033488  
699 22.080000 -0.067739 -0.033293  
700 22.090000 -0.067407 -0.033099  
701 22.100000 -0.067077 -0.032907  
702 22.110000 -0.066749 -0.032716  
703 22.120000 -0.066422 -0.032526  
704 22.130000 -0.066098 -0.032337  
705 22.140000 -0.065776 -0.032150  
706 22.150000 -0.065455 -0.031964  
707 22.160000 -0.065136 -0.031779  
708 22.170000 -0.064820 -0.031595  
709 22.180000 -0.064504 -0.031413  
710 22.190000 -0.064191 -0.031232  
711 22.200000 -0.063880 -0.031052  
712 22.210000 -0.063570 -0.030873  
713 22.220000 -0.063262 -0.030696  
714 22.230000 -0.062956 -0.030519  
715 22.240000 -0.062652 -0.030344  
716 22.250000 -0.062349 -0.030170  
717 22.260000 -0.062049 -0.029997  
718 22.270000 -0.061749 -0.029826  
719 22.280000 -0.061452 -0.029655  
720 22.290000 -0.061156 -0.029486  
721 22.300000 -0.060862 -0.029317  
722 22.310000 -0.060570 -0.029150  
723 22.320000 -0.060279 -0.028984  
724 22.330000 -0.059990 -0.028819  
725 22.340000 -0.059703 -0.028655  
726 22.350000 -0.059417 -0.028492  
727 22.360000 -0.059133 -0.028331  
728 22.370000 -0.058851 -0.028170  
729 22.380000 -0.058570 -0.028011  
730 22.390000 -0.058290 -0.027852  
731 22.400000 -0.058013 -0.027695  
732 22.410000 -0.057736 -0.027538  
733 22.420000 -0.057462 -0.027383  
734 22.430000 -0.057189 -0.027228  
735 22.440000 -0.056917 -0.027075  
736 22.450000 -0.056647 -0.026923  
737 22.460000 -0.056379 -0.026771  
738 22.470000 -0.056112 -0.026621  
739 22.480000 -0.055846 -0.026471  
740 22.490000 -0.055582 -0.026323  
741 22.500000 -0.055320 -0.026176  
742 22.510000 -0.055059 -0.026029  
743 22.520000 -0.054799 -0.025884  
744 22.530000 -0.054541 -0.025739  
745 22.540000 -0.054285 -0.025595  
746 22.550000 -0.054029 -0.025453  
747 22.560000 -0.053776 -0.025311  
748 22.570000 -0.053523 -0.025170  
749 22.580000 -0.053272 -0.025030  
750 22.590000 -0.053023 -0.024891  
751 22.600000 -0.052774 -0.024753  
752 22.610000 -0.052527 -0.024616  
753 22.620000 -0.052282 -0.024479  
754 22.630000 -0.052038 -0.024344  
755 22.640000 -0.051795 -0.024209  
756 22.650000 -0.051554 -0.024076  
757 22.660000 -0.051314 -0.023943  
758 22.670000 -0.051075 -0.023811  
759 22.680000 -0.050837 -0.023680  
760 22.690000 -0.050601 -0.023549  
761 22.700000 -0.050366 -0.023420  
762 22.710000 -0.050133 -0.023291  
763 22.720000 -0.049901 -0.023163  
764 22.730000 -0.049670 -0.023036  
765 22.740000 -0.049440 -0.022910  
766 22.750000 -0.049211 -0.022785  
767 22.760000 -0.048984 -0.022660  
768 22.770000 -0.048758 -0.022537  
769 22.780000 -0.048533 -0.022414  
770 22.790000 -0.048310 -0.022292  
771 22.800000 -0.048088 -0.022170  
772 22.810000 -0.047866 -0.022049  
773 22.820000 -0.047647 -0.021930  
774 22.830000 -0.047428 -0.021811  
775 22.840000 -0.047210 -0.021692  
776 22.850000 -0.046994 -0.021575  
777 22.860000 -0.046779 -0.021458  
778 22.870000 -0.046565 -0.021342  
779 22.880000 -0.046352 -0.021226  
780 22.890000 -0.046140 -0.021112  
781 22.900000 -0.045930 -0.020998  
782 22.910000 -0.045720 -0.020885  
783 22.920000 -0.045512 -0.020772  
784 22.930000 -0.045305 -0.020660  
785 22.940000 -0.045099 -0.020549  
786 22.950000 -0.044894 -0.020439  
787 22.960000 -0.044690 -0.020329  
788 22.970000 -0.044487 -0.020220  
789 22.980000 -0.044286 -0.020112  
790 22.990000 -0.044085 -0.020004  
791 23.000000 -0.043886 -0.019897  
792 23.010000 -0.043687 -0.019791  
793 23.020000 -0.043490 -0.019686  
794 23.030000 -0.043293 -0.019581  
795 23.040000 -0.043098 -0.019476  
796 23.050000 -0.042904 -0.019373  
797 23.060000 -0.042711 -0.019270  
798 23.070000 -0.042519 -0.019167  
799 23.080000 -0.042327 -0.019066  
800 23.090000 -0.042137 -0.018965  
801 23.100000 -0.041948 -0.018864  
802 23.110000 -0.041760 -0.018764  
803 23.120000 -0.041573 -0.018665  
804 23.130000 -0.041387 -0.018566  
805 23.140000 -0.041201 -0.018469  
806 23.150000 -0.041017 -0.018371  
807 23.160000 -0.040834 -0.018274  
808 23.170000 -0.040652 -0.018178  
809 23.180000 -0.040470 -0.018083  
810 23.190000 -0.040290 -0.017988  
811 23.200000 -0.040111 -0.017893  
812 23.210000 -0.039932 -0.017799  
813 23.220000 -0.039755 -0.017706  
814 23.230000 -0.039578 -0.017614  
815 23.240000 -0.039402 -0.017521  
816 23.250000 -0.039228 -0.017430  
817 23.260000 -0.039054 -0.017339  
818 23.270000 -0.038881 -0.017249  
819 23.280000 -0.038709 -0.017159  
820 23.290000 -0.038538 -0.017069  
821 23.300000 -0.038368 -0.016981  
822 23.310000 -0.038198 -0.016892  
823 23.320000 -0.038030 -0.016805  
824 23.330000 -0.037862 -0.016718  
825 23.340000 -0.037695 -0.016631  
826 23.350000 -0.037529 -0.016545  
827 23.360000 -0.037364 -0.016459  
828 23.370000 -0.037200 -0.016374  
829 23.380000 -0.037037 -0.016290  
830 23.390000 -0.036874 -0.016206  
831 23.400000 -0.036713 -0.016122  
832 23.410000 -0.036552 -0.016039  
833 23.420000 -0.036392 -0.015957  
834 23.430000 -0.036233 -0.015875  
835 23.440000 -0.036075 -0.015793  
836 23.450000 -0.035917 -0.015712  
837 23.460000 -0.035760 -0.015632  
838 23.470000 -0.035604 -0.015552  
839 23.480000 -0.035449 -0.015472  
840 23.490000 -0.035295 -0.015393  
841 23.500000 -0.035141 -0.015314  
842 23.510000 -0.034989 -0.015236  
843 23.520000 -0.034837 -0.015159  
844 23.530000 -0.034685 -0.015082  
845 23.540000 -0.034535 -0.015005  
846 23.550000 -0.034385 -0.014929  
847 23.560000 -0.034236 -0.014853  
848 23.570000 -0.034088 -0.014777  
849 23.580000 -0.033941 -0.014702  
850 23.590000 -0.033794 -0.014628  
851 23.600000 -0.033648 -0.014554  
852 23.610000 -0.033503 -0.014480  
853 23.620000 -0.033359 -0.014407  
854 23.630000 -0.033215 -0.014335  
855 23.640000 -0.033072 -0.014262  
856 23.650000 -0.032930 -0.014190  
857 23.660000 -0.032788 -0.014119  
858 23.670000 -0.032647 -0.014048  
859 23.680000 -0.032507 -0.013977  
860 23.690000 -0.032368 -0.013907  
861 23.700000 -0.032229 -0.013837  
862 23.710000 -0.032091 -0.013768  
863 23.720000 -0.031954 -0.013699  
864 23.730000 -0.031817 -0.013631  
865 23.740000 -0.031681 -0.013563  
866 23.750000 -0.031546 -0.013495  
867 23.760000 -0.031411 -0.013428  
868 23.770000 -0.031277 -0.013361  
869 23.780000 -0.031144 -0.013294  
870 23.790000 -0.031011 -0.013228  
871 23.800000 -0.030879 -0.013162  
872 23.810000 -0.030748 -0.013097  
873 23.820000 -0.030618 -0.013032  
874 23.830000 -0.030488 -0.012967  
875 23.840000 -0.030358 -0.012903  
876 23.850000 -0.030229 -0.012839  
877 23.860000 -0.030101 -0.012776  
878 23.870000 -0.029974 -0.012713  
879 23.880000 -0.029847 -0.012650  
880 23.890000 -0.029721 -0.012588  
881 23.900000 -0.029595 -0.012526  
882 23.910000 -0.029470 -0.012464  
883 23.920000 -0.029346 -0.012403  
884 23.930000 -0.029222 -0.012342  
885 23.940000 -0.029099 -0.012281  
886 23.950000 -0.028977 -0.012221  
887 23.960000 -0.028855 -0.012161  
888 23.970000 -0.028734 -0.012101  
889 23.980000 -0.028613 -0.012042  
890 23.990000 -0.028493 -0.011983  
891 24.000000 -0.028373 -0.011925  
892 24.010000 -0.028254 -0.011867  
893 24.020000 -0.028136 -0.011809  
894 24.030000 -0.028018 -0.011751  
895 24.040000 -0.027901 -0.011694  
896 24.050000 -0.027784 -0.011637  
897 24.060000 -0.027668 -0.011581  
898 24.070000 -0.027553 -0.011524  
899 24.080000 -0.027438 -0.011469  
900 24.090000 -0.027323 -0.011413  
901 24.100000 -0.027209 -0.011358  
902 24.110000 -0.027096 -0.011303  
903 24.120000 -0.026983 -0.011248  
904 24.130000 -0.026871 -0.011194  
905 24.140000 -0.026759 -0.011140  
906 24.150000 -0.026648 -0.011086  
907 24.160000 -0.026538 -0.011033  
908 24.170000 -0.026428 -0.010980  
909 24.180000 -0.026318 -0.010927  
910 24.190000 -0.026209 -0.010874  
911 24.200000 -0.026101 -0.010822  
912 24.210000 -0.025993 -0.010770  
913 24.220000 -0.025885 -0.010719  
914 24.230000 -0.025778 -0.010667  
915 24.240000 -0.025672 -0.010616  
916 24.250000 -0.025566 -0.010566  
917 24.260000 -0.025460 -0.010515  
918 24.270000 -0.025356 -0.010465  
919 24.280000 -0.025251 -0.010415  
920 24.290000 -0.025147 -0.010366  
921 24.300000 -0.025044 -0.010316  
922 24.310000 -0.024941 -0.010267  
923 24.320000 -0.024839 -0.010218  
924 24.330000 -0.024737 -0.010170  
925 24.340000 -0.024635 -0.010122  
926 24.350000 -0.024534 -0.010074  
927 24.360000 -0.024434 -0.010026  
928 24.370000 -0.024334 -0.009979  
929 24.380000 -0.024234 -0.009932  
930 24.390000 -0.024135 -0.009885  
931 24.400000 -0.024036 -0.009838  
932 24.410000 -0.023938 -0.009792  
933 24.420000 -0.023841 -0.009746  
934 24.430000 -0.023743 -0.009700  
935 24.440000 -0.023647 -0.009654  
936 24.450000 -0.023550 -0.009609  
937 24.460000 -0.023454 -0.009564  
938 24.470000 -0.023359 -0.009519  
939 24.480000 -0.023264 -0.009474  
940 24.490000 -0.023169 -0.009430  
941 24.500000 -0.023075 -0.009386  
942 24.510000 -0.022982 -0.009342  
943 24.520000 -0.022889 -0.009298  
944 24.530000 -0.022796 -0.009255  
945 24.540000 -0.022703 -0.009212  
946 24.550000 -0.022612 -0.009169  
947 24.560000 -0.022520 -0.009126  
948 24.570000 -0.022429 -0.009084  
949 24.580000 -0.022338 -0.009041  
950 24.590000 -0.022248 -0.009000  
951 24.600000 -0.022158 -0.008958  
952 24.610000 -0.022069 -0.008916  
953 24.620000 -0.021980 -0.008875  
954 24.630000 -0.021892 -0.008834  
955 24.640000 -0.021803 -0.008793  
956 24.650000 -0.021716 -0.008752  
957 24.660000 -0.021628 -0.008712  
958 24.670000 -0.021541 -0.008672  
959 24.680000 -0.021455 -0.008632  
960 24.690000 -0.021369 -0.008592  
961 24.700000 -0.021283 -0.008553  
962 24.710000 -0.021198 -0.008513  
963 24.720000 -0.021113 -0.008474  
964 24.730000 -0.021028 -0.008435  
965 24.740000 -0.020944 -0.008397  
966 24.750000 -0.020860 -0.008358  
967 24.760000 -0.020777 -0.008320  
968 24.770000 -0.020694 -0.008282  
969 24.780000 -0.020611 -0.008244  
970 24.790000 -0.020529 -0.008206  
971 24.800000 -0.020447 -0.008169  
972 24.810000 -0.020366 -0.008132  
973 24.820000 -0.020285 -0.008095  
974 24.830000 -0.020204 -0.008058  
975 24.840000 -0.020123 -0.008021  
976 24.850000 -0.020043 -0.007985  
977 24.860000 -0.019964 -0.007949  
978 24.870000 -0.019884 -0.007913  
979 24.880000 -0.019805 -0.007877  
980 24.890000 -0.019727 -0.007841  
981 24.900000 -0.019649 -0.007806  
982 24.910000 -0.019571 -0.007770  
983 24.920000 -0.019493 -0.007735  
984 24.930000 -0.019416 -0.007700  
985 24.940000 -0.019339 -0.007666  
986 24.950000 -0.019263 -0.007631  
987 24.960000 -0.019187 -0.007597  
988 24.970000 -0.019111 -0.007562  
989 24.980000 -0.019035 -0.007529  
990 24.990000 -0.018960 -0.007495  
991 25.000000 -0.018885 -0.007461  
992 25.010000 -0.018811 -0.007428  
993 25.020000 -0.018737 -0.007394  
994 25.030000 -0.018663 -0.007361  
995 25.040000 -0.018590 -0.007328  
996 25.050000 -0.018517 -0.007296  
997 25.060000 -0.018444 -0.007263  
998 25.070000 -0.018371 -0.007231  
999 25.080000 -0.018299 -0.007198  
1000 25.090000 -0.018227 -0.007166  
1001 25.100000 -0.018156 -0.007134  
1002 25.110000 -0.018085 -0.007103  
1003 25.120000 -0.018014 -0.007071  
1004 25.130000 -0.017943 -0.007040  
1005 25.140000 -0.017873 -0.007008  
1006 25.150000 -0.017803 -0.006977  
1007 25.160000 -0.017733 -0.006946  
1008 25.170000 -0.017664 -0.006916  
1009 25.180000 -0.017595 -0.006885  
1010 25.190000 -0.017526 -0.006855  
1011 25.200000 -0.017458 -0.006824  
1012 25.210000 -0.017390 -0.006794  
1013 25.220000 -0.017322 -0.006764  
1014 25.230000 -0.017255 -0.006735  
1015 25.240000 -0.017187 -0.006705  
1016 25.250000 -0.017121 -0.006675  
1017 25.260000 -0.017054 -0.006646  
1018 25.270000 -0.016988 -0.006617  
1019 25.280000 -0.016922 -0.006588  
1020 25.290000 -0.016856 -0.006559  
1021 25.300000 -0.016790 -0.006530  
1022 25.310000 -0.016725 -0.006502  
1023 25.320000 -0.016660 -0.006473  
1024 25.330000 -0.016596 -0.006445  
1025 25.340000 -0.016531 -0.006417  
1026 25.350000 -0.016467 -0.006389  
1027 25.360000 -0.016404 -0.006361  
1028 25.370000 -0.016340 -0.006333  
1029 25.380000 -0.016277 -0.006306  
1030 25.390000 -0.016214 -0.006278  
1031 25.400000 -0.016151 -0.006251  
1032 25.410000 -0.016089 -0.006224  
1033 25.420000 -0.016027 -0.006197  
1034 25.430000 -0.015965 -0.006170  
1035 25.440000 -0.015904 -0.006143  
1036 25.450000 -0.015842 -0.006117  
1037 25.460000 -0.015781 -0.006090  
1038 25.470000 -0.015720 -0.006064  
1039 25.480000 -0.015660 -0.006038  
1040 25.490000 -0.015600 -0.006012  
1041 25.500000 -0.015540 -0.005986  
1042 25.510000 -0.015480 -0.005960  
1043 25.520000 -0.015421 -0.005934  
1044 25.530000 -0.015361 -0.005909  
1045 25.540000 -0.015302 -0.005883  
1046 25.550000 -0.015244 -0.005858  
1047 25.560000 -0.015185 -0.005833  
1048 25.570000 -0.015127 -0.005808  
1049 25.580000 -0.015069 -0.005783  
1050 25.590000 -0.015011 -0.005758  
1051 25.600000 -0.014954 -0.005734  
1052 25.610000 -0.014897 -0.005709  
1053 25.620000 -0.014840 -0.005685  
1054 25.630000 -0.014783 -0.005661  
1055 25.640000 -0.014726 -0.005636  
1056 25.650000 -0.014670 -0.005612  
1057 25.660000 -0.014614 -0.005588  
1058 25.670000 -0.014558 -0.005565  
1059 25.680000 -0.014503 -0.005541  
1060 25.690000 -0.014448 -0.005517  
1061 25.700000 -0.014393 -0.005494  
1062 25.710000 -0.014338 -0.005471  
1063 25.720000 -0.014283 -0.005448  
1064 25.730000 -0.014229 -0.005424  
1065 25.740000 -0.014175 -0.005402  
1066 25.750000 -0.014121 -0.005379  
1067 25.760000 -0.014067 -0.005356  
1068 25.770000 -0.014014 -0.005333  
1069 25.780000 -0.013960 -0.005311  
1070 25.790000 -0.013907 -0.005288  
1071 25.800000 -0.013855 -0.005266  
1072 25.810000 -0.013802 -0.005244  
1073 25.820000 -0.013750 -0.005222  
1074 25.830000 -0.013698 -0.005200  
1075 25.840000 -0.013646 -0.005178  
1076 25.850000 -0.013594 -0.005156  
1077 25.860000 -0.013543 -0.005135  
1078 25.870000 -0.013491 -0.005113  
1079 25.880000 -0.013440 -0.005092  
1080 25.890000 -0.013390 -0.005071  
1081 25.900000 -0.013339 -0.005049  
1082 25.910000 -0.013289 -0.005028  
1083 25.920000 -0.013238 -0.005007  
1084 25.930000 -0.013188 -0.004986  
1085 25.940000 -0.013139 -0.004966  
1086 25.950000 -0.013089 -0.004945  
1087 25.960000 -0.013040 -0.004924  
1088 25.970000 -0.012991 -0.004904  
1089 25.980000 -0.012942 -0.004884  
1090 25.990000 -0.012893 -0.004863  
1091 26.000000 -0.012844 -0.004843  
1092 26.010000 -0.012796 -0.004823  
1093 26.020000 -0.012748 -0.004803  
1094 26.030000 -0.012700 -0.004783  
1095 26.040000 -0.012652 -0.004763  
1096 26.050000 -0.012605 -0.004744  
1097 26.060000 -0.012557 -0.004724  
1098 26.070000 -0.012510 -0.004705  
1099 26.080000 -0.012463 -0.004685  
1100 26.090000 -0.012417 -0.004666  
1101 26.100000 -0.012370 -0.004647  
1102 26.110000 -0.012324 -0.004627  
1103 26.120000 -0.012277 -0.004608  
1104 26.130000 -0.012231 -0.004590  
1105 26.140000 -0.012186 -0.004571  
1106 26.150000 -0.012140 -0.004552  
1107 26.160000 -0.012095 -0.004533  
1108 26.170000 -0.012049 -0.004515  
1109 26.180000 -0.012004 -0.004496  
1110 26.190000 -0.011959 -0.004478  
1111 26.200000 -0.011915 -0.004460  
1112 26.210000 -0.011870 -0.004441  
1113 26.220000 -0.011826 -0.004423  
1114 26.230000 -0.011782 -0.004405  
1115 26.240000 -0.011738 -0.004387  
1116 26.250000 -0.011694 -0.004369  
1117 26.260000 -0.011650 -0.004352  
1118 26.270000 -0.011607 -0.004334  
1119 26.280000 -0.011564 -0.004316  
1120 26.290000 -0.011521 -0.004299  
1121 26.300000 -0.011478 -0.004281  
1122 26.310000 -0.011435 -0.004264  
1123 26.320000 -0.011393 -0.004247  
1124 26.330000 -0.011350 -0.004229  
1125 26.340000 -0.011308 -0.004212  
1126 26.350000 -0.011266 -0.004195  
1127 26.360000 -0.011224 -0.004178  
1128 26.370000 -0.011182 -0.004161  
1129 26.380000 -0.011141 -0.004145  
1130 26.390000 -0.011099 -0.004128  
1131 26.400000 -0.011058 -0.004111  
1132 26.410000 -0.011017 -0.004095  
1133 26.420000 -0.010976 -0.004078  
1134 26.430000 -0.010936 -0.004062  
1135 26.440000 -0.010895 -0.004046  
1136 26.450000 -0.010855 -0.004029  
1137 26.460000 -0.010815 -0.004013  
1138 26.470000 -0.010774 -0.003997  
1139 26.480000 -0.010735 -0.003981  
1140 26.490000 -0.010695 -0.003965  
1141 26.500000 -0.010655 -0.003949  
1142 26.510000 -0.010616 -0.003934  
1143 26.520000 -0.010577 -0.003918  
1144 26.530000 -0.010538 -0.003902  
1145 26.540000 -0.010499 -0.003887  
1146 26.550000 -0.010460 -0.003871  
1147 26.560000 -0.010421 -0.003856  
1148 26.570000 -0.010383 -0.003840  
1149 26.580000 -0.010344 -0.003825  
1150 26.590000 -0.010306 -0.003810  
1151 26.600000 -0.010268 -0.003795  
1152 26.610000 -0.010230 -0.003780  
1153 26.620000 -0.010193 -0.003765  
1154 26.630000 -0.010155 -0.003750  
1155 26.640000 -0.010118 -0.003735  
1156 26.650000 -0.010080 -0.003720  
1157 26.660000 -0.010043 -0.003706  
1158 26.670000 -0.010006 -0.003691  
1159 26.680000 -0.009969 -0.003676  
1160 26.690000 -0.009933 -0.003662  
1161 26.700000 -0.009896 -0.003647  
1162 26.710000 -0.009860 -0.003633  
1163 26.720000 -0.009823 -0.003619  
1164 26.730000 -0.009787 -0.003605  
1165 26.740000 -0.009751 -0.003590  
1166 26.750000 -0.009715 -0.003576  
1167 26.760000 -0.009680 -0.003562  
1168 26.770000 -0.009644 -0.003548  
1169 26.780000 -0.009609 -0.003534  
1170 26.790000 -0.009574 -0.003521  
1171 26.800000 -0.009538 -0.003507  
1172 26.810000 -0.009503 -0.003493  
1173 26.820000 -0.009469 -0.003479  
1174 26.830000 -0.009434 -0.003466  
1175 26.840000 -0.009399 -0.003452  
1176 26.850000 -0.009365 -0.003439  
1177 26.860000 -0.009330 -0.003425  
1178 26.870000 -0.009296 -0.003412  
1179 26.880000 -0.009262 -0.003399  
1180 26.890000 -0.009228 -0.003386  
1181 26.900000 -0.009195 -0.003372  
1182 26.910000 -0.009161 -0.003359  
1183 26.920000 -0.009127 -0.003346  
1184 26.930000 -0.009094 -0.003333  
1185 26.940000 -0.009061 -0.003320  
1186 26.950000 -0.009028 -0.003308  
1187 26.960000 -0.008994 -0.003295  
1188 26.970000 -0.008962 -0.003282  
1189 26.980000 -0.008929 -0.003269  
1190 26.990000 -0.008896 -0.003257  
1191 27.000000 -0.008864 -0.003244  
1192 27.010000 -0.008831 -0.003232  
1193 27.020000 -0.008799 -0.003219  
1194 27.030000 -0.008767 -0.003207  
1195 27.040000 -0.008735 -0.003194  
1196 27.050000 -0.008703 -0.003182  
1197 27.060000 -0.008671 -0.003170  
1198 27.070000 -0.008640 -0.003158  
1199 27.080000 -0.008608 -0.003146  
1200 27.090000 -0.008577 -0.003134  
1201 27.100000 -0.008545 -0.003122  
1202 27.110000 -0.008514 -0.003110  
1203 27.120000 -0.008483 -0.003098  
1204 27.130000 -0.008452 -0.003086  
1205 27.140000 -0.008422 -0.003074  
1206 27.150000 -0.008391 -0.003062  
1207 27.160000 -0.008360 -0.003051  
1208 27.170000 -0.008330 -0.003039  
1209 27.180000 -0.008300 -0.003027  
1210 27.190000 -0.008269 -0.003016  
1211 27.200000 -0.008239 -0.003004  
1212 27.210000 -0.008209 -0.002993  
1213 27.220000 -0.008179 -0.002982  
1214 27.230000 -0.008150 -0.002970  
1215 27.240000 -0.008120 -0.002959  
1216 27.250000 -0.008090 -0.002948  
1217 27.260000 -0.008061 -0.002937  
1218 27.270000 -0.008032 -0.002925  
1219 27.280000 -0.008003 -0.002914  
1220 27.290000 -0.007973 -0.002903  
1221 27.300000 -0.007944 -0.002892  
1222 27.310000 -0.007916 -0.002881  
1223 27.320000 -0.007887 -0.002871  
1224 27.330000 -0.007858 -0.002860  
1225 27.340000 -0.007830 -0.002849  
1226 27.350000 -0.007801 -0.002838  
1227 27.360000 -0.007773 -0.002828  
1228 27.370000 -0.007745 -0.002817  
1229 27.380000 -0.007717 -0.002806  
1230 27.390000 -0.007688 -0.002796  
1231 27.400000 -0.007661 -0.002785  
1232 27.410000 -0.007633 -0.002775  
1233 27.420000 -0.007605 -0.002764  
1234 27.430000 -0.007578 -0.002754  
1235 27.440000 -0.007550 -0.002744  
1236 27.450000 -0.007523 -0.002734  
1237 27.460000 -0.007495 -0.002723  
1238 27.470000 -0.007468 -0.002713  
1239 27.480000 -0.007441 -0.002703  
1240 27.490000 -0.007414 -0.002693  
1241 27.500000 -0.007387 -0.002683  
1242 27.510000 -0.007360 -0.002673  
1243 27.520000 -0.007334 -0.002663  
1244 27.530000 -0.007307 -0.002653  
1245 27.540000 -0.007281 -0.002643  
1246 27.550000 -0.007254 -0.002633  
1247 27.560000 -0.007228 -0.002624  
1248 27.570000 -0.007202 -0.002614  
1249 27.580000 -0.007176 -0.002604  
1250 27.590000 -0.007150 -0.002594  
1251 27.600000 -0.007124 -0.002585  
1252 27.610000 -0.007098 -0.002575  
1253 27.620000 -0.007072 -0.002566  
1254 27.630000 -0.007047 -0.002556  
1255 27.640000 -0.007021 -0.002547  
1256 27.650000 -0.006996 -0.002537  
1257 27.660000 -0.006970 -0.002528  
1258 27.670000 -0.006945 -0.002519  
1259 27.680000 -0.006920 -0.002509  
1260 27.690000 -0.006895 -0.002500  
1261 27.700000 -0.006870 -0.002491  
1262 27.710000 -0.006845 -0.002482  
1263 27.720000 -0.006820 -0.002473  
1264 27.730000 -0.006796 -0.002464  
1265 27.740000 -0.006771 -0.002455  
1266 27.750000 -0.006747 -0.002446  
1267 27.760000 -0.006722 -0.002437  
1268 27.770000 -0.006698 -0.002428  
1269 27.780000 -0.006674 -0.002419  
1270 27.790000 -0.006650 -0.002410  
1271 27.800000 -0.006626 -0.002401  
1272 27.810000 -0.006602 -0.002392  
1273 27.820000 -0.006578 -0.002384  
1274 27.830000 -0.006554 -0.002375  
1275 27.840000 -0.006530 -0.002366  
1276 27.850000 -0.006507 -0.002358  
1277 27.860000 -0.006483 -0.002349  
1278 27.870000 -0.006460 -0.002341  
1279 27.880000 -0.006436 -0.002332  
1280 27.890000 -0.006413 -0.002324  
1281 27.900000 -0.006390 -0.002315  
1282 27.910000 -0.006367 -0.002307  
1283 27.920000 -0.006344 -0.002298  
1284 27.930000 -0.006321 -0.002290  
1285 27.940000 -0.006298 -0.002282  
1286 27.950000 -0.006275 -0.002273  
1287 27.960000 -0.006252 -0.002265  
1288 27.970000 -0.006230 -0.002257  
1289 27.980000 -0.006207 -0.002249  
1290 27.990000 -0.006185 -0.002241  
1291 28.000000 -0.006162 -0.002233  
1292 28.010000 -0.006140 -0.002225  
1293 28.020000 -0.006118 -0.002217  
1294 28.030000 -0.006096 -0.002209  
1295 28.040000 -0.006074 -0.002201  
1296 28.050000 -0.006052 -0.002193  
1297 28.060000 -0.006030 -0.002185  
1298 28.070000 -0.006008 -0.002177  
1299 28.080000 -0.005986 -0.002169  
1300 28.090000 -0.005965 -0.002161  
1301 28.100000 -0.005943 -0.002154  
1302 28.110000 -0.005922 -0.002146  
1303 28.120000 -0.005900 -0.002138  
1304 28.130000 -0.005879 -0.002131  
1305 28.140000 -0.005858 -0.002123  
1306 28.150000 -0.005836 -0.002115  
1307 28.160000 -0.005815 -0.002108  
1308 28.170000 -0.005794 -0.002100  
1309 28.180000 -0.005773 -0.002093  
1310 28.190000 -0.005752 -0.002085  
1311 28.200000 -0.005732 -0.002078  
1312 28.210000 -0.005711 -0.002071  
1313 28.220000 -0.005690 -0.002063  
1314 28.230000 -0.005670 -0.002056  
1315 28.240000 -0.005649 -0.002049  
1316 28.250000 -0.005629 -0.002041  
1317 28.260000 -0.005608 -0.002034  
1318 28.270000 -0.005588 -0.002027  
1319 28.280000 -0.005568 -0.002020  
1320 28.290000 -0.005547 -0.002013  
1321 28.300000 -0.005527 -0.002005  
1322 28.310000 -0.005507 -0.001998  
1323 28.320000 -0.005487 -0.001991  
1324 28.330000 -0.005468 -0.001984  
1325 28.340000 -0.005448 -0.001977  
1326 28.350000 -0.005428 -0.001970  
1327 28.360000 -0.005408 -0.001963  
1328 28.370000 -0.005389 -0.001956  
1329 28.380000 -0.005369 -0.001949  
1330 28.390000 -0.005350 -0.001943  
1331 28.400000 -0.005330 -0.001936  
1332 28.410000 -0.005311 -0.001929  
1333 28.420000 -0.005292 -0.001922  
1334 28.430000 -0.005273 -0.001915  
1335 28.440000 -0.005253 -0.001909  
1336 28.450000 -0.005234 -0.001902  
1337 28.460000 -0.005215 -0.001895  
1338 28.470000 -0.005197 -0.001889  
1339 28.480000 -0.005178 -0.001882  
1340 28.490000 -0.005159 -0.001876  
1341 28.500000 -0.005140 -0.001869  
1342 28.510000 -0.005121 -0.001862  
1343 28.520000 -0.005103 -0.001856  
1344 28.530000 -0.005084 -0.001850  
1345 28.540000 -0.005066 -0.001843  
1346 28.550000 -0.005047 -0.001837  
1347 28.560000 -0.005029 -0.001830  
1348 28.570000 -0.005011 -0.001824  
1349 28.580000 -0.004993 -0.001818  
1350 28.590000 -0.004975 -0.001811  
1351 28.600000 -0.004956 -0.001805  
1352 28.610000 -0.004938 -0.001799  
1353 28.620000 -0.004920 -0.001792  
1354 28.630000 -0.004903 -0.001786  
1355 28.640000 -0.004885 -0.001780  
1356 28.650000 -0.004867 -0.001774  
1357 28.660000 -0.004849 -0.001768  
1358 28.670000 -0.004832 -0.001762  
1359 28.680000 -0.004814 -0.001756  
1360 28.690000 -0.004797 -0.001749  
1361 28.700000 -0.004779 -0.001743  
1362 28.710000 -0.004762 -0.001737  
1363 28.720000 -0.004744 -0.001731  
1364 28.730000 -0.004727 -0.001725  
1365 28.740000 -0.004710 -0.001719  
1366 28.750000 -0.004693 -0.001714  
1367 28.760000 -0.004676 -0.001708  
1368 28.770000 -0.004658 -0.001702  
1369 28.780000 -0.004642 -0.001696  
1370 28.790000 -0.004625 -0.001690  
1371 28.800000 -0.004608 -0.001684  
1372 28.810000 -0.004591 -0.001679  
1373 28.820000 -0.004574 -0.001673  
1374 28.830000 -0.004557 -0.001667  
1375 28.840000 -0.004541 -0.001661  
1376 28.850000 -0.004524 -0.001656  
1377 28.860000 -0.004508 -0.001650  
1378 28.870000 -0.004491 -0.001644  
1379 28.880000 -0.004475 -0.001639  
1380 28.890000 -0.004458 -0.001633  
1381 28.900000 -0.004442 -0.001628  
1382 28.910000 -0.004426 -0.001622  
1383 28.920000 -0.004410 -0.001617  
1384 28.930000 -0.004394 -0.001611  
1385 28.940000 -0.004377 -0.001606  
1386 28.950000 -0.004361 -0.001600  
1387 28.960000 -0.004345 -0.001595  
1388 28.970000 -0.004330 -0.001589  
1389 28.980000 -0.004314 -0.001584  
1390 28.990000 -0.004298 -0.001579  
1391 29.000000 -0.004282 -0.001573  
1392 29.010000 -0.004266 -0.001568  
1393 29.020000 -0.004251 -0.001563  
1394 29.030000 -0.004235 -0.001557  
1395 29.040000 -0.004220 -0.001552  
1396 29.050000 -0.004204 -0.001547  
1397 29.060000 -0.004189 -0.001542  
1398 29.070000 -0.004173 -0.001536  
1399 29.080000 -0.004158 -0.001531  
1400 29.090000 -0.004143 -0.001526  
1401 29.100000 -0.004127 -0.001521  
1402 29.110000 -0.004112 -0.001516  
1403 29.120000 -0.004097 -0.001511  
1404 29.130000 -0.004082 -0.001506  
1405 29.140000 -0.004067 -0.001500  
1406 29.150000 -0.004052 -0.001495  
1407 29.160000 -0.004037 -0.001490  
1408 29.170000 -0.004022 -0.001485  
1409 29.180000 -0.004007 -0.001480  
1410 29.190000 -0.003993 -0.001475  
1411 29.200000 -0.003978 -0.001471  
1412 29.210000 -0.003963 -0.001466  
1413 29.220000 -0.003949 -0.001461  
1414 29.230000 -0.003934 -0.001456  
1415 29.240000 -0.003919 -0.001451  
1416 29.250000 -0.003905 -0.001446  
1417 29.260000 -0.003891 -0.001441  
1418 29.270000 -0.003876 -0.001436  
1419 29.280000 -0.003862 -0.001432  
1420 29.290000 -0.003847 -0.001427  
1421 29.300000 -0.003833 -0.001422  
1422 29.310000 -0.003819 -0.001417  
1423 29.320000 -0.003805 -0.001413  
1424 29.330000 -0.003791 -0.001408  
1425 29.340000 -0.003777 -0.001403  
1426 29.350000 -0.003763 -0.001399  
1427 29.360000 -0.003749 -0.001394  
1428 29.370000 -0.003735 -0.001389  
1429 29.380000 -0.003721 -0.001385  
1430 29.390000 -0.003707 -0.001380  
1431 29.400000 -0.003693 -0.001376  
1432 29.410000 -0.003680 -0.001371  
1433 29.420000 -0.003666 -0.001367  
1434 29.430000 -0.003652 -0.001362  
1435 29.440000 -0.003639 -0.001358  
1436 29.450000 -0.003625 -0.001353  
1437 29.460000 -0.003612 -0.001349  
1438 29.470000 -0.003598 -0.001344  
1439 29.480000 -0.003585 -0.001340  
1440 29.490000 -0.003571 -0.001335  
1441 29.500000 -0.003558 -0.001331  
1442 29.510000 -0.003545 -0.001327  
1443 29.520000 -0.003532 -0.001322  
1444 29.530000 -0.003518 -0.001318  
1445 29.540000 -0.003505 -0.001314  
1446 29.550000 -0.003492 -0.001309  
1447 29.560000 -0.003479 -0.001305  
1448 29.570000 -0.003466 -0.001301  
1449 29.580000 -0.003453 -0.001296  
1450 29.590000 -0.003440 -0.001292  
1451 29.600000 -0.003427 -0.001288  
1452 29.610000 -0.003414 -0.001284  
1453 29.620000 -0.003401 -0.001280  
1454 29.630000 -0.003389 -0.001275  
1455 29.640000 -0.003376 -0.001271  
1456 29.650000 -0.003363 -0.001267  
1457 29.660000 -0.003351 -0.001263  
1458 29.670000 -0.003338 -0.001259  
1459 29.680000 -0.003325 -0.001255  
1460 29.690000 -0.003313 -0.001251  
1461 29.700000 -0.003300 -0.001247  
1462 29.710000 -0.003288 -0.001242  
1463 29.720000 -0.003276 -0.001238  
1464 29.730000 -0.003263 -0.001234  
1465 29.740000 -0.003251 -0.001230  
1466 29.750000 -0.003239 -0.001226  
1467 29.760000 -0.003226 -0.001222  
1468 29.770000 -0.003214 -0.001219  
1469 29.780000 -0.003202 -0.001215  
1470 29.790000 -0.003190 -0.001211  
1471 29.800000 -0.003178 -0.001207  
1472 29.810000 -0.003166 -0.001203  
1473 29.820000 -0.003154 -0.001199  
1474 29.830000 -0.003142 -0.001195  
1475 29.840000 -0.003130 -0.001191  
1476 29.850000 -0.003118 -0.001187  
1477 29.860000 -0.003106 -0.001184  
1478 29.870000 -0.003094 -0.001180  
1479 29.880000 -0.003082 -0.001176  
1480 29.890000 -0.003071 -0.001172  
1481 29.900000 -0.003059 -0.001168  
1482 29.910000 -0.003047 -0.001165  
1483 29.920000 -0.003036 -0.001161  
1484 29.930000 -0.003024 -0.001157  
1485 29.940000 -0.003013 -0.001153  
1486 29.950000 -0.003001 -0.001150  
1487 29.960000 -0.002990 -0.001146  
1488 29.970000 -0.002978 -0.001142  
1489 29.980000 -0.002967 -0.001139  
1490 29.990000 -0.002955 -0.001135  
1491 30.000000 -0.002944 -0.001131  
1492 30.010000 -0.002933 -0.001128  
1493 30.020000 -0.002921 -0.001124  
1494 30.030000 -0.002910 -0.001121  
1495 30.040000 -0.002899 -0.001117  
1496 30.050000 -0.002888 -0.001114  
1497 30.060000 -0.002877 -0.001110  
1498 30.070000 -0.002866 -0.001106  
1499 30.080000 -0.002855 -0.001103  
1500 30.090000 -0.002844 -0.001099  
1501 30.100000 -0.002833 -0.001096  
1502 30.110000 -0.002822 -0.001092  
1503 30.120000 -0.002811 -0.001089  
1504 30.130000 -0.002800 -0.001086  
1505 30.140000 -0.002789 -0.001082  
1506 30.150000 -0.002778 -0.001079  
1507 30.160000 -0.002768 -0.001075  
1508 30.170000 -0.002757 -0.001072  
1509 30.180000 -0.002746 -0.001068  
1510 30.190000 -0.002735 -0.001065  
1511 30.200000 -0.002725 -0.001062  
1512 30.210000 -0.002714 -0.001058  
1513 30.220000 -0.002704 -0.001055  
1514 30.230000 -0.002693 -0.001052  
1515 30.240000 -0.002683 -0.001048  
1516 30.250000 -0.002672 -0.001045  
1517 30.260000 -0.002662 -0.001042  
1518 30.270000 -0.002651 -0.001038  
1519 30.280000 -0.002641 -0.001035  
1520 30.290000 -0.002631 -0.001032  
1521 30.300000 -0.002620 -0.001029  
1522 30.310000 -0.002610 -0.001025  
1523 30.320000 -0.002600 -0.001022  
1524 30.330000 -0.002590 -0.001019  
1525 30.340000 -0.002579 -0.001016  
1526 30.350000 -0.002569 -0.001013  
1527 30.360000 -0.002559 -0.001009  
1528 30.370000 -0.002549 -0.001006  
1529 30.380000 -0.002539 -0.001003  
1530 30.390000 -0.002529 -0.001000  
1531 30.400000 -0.002519 -0.000997  
1532 30.410000 -0.002509 -0.000994  
1533 30.420000 -0.002499 -0.000991  
1534 30.430000 -0.002489 -0.000988  
1535 30.440000 -0.002479 -0.000984  
1536 30.450000 -0.002470 -0.000981  
1537 30.460000 -0.002460 -0.000978  
1538 30.470000 -0.002450 -0.000975  
1539 30.480000 -0.002440 -0.000972  
1540 30.490000 -0.002431 -0.000969  
1541 30.500000 -0.002421 -0.000966  
1542 30.510000 -0.002411 -0.000963  
1543 30.520000 -0.002402 -0.000960  
1544 30.530000 -0.002392 -0.000957  
1545 30.540000 -0.002382 -0.000954  
1546 30.550000 -0.002373 -0.000951  
1547 30.560000 -0.002363 -0.000948  
1548 30.570000 -0.002354 -0.000945  
1549 30.580000 -0.002345 -0.000943  
1550 30.590000 -0.002335 -0.000940  
1551 30.600000 -0.002326 -0.000937  
1552 30.610000 -0.002316 -0.000934  
1553 30.620000 -0.002307 -0.000931  
1554 30.630000 -0.002298 -0.000928  
1555 30.640000 -0.002289 -0.000925  
1556 30.650000 -0.002279 -0.000922  
1557 30.660000 -0.002270 -0.000919  
1558 30.670000 -0.002261 -0.000917  
1559 30.680000 -0.002252 -0.000914  
1560 30.690000 -0.002243 -0.000911  
1561 30.700000 -0.002234 -0.000908  
1562 30.710000 -0.002224 -0.000905  
1563 30.720000 -0.002215 -0.000903  
1564 30.730000 -0.002206 -0.000900  
1565 30.740000 -0.002197 -0.000897  
1566 30.750000 -0.002188 -0.000894  
1567 30.760000 -0.002180 -0.000892  
1568 30.770000 -0.002171 -0.000889  
1569 30.780000 -0.002162 -0.000886  
1570 30.790000 -0.002153 -0.000883  
1571 30.800000 -0.002144 -0.000881  
1572 30.810000 -0.002135 -0.000878  
1573 30.820000 -0.002127 -0.000875  
1574 30.830000 -0.002118 -0.000873  
1575 30.840000 -0.002109 -0.000870  
1576 30.850000 -0.002100 -0.000867  
1577 30.860000 -0.002092 -0.000865  
1578 30.870000 -0.002083 -0.000862  
1579 30.880000 -0.002074 -0.000859  
1580 30.890000 -0.002066 -0.000857  
1581 30.900000 -0.002057 -0.000854  
1582 30.910000 -0.002049 -0.000852  
1583 30.920000 -0.002040 -0.000849  
1584 30.930000 -0.002032 -0.000846  
1585 30.940000 -0.002023 -0.000844  
1586 30.950000 -0.002015 -0.000841  
1587 30.960000 -0.002007 -0.000839  
1588 30.970000 -0.001998 -0.000836  
1589 30.980000 -0.001990 -0.000834  
1590 30.990000 -0.001981 -0.000831  
1591 31.000000 -0.001973 -0.000829  
1592 31.010000 -0.001965 -0.000826  
1593 31.020000 -0.001957 -0.000824  
1594 31.030000 -0.001948 -0.000821  
1595 31.040000 -0.001940 -0.000819  
1596 31.050000 -0.001932 -0.000816  
1597 31.060000 -0.001924 -0.000814  
1598 31.070000 -0.001916 -0.000811  
1599 31.080000 -0.001908 -0.000809  
1600 31.090000 -0.001900 -0.000806  
1601 31.100000 -0.001892 -0.000804  
1602 31.110000 -0.001884 -0.000802  
1603 31.120000 -0.001876 -0.000799  
1604 31.130000 -0.001868 -0.000797  
1605 31.140000 -0.001860 -0.000794  
1606 31.150000 -0.001852 -0.000792  
1607 31.160000 -0.001844 -0.000790  
1608 31.170000 -0.001836 -0.000787  
1609 31.180000 -0.001828 -0.000785  
1610 31.190000 -0.001820 -0.000783  
1611 31.200000 -0.001812 -0.000780  
1612 31.210000 -0.001805 -0.000778  
1613 31.220000 -0.001797 -0.000776  
1614 31.230000 -0.001789 -0.000773  
1615 31.240000 -0.001781 -0.000771  
1616 31.250000 -0.001774 -0.000769  
1617 31.260000 -0.001766 -0.000766  
1618 31.270000 -0.001758 -0.000764  
1619 31.280000 -0.001751 -0.000762  
1620 31.290000 -0.001743 -0.000759  
1621 31.300000 -0.001736 -0.000757  
1622 31.310000 -0.001728 -0.000755  
1623 31.320000 -0.001720 -0.000753  
1624 31.330000 -0.001713 -0.000750  
1625 31.340000 -0.001705 -0.000748  
1626 31.350000 -0.001698 -0.000746  
1627 31.360000 -0.001690 -0.000744  
1628 31.370000 -0.001683 -0.000742  
1629 31.380000 -0.001676 -0.000739  
1630 31.390000 -0.001668 -0.000737  
1631 31.400000 -0.001661 -0.000735  
1632 31.410000 -0.001654 -0.000733  
1633 31.420000 -0.001646 -0.000731  
1634 31.430000 -0.001639 -0.000728  
1635 31.440000 -0.001632 -0.000726  
1636 31.450000 -0.001624 -0.000724  
1637 31.460000 -0.001617 -0.000722  
1638 31.470000 -0.001610 -0.000720  
1639 31.480000 -0.001603 -0.000718  
1640 31.490000 -0.001596 -0.000716  
1641 31.500000 -0.001588 -0.000714  
1642 31.510000 -0.001581 -0.000711  
1643 31.520000 -0.001574 -0.000709  
1644 31.530000 -0.001567 -0.000707  
1645 31.540000 -0.001560 -0.000705  
1646 31.550000 -0.001553 -0.000703  
1647 31.560000 -0.001546 -0.000701  
1648 31.570000 -0.001539 -0.000699  
1649 31.580000 -0.001532 -0.000697  
1650 31.590000 -0.001525 -0.000695  
1651 31.600000 -0.001518 -0.000693  
1652 31.610000 -0.001511 -0.000691  
1653 31.620000 -0.001504 -0.000689  
1654 31.630000 -0.001497 -0.000687  
1655 31.640000 -0.001491 -0.000685  
1656 31.650000 -0.001484 -0.000683  
1657 31.660000 -0.001477 -0.000681  
1658 31.670000 -0.001470 -0.000679  
1659 31.680000 -0.001463 -0.000677  
1660 31.690000 -0.001457 -0.000675  
1661 31.700000 -0.001450 -0.000673  
1662 31.710000 -0.001443 -0.000671  
1663 31.720000 -0.001436 -0.000669  
1664 31.730000 -0.001430 -0.000667  
1665 31.740000 -0.001423 -0.000665  
1666 31.750000 -0.001416 -0.000663  
1667 31.760000 -0.001410 -0.000661  
1668 31.770000 -0.001403 -0.000659  
1669 31.780000 -0.001397 -0.000657  
1670 31.790000 -0.001390 -0.000655  
1671 31.800000 -0.001384 -0.000654  
1672 31.810000 -0.001377 -0.000652  
1673 31.820000 -0.001371 -0.000650  
1674 31.830000 -0.001364 -0.000648  
1675 31.840000 -0.001358 -0.000646  
1676 31.850000 -0.001351 -0.000644  
1677 31.860000 -0.001345 -0.000642  
1678 31.870000 -0.001338 -0.000640  
1679 31.880000 -0.001332 -0.000639  
1680 31.890000 -0.001326 -0.000637  
1681 31.900000 -0.001319 -0.000635  
1682 31.910000 -0.001313 -0.000633  
1683 31.920000 -0.001307 -0.000631  
1684 31.930000 -0.001300 -0.000629  
1685 31.940000 -0.001294 -0.000628  
1686 31.950000 -0.001288 -0.000626  
1687 31.960000 -0.001281 -0.000624  
1688 31.970000 -0.001275 -0.000622  
1689 31.980000 -0.001269 -0.000620  
1690 31.990000 -0.001263 -0.000619  
1691 32.000000 -0.001257 -0.000617  
1692 32.010000 -0.001250 -0.000615  
1693 32.020000 -0.001244 -0.000613  
1694 32.030000 -0.001238 -0.000611  
1695 32.040000 -0.001232 -0.000610  
1696 32.050000 -0.001226 -0.000608  
1697 32.060000 -0.001220 -0.000606  
1698 32.070000 -0.001214 -0.000604  
1699 32.080000 -0.001208 -0.000603  
1700 32.090000 -0.001202 -0.000601  
1701 32.100000 -0.001196 -0.000599  
1702 32.110000 -0.001190 -0.000598  
1703 32.120000 -0.001184 -0.000596  
1704 32.130000 -0.001178 -0.000594  
1705 32.140000 -0.001172 -0.000592  
1706 32.150000 -0.001166 -0.000591  
1707 32.160000 -0.001160 -0.000589  
1708 32.170000 -0.001154 -0.000587  
1709 32.180000 -0.001148 -0.000586  
1710 32.190000 -0.001143 -0.000584  
1711 32.200000 -0.001137 -0.000582  
1712 32.210000 -0.001131 -0.000581  
1713 32.220000 -0.001125 -0.000579  
1714 32.230000 -0.001119 -0.000577  
1715 32.240000 -0.001114 -0.000576  
1716 32.250000 -0.001108 -0.000574  
1717 32.260000 -0.001102 -0.000573  
1718 32.270000 -0.001096 -0.000571  
1719 32.280000 -0.001091 -0.000569  
1720 32.290000 -0.001085 -0.000568  
1721 32.300000 -0.001079 -0.000566  
1722 32.310000 -0.001074 -0.000564  
1723 32.320000 -0.001068 -0.000563  
1724 32.330000 -0.001062 -0.000561  
1725 32.340000 -0.001057 -0.000560  
1726 32.350000 -0.001051 -0.000558  
1727 32.360000 -0.001046 -0.000557  
1728 32.370000 -0.001040 -0.000555  
1729 32.380000 -0.001035 -0.000553  
1730 32.390000 -0.001029 -0.000552  
1731 32.400000 -0.001023 -0.000550  
1732 32.410000 -0.001018 -0.000549  
1733 32.420000 -0.001012 -0.000547  
1734 32.430000 -0.001007 -0.000546  
1735 32.440000 -0.001002 -0.000544  
1736 32.450000 -0.000996 -0.000543  
1737 32.460000 -0.000991 -0.000541  
1738 32.470000 -0.000985 -0.000540  
1739 32.480000 -0.000980 -0.000538  
1740 32.490000 -0.000975 -0.000537  
1741 32.500000 -0.000969 -0.000535  
1742 32.510000 -0.000964 -0.000534  
1743 32.520000 -0.000959 -0.000532  
1744 32.530000 -0.000953 -0.000531  
1745 32.540000 -0.000948 -0.000529  
1746 32.550000 -0.000943 -0.000528  
1747 32.560000 -0.000937 -0.000526  
1748 32.570000 -0.000932 -0.000525  
1749 32.580000 -0.000927 -0.000523  
1750 32.590000 -0.000922 -0.000522  
1751 32.600000 -0.000916 -0.000520  
1752 32.610000 -0.000911 -0.000519  
1753 32.620000 -0.000906 -0.000517  
1754 32.630000 -0.000901 -0.000516  
1755 32.640000 -0.000896 -0.000514  
1756 32.650000 -0.000891 -0.000513  
1757 32.660000 -0.000885 -0.000512  
1758 32.670000 -0.000880 -0.000510  
1759 32.680000 -0.000875 -0.000509  
1760 32.690000 -0.000870 -0.000507  
1761 32.700000 -0.000865 -0.000506  
1762 32.710000 -0.000860 -0.000505  
1763 32.720000 -0.000855 -0.000503  
1764 32.730000 -0.000850 -0.000502  
1765 32.740000 -0.000845 -0.000500  
1766 32.750000 -0.000840 -0.000499  
1767 32.760000 -0.000835 -0.000498  
1768 32.770000 -0.000830 -0.000496  
1769 32.780000 -0.000825 -0.000495  
1770 32.790000 -0.000820 -0.000493  
1771 32.800000 -0.000815 -0.000492  
1772 32.810000 -0.000810 -0.000491  
1773 32.820000 -0.000805 -0.000489  
1774 32.830000 -0.000801 -0.000488  
1775 32.840000 -0.000796 -0.000487  
1776 32.850000 -0.000791 -0.000485  
1777 32.860000 -0.000786 -0.000484  
1778 32.870000 -0.000781 -0.000483  
1779 32.880000 -0.000776 -0.000481  
1780 32.890000 -0.000772 -0.000480  
1781 32.900000 -0.000767 -0.000479  
1782 32.910000 -0.000762 -0.000477  
1783 32.920000 -0.000757 -0.000476  
1784 32.930000 -0.000752 -0.000475  
1785 32.940000 -0.000748 -0.000473  
1786 32.950000 -0.000743 -0.000472  
1787 32.960000 -0.000738 -0.000471  
1788 32.970000 -0.000734 -0.000470  
1789 32.980000 -0.000729 -0.000468  
1790 32.990000 -0.000724 -0.000467  
1791 33.000000 -0.000719 -0.000466  
1792 33.010000 -0.000715 -0.000464  
1793 33.020000 -0.000710 -0.000463  
1794 33.030000 -0.000706 -0.000462  
1795 33.040000 -0.000701 -0.000461  
1796 33.050000 -0.000696 -0.000459  
1797 33.060000 -0.000692 -0.000458  
1798 33.070000 -0.000687 -0.000457  
1799 33.080000 -0.000683 -0.000456  
1800 33.090000 -0.000678 -0.000454  
1801 33.100000 -0.000674 -0.000453  
1802 33.110000 -0.000669 -0.000452  
1803 33.120000 -0.000665 -0.000451  
1804 33.130000 -0.000660 -0.000449  
1805 33.140000 -0.000656 -0.000448  
1806 33.150000 -0.000651 -0.000447  
1807 33.160000 -0.000647 -0.000446  
1808 33.170000 -0.000642 -0.000445  
1809 33.180000 -0.000638 -0.000443  
1810 33.190000 -0.000633 -0.000442  
1811 33.200000 -0.000629 -0.000441  
1812 33.210000 -0.000624 -0.000440  
1813 33.220000 -0.000620 -0.000439  
1814 33.230000 -0.000616 -0.000437  
1815 33.240000 -0.000611 -0.000436  
1816 33.250000 -0.000607 -0.000435  
1817 33.260000 -0.000603 -0.000434  
1818 33.270000 -0.000598 -0.000433  
1819 33.280000 -0.000594 -0.000432  
1820 33.290000 -0.000590 -0.000430  
1821 33.300000 -0.000585 -0.000429  
1822 33.310000 -0.000581 -0.000428  
1823 33.320000 -0.000577 -0.000427  
1824 33.330000 -0.000573 -0.000426  
1825 33.340000 -0.000568 -0.000425  
1826 33.350000 -0.000564 -0.000423  
1827 33.360000 -0.000560 -0.000422  
1828 33.370000 -0.000556 -0.000421  
1829 33.380000 -0.000551 -0.000420  
1830 33.390000 -0.000547 -0.000419  
1831 33.400000 -0.000543 -0.000418  
1832 33.410000 -0.000539 -0.000417  
1833 33.420000 -0.000535 -0.000416  
1834 33.430000 -0.000531 -0.000414  
1835 33.440000 -0.000526 -0.000413  
1836 33.450000 -0.000522 -0.000412  
1837 33.460000 -0.000518 -0.000411  
1838 33.470000 -0.000514 -0.000410  
1839 33.480000 -0.000510 -0.000409  
1840 33.490000 -0.000506 -0.000408  
1841 33.500000 -0.000502 -0.000407  
1842 33.510000 -0.000498 -0.000406  
1843 33.520000 -0.000494 -0.000405  
1844 33.530000 -0.000490 -0.000403  
1845 33.540000 -0.000486 -0.000402  
1846 33.550000 -0.000482 -0.000401  
1847 33.560000 -0.000478 -0.000400  
1848 33.570000 -0.000474 -0.000399  
1849 33.580000 -0.000470 -0.000398  
1850 33.590000 -0.000466 -0.000397  
1851 33.600000 -0.000462 -0.000396  
1852 33.610000 -0.000458 -0.000395  
1853 33.620000 -0.000454 -0.000394  
1854 33.630000 -0.000450 -0.000393  
1855 33.640000 -0.000446 -0.000392  
1856 33.650000 -0.000442 -0.000391  
1857 33.660000 -0.000438 -0.000390  
1858 33.670000 -0.000434 -0.000389  
1859 33.680000 -0.000430 -0.000388  
1860 33.690000 -0.000426 -0.000387  
1861 33.700000 -0.000423 -0.000386  
1862 33.710000 -0.000419 -0.000385  
1863 33.720000 -0.000415 -0.000384  
1864 33.730000 -0.000411 -0.000383  
1865 33.740000 -0.000407 -0.000381  
1866 33.750000 -0.000403 -0.000380  
1867 33.760000 -0.000400 -0.000379  
1868 33.770000 -0.000396 -0.000378  
1869 33.780000 -0.000392 -0.000377  
1870 33.790000 -0.000388 -0.000376  
1871 33.800000 -0.000385 -0.000375  
1872 33.810000 -0.000381 -0.000374  
1873 33.820000 -0.000377 -0.000374  
1874 33.830000 -0.000373 -0.000373  
1875 33.840000 -0.000370 -0.000372  
1876 33.850000 -0.000366 -0.000371  
1877 33.860000 -0.000362 -0.000370  
1878 33.870000 -0.000358 -0.000369  
1879 33.880000 -0.000355 -0.000368  
1880 33.890000 -0.000351 -0.000367  
1881 33.900000 -0.000347 -0.000366  
1882 33.910000 -0.000344 -0.000365  
1883 33.920000 -0.000340 -0.000364  
1884 33.930000 -0.000337 -0.000363  
1885 33.940000 -0.000333 -0.000362  
1886 33.950000 -0.000329 -0.000361  
1887 33.960000 -0.000326 -0.000360  
1888 33.970000 -0.000322 -0.000359  
1889 33.980000 -0.000319 -0.000358  
1890 33.990000 -0.000315 -0.000357  
1891 34.000000 -0.000311 -0.000356  
1892 34.010000 -0.000308 -0.000355  
1893 34.020000 -0.000304 -0.000354  
1894 34.030000 -0.000301 -0.000353  
1895 34.040000 -0.000297 -0.000353  
1896 34.050000 -0.000294 -0.000352  
1897 34.060000 -0.000290 -0.000351  
1898 34.070000 -0.000287 -0.000350  
1899 34.080000 -0.000283 -0.000349  
1900 34.090000 -0.000280 -0.000348  
1901 34.100000 -0.000276 -0.000347  
1902 34.110000 -0.000273 -0.000346  
1903 34.120000 -0.000269 -0.000345  
1904 34.130000 -0.000266 -0.000344  
1905 34.140000 -0.000262 -0.000343  
1906 34.150000 -0.000259 -0.000343  
1907 34.160000 -0.000256 -0.000342  
1908 34.170000 -0.000252 -0.000341  
1909 34.180000 -0.000249 -0.000340  
1910 34.190000 -0.000245 -0.000339  
1911 34.200000 -0.000242 -0.000338  
1912 34.210000 -0.000239 -0.000337  
1913 34.220000 -0.000235 -0.000336  
1914 34.230000 -0.000232 -0.000336  
1915 34.240000 -0.000229 -0.000335  
1916 34.250000 -0.000225 -0.000334  
1917 34.260000 -0.000222 -0.000333  
1918 34.270000 -0.000219 -0.000332  
1919 34.280000 -0.000215 -0.000331  
1920 34.290000 -0.000212 -0.000330  
1921 34.300000 -0.000209 -0.000329  
1922 34.310000 -0.000205 -0.000329  
1923 34.320000 -0.000202 -0.000328  
1924 34.330000 -0.000199 -0.000327  
1925 34.340000 -0.000195 -0.000326  
1926 34.350000 -0.000192 -0.000325  
1927 34.360000 -0.000189 -0.000324  
1928 34.370000 -0.000186 -0.000324  
1929 34.380000 -0.000182 -0.000323  
1930 34.390000 -0.000179 -0.000322  
1931 34.400000 -0.000176 -0.000321  
1932 34.410000 -0.000173 -0.000320  
1933 34.420000 -0.000170 -0.000319  
1934 34.430000 -0.000166 -0.000319  
1935 34.440000 -0.000163 -0.000318  
1936 34.450000 -0.000160 -0.000317  
1937 34.460000 -0.000157 -0.000316  
1938 34.470000 -0.000154 -0.000315  
1939 34.480000 -0.000151 -0.000315  
1940 34.490000 -0.000147 -0.000314  
1941 34.500000 -0.000144 -0.000313  
1942 34.510000 -0.000141 -0.000312  
1943 34.520000 -0.000138 -0.000311  
1944 34.530000 -0.000135 -0.000311  
1945 34.540000 -0.000132 -0.000310  
1946 34.550000 -0.000129 -0.000309  
1947 34.560000 -0.000126 -0.000308  
1948 34.570000 -0.000123 -0.000307  
1949 34.580000 -0.000120 -0.000307  
1950 34.590000 -0.000117 -0.000306  
1951 34.600000 -0.000113 -0.000305  
1952 34.610000 -0.000110 -0.000304  
1953 34.620000 -0.000107 -0.000304  
1954 34.630000 -0.000104 -0.000303  
1955 34.640000 -0.000101 -0.000302  
1956 34.650000 -0.000098 -0.000301  
1957 34.660000 -0.000095 -0.000300  
1958 34.670000 -0.000092 -0.000300  
1959 34.680000 -0.000089 -0.000299  
1960 34.690000 -0.000086 -0.000298  
1961 34.700000 -0.000083 -0.000297  
1962 34.710000 -0.000080 -0.000297  
1963 34.720000 -0.000077 -0.000296  
1964 34.730000 -0.000074 -0.000295  
1965 34.740000 -0.000072 -0.000294  
1966 34.750000 -0.000069 -0.000294  
1967 34.760000 -0.000066 -0.000293  
1968 34.770000 -0.000063 -0.000292  
1969 34.780000 -0.000060 -0.000291  
1970 34.790000 -0.000057 -0.000291  
1971 34.800000 -0.000054 -0.000290  
1972 34.810000 -0.000051 -0.000289  
1973 34.820000 -0.000048 -0.000288  
1974 34.830000 -0.000045 -0.000288  
1975 34.840000 -0.000042 -0.000287  
1976 34.850000 -0.000040 -0.000286  
1977 34.860000 -0.000037 -0.000286  
1978 34.870000 -0.000034 -0.000285  
1979 34.880000 -0.000031 -0.000284  
1980 34.890000 -0.000028 -0.000283  
1981 34.900000 -0.000025 -0.000283  
1982 34.910000 -0.000023 -0.000282  
1983 34.920000 -0.000020 -0.000281  
1984 34.930000 -0.000017 -0.000281  
1985 34.940000 -0.000014 -0.000280  
1986 34.950000 -0.000011 -0.000279  
1987 34.960000 -0.000009 -0.000278  
1988 34.970000 -0.000006 -0.000278  
1989 34.980000 -0.000003 -0.000277  
1990 34.990000 -0.000000 -0.000276  
