1 15.100000 23411545883732.808594 2108784821976657.000000 
2 15.110000 9921382311327.175781 812488826230311.750000 
3 15.120000 4530556849779.508789 340129196174421.500000 
4 15.130000 2202770553333.489746 152663465772965.781250 
5 15.140000 1129754117231.039551 72711096494435.718750 
6 15.150000 606725054916.876831 36448613526559.289062 
7 15.160000 339164673328.741943 19103215363146.898438 
8 15.170000 196393695245.003235 10411898405521.527344 
9 15.180000 117325618746.448486 5874989082071.988281 
10 15.190000 72067713126.775421 3419079716484.450684 
11 15.200000 45386963087.133995 2045778181138.982910 
12 15.210000 29235165271.382576 1255101811077.582520 
13 15.220000 19220000016.782803 787696002277.908447 
14 15.230000 12873169170.430391 504685441114.227966 
15 15.240000 8770280807.527922 329534241317.678040 
16 15.250000 6069228012.362161 218940874158.805847 
17 15.260000 4261008895.484158 147811275572.830902 
18 15.270000 3031642029.180666 101278591688.034195 
19 15.280000 2183780188.169107 70354093738.336670 
20 15.290000 1591214809.764065 49499890589.981285 
21 15.300000 1171923525.862431 35244093314.931992 
22 15.310000 871796807.414378 25374457324.781475 
23 15.320000 654637453.914181 18459879826.920677 
24 15.330000 495913020.736403 13561394349.149120 
25 15.340000 378792362.445638 10054715895.716812 
26 15.350000 291594780.005425 7519585477.074427 
27 15.360000 226125996.809556 5669762212.064372 
28 15.370000 176578783.597658 4308124643.066638 
29 15.380000 138797895.929559 3297503922.360902 
30 15.390000 109783022.075882 2541506013.735648 
31 15.400000 87349071.574984 1971756866.589967 
32 15.410000 69891643.282979 1539327079.150108 
33 15.420000 56223550.979867 1208907054.256712 
34 15.430000 45459837.890144 954811710.462997 
35 15.440000 36936196.044375 758214598.634734 
36 15.450000 30150608.139071 605216166.841395 
37 15.460000 24721273.109220 485483226.822115 
38 15.470000 20356044.168350 391283011.427369 
39 15.480000 16830070.201788 316792111.919359 
40 15.490000 13969326.556448 257598440.798888 
41 15.500000 11638404.411518 210339782.237032 
42 15.510000 9731400.716203 172439704.828156 
43 15.520000 8165080.477381 141913365.286195 
44 15.530000 6873714.956486 117223822.058066 
45 15.540000 5805163.399521 97175089.103202 
46 15.550000 4917882.862582 80832080.497373 
47 15.560000 4178634.598465 67460354.885254 
48 15.570000 3560716.055352 56480522.718880 
49 15.580000 3042591.555482 47433572.311887 
50 15.590000 2606826.890630 39954370.213468 
51 15.600000 2239256.715278 33751312.813467 
52 15.610000 1928331.092334 28590629.827236 
53 15.620000 1664600.528735 24284222.676567 
54 15.630000 1440308.533186 20680201.455362 
55 15.640000 1249068.003934 17655491.272912 
56 15.650000 1085603.240720 15110032.361304 
57 15.660000 945543.531072 12962212.800439 
58 15.670000 825257.423538 11145258.426160 
59 15.680000 721719.217281 9604368.962071 
60 15.690000 632401.052203 8294438.131269 
61 15.700000 555185.412917 7178232.471146 
62 15.710000 488293.965547 6224931.743135 
63 15.720000 430229.504814 5408955.380880 
64 15.730000 379728.458121 4709015.973996 
65 15.740000 335721.916785 4107353.548006 
66 15.750000 297303.575485 3589114.278519 
67 15.760000 263703.284662 3141844.949359 
68 15.770000 234265.176356 2755080.443650 
69 15.780000 208429.526794 2420006.233023 
70 15.790000 185717.680246 2129181.499264 
71 15.800000 165719.487365 1876311.411025 
72 15.810000 148082.814114 1656059.358980 
73 15.820000 132504.759995 1463891.759361 
74 15.830000 118724.290727 1295949.470969 
75 15.840000 106516.044142 1148941.014236 
76 15.850000 95685.111453 1020053.694565 
77 15.860000 86062.631228 906879.464154 
78 15.870000 77502.061996 807352.944628 
79 15.880000 69876.022769 719699.506473 
80 15.890000 63073.609795 642391.683804 
81 15.900000 56998.113481 574112.512670 
82 15.910000 51565.072243 513724.632460 
83 15.920000 46700.610584 460244.194409 
84 15.930000 42340.017404 412818.787914 
85 15.940000 38426.527721 370708.731662 
86 15.950000 34910.276961 333271.188129 
87 15.960000 31747.401893 299946.651649 
88 15.970000 28899.266396 270247.435625 
89 15.980000 26331.793696 243747.846561 
90 15.990000 24014.889519 220075.783941 
91 16.000000 21921.943055 198905.547434 
92 16.010000 20029.394584 179951.668163 
93 16.020000 18316.360322 162963.610034 
94 16.030000 16764.306450 147721.211480 
95 16.040000 15356.765497 134030.758339 
96 16.050000 14079.089214 121721.595513 
97 16.060000 12918.232982 110643.199334 
98 16.070000 11862.567464 100662.644415 
99 16.080000 10901.713859 91662.408834 
100 16.090000 10026.399612 83538.469880 
101 16.100000 9228.331886 76198.649714 
102 16.110000 8500.086477 69561.176266 
103 16.120000 7835.010164 63553.429775 
104 16.130000 7227.134781 58110.849644 
105 16.140000 6671.101499 53175.979947 
106 16.150000 6162.094047 48697.634983 
107 16.160000 5695.779746 44630.168910 
108 16.170000 5268.257374 40932.835739 
109 16.180000 4876.011040 37569.227869 
110 16.190000 4515.869318 34506.782950 
111 16.200000 4184.969010 31716.350302 
112 16.210000 3880.722973 29171.809267 
113 16.220000 3600.791541 26849.732924 
114 16.230000 3343.057101 24729.091454 
115 16.240000 3105.601456 22790.990215 
116 16.250000 2886.685655 21018.438231 
117 16.260000 2684.732003 19396.143353 
118 16.270000 2498.307997 17910.330845 
119 16.280000 2326.111973 16548.582562 
120 16.290000 2166.960266 15299.694237 
121 16.300000 2019.775720 14153.548733 
122 16.310000 1883.577388 13101.003358 
123 16.320000 1757.471301 12133.789600 
124 16.330000 1640.642181 11244.423822 
125 16.340000 1532.345997 10426.127666 
126 16.350000 1431.903273 9672.757032 
127 16.360000 1338.693072 8978.738660 
128 16.370000 1252.147574 8339.013464 
129 16.380000 1171.747191 7748.985832 
130 16.390000 1097.016165 7204.478257 
131 16.400000 1027.518597 6701.690679 
132 16.410000 962.854850 6237.164040 
133 16.420000 902.658313 5807.747578 
134 16.430000 846.592465 5410.569453 
135 16.440000 794.348219 5043.010362 
136 16.450000 745.641519 4702.679793 
137 16.460000 700.211159 4387.394666 
138 16.470000 657.816809 4095.160092 
139 16.480000 618.237220 3824.152025 
140 16.490000 581.268592 3572.701624 
141 16.500000 546.723102 3339.281133 
142 16.510000 514.427548 3122.491125 
143 16.520000 484.222132 2921.048981 
144 16.530000 455.959340 2733.778461 
145 16.540000 429.502931 2559.600272 
146 16.550000 404.727006 2397.523521 
147 16.560000 381.515165 2246.637976 
148 16.570000 359.759738 2106.107040 
149 16.580000 339.361080 1975.161382 
150 16.590000 320.226925 1853.093155 
151 16.600000 302.271803 1739.250736 
152 16.610000 285.416497 1633.033953 
153 16.620000 269.587554 1533.889741 
154 16.630000 254.716831 1441.308181 
155 16.640000 240.741086 1354.818907 
156 16.650000 227.601596 1273.987818 
157 16.660000 215.243809 1198.414094 
158 16.670000 203.617027 1127.727458 
159 16.680000 192.674113 1061.585692 
160 16.690000 182.371221 999.672362 
161 16.700000 172.667549 941.694737 
162 16.710000 163.525113 887.381890 
163 16.720000 154.908534 836.482965 
164 16.730000 146.784850 788.765577 
165 16.740000 139.123337 744.014367 
166 16.750000 131.895343 702.029660 
167 16.760000 125.074141 662.626244 
168 16.770000 118.634788 625.632254 
169 16.780000 112.553997 590.888135 
170 16.790000 106.810021 558.245705 
171 16.800000 101.382538 527.567283 
172 16.810000 96.252556 498.724898 
173 16.820000 91.402317 471.599549 
174 16.830000 86.815211 446.080537 
175 16.840000 82.475696 422.064846 
176 16.850000 78.369224 399.456568 
177 16.860000 74.482172 378.166380 
178 16.870000 70.801780 358.111064 
179 16.880000 67.316093 339.213053 
180 16.890000 64.013903 321.400027 
181 16.900000 60.884702 304.604528 
182 16.910000 57.918631 288.763613 
183 16.920000 55.106444 273.818533 
184 16.930000 52.439458 259.714426 
185 16.940000 49.909523 246.400050 
186 16.950000 47.508984 233.827522 
187 16.960000 45.230649 221.952085 
188 16.970000 43.067759 210.731888 
189 16.980000 41.013958 200.127787 
190 16.990000 39.063272 190.103151 
191 17.000000 37.210078 180.623697 
192 17.010000 35.449088 171.657325 
193 17.020000 33.775322 163.173967 
194 17.030000 32.184092 155.145456 
195 17.040000 30.670985 147.545389 
196 17.050000 29.231839 140.349015 
197 17.060000 27.862736 133.533124 
198 17.070000 26.559981 127.075938 
199 17.080000 25.320090 120.957025 
200 17.090000 24.139777 115.157204 
201 17.100000 23.015942 109.658465 
202 17.110000 21.945661 104.443893 
203 17.120000 20.926170 99.497596 
204 17.130000 19.954864 94.804637 
205 17.140000 19.029280 90.350976 
206 17.150000 18.147091 86.123410 
207 17.160000 17.306100 82.109522 
208 17.170000 16.504228 78.297625 
209 17.180000 15.739511 74.676725 
210 17.190000 15.010091 71.236468 
211 17.200000 14.314212 67.967108 
212 17.210000 13.650210 64.859461 
213 17.220000 13.016512 61.904878 
214 17.230000 12.411629 59.095205 
215 17.240000 11.834151 56.422758 
216 17.250000 11.282741 53.880291 
217 17.260000 10.756135 51.460968 
218 17.270000 10.253133 49.158341 
219 17.280000 9.772599 46.966328 
220 17.290000 9.313457 44.879185 
221 17.300000 8.874684 42.891489 
222 17.310000 8.455312 40.998122 
223 17.320000 8.054423 39.194246 
224 17.330000 7.671144 37.475291 
225 17.340000 7.304649 35.836941 
226 17.350000 6.954151 34.275111 
227 17.360000 6.618904 32.785944 
228 17.370000 6.298202 31.365789 
229 17.380000 5.991370 30.011193 
230 17.390000 5.697770 28.718889 
231 17.400000 5.416795 27.485786 
232 17.410000 5.147867 26.308957 
233 17.420000 4.890437 25.185632 
234 17.430000 4.643985 24.113186 
235 17.440000 4.408012 23.089134 
236 17.450000 4.182049 22.111121 
237 17.460000 3.965644 21.176915 
238 17.470000 3.758371 20.284402 
239 17.480000 3.559824 19.431575 
240 17.490000 3.369614 18.616534 
241 17.500000 3.187373 17.837475 
242 17.510000 3.012750 17.092686 
243 17.520000 2.845411 16.380545 
244 17.530000 2.685036 15.699510 
245 17.540000 2.531322 15.048120 
246 17.550000 2.383979 14.424985 
247 17.560000 2.242732 13.828788 
248 17.570000 2.107318 13.258275 
249 17.580000 1.977485 12.712257 
250 17.590000 1.852995 12.189603 
251 17.600000 1.733619 11.689239 
252 17.610000 1.619139 11.210144 
253 17.620000 1.509348 10.751347 
254 17.630000 1.404047 10.311924 
255 17.640000 1.303048 9.890997 
256 17.650000 1.206169 9.487730 
257 17.660000 1.113237 9.101330 
258 17.670000 1.024088 8.731039 
259 17.680000 0.938565 8.376138 
260 17.690000 0.856517 8.035941 
261 17.700000 0.777799 7.709796 
262 17.710000 0.702276 7.397081 
263 17.720000 0.629815 7.097204 
264 17.730000 0.560291 6.809602 
265 17.740000 0.493584 6.533737 
266 17.750000 0.429579 6.269096 
267 17.760000 0.368166 6.015193 
268 17.770000 0.309241 5.771562 
269 17.780000 0.252702 5.537759 
270 17.790000 0.198454 5.313361 
271 17.800000 0.146405 5.097965 
272 17.810000 0.096466 4.891185 
273 17.820000 0.048554 4.692655 
274 17.830000 0.002587 4.502024 
275 17.840000 -0.041512 4.318957 
276 17.850000 -0.083817 4.143136 
277 17.860000 -0.124398 3.974255 
278 17.870000 -0.163324 3.812024 
279 17.880000 -0.200660 3.656164 
280 17.890000 -0.236467 3.506410 
281 17.900000 -0.270807 3.362508 
282 17.910000 -0.303736 3.224216 
283 17.920000 -0.335310 3.091302 
284 17.930000 -0.365580 2.963546 
285 17.940000 -0.394597 2.840734 
286 17.950000 -0.422410 2.722666 
287 17.960000 -0.449065 2.609147 
288 17.970000 -0.474608 2.499993 
289 17.980000 -0.499079 2.395027 
290 17.990000 -0.522521 2.294079 
291 18.000000 -0.544974 2.196988 
292 18.010000 -0.566474 2.103598 
293 18.020000 -0.587057 2.013761 
294 18.030000 -0.606760 1.927336 
295 18.040000 -0.625615 1.844187 
296 18.050000 -0.643654 1.764183 
297 18.060000 -0.660909 1.687200 
298 18.070000 -0.677408 1.613118 
299 18.080000 -0.693180 1.541824 
300 18.090000 -0.708253 1.473208 
301 18.100000 -0.722653 1.407165 
302 18.110000 -0.736405 1.343594 
303 18.120000 -0.749533 1.282400 
304 18.130000 -0.762061 1.223489 
305 18.140000 -0.774010 1.166775 
306 18.150000 -0.785403 1.112171 
307 18.160000 -0.796260 1.059596 
308 18.170000 -0.806602 1.008973 
309 18.180000 -0.816446 0.960227 
310 18.190000 -0.825812 0.913286 
311 18.200000 -0.834718 0.868081 
312 18.210000 -0.843179 0.824546 
313 18.220000 -0.851214 0.782618 
314 18.230000 -0.858837 0.742236 
315 18.240000 -0.866063 0.703342 
316 18.250000 -0.872908 0.665879 
317 18.260000 -0.879386 0.629795 
318 18.270000 -0.885509 0.595036 
319 18.280000 -0.891291 0.561555 
320 18.290000 -0.896744 0.529303 
321 18.300000 -0.901881 0.498234 
322 18.310000 -0.906712 0.468305 
323 18.320000 -0.911250 0.439473 
324 18.330000 -0.915505 0.411698 
325 18.340000 -0.919488 0.384942 
326 18.350000 -0.923207 0.359165 
327 18.360000 -0.926674 0.334334 
328 18.370000 -0.929897 0.310412 
329 18.380000 -0.932885 0.287367 
330 18.390000 -0.935647 0.265167 
331 18.400000 -0.938191 0.243782 
332 18.410000 -0.940526 0.223180 
333 18.420000 -0.942658 0.203335 
334 18.430000 -0.944595 0.184219 
335 18.440000 -0.946344 0.165806 
336 18.450000 -0.947913 0.148070 
337 18.460000 -0.949308 0.130987 
338 18.470000 -0.950535 0.114533 
339 18.480000 -0.951601 0.098687 
340 18.490000 -0.952511 0.083426 
341 18.500000 -0.953271 0.068729 
342 18.510000 -0.953887 0.054577 
343 18.520000 -0.954364 0.040951 
344 18.530000 -0.954708 0.027831 
345 18.540000 -0.954922 0.015199 
346 18.550000 -0.955013 0.003039 
347 18.560000 -0.954985 -0.008666 
348 18.570000 -0.954841 -0.019933 
349 18.580000 -0.954588 -0.030776 
350 18.590000 -0.954227 -0.041211 
351 18.600000 -0.953765 -0.051251 
352 18.610000 -0.953204 -0.060911 
353 18.620000 -0.952548 -0.070204 
354 18.630000 -0.951801 -0.079143 
355 18.640000 -0.950966 -0.087739 
356 18.650000 -0.950047 -0.096006 
357 18.660000 -0.949047 -0.103953 
358 18.670000 -0.947969 -0.111594 
359 18.680000 -0.946816 -0.118937 
360 18.690000 -0.945591 -0.125993 
361 18.700000 -0.944297 -0.132772 
362 18.710000 -0.942937 -0.139285 
363 18.720000 -0.941512 -0.145539 
364 18.730000 -0.940027 -0.151544 
365 18.740000 -0.938482 -0.157308 
366 18.750000 -0.936881 -0.162840 
367 18.760000 -0.935226 -0.168148 
368 18.770000 -0.933519 -0.173239 
369 18.780000 -0.931762 -0.178120 
370 18.790000 -0.929957 -0.182800 
371 18.800000 -0.928107 -0.187284 
372 18.810000 -0.926212 -0.191580 
373 18.820000 -0.924276 -0.195693 
374 18.830000 -0.922299 -0.199631 
375 18.840000 -0.920284 -0.203398 
376 18.850000 -0.918231 -0.207002 
377 18.860000 -0.916144 -0.210447 
378 18.870000 -0.914023 -0.213739 
379 18.880000 -0.911870 -0.216882 
380 18.890000 -0.909686 -0.219883 
381 18.900000 -0.907473 -0.222746 
382 18.910000 -0.905231 -0.225475 
383 18.920000 -0.902964 -0.228076 
384 18.930000 -0.900670 -0.230552 
385 18.940000 -0.898353 -0.232908 
386 18.950000 -0.896013 -0.235147 
387 18.960000 -0.893650 -0.237275 
388 18.970000 -0.891267 -0.239294 
389 18.980000 -0.888865 -0.241208 
390 18.990000 -0.886444 -0.243021 
391 19.000000 -0.884005 -0.244736 
392 19.010000 -0.881549 -0.246357 
393 19.020000 -0.879078 -0.247887 
394 19.030000 -0.876592 -0.249328 
395 19.040000 -0.874092 -0.250685 
396 19.050000 -0.871578 -0.251959 
397 19.060000 -0.869053 -0.253154 
398 19.070000 -0.866515 -0.254272 
399 19.080000 -0.863967 -0.255316 
400 19.090000 -0.861409 -0.256288 
401 19.100000 -0.858842 -0.257191 
402 19.110000 -0.856266 -0.258028 
403 19.120000 -0.853682 -0.258800 
404 19.130000 -0.851090 -0.259509 
405 19.140000 -0.848492 -0.260159 
406 19.150000 -0.845887 -0.260751 
407 19.160000 -0.843277 -0.261286 
408 19.170000 -0.840661 -0.261768 
409 19.180000 -0.838042 -0.262197 
410 19.190000 -0.835418 -0.262575 
411 19.200000 -0.832790 -0.262905 
412 19.210000 -0.830160 -0.263189 
413 19.220000 -0.827527 -0.263426 
414 19.230000 -0.824891 -0.263620 
415 19.240000 -0.822254 -0.263772 
416 19.250000 -0.819616 -0.263883 
417 19.260000 -0.816977 -0.263954 
418 19.270000 -0.814337 -0.263988 
419 19.280000 -0.811697 -0.263985 
420 19.290000 -0.809058 -0.263947 
421 19.300000 -0.806418 -0.263875 
422 19.310000 -0.803780 -0.263770 
423 19.320000 -0.801143 -0.263633 
424 19.330000 -0.798508 -0.263466 
425 19.340000 -0.795874 -0.263270 
426 19.350000 -0.793242 -0.263045 
427 19.360000 -0.790613 -0.262793 
428 19.370000 -0.787987 -0.262514 
429 19.380000 -0.785363 -0.262211 
430 19.390000 -0.782742 -0.261883 
431 19.400000 -0.780125 -0.261531 
432 19.410000 -0.777512 -0.261157 
433 19.420000 -0.774902 -0.260761 
434 19.430000 -0.772297 -0.260344 
435 19.440000 -0.769695 -0.259907 
436 19.450000 -0.767099 -0.259451 
437 19.460000 -0.764506 -0.258976 
438 19.470000 -0.761919 -0.258483 
439 19.480000 -0.759337 -0.257973 
440 19.490000 -0.756760 -0.257447 
441 19.500000 -0.754188 -0.256905 
442 19.510000 -0.751622 -0.256347 
443 19.520000 -0.749061 -0.255775 
444 19.530000 -0.746506 -0.255189 
445 19.540000 -0.743957 -0.254589 
446 19.550000 -0.741414 -0.253977 
447 19.560000 -0.738878 -0.253352 
448 19.570000 -0.736348 -0.252715 
449 19.580000 -0.733824 -0.252067 
450 19.590000 -0.731306 -0.251408 
451 19.600000 -0.728795 -0.250739 
452 19.610000 -0.726291 -0.250060 
453 19.620000 -0.723794 -0.249371 
454 19.630000 -0.721304 -0.248674 
455 19.640000 -0.718821 -0.247968 
456 19.650000 -0.716345 -0.247253 
457 19.660000 -0.713876 -0.246531 
458 19.670000 -0.711414 -0.245802 
459 19.680000 -0.708960 -0.245065 
460 19.690000 -0.706513 -0.244322 
461 19.700000 -0.704073 -0.243572 
462 19.710000 -0.701641 -0.242816 
463 19.720000 -0.699217 -0.242054 
464 19.730000 -0.696800 -0.241288 
465 19.740000 -0.694391 -0.240515 
466 19.750000 -0.691990 -0.239739 
467 19.760000 -0.689597 -0.238957 
468 19.770000 -0.687211 -0.238171 
469 19.780000 -0.684833 -0.237382 
470 19.790000 -0.682463 -0.236588 
471 19.800000 -0.680101 -0.235791 
472 19.810000 -0.677747 -0.234991 
473 19.820000 -0.675402 -0.234188 
474 19.830000 -0.673064 -0.233382 
475 19.840000 -0.670734 -0.232573 
476 19.850000 -0.668412 -0.231762 
477 19.860000 -0.666099 -0.230949 
478 19.870000 -0.663793 -0.230133 
479 19.880000 -0.661496 -0.229316 
480 19.890000 -0.659207 -0.228498 
481 19.900000 -0.656926 -0.227677 
482 19.910000 -0.654653 -0.226856 
483 19.920000 -0.652389 -0.226034 
484 19.930000 -0.650133 -0.225210 
485 19.940000 -0.647885 -0.224386 
486 19.950000 -0.645645 -0.223561 
487 19.960000 -0.643414 -0.222735 
488 19.970000 -0.641190 -0.221910 
489 19.980000 -0.638975 -0.221084 
490 19.990000 -0.636769 -0.220257 
491 20.000000 -0.634570 -0.219431 
492 20.010000 -0.632380 -0.218605 
493 20.020000 -0.630198 -0.217780 
494 20.030000 -0.628024 -0.216954 
495 20.040000 -0.625859 -0.216129 
496 20.050000 -0.623702 -0.215305 
497 20.060000 -0.621553 -0.214481 
498 20.070000 -0.619412 -0.213659 
499 20.080000 -0.617280 -0.212837 
500 20.090000 -0.615156 -0.212016 
501 20.100000 -0.613039 -0.211196 
502 20.110000 -0.610932 -0.210377 
503 20.120000 -0.608832 -0.209560 
504 20.130000 -0.606740 -0.208743 
505 20.140000 -0.604657 -0.207929 
506 20.150000 -0.602582 -0.207115 
507 20.160000 -0.600515 -0.206303 
508 20.170000 -0.598456 -0.205493 
509 20.180000 -0.596405 -0.204684 
510 20.190000 -0.594362 -0.203877 
511 20.200000 -0.592327 -0.203072 
512 20.210000 -0.590301 -0.202269 
513 20.220000 -0.588282 -0.201467 
514 20.230000 -0.586271 -0.200668 
515 20.240000 -0.584269 -0.199871 
516 20.250000 -0.582274 -0.199075 
517 20.260000 -0.580287 -0.198282 
518 20.270000 -0.578308 -0.197490 
519 20.280000 -0.576337 -0.196701 
520 20.290000 -0.574374 -0.195915 
521 20.300000 -0.572419 -0.195130 
522 20.310000 -0.570472 -0.194348 
523 20.320000 -0.568532 -0.193568 
524 20.330000 -0.566600 -0.192790 
525 20.340000 -0.564676 -0.192015 
526 20.350000 -0.562760 -0.191242 
527 20.360000 -0.560851 -0.190472 
528 20.370000 -0.558950 -0.189704 
529 20.380000 -0.557057 -0.188939 
530 20.390000 -0.555172 -0.188176 
531 20.400000 -0.553294 -0.187416 
532 20.410000 -0.551423 -0.186659 
533 20.420000 -0.549560 -0.185904 
534 20.430000 -0.547705 -0.185152 
535 20.440000 -0.545857 -0.184402 
536 20.450000 -0.544017 -0.183655 
537 20.460000 -0.542184 -0.182911 
538 20.470000 -0.540359 -0.182169 
539 20.480000 -0.538541 -0.181430 
540 20.490000 -0.536730 -0.180694 
541 20.500000 -0.534927 -0.179961 
542 20.510000 -0.533131 -0.179231 
543 20.520000 -0.531342 -0.178503 
544 20.530000 -0.529561 -0.177778 
545 20.540000 -0.527787 -0.177056 
546 20.550000 -0.526020 -0.176337 
547 20.560000 -0.524260 -0.175620 
548 20.570000 -0.522507 -0.174906 
549 20.580000 -0.520762 -0.174196 
550 20.590000 -0.519024 -0.173488 
551 20.600000 -0.517292 -0.172783 
552 20.610000 -0.515568 -0.172080 
553 20.620000 -0.513851 -0.171381 
554 20.630000 -0.512140 -0.170684 
555 20.640000 -0.510437 -0.169991 
556 20.650000 -0.508740 -0.169300 
557 20.660000 -0.507051 -0.168612 
558 20.670000 -0.505368 -0.167927 
559 20.680000 -0.503692 -0.167245 
560 20.690000 -0.502023 -0.166566 
561 20.700000 -0.500361 -0.165890 
562 20.710000 -0.498705 -0.165216 
563 20.720000 -0.497057 -0.164546 
564 20.730000 -0.495415 -0.163878 
565 20.740000 -0.493779 -0.163213 
566 20.750000 -0.492150 -0.162551 
567 20.760000 -0.490528 -0.161892 
568 20.770000 -0.488912 -0.161236 
569 20.780000 -0.487303 -0.160583 
570 20.790000 -0.485701 -0.159932 
571 20.800000 -0.484105 -0.159285 
572 20.810000 -0.482515 -0.158640 
573 20.820000 -0.480932 -0.157998 
574 20.830000 -0.479355 -0.157359 
575 20.840000 -0.477785 -0.156723 
576 20.850000 -0.476221 -0.156090 
577 20.860000 -0.474663 -0.155459 
578 20.870000 -0.473111 -0.154832 
579 20.880000 -0.471566 -0.154207 
580 20.890000 -0.470027 -0.153585 
581 20.900000 -0.468495 -0.152966 
582 20.910000 -0.466968 -0.152349 
583 20.920000 -0.465448 -0.151736 
584 20.930000 -0.463933 -0.151125 
585 20.940000 -0.462425 -0.150517 
586 20.950000 -0.460923 -0.149912 
587 20.960000 -0.459427 -0.149309 
588 20.970000 -0.457937 -0.148710 
589 20.980000 -0.456453 -0.148113 
590 20.990000 -0.454974 -0.147519 
591 21.000000 -0.453502 -0.146927 
592 21.010000 -0.452036 -0.146339 
593 21.020000 -0.450575 -0.145753 
594 21.030000 -0.449121 -0.145169 
595 21.040000 -0.447672 -0.144589 
596 21.050000 -0.446229 -0.144011 
597 21.060000 -0.444792 -0.143436 
598 21.070000 -0.443360 -0.142863 
599 21.080000 -0.441935 -0.142294 
600 21.090000 -0.440514 -0.141726 
601 21.100000 -0.439100 -0.141162 
602 21.110000 -0.437691 -0.140600 
603 21.120000 -0.436288 -0.140041 
604 21.130000 -0.434890 -0.139484 
605 21.140000 -0.433498 -0.138930 
606 21.150000 -0.432112 -0.138379 
607 21.160000 -0.430731 -0.137830 
608 21.170000 -0.429355 -0.137284 
609 21.180000 -0.427985 -0.136740 
610 21.190000 -0.426620 -0.136199 
611 21.200000 -0.425261 -0.135660 
612 21.210000 -0.423907 -0.135124 
613 21.220000 -0.422559 -0.134591 
614 21.230000 -0.421215 -0.134060 
615 21.240000 -0.419877 -0.133531 
616 21.250000 -0.418545 -0.133005 
617 21.260000 -0.417217 -0.132482 
618 21.270000 -0.415895 -0.131961 
619 21.280000 -0.414578 -0.131442 
620 21.290000 -0.413266 -0.130926 
621 21.300000 -0.411959 -0.130412 
622 21.310000 -0.410658 -0.129901 
623 21.320000 -0.409361 -0.129392 
624 21.330000 -0.408070 -0.128886 
625 21.340000 -0.406784 -0.128382 
626 21.350000 -0.405502 -0.127880 
627 21.360000 -0.404226 -0.127381 
628 21.370000 -0.402955 -0.126884 
629 21.380000 -0.401688 -0.126390 
630 21.390000 -0.400427 -0.125898 
631 21.400000 -0.399170 -0.125408 
632 21.410000 -0.397919 -0.124920 
633 21.420000 -0.396672 -0.124435 
634 21.430000 -0.395430 -0.123952 
635 21.440000 -0.394193 -0.123472 
636 21.450000 -0.392961 -0.122993 
637 21.460000 -0.391733 -0.122517 
638 21.470000 -0.390510 -0.122043 
639 21.480000 -0.389292 -0.121572 
640 21.490000 -0.388079 -0.121102 
641 21.500000 -0.386870 -0.120635 
642 21.510000 -0.385666 -0.120171 
643 21.520000 -0.384467 -0.119708 
644 21.530000 -0.383272 -0.119247 
645 21.540000 -0.382082 -0.118789 
646 21.550000 -0.380896 -0.118333 
647 21.560000 -0.379715 -0.117879 
648 21.570000 -0.378539 -0.117427 
649 21.580000 -0.377367 -0.116977 
650 21.590000 -0.376199 -0.116530 
651 21.600000 -0.375036 -0.116084 
652 21.610000 -0.373877 -0.115641 
653 21.620000 -0.372723 -0.115200 
654 21.630000 -0.371573 -0.114761 
655 21.640000 -0.370428 -0.114324 
656 21.650000 -0.369287 -0.113889 
657 21.660000 -0.368150 -0.113456 
658 21.670000 -0.367018 -0.113025 
659 21.680000 -0.365890 -0.112596 
660 21.690000 -0.364766 -0.112169 
661 21.700000 -0.363646 -0.111744 
662 21.710000 -0.362531 -0.111322 
663 21.720000 -0.361420 -0.110901 
664 21.730000 -0.360313 -0.110482 
665 21.740000 -0.359210 -0.110065 
666 21.750000 -0.358112 -0.109650 
667 21.760000 -0.357017 -0.109237 
668 21.770000 -0.355927 -0.108826 
669 21.780000 -0.354841 -0.108417 
670 21.790000 -0.353759 -0.108010 
671 21.800000 -0.352680 -0.107605 
672 21.810000 -0.351606 -0.107201 
673 21.820000 -0.350536 -0.106800 
674 21.830000 -0.349470 -0.106400 
675 21.840000 -0.348408 -0.106002 
676 21.850000 -0.347350 -0.105607 
677 21.860000 -0.346296 -0.105213 
678 21.870000 -0.345246 -0.104820 
679 21.880000 -0.344200 -0.104430 
680 21.890000 -0.343157 -0.104042 
681 21.900000 -0.342119 -0.103655 
682 21.910000 -0.341084 -0.103270 
683 21.920000 -0.340054 -0.102887 
684 21.930000 -0.339027 -0.102506 
685 21.940000 -0.338003 -0.102126 
686 21.950000 -0.336984 -0.101749 
687 21.960000 -0.335968 -0.101373 
688 21.970000 -0.334957 -0.100998 
689 21.980000 -0.333949 -0.100626 
690 21.990000 -0.332944 -0.100255 
691 22.000000 -0.331943 -0.099886 
692 22.010000 -0.330946 -0.099519 
693 22.020000 -0.329953 -0.099153 
694 22.030000 -0.328963 -0.098789 
695 22.040000 -0.327977 -0.098427 
696 22.050000 -0.326995 -0.098066 
697 22.060000 -0.326016 -0.097707 
698 22.070000 -0.325041 -0.097350 
699 22.080000 -0.324069 -0.096995 
700 22.090000 -0.323101 -0.096641 
701 22.100000 -0.322136 -0.096288 
702 22.110000 -0.321175 -0.095938 
703 22.120000 -0.320217 -0.095588 
704 22.130000 -0.319263 -0.095241 
705 22.140000 -0.318313 -0.094895 
706 22.150000 -0.317365 -0.094551 
707 22.160000 -0.316421 -0.094208 
708 22.170000 -0.315481 -0.093867 
709 22.180000 -0.314544 -0.093527 
710 22.190000 -0.313611 -0.093189 
711 22.200000 -0.312680 -0.092853 
712 22.210000 -0.311754 -0.092518 
713 22.220000 -0.310830 -0.092184 
714 22.230000 -0.309910 -0.091853 
715 22.240000 -0.308993 -0.091522 
716 22.250000 -0.308079 -0.091193 
717 22.260000 -0.307169 -0.090866 
718 22.270000 -0.306262 -0.090540 
719 22.280000 -0.305358 -0.090216 
720 22.290000 -0.304458 -0.089893 
721 22.300000 -0.303560 -0.089571 
722 22.310000 -0.302666 -0.089251 
723 22.320000 -0.301775 -0.088933 
724 22.330000 -0.300888 -0.088616 
725 22.340000 -0.300003 -0.088300 
726 22.350000 -0.299122 -0.087986 
727 22.360000 -0.298243 -0.087673 
728 22.370000 -0.297368 -0.087361 
729 22.380000 -0.296496 -0.087051 
730 22.390000 -0.295627 -0.086743 
731 22.400000 -0.294761 -0.086436 
732 22.410000 -0.293898 -0.086130 
733 22.420000 -0.293039 -0.085825 
734 22.430000 -0.292182 -0.085522 
735 22.440000 -0.291328 -0.085221 
736 22.450000 -0.290477 -0.084920 
737 22.460000 -0.289630 -0.084621 
738 22.470000 -0.288785 -0.084323 
739 22.480000 -0.287943 -0.084027 
740 22.490000 -0.287105 -0.083732 
741 22.500000 -0.286269 -0.083438 
742 22.510000 -0.285436 -0.083146 
743 22.520000 -0.284606 -0.082855 
744 22.530000 -0.283779 -0.082565 
745 22.540000 -0.282954 -0.082277 
746 22.550000 -0.282133 -0.081989 
747 22.560000 -0.281315 -0.081703 
748 22.570000 -0.280499 -0.081419 
749 22.580000 -0.279686 -0.081135 
750 22.590000 -0.278876 -0.080853 
751 22.600000 -0.278069 -0.080572 
752 22.610000 -0.277265 -0.080293 
753 22.620000 -0.276463 -0.080014 
754 22.630000 -0.275665 -0.079737 
755 22.640000 -0.274869 -0.079461 
756 22.650000 -0.274075 -0.079186 
757 22.660000 -0.273285 -0.078913 
758 22.670000 -0.272497 -0.078640 
759 22.680000 -0.271712 -0.078369 
760 22.690000 -0.270930 -0.078099 
761 22.700000 -0.270150 -0.077830 
762 22.710000 -0.269373 -0.077563 
763 22.720000 -0.268599 -0.077296 
764 22.730000 -0.267827 -0.077031 
765 22.740000 -0.267058 -0.076767 
766 22.750000 -0.266292 -0.076504 
767 22.760000 -0.265528 -0.076242 
768 22.770000 -0.264767 -0.075982 
769 22.780000 -0.264008 -0.075722 
770 22.790000 -0.263253 -0.075464 
771 22.800000 -0.262499 -0.075207 
772 22.810000 -0.261748 -0.074950 
773 22.820000 -0.261000 -0.074695 
774 22.830000 -0.260254 -0.074442 
775 22.840000 -0.259511 -0.074189 
776 22.850000 -0.258771 -0.073937 
777 22.860000 -0.258033 -0.073686 
778 22.870000 -0.257297 -0.073437 
779 22.880000 -0.256564 -0.073188 
780 22.890000 -0.255833 -0.072941 
781 22.900000 -0.255105 -0.072695 
782 22.910000 -0.254379 -0.072449 
783 22.920000 -0.253656 -0.072205 
784 22.930000 -0.252935 -0.071962 
785 22.940000 -0.252217 -0.071720 
786 22.950000 -0.251501 -0.071479 
787 22.960000 -0.250787 -0.071239 
788 22.970000 -0.250076 -0.071000 
789 22.980000 -0.249367 -0.070762 
790 22.990000 -0.248661 -0.070525 
791 23.000000 -0.247957 -0.070289 
792 23.010000 -0.247255 -0.070054 
793 23.020000 -0.246556 -0.069820 
794 23.030000 -0.245859 -0.069587 
795 23.040000 -0.245164 -0.069355 
796 23.050000 -0.244471 -0.069124 
797 23.060000 -0.243781 -0.068894 
798 23.070000 -0.243094 -0.068665 
799 23.080000 -0.242408 -0.068437 
800 23.090000 -0.241725 -0.068210 
801 23.100000 -0.241044 -0.067984 
802 23.110000 -0.240365 -0.067759 
803 23.120000 -0.239689 -0.067535 
804 23.130000 -0.239014 -0.067311 
805 23.140000 -0.238342 -0.067089 
806 23.150000 -0.237673 -0.066868 
807 23.160000 -0.237005 -0.066647 
808 23.170000 -0.236340 -0.066428 
809 23.180000 -0.235677 -0.066209 
810 23.190000 -0.235016 -0.065992 
811 23.200000 -0.234357 -0.065775 
812 23.210000 -0.233700 -0.065559 
813 23.220000 -0.233046 -0.065344 
814 23.230000 -0.232393 -0.065130 
815 23.240000 -0.231743 -0.064917 
816 23.250000 -0.231095 -0.064705 
817 23.260000 -0.230449 -0.064493 
818 23.270000 -0.229805 -0.064283 
819 23.280000 -0.229163 -0.064073 
820 23.290000 -0.228523 -0.063864 
821 23.300000 -0.227886 -0.063656 
822 23.310000 -0.227250 -0.063449 
823 23.320000 -0.226617 -0.063243 
824 23.330000 -0.225985 -0.063038 
825 23.340000 -0.225356 -0.062834 
826 23.350000 -0.224729 -0.062630 
827 23.360000 -0.224104 -0.062427 
828 23.370000 -0.223480 -0.062225 
829 23.380000 -0.222859 -0.062024 
830 23.390000 -0.222240 -0.061824 
831 23.400000 -0.221623 -0.061625 
832 23.410000 -0.221007 -0.061426 
833 23.420000 -0.220394 -0.061228 
834 23.430000 -0.219783 -0.061031 
835 23.440000 -0.219173 -0.060835 
836 23.450000 -0.218566 -0.060640 
837 23.460000 -0.217961 -0.060445 
838 23.470000 -0.217357 -0.060251 
839 23.480000 -0.216756 -0.060059 
840 23.490000 -0.216156 -0.059866 
841 23.500000 -0.215558 -0.059675 
842 23.510000 -0.214962 -0.059484 
843 23.520000 -0.214369 -0.059295 
844 23.530000 -0.213777 -0.059105 
845 23.540000 -0.213186 -0.058917 
846 23.550000 -0.212598 -0.058730 
847 23.560000 -0.212012 -0.058543 
848 23.570000 -0.211427 -0.058357 
849 23.580000 -0.210845 -0.058172 
850 23.590000 -0.210264 -0.057987 
851 23.600000 -0.209685 -0.057803 
852 23.610000 -0.209108 -0.057620 
853 23.620000 -0.208533 -0.057438 
854 23.630000 -0.207959 -0.057257 
855 23.640000 -0.207387 -0.057076 
856 23.650000 -0.206818 -0.056896 
857 23.660000 -0.206249 -0.056716 
858 23.670000 -0.205683 -0.056538 
859 23.680000 -0.205119 -0.056360 
860 23.690000 -0.204556 -0.056183 
861 23.700000 -0.203995 -0.056006 
862 23.710000 -0.203436 -0.055831 
863 23.720000 -0.202878 -0.055655 
864 23.730000 -0.202323 -0.055481 
865 23.740000 -0.201769 -0.055307 
866 23.750000 -0.201217 -0.055134 
867 23.760000 -0.200666 -0.054962 
868 23.770000 -0.200117 -0.054791 
869 23.780000 -0.199570 -0.054620 
870 23.790000 -0.199025 -0.054449 
871 23.800000 -0.198481 -0.054280 
872 23.810000 -0.197939 -0.054111 
873 23.820000 -0.197399 -0.053943 
874 23.830000 -0.196861 -0.053775 
875 23.840000 -0.196324 -0.053608 
876 23.850000 -0.195788 -0.053442 
877 23.860000 -0.195255 -0.053277 
878 23.870000 -0.194723 -0.053112 
879 23.880000 -0.194193 -0.052947 
880 23.890000 -0.193664 -0.052784 
881 23.900000 -0.193137 -0.052621 
882 23.910000 -0.192611 -0.052459 
883 23.920000 -0.192088 -0.052297 
884 23.930000 -0.191566 -0.052136 
885 23.940000 -0.191045 -0.051975 
886 23.950000 -0.190526 -0.051816 
887 23.960000 -0.190009 -0.051656 
888 23.970000 -0.189493 -0.051498 
889 23.980000 -0.188979 -0.051340 
890 23.990000 -0.188466 -0.051183 
891 24.000000 -0.187955 -0.051026 
892 24.010000 -0.187446 -0.050870 
893 24.020000 -0.186938 -0.050715 
894 24.030000 -0.186431 -0.050560 
895 24.040000 -0.185926 -0.050405 
896 24.050000 -0.185423 -0.050252 
897 24.060000 -0.184921 -0.050099 
898 24.070000 -0.184421 -0.049946 
899 24.080000 -0.183922 -0.049794 
900 24.090000 -0.183425 -0.049643 
901 24.100000 -0.182930 -0.049492 
902 24.110000 -0.182435 -0.049342 
903 24.120000 -0.181943 -0.049193 
904 24.130000 -0.181452 -0.049044 
905 24.140000 -0.180962 -0.048895 
906 24.150000 -0.180474 -0.048748 
907 24.160000 -0.179987 -0.048600 
908 24.170000 -0.179502 -0.048454 
909 24.180000 -0.179018 -0.048308 
910 24.190000 -0.178535 -0.048162 
911 24.200000 -0.178055 -0.048017 
912 24.210000 -0.177575 -0.047873 
913 24.220000 -0.177097 -0.047729 
914 24.230000 -0.176621 -0.047586 
915 24.240000 -0.176145 -0.047443 
916 24.250000 -0.175672 -0.047301 
917 24.260000 -0.175199 -0.047159 
918 24.270000 -0.174729 -0.047018 
919 24.280000 -0.174259 -0.046877 
920 24.290000 -0.173791 -0.046737 
921 24.300000 -0.173324 -0.046598 
922 24.310000 -0.172859 -0.046459 
923 24.320000 -0.172395 -0.046320 
924 24.330000 -0.171933 -0.046182 
925 24.340000 -0.171471 -0.046045 
926 24.350000 -0.171012 -0.045908 
927 24.360000 -0.170553 -0.045771 
928 24.370000 -0.170096 -0.045635 
929 24.380000 -0.169641 -0.045500 
930 24.390000 -0.169186 -0.045365 
931 24.400000 -0.168733 -0.045231 
932 24.410000 -0.168282 -0.045097 
933 24.420000 -0.167831 -0.044964 
934 24.430000 -0.167382 -0.044831 
935 24.440000 -0.166935 -0.044699 
936 24.450000 -0.166488 -0.044567 
937 24.460000 -0.166043 -0.044435 
938 24.470000 -0.165600 -0.044305 
939 24.480000 -0.165157 -0.044174 
940 24.490000 -0.164716 -0.044044 
941 24.500000 -0.164276 -0.043915 
942 24.510000 -0.163838 -0.043786 
943 24.520000 -0.163401 -0.043658 
944 24.530000 -0.162965 -0.043530 
945 24.540000 -0.162530 -0.043402 
946 24.550000 -0.162097 -0.043275 
947 24.560000 -0.161665 -0.043149 
948 24.570000 -0.161234 -0.043023 
949 24.580000 -0.160804 -0.042897 
950 24.590000 -0.160376 -0.042772 
951 24.600000 -0.159949 -0.042648 
952 24.610000 -0.159523 -0.042523 
953 24.620000 -0.159098 -0.042400 
954 24.630000 -0.158675 -0.042276 
955 24.640000 -0.158253 -0.042154 
956 24.650000 -0.157832 -0.042031 
957 24.660000 -0.157412 -0.041909 
958 24.670000 -0.156994 -0.041788 
959 24.680000 -0.156576 -0.041667 
960 24.690000 -0.156160 -0.041546 
961 24.700000 -0.155745 -0.041426 
962 24.710000 -0.155332 -0.041307 
963 24.720000 -0.154919 -0.041187 
964 24.730000 -0.154508 -0.041069 
965 24.740000 -0.154098 -0.040950 
966 24.750000 -0.153689 -0.040832 
967 24.760000 -0.153281 -0.040715 
968 24.770000 -0.152875 -0.040598 
969 24.780000 -0.152469 -0.040481 
970 24.790000 -0.152065 -0.040365 
971 24.800000 -0.151662 -0.040249 
972 24.810000 -0.151260 -0.040134 
973 24.820000 -0.150859 -0.040019 
974 24.830000 -0.150460 -0.039904 
975 24.840000 -0.150061 -0.039790 
976 24.850000 -0.149664 -0.039676 
977 24.860000 -0.149268 -0.039563 
978 24.870000 -0.148873 -0.039450 
979 24.880000 -0.148479 -0.039338 
980 24.890000 -0.148086 -0.039226 
981 24.900000 -0.147694 -0.039114 
982 24.910000 -0.147304 -0.039003 
983 24.920000 -0.146914 -0.038892 
984 24.930000 -0.146526 -0.038782 
985 24.940000 -0.146138 -0.038672 
986 24.950000 -0.145752 -0.038562 
987 24.960000 -0.145367 -0.038453 
988 24.970000 -0.144983 -0.038344 
989 24.980000 -0.144600 -0.038235 
990 24.990000 -0.144219 -0.038127 
991 25.000000 -0.143838 -0.038020 
992 25.010000 -0.143458 -0.037912 
993 25.020000 -0.143080 -0.037805 
994 25.030000 -0.142702 -0.037699 
995 25.040000 -0.142326 -0.037593 
996 25.050000 -0.141950 -0.037487 
997 25.060000 -0.141576 -0.037382 
998 25.070000 -0.141203 -0.037277 
999 25.080000 -0.140830 -0.037172 
1000 25.090000 -0.140459 -0.037068 
1001 25.100000 -0.140089 -0.036964 
1002 25.110000 -0.139720 -0.036860 
1003 25.120000 -0.139352 -0.036757 
1004 25.130000 -0.138985 -0.036654 
1005 25.140000 -0.138619 -0.036552 
1006 25.150000 -0.138254 -0.036450 
1007 25.160000 -0.137890 -0.036348 
1008 25.170000 -0.137527 -0.036247 
1009 25.180000 -0.137165 -0.036146 
1010 25.190000 -0.136804 -0.036045 
1011 25.200000 -0.136444 -0.035945 
1012 25.210000 -0.136085 -0.035845 
1013 25.220000 -0.135727 -0.035745 
1014 25.230000 -0.135370 -0.035646 
1015 25.240000 -0.135014 -0.035547 
1016 25.250000 -0.134659 -0.035449 
1017 25.260000 -0.134305 -0.035351 
1018 25.270000 -0.133952 -0.035253 
1019 25.280000 -0.133600 -0.035155 
1020 25.290000 -0.133249 -0.035058 
1021 25.300000 -0.132899 -0.034961 
1022 25.310000 -0.132550 -0.034865 
1023 25.320000 -0.132201 -0.034769 
1024 25.330000 -0.131854 -0.034673 
1025 25.340000 -0.131508 -0.034578 
1026 25.350000 -0.131163 -0.034482 
1027 25.360000 -0.130818 -0.034388 
1028 25.370000 -0.130475 -0.034293 
1029 25.380000 -0.130133 -0.034199 
1030 25.390000 -0.129791 -0.034105 
1031 25.400000 -0.129450 -0.034012 
1032 25.410000 -0.129111 -0.033919 
1033 25.420000 -0.128772 -0.033826 
1034 25.430000 -0.128434 -0.033733 
1035 25.440000 -0.128097 -0.033641 
1036 25.450000 -0.127761 -0.033549 
1037 25.460000 -0.127426 -0.033458 
1038 25.470000 -0.127092 -0.033366 
1039 25.480000 -0.126759 -0.033276 
1040 25.490000 -0.126427 -0.033185 
1041 25.500000 -0.126095 -0.033095 
1042 25.510000 -0.125765 -0.033005 
1043 25.520000 -0.125435 -0.032915 
1044 25.530000 -0.125107 -0.032826 
1045 25.540000 -0.124779 -0.032737 
1046 25.550000 -0.124452 -0.032648 
1047 25.560000 -0.124126 -0.032559 
1048 25.570000 -0.123801 -0.032471 
1049 25.580000 -0.123476 -0.032383 
1050 25.590000 -0.123153 -0.032296 
1051 25.600000 -0.122830 -0.032209 
1052 25.610000 -0.122509 -0.032122 
1053 25.620000 -0.122188 -0.032035 
1054 25.630000 -0.121868 -0.031949 
1055 25.640000 -0.121549 -0.031863 
1056 25.650000 -0.121231 -0.031777 
1057 25.660000 -0.120913 -0.031691 
1058 25.670000 -0.120597 -0.031606 
1059 25.680000 -0.120281 -0.031521 
1060 25.690000 -0.119967 -0.031437 
1061 25.700000 -0.119653 -0.031353 
1062 25.710000 -0.119340 -0.031268 
1063 25.720000 -0.119027 -0.031185 
1064 25.730000 -0.118716 -0.031101 
1065 25.740000 -0.118405 -0.031018 
1066 25.750000 -0.118095 -0.030935 
1067 25.760000 -0.117787 -0.030853 
1068 25.770000 -0.117478 -0.030770 
1069 25.780000 -0.117171 -0.030688 
1070 25.790000 -0.116865 -0.030606 
1071 25.800000 -0.116559 -0.030525 
1072 25.810000 -0.116254 -0.030444 
1073 25.820000 -0.115950 -0.030363 
1074 25.830000 -0.115647 -0.030282 
1075 25.840000 -0.115344 -0.030202 
1076 25.850000 -0.115043 -0.030122 
1077 25.860000 -0.114742 -0.030042 
1078 25.870000 -0.114442 -0.029962 
1079 25.880000 -0.114143 -0.029883 
1080 25.890000 -0.113844 -0.029804 
1081 25.900000 -0.113547 -0.029725 
1082 25.910000 -0.113250 -0.029646 
1083 25.920000 -0.112954 -0.029568 
1084 25.930000 -0.112658 -0.029490 
1085 25.940000 -0.112364 -0.029412 
1086 25.950000 -0.112070 -0.029335 
1087 25.960000 -0.111777 -0.029258 
1088 25.970000 -0.111485 -0.029181 
1089 25.980000 -0.111194 -0.029104 
1090 25.990000 -0.110903 -0.029027 
1091 26.000000 -0.110613 -0.028951 
1092 26.010000 -0.110324 -0.028875 
1093 26.020000 -0.110036 -0.028800 
1094 26.030000 -0.109748 -0.028724 
1095 26.040000 -0.109461 -0.028649 
1096 26.050000 -0.109175 -0.028574 
1097 26.060000 -0.108890 -0.028499 
1098 26.070000 -0.108605 -0.028425 
1099 26.080000 -0.108321 -0.028351 
1100 26.090000 -0.108038 -0.028277 
1101 26.100000 -0.107756 -0.028203 
1102 26.110000 -0.107474 -0.028129 
1103 26.120000 -0.107193 -0.028056 
1104 26.130000 -0.106913 -0.027983 
1105 26.140000 -0.106633 -0.027910 
1106 26.150000 -0.106355 -0.027838 
1107 26.160000 -0.106077 -0.027766 
1108 26.170000 -0.105799 -0.027693 
1109 26.180000 -0.105523 -0.027622 
1110 26.190000 -0.105247 -0.027550 
1111 26.200000 -0.104972 -0.027479 
1112 26.210000 -0.104697 -0.027408 
1113 26.220000 -0.104424 -0.027337 
1114 26.230000 -0.104151 -0.027266 
1115 26.240000 -0.103878 -0.027196 
1116 26.250000 -0.103607 -0.027126 
1117 26.260000 -0.103336 -0.027056 
1118 26.270000 -0.103066 -0.026986 
1119 26.280000 -0.102796 -0.026916 
1120 26.290000 -0.102527 -0.026847 
1121 26.300000 -0.102259 -0.026778 
1122 26.310000 -0.101992 -0.026709 
1123 26.320000 -0.101725 -0.026641 
1124 26.330000 -0.101459 -0.026572 
1125 26.340000 -0.101193 -0.026504 
1126 26.350000 -0.100929 -0.026436 
1127 26.360000 -0.100665 -0.026368 
1128 26.370000 -0.100401 -0.026301 
1129 26.380000 -0.100139 -0.026234 
1130 26.390000 -0.099877 -0.026167 
1131 26.400000 -0.099615 -0.026100 
1132 26.410000 -0.099355 -0.026033 
1133 26.420000 -0.099095 -0.025967 
1134 26.430000 -0.098835 -0.025900 
1135 26.440000 -0.098577 -0.025834 
1136 26.450000 -0.098319 -0.025769 
1137 26.460000 -0.098061 -0.025703 
1138 26.470000 -0.097805 -0.025638 
1139 26.480000 -0.097549 -0.025573 
1140 26.490000 -0.097293 -0.025508 
1141 26.500000 -0.097038 -0.025443 
1142 26.510000 -0.096784 -0.025378 
1143 26.520000 -0.096531 -0.025314 
1144 26.530000 -0.096278 -0.025250 
1145 26.540000 -0.096026 -0.025186 
1146 26.550000 -0.095774 -0.025122 
1147 26.560000 -0.095523 -0.025059 
1148 26.570000 -0.095273 -0.024996 
1149 26.580000 -0.095024 -0.024932 
1150 26.590000 -0.094775 -0.024870 
1151 26.600000 -0.094526 -0.024807 
1152 26.610000 -0.094278 -0.024744 
1153 26.620000 -0.094031 -0.024682 
1154 26.630000 -0.093785 -0.024620 
1155 26.640000 -0.093539 -0.024558 
1156 26.650000 -0.093294 -0.024496 
1157 26.660000 -0.093049 -0.024435 
1158 26.670000 -0.092805 -0.024373 
1159 26.680000 -0.092561 -0.024312 
1160 26.690000 -0.092319 -0.024251 
1161 26.700000 -0.092076 -0.024191 
1162 26.710000 -0.091835 -0.024130 
1163 26.720000 -0.091594 -0.024070 
1164 26.730000 -0.091353 -0.024010 
1165 26.740000 -0.091114 -0.023950 
1166 26.750000 -0.090874 -0.023890 
1167 26.760000 -0.090636 -0.023830 
1168 26.770000 -0.090398 -0.023771 
1169 26.780000 -0.090160 -0.023712 
1170 26.790000 -0.089924 -0.023653 
1171 26.800000 -0.089687 -0.023594 
1172 26.810000 -0.089452 -0.023535 
1173 26.820000 -0.089217 -0.023477 
1174 26.830000 -0.088982 -0.023418 
1175 26.840000 -0.088748 -0.023360 
1176 26.850000 -0.088515 -0.023302 
1177 26.860000 -0.088282 -0.023244 
1178 26.870000 -0.088050 -0.023187 
1179 26.880000 -0.087818 -0.023130 
1180 26.890000 -0.087587 -0.023072 
1181 26.900000 -0.087357 -0.023015 
1182 26.910000 -0.087127 -0.022958 
1183 26.920000 -0.086898 -0.022902 
1184 26.930000 -0.086669 -0.022845 
1185 26.940000 -0.086441 -0.022789 
1186 26.950000 -0.086213 -0.022733 
1187 26.960000 -0.085986 -0.022677 
1188 26.970000 -0.085760 -0.022621 
1189 26.980000 -0.085534 -0.022565 
1190 26.990000 -0.085309 -0.022510 
1191 27.000000 -0.085084 -0.022455 
1192 27.010000 -0.084859 -0.022399 
1193 27.020000 -0.084636 -0.022344 
1194 27.030000 -0.084413 -0.022290 
1195 27.040000 -0.084190 -0.022235 
1196 27.050000 -0.083968 -0.022181 
1197 27.060000 -0.083746 -0.022126 
1198 27.070000 -0.083525 -0.022072 
1199 27.080000 -0.083305 -0.022018 
1200 27.090000 -0.083085 -0.021964 
1201 27.100000 -0.082866 -0.021911 
1202 27.110000 -0.082647 -0.021857 
1203 27.120000 -0.082428 -0.021804 
1204 27.130000 -0.082211 -0.021751 
1205 27.140000 -0.081993 -0.021698 
1206 27.150000 -0.081777 -0.021645 
1207 27.160000 -0.081560 -0.021593 
1208 27.170000 -0.081345 -0.021540 
1209 27.180000 -0.081130 -0.021488 
1210 27.190000 -0.080915 -0.021436 
1211 27.200000 -0.080701 -0.021384 
1212 27.210000 -0.080487 -0.021332 
1213 27.220000 -0.080274 -0.021280 
1214 27.230000 -0.080062 -0.021229 
1215 27.240000 -0.079850 -0.021177 
1216 27.250000 -0.079638 -0.021126 
1217 27.260000 -0.079427 -0.021075 
1218 27.270000 -0.079217 -0.021024 
1219 27.280000 -0.079007 -0.020973 
1220 27.290000 -0.078797 -0.020923 
1221 27.300000 -0.078588 -0.020872 
1222 27.310000 -0.078380 -0.020822 
1223 27.320000 -0.078172 -0.020772 
1224 27.330000 -0.077964 -0.020722 
1225 27.340000 -0.077757 -0.020672 
1226 27.350000 -0.077551 -0.020622 
1227 27.360000 -0.077345 -0.020573 
1228 27.370000 -0.077139 -0.020524 
1229 27.380000 -0.076935 -0.020474 
1230 27.390000 -0.076730 -0.020425 
1231 27.400000 -0.076526 -0.020376 
1232 27.410000 -0.076322 -0.020328 
1233 27.420000 -0.076119 -0.020279 
1234 27.430000 -0.075917 -0.020230 
1235 27.440000 -0.075715 -0.020182 
1236 27.450000 -0.075513 -0.020134 
1237 27.460000 -0.075312 -0.020086 
1238 27.470000 -0.075112 -0.020038 
1239 27.480000 -0.074911 -0.019990 
1240 27.490000 -0.074712 -0.019943 
1241 27.500000 -0.074513 -0.019895 
1242 27.510000 -0.074314 -0.019848 
1243 27.520000 -0.074116 -0.019800 
1244 27.530000 -0.073918 -0.019753 
1245 27.540000 -0.073721 -0.019707 
1246 27.550000 -0.073524 -0.019660 
1247 27.560000 -0.073327 -0.019613 
1248 27.570000 -0.073131 -0.019567 
1249 27.580000 -0.072936 -0.019520 
1250 27.590000 -0.072741 -0.019474 
1251 27.600000 -0.072547 -0.019428 
1252 27.610000 -0.072352 -0.019382 
1253 27.620000 -0.072159 -0.019336 
1254 27.630000 -0.071966 -0.019291 
1255 27.640000 -0.071773 -0.019245 
1256 27.650000 -0.071581 -0.019200 
1257 27.660000 -0.071389 -0.019154 
1258 27.670000 -0.071198 -0.019109 
1259 27.680000 -0.071007 -0.019064 
1260 27.690000 -0.070816 -0.019019 
1261 27.700000 -0.070627 -0.018975 
1262 27.710000 -0.070437 -0.018930 
1263 27.720000 -0.070248 -0.018885 
1264 27.730000 -0.070059 -0.018841 
1265 27.740000 -0.069871 -0.018797 
1266 27.750000 -0.069683 -0.018753 
1267 27.760000 -0.069496 -0.018709 
1268 27.770000 -0.069309 -0.018665 
1269 27.780000 -0.069123 -0.018621 
1270 27.790000 -0.068937 -0.018578 
1271 27.800000 -0.068751 -0.018534 
1272 27.810000 -0.068566 -0.018491 
1273 27.820000 -0.068381 -0.018448 
1274 27.830000 -0.068197 -0.018405 
1275 27.840000 -0.068013 -0.018362 
1276 27.850000 -0.067830 -0.018319 
1277 27.860000 -0.067647 -0.018276 
1278 27.870000 -0.067464 -0.018234 
1279 27.880000 -0.067282 -0.018191 
1280 27.890000 -0.067100 -0.018149 
1281 27.900000 -0.066919 -0.018107 
1282 27.910000 -0.066738 -0.018065 
1283 27.920000 -0.066558 -0.018023 
1284 27.930000 -0.066378 -0.017981 
1285 27.940000 -0.066198 -0.017939 
1286 27.950000 -0.066019 -0.017898 
1287 27.960000 -0.065840 -0.017856 
1288 27.970000 -0.065662 -0.017815 
1289 27.980000 -0.065484 -0.017774 
1290 27.990000 -0.065307 -0.017733 
1291 28.000000 -0.065129 -0.017692 
1292 28.010000 -0.064953 -0.017651 
1293 28.020000 -0.064776 -0.017610 
1294 28.030000 -0.064600 -0.017570 
1295 28.040000 -0.064425 -0.017529 
1296 28.050000 -0.064250 -0.017489 
1297 28.060000 -0.064075 -0.017448 
1298 28.070000 -0.063901 -0.017408 
1299 28.080000 -0.063727 -0.017368 
1300 28.090000 -0.063554 -0.017328 
1301 28.100000 -0.063380 -0.017288 
1302 28.110000 -0.063208 -0.017249 
1303 28.120000 -0.063035 -0.017209 
1304 28.130000 -0.062864 -0.017170 
1305 28.140000 -0.062692 -0.017130 
1306 28.150000 -0.062521 -0.017091 
1307 28.160000 -0.062350 -0.017052 
1308 28.170000 -0.062180 -0.017013 
1309 28.180000 -0.062010 -0.016974 
1310 28.190000 -0.061840 -0.016935 
1311 28.200000 -0.061671 -0.016897 
1312 28.210000 -0.061503 -0.016858 
1313 28.220000 -0.061334 -0.016820 
1314 28.230000 -0.061166 -0.016781 
1315 28.240000 -0.060999 -0.016743 
1316 28.250000 -0.060831 -0.016705 
1317 28.260000 -0.060664 -0.016667 
1318 28.270000 -0.060498 -0.016629 
1319 28.280000 -0.060332 -0.016591 
1320 28.290000 -0.060166 -0.016553 
1321 28.300000 -0.060001 -0.016516 
1322 28.310000 -0.059836 -0.016478 
1323 28.320000 -0.059671 -0.016441 
1324 28.330000 -0.059507 -0.016404 
1325 28.340000 -0.059343 -0.016367 
1326 28.350000 -0.059180 -0.016330 
1327 28.360000 -0.059017 -0.016293 
1328 28.370000 -0.058854 -0.016256 
1329 28.380000 -0.058691 -0.016219 
1330 28.390000 -0.058529 -0.016182 
1331 28.400000 -0.058368 -0.016146 
1332 28.410000 -0.058206 -0.016109 
1333 28.420000 -0.058046 -0.016073 
1334 28.430000 -0.057885 -0.016037 
1335 28.440000 -0.057725 -0.016001 
1336 28.450000 -0.057565 -0.015965 
1337 28.460000 -0.057406 -0.015929 
1338 28.470000 -0.057246 -0.015893 
1339 28.480000 -0.057088 -0.015857 
1340 28.490000 -0.056929 -0.015822 
1341 28.500000 -0.056771 -0.015786 
1342 28.510000 -0.056614 -0.015751 
1343 28.520000 -0.056456 -0.015715 
1344 28.530000 -0.056299 -0.015680 
1345 28.540000 -0.056143 -0.015645 
1346 28.550000 -0.055986 -0.015610 
1347 28.560000 -0.055830 -0.015575 
1348 28.570000 -0.055675 -0.015540 
1349 28.580000 -0.055520 -0.015505 
1350 28.590000 -0.055365 -0.015471 
1351 28.600000 -0.055210 -0.015436 
1352 28.610000 -0.055056 -0.015402 
1353 28.620000 -0.054902 -0.015368 
1354 28.630000 -0.054749 -0.015333 
1355 28.640000 -0.054596 -0.015299 
1356 28.650000 -0.054443 -0.015265 
1357 28.660000 -0.054290 -0.015231 
1358 28.670000 -0.054138 -0.015197 
1359 28.680000 -0.053986 -0.015163 
1360 28.690000 -0.053835 -0.015130 
1361 28.700000 -0.053684 -0.015096 
1362 28.710000 -0.053533 -0.015063 
1363 28.720000 -0.053382 -0.015029 
1364 28.730000 -0.053232 -0.014996 
1365 28.740000 -0.053083 -0.014963 
1366 28.750000 -0.052933 -0.014930 
1367 28.760000 -0.052784 -0.014897 
1368 28.770000 -0.052635 -0.014864 
1369 28.780000 -0.052487 -0.014831 
1370 28.790000 -0.052338 -0.014798 
1371 28.800000 -0.052191 -0.014765 
1372 28.810000 -0.052043 -0.014733 
1373 28.820000 -0.051896 -0.014700 
1374 28.830000 -0.051749 -0.014668 
1375 28.840000 -0.051603 -0.014636 
1376 28.850000 -0.051456 -0.014603 
1377 28.860000 -0.051311 -0.014571 
1378 28.870000 -0.051165 -0.014539 
1379 28.880000 -0.051020 -0.014507 
1380 28.890000 -0.050875 -0.014475 
1381 28.900000 -0.050730 -0.014444 
1382 28.910000 -0.050586 -0.014412 
1383 28.920000 -0.050442 -0.014380 
1384 28.930000 -0.050298 -0.014349 
1385 28.940000 -0.050155 -0.014317 
1386 28.950000 -0.050012 -0.014286 
1387 28.960000 -0.049869 -0.014255 
1388 28.970000 -0.049727 -0.014224 
1389 28.980000 -0.049585 -0.014193 
1390 28.990000 -0.049443 -0.014162 
1391 29.000000 -0.049302 -0.014131 
1392 29.010000 -0.049161 -0.014100 
1393 29.020000 -0.049020 -0.014069 
1394 29.030000 -0.048879 -0.014038 
1395 29.040000 -0.048739 -0.014008 
1396 29.050000 -0.048599 -0.013977 
1397 29.060000 -0.048459 -0.013947 
1398 29.070000 -0.048320 -0.013916 
1399 29.080000 -0.048181 -0.013886 
1400 29.090000 -0.048042 -0.013856 
1401 29.100000 -0.047904 -0.013826 
1402 29.110000 -0.047766 -0.013796 
1403 29.120000 -0.047628 -0.013766 
1404 29.130000 -0.047490 -0.013736 
1405 29.140000 -0.047353 -0.013706 
1406 29.150000 -0.047216 -0.013677 
1407 29.160000 -0.047080 -0.013647 
1408 29.170000 -0.046943 -0.013618 
1409 29.180000 -0.046807 -0.013588 
1410 29.190000 -0.046672 -0.013559 
1411 29.200000 -0.046536 -0.013530 
1412 29.210000 -0.046401 -0.013500 
1413 29.220000 -0.046266 -0.013471 
1414 29.230000 -0.046132 -0.013442 
1415 29.240000 -0.045997 -0.013413 
1416 29.250000 -0.045863 -0.013384 
1417 29.260000 -0.045730 -0.013355 
1418 29.270000 -0.045596 -0.013327 
1419 29.280000 -0.045463 -0.013298 
1420 29.290000 -0.045330 -0.013269 
1421 29.300000 -0.045198 -0.013241 
1422 29.310000 -0.045065 -0.013213 
1423 29.320000 -0.044933 -0.013184 
1424 29.330000 -0.044802 -0.013156 
1425 29.340000 -0.044670 -0.013128 
1426 29.350000 -0.044539 -0.013100 
1427 29.360000 -0.044408 -0.013071 
1428 29.370000 -0.044278 -0.013044 
1429 29.380000 -0.044148 -0.013016 
1430 29.390000 -0.044017 -0.012988 
1431 29.400000 -0.043888 -0.012960 
1432 29.410000 -0.043758 -0.012932 
1433 29.420000 -0.043629 -0.012905 
1434 29.430000 -0.043500 -0.012877 
1435 29.440000 -0.043372 -0.012850 
1436 29.450000 -0.043243 -0.012822 
1437 29.460000 -0.043115 -0.012795 
1438 29.470000 -0.042987 -0.012768 
1439 29.480000 -0.042860 -0.012741 
1440 29.490000 -0.042732 -0.012714 
1441 29.500000 -0.042605 -0.012687 
1442 29.510000 -0.042479 -0.012660 
1443 29.520000 -0.042352 -0.012633 
1444 29.530000 -0.042226 -0.012606 
1445 29.540000 -0.042100 -0.012579 
1446 29.550000 -0.041975 -0.012552 
1447 29.560000 -0.041849 -0.012526 
1448 29.570000 -0.041724 -0.012499 
1449 29.580000 -0.041599 -0.012473 
1450 29.590000 -0.041475 -0.012446 
1451 29.600000 -0.041350 -0.012420 
1452 29.610000 -0.041226 -0.012394 
1453 29.620000 -0.041102 -0.012368 
1454 29.630000 -0.040979 -0.012342 
1455 29.640000 -0.040855 -0.012316 
1456 29.650000 -0.040732 -0.012290 
1457 29.660000 -0.040610 -0.012264 
1458 29.670000 -0.040487 -0.012238 
1459 29.680000 -0.040365 -0.012212 
1460 29.690000 -0.040243 -0.012186 
1461 29.700000 -0.040121 -0.012161 
1462 29.710000 -0.040000 -0.012135 
1463 29.720000 -0.039879 -0.012110 
1464 29.730000 -0.039758 -0.012084 
1465 29.740000 -0.039637 -0.012059 
1466 29.750000 -0.039516 -0.012034 
1467 29.760000 -0.039396 -0.012008 
1468 29.770000 -0.039276 -0.011983 
1469 29.780000 -0.039156 -0.011958 
1470 29.790000 -0.039037 -0.011933 
1471 29.800000 -0.038918 -0.011908 
1472 29.810000 -0.038799 -0.011883 
1473 29.820000 -0.038680 -0.011858 
1474 29.830000 -0.038562 -0.011834 
1475 29.840000 -0.038443 -0.011809 
1476 29.850000 -0.038326 -0.011784 
1477 29.860000 -0.038208 -0.011760 
1478 29.870000 -0.038090 -0.011735 
1479 29.880000 -0.037973 -0.011711 
1480 29.890000 -0.037856 -0.011686 
1481 29.900000 -0.037739 -0.011662 
1482 29.910000 -0.037623 -0.011638 
1483 29.920000 -0.037507 -0.011613 
1484 29.930000 -0.037391 -0.011589 
1485 29.940000 -0.037275 -0.011565 
1486 29.950000 -0.037159 -0.011541 
1487 29.960000 -0.037044 -0.011517 
1488 29.970000 -0.036929 -0.011493 
1489 29.980000 -0.036814 -0.011469 
1490 29.990000 -0.036700 -0.011446 
1491 30.000000 -0.036585 -0.011422 
1492 30.010000 -0.036471 -0.011398 
1493 30.020000 -0.036357 -0.011375 
1494 30.030000 -0.036244 -0.011351 
1495 30.040000 -0.036130 -0.011328 
1496 30.050000 -0.036017 -0.011304 
1497 30.060000 -0.035904 -0.011281 
1498 30.070000 -0.035791 -0.011258 
1499 30.080000 -0.035679 -0.011235 
1500 30.090000 -0.035567 -0.011211 
1501 30.100000 -0.035455 -0.011188 
1502 30.110000 -0.035343 -0.011165 
1503 30.120000 -0.035231 -0.011142 
1504 30.130000 -0.035120 -0.011119 
1505 30.140000 -0.035009 -0.011096 
1506 30.150000 -0.034898 -0.011074 
1507 30.160000 -0.034788 -0.011051 
1508 30.170000 -0.034677 -0.011028 
1509 30.180000 -0.034567 -0.011006 
1510 30.190000 -0.034457 -0.010983 
1511 30.200000 -0.034347 -0.010960 
1512 30.210000 -0.034238 -0.010938 
1513 30.220000 -0.034129 -0.010916 
1514 30.230000 -0.034020 -0.010893 
1515 30.240000 -0.033911 -0.010871 
1516 30.250000 -0.033802 -0.010849 
1517 30.260000 -0.033694 -0.010827 
1518 30.270000 -0.033586 -0.010804 
1519 30.280000 -0.033478 -0.010782 
1520 30.290000 -0.033370 -0.010760 
1521 30.300000 -0.033263 -0.010738 
1522 30.310000 -0.033155 -0.010716 
1523 30.320000 -0.033048 -0.010695 
1524 30.330000 -0.032941 -0.010673 
1525 30.340000 -0.032835 -0.010651 
1526 30.350000 -0.032728 -0.010629 
1527 30.360000 -0.032622 -0.010608 
1528 30.370000 -0.032516 -0.010586 
1529 30.380000 -0.032410 -0.010565 
1530 30.390000 -0.032305 -0.010543 
1531 30.400000 -0.032200 -0.010522 
1532 30.410000 -0.032094 -0.010501 
1533 30.420000 -0.031990 -0.010479 
1534 30.430000 -0.031885 -0.010458 
1535 30.440000 -0.031780 -0.010437 
1536 30.450000 -0.031676 -0.010416 
1537 30.460000 -0.031572 -0.010395 
1538 30.470000 -0.031468 -0.010374 
1539 30.480000 -0.031365 -0.010353 
1540 30.490000 -0.031261 -0.010332 
1541 30.500000 -0.031158 -0.010311 
1542 30.510000 -0.031055 -0.010290 
1543 30.520000 -0.030952 -0.010269 
1544 30.530000 -0.030850 -0.010248 
1545 30.540000 -0.030747 -0.010228 
1546 30.550000 -0.030645 -0.010207 
1547 30.560000 -0.030543 -0.010187 
1548 30.570000 -0.030441 -0.010166 
1549 30.580000 -0.030340 -0.010146 
1550 30.590000 -0.030238 -0.010125 
1551 30.600000 -0.030137 -0.010105 
1552 30.610000 -0.030036 -0.010085 
1553 30.620000 -0.029936 -0.010064 
1554 30.630000 -0.029835 -0.010044 
1555 30.640000 -0.029735 -0.010024 
1556 30.650000 -0.029634 -0.010004 
1557 30.660000 -0.029535 -0.009984 
1558 30.670000 -0.029435 -0.009964 
1559 30.680000 -0.029335 -0.009944 
1560 30.690000 -0.029236 -0.009924 
1561 30.700000 -0.029137 -0.009904 
1562 30.710000 -0.029038 -0.009884 
1563 30.720000 -0.028939 -0.009865 
1564 30.730000 -0.028841 -0.009845 
1565 30.740000 -0.028742 -0.009825 
1566 30.750000 -0.028644 -0.009806 
1567 30.760000 -0.028546 -0.009786 
1568 30.770000 -0.028448 -0.009767 
1569 30.780000 -0.028351 -0.009747 
1570 30.790000 -0.028253 -0.009728 
1571 30.800000 -0.028156 -0.009708 
1572 30.810000 -0.028059 -0.009689 
1573 30.820000 -0.027962 -0.009670 
1574 30.830000 -0.027866 -0.009651 
1575 30.840000 -0.027769 -0.009631 
1576 30.850000 -0.027673 -0.009612 
1577 30.860000 -0.027577 -0.009593 
1578 30.870000 -0.027481 -0.009574 
1579 30.880000 -0.027386 -0.009555 
1580 30.890000 -0.027290 -0.009536 
1581 30.900000 -0.027195 -0.009517 
1582 30.910000 -0.027100 -0.009498 
1583 30.920000 -0.027005 -0.009480 
1584 30.930000 -0.026910 -0.009461 
1585 30.940000 -0.026816 -0.009442 
1586 30.950000 -0.026721 -0.009424 
1587 30.960000 -0.026627 -0.009405 
1588 30.970000 -0.026533 -0.009386 
1589 30.980000 -0.026440 -0.009368 
1590 30.990000 -0.026346 -0.009349 
1591 31.000000 -0.026253 -0.009331 
1592 31.010000 -0.026159 -0.009312 
1593 31.020000 -0.026066 -0.009294 
1594 31.030000 -0.025974 -0.009276 
1595 31.040000 -0.025881 -0.009258 
1596 31.050000 -0.025788 -0.009239 
1597 31.060000 -0.025696 -0.009221 
1598 31.070000 -0.025604 -0.009203 
1599 31.080000 -0.025512 -0.009185 
1600 31.090000 -0.025420 -0.009167 
1601 31.100000 -0.025329 -0.009149 
1602 31.110000 -0.025237 -0.009131 
1603 31.120000 -0.025146 -0.009113 
1604 31.130000 -0.025055 -0.009095 
1605 31.140000 -0.024964 -0.009077 
1606 31.150000 -0.024873 -0.009060 
1607 31.160000 -0.024783 -0.009042 
1608 31.170000 -0.024693 -0.009024 
1609 31.180000 -0.024602 -0.009007 
1610 31.190000 -0.024512 -0.008989 
1611 31.200000 -0.024423 -0.008972 
1612 31.210000 -0.024333 -0.008954 
1613 31.220000 -0.024244 -0.008937 
1614 31.230000 -0.024154 -0.008919 
1615 31.240000 -0.024065 -0.008902 
1616 31.250000 -0.023976 -0.008884 
1617 31.260000 -0.023888 -0.008867 
1618 31.270000 -0.023799 -0.008850 
1619 31.280000 -0.023711 -0.008833 
1620 31.290000 -0.023622 -0.008815 
1621 31.300000 -0.023534 -0.008798 
1622 31.310000 -0.023446 -0.008781 
1623 31.320000 -0.023359 -0.008764 
1624 31.330000 -0.023271 -0.008747 
1625 31.340000 -0.023184 -0.008730 
1626 31.350000 -0.023096 -0.008713 
1627 31.360000 -0.023009 -0.008696 
1628 31.370000 -0.022922 -0.008679 
1629 31.380000 -0.022836 -0.008663 
1630 31.390000 -0.022749 -0.008646 
1631 31.400000 -0.022663 -0.008629 
1632 31.410000 -0.022577 -0.008612 
1633 31.420000 -0.022491 -0.008596 
1634 31.430000 -0.022405 -0.008579 
1635 31.440000 -0.022319 -0.008563 
1636 31.450000 -0.022233 -0.008546 
1637 31.460000 -0.022148 -0.008530 
1638 31.470000 -0.022063 -0.008513 
1639 31.480000 -0.021978 -0.008497 
1640 31.490000 -0.021893 -0.008480 
1641 31.500000 -0.021808 -0.008464 
1642 31.510000 -0.021724 -0.008448 
1643 31.520000 -0.021639 -0.008432 
1644 31.530000 -0.021555 -0.008415 
1645 31.540000 -0.021471 -0.008399 
1646 31.550000 -0.021387 -0.008383 
1647 31.560000 -0.021303 -0.008367 
1648 31.570000 -0.021220 -0.008351 
1649 31.580000 -0.021136 -0.008335 
1650 31.590000 -0.021053 -0.008319 
1651 31.600000 -0.020970 -0.008303 
1652 31.610000 -0.020887 -0.008287 
1653 31.620000 -0.020804 -0.008271 
1654 31.630000 -0.020722 -0.008255 
1655 31.640000 -0.020639 -0.008239 
1656 31.650000 -0.020557 -0.008224 
1657 31.660000 -0.020475 -0.008208 
1658 31.670000 -0.020393 -0.008192 
1659 31.680000 -0.020311 -0.008177 
1660 31.690000 -0.020229 -0.008161 
1661 31.700000 -0.020148 -0.008145 
1662 31.710000 -0.020066 -0.008130 
1663 31.720000 -0.019985 -0.008114 
1664 31.730000 -0.019904 -0.008099 
1665 31.740000 -0.019823 -0.008084 
1666 31.750000 -0.019742 -0.008068 
1667 31.760000 -0.019662 -0.008053 
1668 31.770000 -0.019581 -0.008037 
1669 31.780000 -0.019501 -0.008022 
1670 31.790000 -0.019421 -0.008007 
1671 31.800000 -0.019341 -0.007992 
1672 31.810000 -0.019261 -0.007977 
1673 31.820000 -0.019181 -0.007961 
1674 31.830000 -0.019102 -0.007946 
1675 31.840000 -0.019022 -0.007931 
1676 31.850000 -0.018943 -0.007916 
1677 31.860000 -0.018864 -0.007901 
1678 31.870000 -0.018785 -0.007886 
1679 31.880000 -0.018706 -0.007871 
1680 31.890000 -0.018628 -0.007856 
1681 31.900000 -0.018549 -0.007842 
1682 31.910000 -0.018471 -0.007827 
1683 31.920000 -0.018393 -0.007812 
1684 31.930000 -0.018314 -0.007797 
1685 31.940000 -0.018237 -0.007783 
1686 31.950000 -0.018159 -0.007768 
1687 31.960000 -0.018081 -0.007753 
1688 31.970000 -0.018004 -0.007739 
1689 31.980000 -0.017926 -0.007724 
1690 31.990000 -0.017849 -0.007709 
1691 32.000000 -0.017772 -0.007695 
1692 32.010000 -0.017695 -0.007680 
1693 32.020000 -0.017619 -0.007666 
1694 32.030000 -0.017542 -0.007652 
1695 32.040000 -0.017466 -0.007637 
1696 32.050000 -0.017389 -0.007623 
1697 32.060000 -0.017313 -0.007609 
1698 32.070000 -0.017237 -0.007594 
1699 32.080000 -0.017161 -0.007580 
1700 32.090000 -0.017086 -0.007566 
1701 32.100000 -0.017010 -0.007552 
1702 32.110000 -0.016935 -0.007538 
1703 32.120000 -0.016859 -0.007523 
1704 32.130000 -0.016784 -0.007509 
1705 32.140000 -0.016709 -0.007495 
1706 32.150000 -0.016634 -0.007481 
1707 32.160000 -0.016559 -0.007467 
1708 32.170000 -0.016485 -0.007453 
1709 32.180000 -0.016410 -0.007439 
1710 32.190000 -0.016336 -0.007426 
1711 32.200000 -0.016262 -0.007412 
1712 32.210000 -0.016188 -0.007398 
1713 32.220000 -0.016114 -0.007384 
1714 32.230000 -0.016040 -0.007370 
1715 32.240000 -0.015966 -0.007357 
1716 32.250000 -0.015893 -0.007343 
1717 32.260000 -0.015820 -0.007329 
1718 32.270000 -0.015746 -0.007316 
1719 32.280000 -0.015673 -0.007302 
1720 32.290000 -0.015600 -0.007288 
1721 32.300000 -0.015528 -0.007275 
1722 32.310000 -0.015455 -0.007261 
1723 32.320000 -0.015382 -0.007248 
1724 32.330000 -0.015310 -0.007235 
1725 32.340000 -0.015238 -0.007221 
1726 32.350000 -0.015165 -0.007208 
1727 32.360000 -0.015093 -0.007194 
1728 32.370000 -0.015022 -0.007181 
1729 32.380000 -0.014950 -0.007168 
1730 32.390000 -0.014878 -0.007154 
1731 32.400000 -0.014807 -0.007141 
1732 32.410000 -0.014735 -0.007128 
1733 32.420000 -0.014664 -0.007115 
1734 32.430000 -0.014593 -0.007102 
1735 32.440000 -0.014522 -0.007089 
1736 32.450000 -0.014451 -0.007076 
1737 32.460000 -0.014381 -0.007063 
1738 32.470000 -0.014310 -0.007050 
1739 32.480000 -0.014240 -0.007037 
1740 32.490000 -0.014169 -0.007024 
1741 32.500000 -0.014099 -0.007011 
1742 32.510000 -0.014029 -0.006998 
1743 32.520000 -0.013959 -0.006985 
1744 32.530000 -0.013889 -0.006972 
1745 32.540000 -0.013820 -0.006959 
1746 32.550000 -0.013750 -0.006946 
1747 32.560000 -0.013681 -0.006934 
1748 32.570000 -0.013612 -0.006921 
1749 32.580000 -0.013542 -0.006908 
1750 32.590000 -0.013473 -0.006896 
1751 32.600000 -0.013405 -0.006883 
1752 32.610000 -0.013336 -0.006870 
1753 32.620000 -0.013267 -0.006858 
1754 32.630000 -0.013199 -0.006845 
1755 32.640000 -0.013130 -0.006833 
1756 32.650000 -0.013062 -0.006820 
1757 32.660000 -0.012994 -0.006808 
1758 32.670000 -0.012926 -0.006795 
1759 32.680000 -0.012858 -0.006783 
1760 32.690000 -0.012790 -0.006770 
1761 32.700000 -0.012722 -0.006758 
1762 32.710000 -0.012655 -0.006746 
1763 32.720000 -0.012588 -0.006733 
1764 32.730000 -0.012520 -0.006721 
1765 32.740000 -0.012453 -0.006709 
1766 32.750000 -0.012386 -0.006697 
1767 32.760000 -0.012319 -0.006685 
1768 32.770000 -0.012252 -0.006672 
1769 32.780000 -0.012186 -0.006660 
1770 32.790000 -0.012119 -0.006648 
1771 32.800000 -0.012053 -0.006636 
1772 32.810000 -0.011986 -0.006624 
1773 32.820000 -0.011920 -0.006612 
1774 32.830000 -0.011854 -0.006600 
1775 32.840000 -0.011788 -0.006588 
1776 32.850000 -0.011722 -0.006576 
1777 32.860000 -0.011657 -0.006564 
1778 32.870000 -0.011591 -0.006552 
1779 32.880000 -0.011526 -0.006540 
1780 32.890000 -0.011460 -0.006529 
1781 32.900000 -0.011395 -0.006517 
1782 32.910000 -0.011330 -0.006505 
1783 32.920000 -0.011265 -0.006493 
1784 32.930000 -0.011200 -0.006481 
1785 32.940000 -0.011135 -0.006470 
1786 32.950000 -0.011071 -0.006458 
1787 32.960000 -0.011006 -0.006446 
1788 32.970000 -0.010942 -0.006435 
1789 32.980000 -0.010878 -0.006423 
1790 32.990000 -0.010813 -0.006412 
1791 33.000000 -0.010749 -0.006400 
1792 33.010000 -0.010685 -0.006389 
1793 33.020000 -0.010622 -0.006377 
1794 33.030000 -0.010558 -0.006366 
1795 33.040000 -0.010494 -0.006354 
1796 33.050000 -0.010431 -0.006343 
1797 33.060000 -0.010367 -0.006331 
1798 33.070000 -0.010304 -0.006320 
1799 33.080000 -0.010241 -0.006309 
1800 33.090000 -0.010178 -0.006297 
1801 33.100000 -0.010115 -0.006286 
1802 33.110000 -0.010052 -0.006275 
1803 33.120000 -0.009990 -0.006263 
1804 33.130000 -0.009927 -0.006252 
1805 33.140000 -0.009865 -0.006241 
1806 33.150000 -0.009802 -0.006230 
1807 33.160000 -0.009740 -0.006219 
1808 33.170000 -0.009678 -0.006208 
1809 33.180000 -0.009616 -0.006196 
1810 33.190000 -0.009554 -0.006185 
1811 33.200000 -0.009492 -0.006174 
1812 33.210000 -0.009430 -0.006163 
1813 33.220000 -0.009369 -0.006152 
1814 33.230000 -0.009307 -0.006141 
1815 33.240000 -0.009246 -0.006130 
1816 33.250000 -0.009185 -0.006119 
1817 33.260000 -0.009124 -0.006109 
1818 33.270000 -0.009063 -0.006098 
1819 33.280000 -0.009002 -0.006087 
1820 33.290000 -0.008941 -0.006076 
1821 33.300000 -0.008880 -0.006065 
1822 33.310000 -0.008820 -0.006054 
1823 33.320000 -0.008759 -0.006044 
1824 33.330000 -0.008699 -0.006033 
1825 33.340000 -0.008638 -0.006022 
1826 33.350000 -0.008578 -0.006011 
1827 33.360000 -0.008518 -0.006001 
1828 33.370000 -0.008458 -0.005990 
1829 33.380000 -0.008398 -0.005980 
1830 33.390000 -0.008339 -0.005969 
1831 33.400000 -0.008279 -0.005958 
1832 33.410000 -0.008219 -0.005948 
1833 33.420000 -0.008160 -0.005937 
1834 33.430000 -0.008101 -0.005927 
1835 33.440000 -0.008041 -0.005916 
1836 33.450000 -0.007982 -0.005906 
1837 33.460000 -0.007923 -0.005895 
1838 33.470000 -0.007864 -0.005885 
1839 33.480000 -0.007806 -0.005875 
1840 33.490000 -0.007747 -0.005864 
1841 33.500000 -0.007688 -0.005854 
1842 33.510000 -0.007630 -0.005844 
1843 33.520000 -0.007572 -0.005833 
1844 33.530000 -0.007513 -0.005823 
1845 33.540000 -0.007455 -0.005813 
1846 33.550000 -0.007397 -0.005802 
1847 33.560000 -0.007339 -0.005792 
1848 33.570000 -0.007281 -0.005782 
1849 33.580000 -0.007223 -0.005772 
1850 33.590000 -0.007166 -0.005762 
1851 33.600000 -0.007108 -0.005752 
1852 33.610000 -0.007051 -0.005742 
1853 33.620000 -0.006993 -0.005731 
1854 33.630000 -0.006936 -0.005721 
1855 33.640000 -0.006879 -0.005711 
1856 33.650000 -0.006822 -0.005701 
1857 33.660000 -0.006765 -0.005691 
1858 33.670000 -0.006708 -0.005681 
1859 33.680000 -0.006651 -0.005671 
1860 33.690000 -0.006595 -0.005662 
1861 33.700000 -0.006538 -0.005652 
1862 33.710000 -0.006482 -0.005642 
1863 33.720000 -0.006425 -0.005632 
1864 33.730000 -0.006369 -0.005622 
1865 33.740000 -0.006313 -0.005612 
1866 33.750000 -0.006257 -0.005602 
1867 33.760000 -0.006201 -0.005593 
1868 33.770000 -0.006145 -0.005583 
1869 33.780000 -0.006089 -0.005573 
1870 33.790000 -0.006033 -0.005563 
1871 33.800000 -0.005978 -0.005554 
1872 33.810000 -0.005922 -0.005544 
1873 33.820000 -0.005867 -0.005534 
1874 33.830000 -0.005812 -0.005525 
1875 33.840000 -0.005756 -0.005515 
1876 33.850000 -0.005701 -0.005506 
1877 33.860000 -0.005646 -0.005496 
1878 33.870000 -0.005591 -0.005486 
1879 33.880000 -0.005537 -0.005477 
1880 33.890000 -0.005482 -0.005467 
1881 33.900000 -0.005427 -0.005458 
1882 33.910000 -0.005373 -0.005448 
1883 33.920000 -0.005318 -0.005439 
1884 33.930000 -0.005264 -0.005430 
1885 33.940000 -0.005210 -0.005420 
1886 33.950000 -0.005155 -0.005411 
1887 33.960000 -0.005101 -0.005401 
1888 33.970000 -0.005047 -0.005392 
1889 33.980000 -0.004994 -0.005383 
1890 33.990000 -0.004940 -0.005373 
1891 34.000000 -0.004886 -0.005364 
1892 34.010000 -0.004832 -0.005355 
1893 34.020000 -0.004779 -0.005346 
1894 34.030000 -0.004726 -0.005336 
1895 34.040000 -0.004672 -0.005327 
1896 34.050000 -0.004619 -0.005318 
1897 34.060000 -0.004566 -0.005309 
1898 34.070000 -0.004513 -0.005300 
1899 34.080000 -0.004460 -0.005291 
1900 34.090000 -0.004407 -0.005281 
1901 34.100000 -0.004354 -0.005272 
1902 34.110000 -0.004302 -0.005263 
1903 34.120000 -0.004249 -0.005254 
1904 34.130000 -0.004196 -0.005245 
1905 34.140000 -0.004144 -0.005236 
1906 34.150000 -0.004092 -0.005227 
1907 34.160000 -0.004040 -0.005218 
1908 34.170000 -0.003987 -0.005209 
1909 34.180000 -0.003935 -0.005200 
1910 34.190000 -0.003883 -0.005191 
1911 34.200000 -0.003832 -0.005182 
1912 34.210000 -0.003780 -0.005174 
1913 34.220000 -0.003728 -0.005165 
1914 34.230000 -0.003676 -0.005156 
1915 34.240000 -0.003625 -0.005147 
1916 34.250000 -0.003574 -0.005138 
1917 34.260000 -0.003522 -0.005129 
1918 34.270000 -0.003471 -0.005121 
1919 34.280000 -0.003420 -0.005112 
1920 34.290000 -0.003369 -0.005103 
1921 34.300000 -0.003318 -0.005095 
1922 34.310000 -0.003267 -0.005086 
1923 34.320000 -0.003216 -0.005077 
1924 34.330000 -0.003165 -0.005068 
1925 34.340000 -0.003115 -0.005060 
1926 34.350000 -0.003064 -0.005051 
1927 34.360000 -0.003014 -0.005043 
1928 34.370000 -0.002963 -0.005034 
1929 34.380000 -0.002913 -0.005025 
1930 34.390000 -0.002863 -0.005017 
1931 34.400000 -0.002813 -0.005008 
1932 34.410000 -0.002763 -0.005000 
1933 34.420000 -0.002713 -0.004991 
1934 34.430000 -0.002663 -0.004983 
1935 34.440000 -0.002613 -0.004974 
1936 34.450000 -0.002563 -0.004966 
1937 34.460000 -0.002514 -0.004958 
1938 34.470000 -0.002464 -0.004949 
1939 34.480000 -0.002415 -0.004941 
1940 34.490000 -0.002365 -0.004932 
1941 34.500000 -0.002316 -0.004924 
1942 34.510000 -0.002267 -0.004916 
1943 34.520000 -0.002218 -0.004907 
1944 34.530000 -0.002169 -0.004899 
1945 34.540000 -0.002120 -0.004891 
1946 34.550000 -0.002071 -0.004882 
1947 34.560000 -0.002022 -0.004874 
1948 34.570000 -0.001973 -0.004866 
1949 34.580000 -0.001925 -0.004858 
1950 34.590000 -0.001876 -0.004850 
1951 34.600000 -0.001828 -0.004841 
1952 34.610000 -0.001779 -0.004833 
1953 34.620000 -0.001731 -0.004825 
1954 34.630000 -0.001683 -0.004817 
1955 34.640000 -0.001635 -0.004809 
1956 34.650000 -0.001587 -0.004801 
1957 34.660000 -0.001539 -0.004793 
1958 34.670000 -0.001491 -0.004785 
1959 34.680000 -0.001443 -0.004777 
1960 34.690000 -0.001395 -0.004768 
1961 34.700000 -0.001348 -0.004760 
1962 34.710000 -0.001300 -0.004752 
1963 34.720000 -0.001253 -0.004744 
1964 34.730000 -0.001205 -0.004737 
1965 34.740000 -0.001158 -0.004729 
1966 34.750000 -0.001111 -0.004721 
1967 34.760000 -0.001063 -0.004713 
1968 34.770000 -0.001016 -0.004705 
1969 34.780000 -0.000969 -0.004697 
1970 34.790000 -0.000922 -0.004689 
1971 34.800000 -0.000876 -0.004681 
1972 34.810000 -0.000829 -0.004673 
1973 34.820000 -0.000782 -0.004666 
1974 34.830000 -0.000735 -0.004658 
1975 34.840000 -0.000689 -0.004650 
1976 34.850000 -0.000642 -0.004642 
1977 34.860000 -0.000596 -0.004634 
1978 34.870000 -0.000550 -0.004627 
1979 34.880000 -0.000504 -0.004619 
1980 34.890000 -0.000457 -0.004611 
1981 34.900000 -0.000411 -0.004604 
1982 34.910000 -0.000365 -0.004596 
1983 34.920000 -0.000319 -0.004588 
1984 34.930000 -0.000274 -0.004581 
1985 34.940000 -0.000228 -0.004573 
1986 34.950000 -0.000182 -0.004565 
1987 34.960000 -0.000136 -0.004558 
1988 34.970000 -0.000091 -0.004550 
1989 34.980000 -0.000045 -0.004543 
1990 34.990000 -0.000000 -0.004535 
