1 15.100000 59755811510006.109375 5382443363731375.000000  
2 15.110000 25323578724436.011719 2073798194129873.500000  
3 15.120000 11563994665411.613281 868151017086292.875000  
4 15.130000 5622501507916.984375 389662996320951.687500  
5 15.140000 2883692442277.748535 185591409748120.343750  
6 15.150000 1548682330913.951904 93034022395111.578125  
7 15.160000 865739438858.590698 48760862713081.304688  
8 15.170000 501315499860.466064 26576605091432.425781  
9 15.180000 299491372392.134949 14996223366213.265625  
10 15.190000 183967454553.187408 8727501574905.181641  
11 15.200000 115862035134.008484 5222107115236.102539  
12 15.210000 74632222902.227661 3203859033662.132324  
13 15.220000 49066612902.004311 2010763596233.397949  
14 15.230000 32864813420.933018 1288343980683.156982  
15 15.240000 22390993814.927902 841242248740.595703  
16 15.250000 15495611862.666527 558930319666.209961  
17 15.260000 10879386363.103775 377354502105.352417  
18 15.270000 7740836441.926983 258566147390.042664  
19 15.280000 5576199272.565383 179620684841.431244  
20 15.290000 4063301020.437825 126381974403.635773  
21 15.300000 2992759088.054945 89987493086.922318  
22 15.310000 2226443044.761478 64790079572.673775  
23 15.320000 1671947258.091028 47136531159.322914  
24 15.330000 1266643132.920683 34629895969.830292  
25 15.340000 967561748.237708 25676502418.752441  
26 15.350000 744882316.321872 19203497867.459721  
27 15.360000 577684388.984670 14480143308.163763  
28 15.370000 451141418.949785 11003201751.700832  
29 15.380000 354644296.435640 8422484091.346764  
30 15.390000 280532458.317920 6491893352.117910  
31 15.400000 223226647.919370 5036864651.949114  
32 15.410000 178630174.678792 3932474117.269476  
33 15.420000 143711570.421699 3088569038.653015  
34 15.430000 116211030.485496 2439568423.750819  
35 15.440000 94432133.617868 1937401952.590141  
36 15.450000 77092847.211557 1546578357.070424  
37 15.460000 63218104.348332 1240711990.184054  
38 15.470000 52061772.319357 1000056739.174549  
39 15.480000 43049564.788859 809741684.488438  
40 15.490000 35736990.217392 658499544.546762  
41 15.500000 29778173.112176 537743828.263468  
42 15.510000 24902591.675893 440894557.371034  
43 15.520000 20897617.366179 362882426.115495  
44 15.530000 17595333.590552 299781919.261387  
45 15.540000 14862529.615373 248538234.208819  
46 15.550000 12593064.313694 206762861.448456  
47 15.560000 10702008.586829 172579719.512338  
48 15.570000 9121129.975160 144508728.859351  
49 15.580000 7795395.355338 121377265.708005  
50 15.590000 6680249.754345 102252488.529352  
51 15.600000 5739489.679807 86389371.724791  
52 15.610000 4943593.981983 73190618.178011  
53 15.620000 4268408.411458 62175598.617118  
54 15.630000 3694104.791448 52956182.337008  
55 15.640000 3204354.301593 45217852.620782  
56 15.650000 2785668.379171 38704892.368776  
57 15.660000 2426871.356308 33208717.717161  
58 15.670000 2118677.027405 28558656.284344  
59 15.680000 1853347.512755 24614631.316676  
60 15.690000 1624417.520870 21261337.400113  
61 15.700000 1426470.761852 18403587.801181  
62 15.710000 1254958.087725 15962585.432371  
63 15.720000 1106049.128322 13872924.472465  
64 15.730000 976510.900466 12080171.945796  
65 15.740000 863608.205136 10538911.159345  
66 15.750000 765021.676864 9211154.122077  
67 15.760000 678780.176319 8065049.663593  
68 15.770000 603204.870336 7073829.240079  
69 15.780000 536862.861660 6214944.358640  
70 15.790000 478528.642597 5469358.922509  
71 15.800000 427151.975414 4820967.176859  
72 15.810000 381831.065254 4256113.760590  
73 15.820000 341790.102333 3763196.983964  
74 15.830000 306360.419934 3332340.117972  
75 15.840000 274964.651726 2955118.402296  
76 15.850000 247103.382746 2624331.812686  
77 15.860000 222343.878293 2333815.498596  
78 15.870000 200310.548085 2078281.304317  
79 15.880000 180676.862624 1853184.997044  
80 15.890000 163158.487429 1654614.802628  
81 15.900000 147507.440707 1479197.641027  
82 15.910000 133507.112744 1324020.095637  
83 15.920000 120968.012322 1186561.673129  
84 15.930000 109724.127634 1064638.336402  
85 15.940000 99629.807592 956354.641472  
86 15.950000 90557.084619 860063.094291  
87 15.960000 82393.372649 774329.577654  
88 15.970000 75039.484560 697903.890930  
89 15.980000 68407.922042 629694.604175  
90 15.990000 62421.398176 568747.559341  
91 16.000000 57011.559127 514227.459895  
92 16.010000 52117.876499 465402.080182  
93 16.020000 47686.686150 421628.700750  
94 16.030000 43670.352941 382342.438105  
95 16.040000 40026.543893 347046.189351  
96 16.050000 36717.594825 315301.955593  
97 16.060000 33709.957708 286723.344319  
98 16.070000 30973.717822 260969.081442  
99 16.080000 28482.171348 237737.389308  
100 16.090000 26211.455367 216761.108484  
101 16.100000 24140.223366 197803.459308  
102 16.110000 22249.360303 180654.354507  
103 16.120000 20521.732110 165127.187117  
104 16.130000 18941.965218 151056.028938  
105 16.140000 17496.252272 138293.184028  
106 16.150000 16172.180746 126707.049662  
107 16.160000 14958.581579 116180.243891  
108 16.170000 13845.395349 106607.964547  
109 16.180000 12823.553835 97896.549444  
110 16.190000 11884.875074 89962.211676  
111 16.200000 11021.970287 82729.927488  
112 16.210000 10228.161246 76132.457242  
113 16.220000 9497.406840 70109.482630  
114 16.230000 8824.237743 64606.845530  
115 16.240000 8203.698247 59575.875828  
116 16.250000 7631.294408 54972.797207  
117 16.260000 7102.947794 50758.201333  
118 16.270000 6614.954179 46896.582103  
119 16.280000 6163.946632 43355.922685  
120 16.290000 5746.862484 40107.329042  
121 16.300000 5360.913766 37124.704366  
122 16.310000 5003.560713 34384.459616  
123 16.320000 4672.487994 31865.255911  
124 16.330000 4365.583387 29547.775058  
125 16.340000 4080.918605 27414.514979  
126 16.350000 3816.732076 25449.607162  
127 16.360000 3571.413428 23638.653627  
128 16.370000 3343.489532 21968.581211  
129 16.380000 3131.611915 20427.511202  
130 16.390000 2934.545411 19004.642627  
131 16.400000 2751.157915 17690.147673  
132 16.410000 2580.411129 16475.077907  
133 16.420000 2421.352197 15351.280103  
134 16.430000 2273.106138 14311.320659  
135 16.440000 2134.868994 13348.417642  
136 16.450000 2005.901628 12456.379672  
137 16.460000 1885.524091 11629.550907  
138 16.470000 1773.110527 10862.761476  
139 16.480000 1668.084537 10151.282799  
140 16.490000 1569.914968 9490.787285  
141 16.500000 1478.112094 8877.311936  
142 16.510000 1392.224133 8307.225479  
143 16.520000 1311.834083 7777.198646  
144 16.530000 1236.556836 7284.177293  
145 16.540000 1166.036555 6825.358064  
146 16.550000 1099.944273 6398.166344  
147 16.560000 1037.975711 6000.236286  
148 16.570000 979.849279 5629.392682  
149 16.580000 925.304257 5283.634522  
150 16.590000 874.099125 4961.120055  
151 16.600000 826.010045 4660.153219  
152 16.610000 780.829458 4379.171300  
153 16.620000 738.364817 4116.733706  
154 16.630000 698.437410 3871.511749  
155 16.640000 660.881294 3642.279331  
156 16.650000 625.542308 3427.904467  
157 16.660000 592.277174 3227.341543  
158 16.670000 560.952666 3039.624260  
159 16.680000 531.444855 2863.859187  
160 16.690000 503.638403 2699.219880  
161 16.700000 477.425927 2544.941496  
162 16.710000 452.707403 2400.315876  
163 16.720000 429.389626 2264.687047  
164 16.730000 407.385705 2137.447097  
165 16.740000 386.614604 2018.032407  
166 16.750000 367.000719 1905.920189  
167 16.760000 348.473480 1800.625319  
168 16.770000 330.966993 1701.697428  
169 16.780000 314.419706 1608.718234  
170 16.790000 298.774098 1521.299092  
171 16.800000 283.976397 1439.078743  
172 16.810000 269.976316 1361.721247  
173 16.820000 256.726807 1288.914079  
174 16.830000 244.183838 1220.366383  
175 16.840000 232.306186 1155.807356  
176 16.850000 221.055238 1094.984772  
177 16.860000 210.394821 1037.663612  
178 16.870000 200.291027 983.624805  
179 16.880000 190.712066 932.664072  
180 16.890000 181.628122 884.590851  
181 16.900000 173.011218 839.227309  
182 16.910000 164.835098 796.407435  
183 16.920000 157.075108 755.976192  
184 16.930000 149.708096 717.788743  
185 16.940000 142.712306 681.709728  
186 16.950000 136.067296 647.612602  
187 16.960000 129.753843 615.379017  
188 16.970000 123.753873 584.898253  
189 16.980000 118.050382 556.066693  
190 16.990000 112.627366 528.787331  
191 17.000000 107.469764 502.969321  
192 17.010000 102.563393 478.527556  
193 17.020000 97.894892 455.382283  
194 17.030000 93.451675 433.458737  
195 17.040000 89.221879 412.686808  
196 17.050000 85.194320 393.000732  
197 17.060000 81.358451 374.338798  
198 17.070000 77.704324 356.643083  
199 17.080000 74.222550 339.859204  
200 17.090000 70.904271 323.936080  
201 17.100000 67.741120 308.825722  
202 17.110000 64.725198 294.483030  
203 17.120000 61.849042 280.865609  
204 17.130000 59.105601 267.933589  
205 17.140000 56.488211 255.649471  
206 17.150000 53.990570 243.977969  
207 17.160000 51.606720 232.885876  
208 17.170000 49.331026 222.341925  
209 17.180000 47.158153 212.316676  
210 17.190000 45.083056 202.782395  
211 17.200000 43.100956 193.712949  
212 17.210000 41.207330 185.083710  
213 17.220000 39.397892 176.871458  
214 17.230000 37.668584 169.054296  
215 17.240000 36.015558 161.611572  
216 17.250000 34.435169 154.523796  
217 17.260000 32.923960 147.772578  
218 17.270000 31.478654 141.340555  
219 17.280000 30.096140 135.211333  
220 17.290000 28.773469 129.369427  
221 17.300000 27.507843 123.800208  
222 17.310000 26.296602 118.489853  
223 17.320000 25.137226 113.425294  
224 17.330000 24.027318 108.594177  
225 17.340000 22.964604 103.984818  
226 17.350000 21.946920 99.586167  
227 17.360000 20.972213 95.387767  
228 17.370000 20.038530 91.379722  
229 17.380000 19.144015 87.552666  
230 17.390000 18.286903 83.897728  
231 17.400000 17.465515 80.406510  
232 17.410000 16.678254 77.071056  
233 17.420000 15.923600 73.883825  
234 17.430000 15.200107 70.837675  
235 17.440000 14.506399 67.925832  
236 17.450000 13.841164 65.141876  
237 17.460000 13.203155 62.479716  
238 17.470000 12.591183 59.933578  
239 17.480000 12.004115 57.497981  
240 17.490000 11.440872 55.167725  
241 17.500000 10.900426 52.937874  
242 17.510000 10.381796 50.803740  
243 17.520000 9.884047 48.760876  
244 17.530000 9.406288 46.805054  
245 17.540000 8.947669 44.932260  
246 17.550000 8.507379 43.138678  
247 17.560000 8.084644 41.420683  
248 17.570000 7.678725 39.774830  
249 17.580000 7.288917 38.197841  
250 17.590000 6.914549 36.686601  
251 17.600000 6.554976 35.238147  
252 17.610000 6.209586 33.849659  
253 17.620000 5.877792 32.518455  
254 17.630000 5.559034 31.241982  
255 17.640000 5.252778 30.017810  
256 17.650000 4.958512 28.843627  
257 17.660000 4.675746 27.717228  
258 17.670000 4.404015 26.636515  
259 17.680000 4.142870 25.599491  
260 17.690000 3.891886 24.604251  
261 17.700000 3.650652 23.648980  
262 17.710000 3.418779 22.731949  
263 17.720000 3.195891 21.851510  
264 17.730000 2.981632 21.006089  
265 17.740000 2.775658 20.194188  
266 17.750000 2.577641 19.414378  
267 17.760000 2.387268 18.665293  
268 17.770000 2.204237 17.945634  
269 17.780000 2.028261 17.254157  
270 17.790000 1.859064 16.589677  
271 17.800000 1.696381 15.951064  
272 17.810000 1.539960 15.337235  
273 17.820000 1.389557 14.747161  
274 17.830000 1.244941 14.179854  
275 17.840000 1.105888 13.634375  
276 17.850000 0.972184 13.109822  
277 17.860000 0.843624 12.605338  
278 17.870000 0.720013 12.120100  
279 17.880000 0.601161 11.653324  
280 17.890000 0.486887 11.204259  
281 17.900000 0.377019 10.772187  
282 17.910000 0.271389 10.356422  
283 17.920000 0.169838 9.956307  
284 17.930000 0.072213 9.571215  
285 17.940000 -0.021634 9.200543  
286 17.950000 -0.111844 8.843718  
287 17.960000 -0.198553 8.500190  
288 17.970000 -0.281890 8.169430  
289 17.980000 -0.361982 7.850935  
290 17.990000 -0.438948 7.544223  
291 18.000000 -0.512904 7.248830  
292 18.010000 -0.583961 6.964314  
293 18.020000 -0.652225 6.690250  
294 18.030000 -0.717800 6.426233  
295 18.040000 -0.780782 6.171872  
296 18.050000 -0.841268 5.926794  
297 18.060000 -0.899348 5.690643  
298 18.070000 -0.955110 5.463074  
299 18.080000 -1.008637 5.243759  
300 18.090000 -1.060011 5.032383  
301 18.100000 -1.109310 4.828643  
302 18.110000 -1.156609 4.632250  
303 18.120000 -1.201979 4.442925  
304 18.130000 -1.245490 4.260402  
305 18.140000 -1.287208 4.084425  
306 18.150000 -1.327199 3.914747  
307 18.160000 -1.365524 3.751134  
308 18.170000 -1.402241 3.593358  
309 18.180000 -1.437410 3.441203  
310 18.190000 -1.471083 3.294460  
311 18.200000 -1.503316 3.152928  
312 18.210000 -1.534159 3.016416  
313 18.220000 -1.563661 2.884738  
314 18.230000 -1.591869 2.757717  
315 18.240000 -1.618830 2.635183  
316 18.250000 -1.644587 2.516971  
317 18.260000 -1.669183 2.402924  
318 18.270000 -1.692659 2.292891  
319 18.280000 -1.715054 2.186726  
320 18.290000 -1.736406 2.084291  
321 18.300000 -1.756752 1.985449  
322 18.310000 -1.776126 1.890072  
323 18.320000 -1.794564 1.798036  
324 18.330000 -1.812098 1.709221  
325 18.340000 -1.828759 1.623512  
326 18.350000 -1.844578 1.540798  
327 18.360000 -1.859585 1.460974  
328 18.370000 -1.873807 1.383936  
329 18.380000 -1.887272 1.309587  
330 18.390000 -1.900007 1.237831  
331 18.400000 -1.912037 1.168577  
332 18.410000 -1.923387 1.101737  
333 18.420000 -1.934080 1.037228  
334 18.430000 -1.944139 0.974966  
335 18.440000 -1.953586 0.914875  
336 18.450000 -1.962443 0.856877  
337 18.460000 -1.970731 0.800902  
338 18.470000 -1.978468 0.746878  
339 18.480000 -1.985674 0.694739  
340 18.490000 -1.992369 0.644418  
341 18.500000 -1.998569 0.595855  
342 18.510000 -2.004291 0.548987  
343 18.520000 -2.009554 0.503758  
344 18.530000 -2.014372 0.460110  
345 18.540000 -2.018761 0.417991  
346 18.550000 -2.022737 0.377347  
347 18.560000 -2.026313 0.338129  
348 18.570000 -2.029504 0.300289  
349 18.580000 -2.032323 0.263779  
350 18.590000 -2.034784 0.228555  
351 18.600000 -2.036898 0.194572  
352 18.610000 -2.038679 0.161791  
353 18.620000 -2.040138 0.130169  
354 18.630000 -2.041286 0.099668  
355 18.640000 -2.042135 0.070250  
356 18.650000 -2.042695 0.041880  
357 18.660000 -2.042976 0.014521  
358 18.670000 -2.042988 -0.011859  
359 18.680000 -2.042742 -0.037293  
360 18.690000 -2.042246 -0.061813  
361 18.700000 -2.041509 -0.085449  
362 18.710000 -2.040539 -0.108231  
363 18.720000 -2.039347 -0.130186  
364 18.730000 -2.037938 -0.151342  
365 18.740000 -2.036322 -0.171726  
366 18.750000 -2.034506 -0.191363  
367 18.760000 -2.032498 -0.210277  
368 18.770000 -2.030303 -0.228493  
369 18.780000 -2.027930 -0.246032  
370 18.790000 -2.025385 -0.262919  
371 18.800000 -2.022674 -0.279173  
372 18.810000 -2.019803 -0.294816  
373 18.820000 -2.016779 -0.309867  
374 18.830000 -2.013608 -0.324346  
375 18.840000 -2.010294 -0.338272  
376 18.850000 -2.006844 -0.351663  
377 18.860000 -2.003263 -0.364536  
378 18.870000 -1.999555 -0.376907  
379 18.880000 -1.995726 -0.388794  
380 18.890000 -1.991781 -0.400212  
381 18.900000 -1.987723 -0.411176  
382 18.910000 -1.983559 -0.421701  
383 18.920000 -1.979291 -0.431802  
384 18.930000 -1.974924 -0.441491  
385 18.940000 -1.970462 -0.450783  
386 18.950000 -1.965910 -0.459690  
387 18.960000 -1.961270 -0.468224  
388 18.970000 -1.956546 -0.476399  
389 18.980000 -1.951743 -0.484224  
390 18.990000 -1.946863 -0.491712  
391 19.000000 -1.941910 -0.498874  
392 19.010000 -1.936887 -0.505720  
393 19.020000 -1.931796 -0.512260  
394 19.030000 -1.926642 -0.518505  
395 19.040000 -1.921427 -0.524463  
396 19.050000 -1.916154 -0.530144  
397 19.060000 -1.910825 -0.535557  
398 19.070000 -1.905444 -0.540711  
399 19.080000 -1.900012 -0.545614  
400 19.090000 -1.894532 -0.550273  
401 19.100000 -1.889007 -0.554698  
402 19.110000 -1.883439 -0.558896  
403 19.120000 -1.877830 -0.562873  
404 19.130000 -1.872182 -0.566637  
405 19.140000 -1.866498 -0.570196  
406 19.150000 -1.860779 -0.573555  
407 19.160000 -1.855028 -0.576721  
408 19.170000 -1.849245 -0.579701  
409 19.180000 -1.843434 -0.582500  
410 19.190000 -1.837596 -0.585124  
411 19.200000 -1.831732 -0.587579  
412 19.210000 -1.825845 -0.589871  
413 19.220000 -1.819935 -0.592005  
414 19.230000 -1.814005 -0.593986  
415 19.240000 -1.808056 -0.595819  
416 19.250000 -1.802089 -0.597509  
417 19.260000 -1.796106 -0.599061  
418 19.270000 -1.790109 -0.600478  
419 19.280000 -1.784097 -0.601767  
420 19.290000 -1.778074 -0.602930  
421 19.300000 -1.772039 -0.603972  
422 19.310000 -1.765995 -0.604897  
423 19.320000 -1.759941 -0.605709  
424 19.330000 -1.753881 -0.606412  
425 19.340000 -1.747814 -0.607009  
426 19.350000 -1.741741 -0.607504  
427 19.360000 -1.735664 -0.607901  
428 19.370000 -1.729583 -0.608201  
429 19.380000 -1.723500 -0.608410  
430 19.390000 -1.717415 -0.608530  
431 19.400000 -1.711330 -0.608563  
432 19.410000 -1.705244 -0.608514  
433 19.420000 -1.699160 -0.608384  
434 19.430000 -1.693077 -0.608177  
435 19.440000 -1.686997 -0.607895  
436 19.450000 -1.680919 -0.607541  
437 19.460000 -1.674846 -0.607117  
438 19.470000 -1.668777 -0.606626  
439 19.480000 -1.662714 -0.606069  
440 19.490000 -1.656656 -0.605451  
441 19.500000 -1.650605 -0.604771  
442 19.510000 -1.644561 -0.604034  
443 19.520000 -1.638524 -0.603240  
444 19.530000 -1.632496 -0.602392  
445 19.540000 -1.626477 -0.601492  
446 19.550000 -1.620466 -0.600541  
447 19.560000 -1.614466 -0.599542  
448 19.570000 -1.608476 -0.598497  
449 19.580000 -1.602496 -0.597406  
450 19.590000 -1.596528 -0.596272  
451 19.600000 -1.590571 -0.595096  
452 19.610000 -1.584626 -0.593881  
453 19.620000 -1.578693 -0.592626  
454 19.630000 -1.572774 -0.591335  
455 19.640000 -1.566867 -0.590008  
456 19.650000 -1.560974 -0.588646  
457 19.660000 -1.555094 -0.587252  
458 19.670000 -1.549229 -0.585826  
459 19.680000 -1.543378 -0.584370  
460 19.690000 -1.537541 -0.582885  
461 19.700000 -1.531720 -0.581371  
462 19.710000 -1.525914 -0.579831  
463 19.720000 -1.520123 -0.578266  
464 19.730000 -1.514349 -0.576676  
465 19.740000 -1.508590 -0.575062  
466 19.750000 -1.502848 -0.573426  
467 19.760000 -1.497122 -0.571768  
468 19.770000 -1.491412 -0.570090  
469 19.780000 -1.485720 -0.568393  
470 19.790000 -1.480044 -0.566676  
471 19.800000 -1.474386 -0.564942  
472 19.810000 -1.468746 -0.563191  
473 19.820000 -1.463123 -0.561424  
474 19.830000 -1.457517 -0.559641  
475 19.840000 -1.451930 -0.557844  
476 19.850000 -1.446360 -0.556033  
477 19.860000 -1.440809 -0.554209  
478 19.870000 -1.435276 -0.552373  
479 19.880000 -1.429762 -0.550524  
480 19.890000 -1.424266 -0.548665  
481 19.900000 -1.418789 -0.546796  
482 19.910000 -1.413330 -0.544916  
483 19.920000 -1.407890 -0.543028  
484 19.930000 -1.402469 -0.541131  
485 19.940000 -1.397068 -0.539225  
486 19.950000 -1.391685 -0.537313  
487 19.960000 -1.386321 -0.535393  
488 19.970000 -1.380977 -0.533467  
489 19.980000 -1.375652 -0.531535  
490 19.990000 -1.370346 -0.529597  
491 20.000000 -1.365060 -0.527655  
492 20.010000 -1.359793 -0.525707  
493 20.020000 -1.354546 -0.523756  
494 20.030000 -1.349318 -0.521801  
495 20.040000 -1.344110 -0.519843  
496 20.050000 -1.338921 -0.517882  
497 20.060000 -1.333752 -0.515918  
498 20.070000 -1.328603 -0.513953  
499 20.080000 -1.323473 -0.511985  
500 20.090000 -1.318363 -0.510016  
501 20.100000 -1.313273 -0.508046  
502 20.110000 -1.308202 -0.506075  
503 20.120000 -1.303152 -0.504104  
504 20.130000 -1.298120 -0.502133  
505 20.140000 -1.293109 -0.500161  
506 20.150000 -1.288117 -0.498191  
507 20.160000 -1.283145 -0.496220  
508 20.170000 -1.278193 -0.494251  
509 20.180000 -1.273260 -0.492283  
510 20.190000 -1.268347 -0.490317  
511 20.200000 -1.263454 -0.488352  
512 20.210000 -1.258580 -0.486389  
513 20.220000 -1.253726 -0.484429  
514 20.230000 -1.248891 -0.482471  
515 20.240000 -1.244076 -0.480515  
516 20.250000 -1.239281 -0.478562  
517 20.260000 -1.234505 -0.476612  
518 20.270000 -1.229749 -0.474666  
519 20.280000 -1.225012 -0.472722  
520 20.290000 -1.220294 -0.470783  
521 20.300000 -1.215596 -0.468847  
522 20.310000 -1.210917 -0.466914  
523 20.320000 -1.206258 -0.464986  
524 20.330000 -1.201618 -0.463062  
525 20.340000 -1.196997 -0.461143  
526 20.350000 -1.192395 -0.459227  
527 20.360000 -1.187812 -0.457317  
528 20.370000 -1.183248 -0.455411  
529 20.380000 -1.178704 -0.453510  
530 20.390000 -1.174178 -0.451614  
531 20.400000 -1.169672 -0.449723  
532 20.410000 -1.165184 -0.447837  
533 20.420000 -1.160715 -0.445956  
534 20.430000 -1.156265 -0.444081  
535 20.440000 -1.151833 -0.442212  
536 20.450000 -1.147420 -0.440348  
537 20.460000 -1.143026 -0.438489  
538 20.470000 -1.138651 -0.436637  
539 20.480000 -1.134293 -0.434790  
540 20.490000 -1.129955 -0.432949  
541 20.500000 -1.125634 -0.431114  
542 20.510000 -1.121332 -0.429285  
543 20.520000 -1.117049 -0.427463  
544 20.530000 -1.112783 -0.425646  
545 20.540000 -1.108536 -0.423836  
546 20.550000 -1.104306 -0.422032  
547 20.560000 -1.100095 -0.420235  
548 20.570000 -1.095902 -0.418444  
549 20.580000 -1.091726 -0.416659  
550 20.590000 -1.087569 -0.414881  
551 20.600000 -1.083429 -0.413110  
552 20.610000 -1.079306 -0.411345  
553 20.620000 -1.075202 -0.409587  
554 20.630000 -1.071115 -0.407835  
555 20.640000 -1.067045 -0.406090  
556 20.650000 -1.062993 -0.404352  
557 20.660000 -1.058958 -0.402621  
558 20.670000 -1.054940 -0.400897  
559 20.680000 -1.050940 -0.399179  
560 20.690000 -1.046957 -0.397469  
561 20.700000 -1.042991 -0.395765  
562 20.710000 -1.039041 -0.394068  
563 20.720000 -1.035109 -0.392378  
564 20.730000 -1.031194 -0.390695  
565 20.740000 -1.027295 -0.389020  
566 20.750000 -1.023413 -0.387351  
567 20.760000 -1.019548 -0.385689  
568 20.770000 -1.015700 -0.384034  
569 20.780000 -1.011867 -0.382386  
570 20.790000 -1.008052 -0.380745  
571 20.800000 -1.004253 -0.379111  
572 20.810000 -1.000470 -0.377485  
573 20.820000 -0.996703 -0.375865  
574 20.830000 -0.992952 -0.374252  
575 20.840000 -0.989218 -0.372647  
576 20.850000 -0.985499 -0.371048  
577 20.860000 -0.981797 -0.369457  
578 20.870000 -0.978110 -0.367872  
579 20.880000 -0.974439 -0.366295  
580 20.890000 -0.970784 -0.364725  
581 20.900000 -0.967145 -0.363162  
582 20.910000 -0.963521 -0.361605  
583 20.920000 -0.959913 -0.360056  
584 20.930000 -0.956320 -0.358514  
585 20.940000 -0.952742 -0.356979  
586 20.950000 -0.949180 -0.355451  
587 20.960000 -0.945633 -0.353930  
588 20.970000 -0.942102 -0.352416  
589 20.980000 -0.938585 -0.350909  
590 20.990000 -0.935083 -0.349409  
591 21.000000 -0.931597 -0.347916  
592 21.010000 -0.928125 -0.346430  
593 21.020000 -0.924668 -0.344951  
594 21.030000 -0.921226 -0.343478  
595 21.040000 -0.917799 -0.342013  
596 21.050000 -0.914386 -0.340554  
597 21.060000 -0.910987 -0.339103  
598 21.070000 -0.907604 -0.337658  
599 21.080000 -0.904234 -0.336220  
600 21.090000 -0.900879 -0.334789  
601 21.100000 -0.897538 -0.333365  
602 21.110000 -0.894212 -0.331947  
603 21.120000 -0.890899 -0.330537  
604 21.130000 -0.887601 -0.329133  
605 21.140000 -0.884317 -0.327735  
606 21.150000 -0.881046 -0.326345  
607 21.160000 -0.877790 -0.324961  
608 21.170000 -0.874547 -0.323584  
609 21.180000 -0.871318 -0.322213  
610 21.190000 -0.868103 -0.320849  
611 21.200000 -0.864901 -0.319492  
612 21.210000 -0.861713 -0.318141  
613 21.220000 -0.858538 -0.316797  
614 21.230000 -0.855377 -0.315459  
615 21.240000 -0.852229 -0.314128  
616 21.250000 -0.849094 -0.312803  
617 21.260000 -0.845973 -0.311485  
618 21.270000 -0.842865 -0.310173  
619 21.280000 -0.839770 -0.308868  
620 21.290000 -0.836687 -0.307569  
621 21.300000 -0.833618 -0.306276  
622 21.310000 -0.830562 -0.304990  
623 21.320000 -0.827518 -0.303710  
624 21.330000 -0.824488 -0.302436  
625 21.340000 -0.821470 -0.301169  
626 21.350000 -0.818464 -0.299908  
627 21.360000 -0.815471 -0.298653  
628 21.370000 -0.812491 -0.297404  
629 21.380000 -0.809523 -0.296161  
630 21.390000 -0.806568 -0.294925  
631 21.400000 -0.803625 -0.293694  
632 21.410000 -0.800694 -0.292470  
633 21.420000 -0.797775 -0.291252  
634 21.430000 -0.794869 -0.290039  
635 21.440000 -0.791975 -0.288833  
636 21.450000 -0.789092 -0.287633  
637 21.460000 -0.786222 -0.286438  
638 21.470000 -0.783363 -0.285250  
639 21.480000 -0.780517 -0.284067  
640 21.490000 -0.777682 -0.282891  
641 21.500000 -0.774859 -0.281720  
642 21.510000 -0.772048 -0.280555  
643 21.520000 -0.769248 -0.279396  
644 21.530000 -0.766460 -0.278242  
645 21.540000 -0.763683 -0.277094  
646 21.550000 -0.760918 -0.275952  
647 21.560000 -0.758164 -0.274816  
648 21.570000 -0.755421 -0.273685  
649 21.580000 -0.752690 -0.272560  
650 21.590000 -0.749970 -0.271441  
651 21.600000 -0.747261 -0.270327  
652 21.610000 -0.744564 -0.269218  
653 21.620000 -0.741877 -0.268115  
654 21.630000 -0.739201 -0.267018  
655 21.640000 -0.736537 -0.265926  
656 21.650000 -0.733883 -0.264839  
657 21.660000 -0.731240 -0.263758  
658 21.670000 -0.728608 -0.262683  
659 21.680000 -0.725986 -0.261612  
660 21.690000 -0.723375 -0.260547  
661 21.700000 -0.720775 -0.259487  
662 21.710000 -0.718186 -0.258433  
663 21.720000 -0.715607 -0.257384  
664 21.730000 -0.713038 -0.256340  
665 21.740000 -0.710480 -0.255301  
666 21.750000 -0.707932 -0.254267  
667 21.760000 -0.705394 -0.253238  
668 21.770000 -0.702867 -0.252215  
669 21.780000 -0.700350 -0.251197  
670 21.790000 -0.697843 -0.250183  
671 21.800000 -0.695346 -0.249175  
672 21.810000 -0.692860 -0.248172  
673 21.820000 -0.690383 -0.247174  
674 21.830000 -0.687916 -0.246180  
675 21.840000 -0.685459 -0.245192  
676 21.850000 -0.683012 -0.244208  
677 21.860000 -0.680575 -0.243230  
678 21.870000 -0.678148 -0.242256  
679 21.880000 -0.675730 -0.241287  
680 21.890000 -0.673322 -0.240323  
681 21.900000 -0.670924 -0.239364  
682 21.910000 -0.668535 -0.238409  
683 21.920000 -0.666155 -0.237459  
684 21.930000 -0.663785 -0.236514  
685 21.940000 -0.661425 -0.235573  
686 21.950000 -0.659074 -0.234637  
687 21.960000 -0.656732 -0.233706  
688 21.970000 -0.654400 -0.232780  
689 21.980000 -0.652077 -0.231857  
690 21.990000 -0.649763 -0.230940  
691 22.000000 -0.647458 -0.230027  
692 22.010000 -0.645162 -0.229118  
693 22.020000 -0.642875 -0.228214  
694 22.030000 -0.640598 -0.227315  
695 22.040000 -0.638329 -0.226420  
696 22.050000 -0.636069 -0.225529  
697 22.060000 -0.633819 -0.224642  
698 22.070000 -0.631577 -0.223760  
699 22.080000 -0.629343 -0.222883  
700 22.090000 -0.627119 -0.222009  
701 22.100000 -0.624903 -0.221140  
702 22.110000 -0.622696 -0.220275  
703 22.120000 -0.620498 -0.219415  
704 22.130000 -0.618308 -0.218558  
705 22.140000 -0.616126 -0.217706  
706 22.150000 -0.613954 -0.216858  
707 22.160000 -0.611789 -0.216014  
708 22.170000 -0.609633 -0.215175  
709 22.180000 -0.607486 -0.214339  
710 22.190000 -0.605347 -0.213507  
711 22.200000 -0.603216 -0.212680  
712 22.210000 -0.601093 -0.211856  
713 22.220000 -0.598978 -0.211037  
714 22.230000 -0.596872 -0.210221  
715 22.240000 -0.594774 -0.209410  
716 22.250000 -0.592684 -0.208602  
717 22.260000 -0.590602 -0.207799  
718 22.270000 -0.588528 -0.206999  
719 22.280000 -0.586462 -0.206203  
720 22.290000 -0.584404 -0.205411  
721 22.300000 -0.582354 -0.204623  
722 22.310000 -0.580311 -0.203839  
723 22.320000 -0.578277 -0.203058  
724 22.330000 -0.576250 -0.202281  
725 22.340000 -0.574231 -0.201508  
726 22.350000 -0.572220 -0.200739  
727 22.360000 -0.570217 -0.199973  
728 22.370000 -0.568221 -0.199211  
729 22.380000 -0.566232 -0.198453  
730 22.390000 -0.564252 -0.197699  
731 22.400000 -0.562278 -0.196948  
732 22.410000 -0.560313 -0.196200  
733 22.420000 -0.558354 -0.195457  
734 22.430000 -0.556403 -0.194716  
735 22.440000 -0.554460 -0.193980  
736 22.450000 -0.552524 -0.193247  
737 22.460000 -0.550595 -0.192517  
738 22.470000 -0.548673 -0.191791  
739 22.480000 -0.546759 -0.191068  
740 22.490000 -0.544852 -0.190349  
741 22.500000 -0.542952 -0.189634  
742 22.510000 -0.541059 -0.188921  
743 22.520000 -0.539174 -0.188212  
744 22.530000 -0.537295 -0.187507  
745 22.540000 -0.535424 -0.186805  
746 22.550000 -0.533559 -0.186106  
747 22.560000 -0.531701 -0.185410  
748 22.570000 -0.529851 -0.184718  
749 22.580000 -0.528007 -0.184029  
750 22.590000 -0.526170 -0.183343  
751 22.600000 -0.524340 -0.182661  
752 22.610000 -0.522517 -0.181982  
753 22.620000 -0.520701 -0.181306  
754 22.630000 -0.518891 -0.180633  
755 22.640000 -0.517088 -0.179963  
756 22.650000 -0.515292 -0.179297  
757 22.660000 -0.513502 -0.178634  
758 22.670000 -0.511719 -0.177973  
759 22.680000 -0.509942 -0.177316  
760 22.690000 -0.508173 -0.176662  
761 22.700000 -0.506409 -0.176011  
762 22.710000 -0.504652 -0.175364  
763 22.720000 -0.502902 -0.174719  
764 22.730000 -0.501158 -0.174077  
765 22.740000 -0.499420 -0.173438  
766 22.750000 -0.497689 -0.172802  
767 22.760000 -0.495964 -0.172170  
768 22.770000 -0.494246 -0.171540  
769 22.780000 -0.492534 -0.170913  
770 22.790000 -0.490828 -0.170289  
771 22.800000 -0.489128 -0.169668  
772 22.810000 -0.487434 -0.169049  
773 22.820000 -0.485747 -0.168434  
774 22.830000 -0.484065 -0.167822  
775 22.840000 -0.482390 -0.167212  
776 22.850000 -0.480721 -0.166605  
777 22.860000 -0.479058 -0.166001  
778 22.870000 -0.477401 -0.165400  
779 22.880000 -0.475750 -0.164801  
780 22.890000 -0.474105 -0.164206  
781 22.900000 -0.472466 -0.163613  
782 22.910000 -0.470833 -0.163023  
783 22.920000 -0.469206 -0.162435  
784 22.930000 -0.467584 -0.161851  
785 22.940000 -0.465969 -0.161268  
786 22.950000 -0.464359 -0.160689  
787 22.960000 -0.462755 -0.160112  
788 22.970000 -0.461157 -0.159538  
789 22.980000 -0.459564 -0.158967  
790 22.990000 -0.457977 -0.158398  
791 23.000000 -0.456396 -0.157832  
792 23.010000 -0.454821 -0.157268  
793 23.020000 -0.453251 -0.156707  
794 23.030000 -0.451686 -0.156149  
795 23.040000 -0.450128 -0.155593  
796 23.050000 -0.448575 -0.155039  
797 23.060000 -0.447027 -0.154488  
798 23.070000 -0.445485 -0.153940  
799 23.080000 -0.443948 -0.153394  
800 23.090000 -0.442417 -0.152851  
801 23.100000 -0.440891 -0.152310  
802 23.110000 -0.439371 -0.151771  
803 23.120000 -0.437856 -0.151235  
804 23.130000 -0.436346 -0.150702  
805 23.140000 -0.434842 -0.150170  
806 23.150000 -0.433343 -0.149641  
807 23.160000 -0.431849 -0.149115  
808 23.170000 -0.430360 -0.148591  
809 23.180000 -0.428877 -0.148069  
810 23.190000 -0.427399 -0.147550  
811 23.200000 -0.425926 -0.147033  
812 23.210000 -0.424458 -0.146518  
813 23.220000 -0.422996 -0.146006  
814 23.230000 -0.421538 -0.145496  
815 23.240000 -0.420086 -0.144988  
816 23.250000 -0.418638 -0.144482  
817 23.260000 -0.417196 -0.143979  
818 23.270000 -0.415759 -0.143478  
819 23.280000 -0.414326 -0.142979  
820 23.290000 -0.412899 -0.142483  
821 23.300000 -0.411477 -0.141988  
822 23.310000 -0.410059 -0.141496  
823 23.320000 -0.408647 -0.141006  
824 23.330000 -0.407239 -0.140518  
825 23.340000 -0.405836 -0.140033  
826 23.350000 -0.404439 -0.139549  
827 23.360000 -0.403045 -0.139068  
828 23.370000 -0.401657 -0.138588  
829 23.380000 -0.400274 -0.138111  
830 23.390000 -0.398895 -0.137636  
831 23.400000 -0.397521 -0.137163  
832 23.410000 -0.396152 -0.136693  
833 23.420000 -0.394787 -0.136224  
834 23.430000 -0.393427 -0.135757  
835 23.440000 -0.392072 -0.135293  
836 23.450000 -0.390721 -0.134830  
837 23.460000 -0.389375 -0.134369  
838 23.470000 -0.388034 -0.133911  
839 23.480000 -0.386697 -0.133454  
840 23.490000 -0.385365 -0.133000  
841 23.500000 -0.384037 -0.132547  
842 23.510000 -0.382714 -0.132097  
843 23.520000 -0.381395 -0.131648  
844 23.530000 -0.380081 -0.131201  
845 23.540000 -0.378771 -0.130757  
846 23.550000 -0.377466 -0.130314  
847 23.560000 -0.376165 -0.129873  
848 23.570000 -0.374868 -0.129434  
849 23.580000 -0.373576 -0.128997  
850 23.590000 -0.372288 -0.128562  
851 23.600000 -0.371005 -0.128129  
852 23.610000 -0.369726 -0.127697  
853 23.620000 -0.368451 -0.127268  
854 23.630000 -0.367180 -0.126840  
855 23.640000 -0.365914 -0.126414  
856 23.650000 -0.364652 -0.125990  
857 23.660000 -0.363394 -0.125568  
858 23.670000 -0.362141 -0.125148  
859 23.680000 -0.360891 -0.124729  
860 23.690000 -0.359646 -0.124313  
861 23.700000 -0.358405 -0.123898  
862 23.710000 -0.357168 -0.123484  
863 23.720000 -0.355935 -0.123073  
864 23.730000 -0.354707 -0.122663  
865 23.740000 -0.353482 -0.122256  
866 23.750000 -0.352262 -0.121849  
867 23.760000 -0.351045 -0.121445  
868 23.770000 -0.349833 -0.121042  
869 23.780000 -0.348624 -0.120641  
870 23.790000 -0.347420 -0.120242  
871 23.800000 -0.346219 -0.119845  
872 23.810000 -0.345023 -0.119449  
873 23.820000 -0.343830 -0.119054  
874 23.830000 -0.342642 -0.118662  
875 23.840000 -0.341457 -0.118271  
876 23.850000 -0.340276 -0.117882  
877 23.860000 -0.339100 -0.117494  
878 23.870000 -0.337927 -0.117108  
879 23.880000 -0.336757 -0.116724  
880 23.890000 -0.335592 -0.116341  
881 23.900000 -0.334431 -0.115960  
882 23.910000 -0.333273 -0.115581  
883 23.920000 -0.332119 -0.115203  
884 23.930000 -0.330969 -0.114827  
885 23.940000 -0.329822 -0.114452  
886 23.950000 -0.328680 -0.114079  
887 23.960000 -0.327541 -0.113707  
888 23.970000 -0.326406 -0.113337  
889 23.980000 -0.325274 -0.112969  
890 23.990000 -0.324146 -0.112602  
891 24.000000 -0.323022 -0.112236  
892 24.010000 -0.321902 -0.111872  
893 24.020000 -0.320785 -0.111510  
894 24.030000 -0.319671 -0.111149  
895 24.040000 -0.318562 -0.110790  
896 24.050000 -0.317456 -0.110432  
897 24.060000 -0.316353 -0.110075  
898 24.070000 -0.315254 -0.109720  
899 24.080000 -0.314159 -0.109367  
900 24.090000 -0.313067 -0.109015  
901 24.100000 -0.311978 -0.108665  
902 24.110000 -0.310893 -0.108315  
903 24.120000 -0.309812 -0.107968  
904 24.130000 -0.308734 -0.107622  
905 24.140000 -0.307660 -0.107277  
906 24.150000 -0.306588 -0.106933  
907 24.160000 -0.305521 -0.106591  
908 24.170000 -0.304457 -0.106251  
909 24.180000 -0.303396 -0.105912  
910 24.190000 -0.302338 -0.105574  
911 24.200000 -0.301284 -0.105238  
912 24.210000 -0.300234 -0.104903  
913 24.220000 -0.299186 -0.104569  
914 24.230000 -0.298142 -0.104237  
915 24.240000 -0.297102 -0.103906  
916 24.250000 -0.296064 -0.103576  
917 24.260000 -0.295030 -0.103248  
918 24.270000 -0.293999 -0.102921  
919 24.280000 -0.292972 -0.102596  
920 24.290000 -0.291947 -0.102271  
921 24.300000 -0.290926 -0.101948  
922 24.310000 -0.289908 -0.101627  
923 24.320000 -0.288894 -0.101306  
924 24.330000 -0.287882 -0.100987  
925 24.340000 -0.286874 -0.100670  
926 24.350000 -0.285869 -0.100353  
927 24.360000 -0.284867 -0.100038  
928 24.370000 -0.283868 -0.099724  
929 24.380000 -0.282872 -0.099412  
930 24.390000 -0.281880 -0.099100  
931 24.400000 -0.280890 -0.098790  
932 24.410000 -0.279904 -0.098481  
933 24.420000 -0.278921 -0.098173  
934 24.430000 -0.277940 -0.097867  
935 24.440000 -0.276963 -0.097562  
936 24.450000 -0.275989 -0.097258  
937 24.460000 -0.275018 -0.096955  
938 24.470000 -0.274050 -0.096654  
939 24.480000 -0.273085 -0.096353  
940 24.490000 -0.272123 -0.096054  
941 24.500000 -0.271164 -0.095756  
942 24.510000 -0.270208 -0.095460  
943 24.520000 -0.269255 -0.095164  
944 24.530000 -0.268305 -0.094870  
945 24.540000 -0.267357 -0.094576  
946 24.550000 -0.266413 -0.094284  
947 24.560000 -0.265472 -0.093993  
948 24.570000 -0.264533 -0.093704  
949 24.580000 -0.263598 -0.093415  
950 24.590000 -0.262665 -0.093127  
951 24.600000 -0.261735 -0.092841  
952 24.610000 -0.260808 -0.092556  
953 24.620000 -0.259884 -0.092272  
954 24.630000 -0.258963 -0.091989  
955 24.640000 -0.258044 -0.091707  
956 24.650000 -0.257129 -0.091426  
957 24.660000 -0.256216 -0.091147  
958 24.670000 -0.255306 -0.090868  
959 24.680000 -0.254398 -0.090591  
960 24.690000 -0.253494 -0.090314  
961 24.700000 -0.252592 -0.090039  
962 24.710000 -0.251693 -0.089765  
963 24.720000 -0.250797 -0.089492  
964 24.730000 -0.249903 -0.089219  
965 24.740000 -0.249012 -0.088948  
966 24.750000 -0.248124 -0.088679  
967 24.760000 -0.247239 -0.088410  
968 24.770000 -0.246356 -0.088142  
969 24.780000 -0.245476 -0.087875  
970 24.790000 -0.244598 -0.087609  
971 24.800000 -0.243724 -0.087344  
972 24.810000 -0.242852 -0.087081  
973 24.820000 -0.241982 -0.086818  
974 24.830000 -0.241115 -0.086556  
975 24.840000 -0.240251 -0.086296  
976 24.850000 -0.239389 -0.086036  
977 24.860000 -0.238530 -0.085777  
978 24.870000 -0.237674 -0.085520  
979 24.880000 -0.236820 -0.085263  
980 24.890000 -0.235969 -0.085007  
981 24.900000 -0.235120 -0.084752  
982 24.910000 -0.234273 -0.084499  
983 24.920000 -0.233430 -0.084246  
984 24.930000 -0.232589 -0.083994  
985 24.940000 -0.231750 -0.083743  
986 24.950000 -0.230914 -0.083493  
987 24.960000 -0.230080 -0.083244  
988 24.970000 -0.229249 -0.082997  
989 24.980000 -0.228420 -0.082749  
990 24.990000 -0.227594 -0.082503  
991 25.000000 -0.226770 -0.082258  
992 25.010000 -0.225949 -0.082014  
993 25.020000 -0.225130 -0.081771  
994 25.030000 -0.224313 -0.081528  
995 25.040000 -0.223499 -0.081287  
996 25.050000 -0.222687 -0.081046  
997 25.060000 -0.221878 -0.080807  
998 25.070000 -0.221071 -0.080568  
999 25.080000 -0.220267 -0.080330  
1000 25.090000 -0.219465 -0.080093  
1001 25.100000 -0.218665 -0.079857  
1002 25.110000 -0.217868 -0.079622  
1003 25.120000 -0.217073 -0.079388  
1004 25.130000 -0.216280 -0.079155  
1005 25.140000 -0.215489 -0.078922  
1006 25.150000 -0.214701 -0.078691  
1007 25.160000 -0.213916 -0.078460  
1008 25.170000 -0.213132 -0.078230  
1009 25.180000 -0.212351 -0.078001  
1010 25.190000 -0.211572 -0.077773  
1011 25.200000 -0.210796 -0.077546  
1012 25.210000 -0.210021 -0.077319  
1013 25.220000 -0.209249 -0.077094  
1014 25.230000 -0.208479 -0.076869  
1015 25.240000 -0.207712 -0.076645  
1016 25.250000 -0.206946 -0.076422  
1017 25.260000 -0.206183 -0.076200  
1018 25.270000 -0.205422 -0.075978  
1019 25.280000 -0.204664 -0.075758  
1020 25.290000 -0.203907 -0.075538  
1021 25.300000 -0.203153 -0.075319  
1022 25.310000 -0.202401 -0.075101  
1023 25.320000 -0.201651 -0.074884  
1024 25.330000 -0.200903 -0.074667  
1025 25.340000 -0.200158 -0.074451  
1026 25.350000 -0.199414 -0.074236  
1027 25.360000 -0.198673 -0.074022  
1028 25.370000 -0.197934 -0.073809  
1029 25.380000 -0.197197 -0.073596  
1030 25.390000 -0.196462 -0.073385  
1031 25.400000 -0.195729 -0.073174  
1032 25.410000 -0.194998 -0.072963  
1033 25.420000 -0.194270 -0.072754  
1034 25.430000 -0.193543 -0.072545  
1035 25.440000 -0.192819 -0.072337  
1036 25.450000 -0.192097 -0.072130  
1037 25.460000 -0.191376 -0.071924  
1038 25.470000 -0.190658 -0.071718  
1039 25.480000 -0.189942 -0.071513  
1040 25.490000 -0.189228 -0.071309  
1041 25.500000 -0.188516 -0.071106  
1042 25.510000 -0.187806 -0.070903  
1043 25.520000 -0.187098 -0.070701  
1044 25.530000 -0.186392 -0.070500  
1045 25.540000 -0.185688 -0.070299  
1046 25.550000 -0.184986 -0.070100  
1047 25.560000 -0.184286 -0.069901  
1048 25.570000 -0.183588 -0.069702  
1049 25.580000 -0.182892 -0.069505  
1050 25.590000 -0.182198 -0.069308  
1051 25.600000 -0.181505 -0.069112  
1052 25.610000 -0.180815 -0.068917  
1053 25.620000 -0.180127 -0.068722  
1054 25.630000 -0.179441 -0.068528  
1055 25.640000 -0.178757 -0.068334  
1056 25.650000 -0.178074 -0.068142  
1057 25.660000 -0.177394 -0.067950  
1058 25.670000 -0.176715 -0.067759  
1059 25.680000 -0.176039 -0.067568  
1060 25.690000 -0.175364 -0.067378  
1061 25.700000 -0.174691 -0.067189  
1062 25.710000 -0.174020 -0.067001  
1063 25.720000 -0.173351 -0.066813  
1064 25.730000 -0.172684 -0.066626  
1065 25.740000 -0.172018 -0.066439  
1066 25.750000 -0.171355 -0.066253  
1067 25.760000 -0.170693 -0.066068  
1068 25.770000 -0.170034 -0.065884  
1069 25.780000 -0.169376 -0.065700  
1070 25.790000 -0.168720 -0.065517  
1071 25.800000 -0.168065 -0.065334  
1072 25.810000 -0.167413 -0.065152  
1073 25.820000 -0.166762 -0.064971  
1074 25.830000 -0.166113 -0.064791  
1075 25.840000 -0.165466 -0.064611  
1076 25.850000 -0.164821 -0.064431  
1077 25.860000 -0.164178 -0.064253  
1078 25.870000 -0.163536 -0.064075  
1079 25.880000 -0.162896 -0.063897  
1080 25.890000 -0.162258 -0.063720  
1081 25.900000 -0.161622 -0.063544  
1082 25.910000 -0.160987 -0.063369  
1083 25.920000 -0.160355 -0.063194  
1084 25.930000 -0.159723 -0.063019  
1085 25.940000 -0.159094 -0.062846  
1086 25.950000 -0.158467 -0.062673  
1087 25.960000 -0.157841 -0.062500  
1088 25.970000 -0.157217 -0.062328  
1089 25.980000 -0.156594 -0.062157  
1090 25.990000 -0.155973 -0.061986  
1091 26.000000 -0.155354 -0.061816  
1092 26.010000 -0.154737 -0.061647  
1093 26.020000 -0.154121 -0.061478  
1094 26.030000 -0.153508 -0.061310  
1095 26.040000 -0.152895 -0.061142  
1096 26.050000 -0.152285 -0.060975  
1097 26.060000 -0.151676 -0.060808  
1098 26.070000 -0.151069 -0.060642  
1099 26.080000 -0.150463 -0.060477  
1100 26.090000 -0.149859 -0.060312  
1101 26.100000 -0.149257 -0.060148  
1102 26.110000 -0.148656 -0.059984  
1103 26.120000 -0.148057 -0.059821  
1104 26.130000 -0.147460 -0.059659  
1105 26.140000 -0.146864 -0.059497  
1106 26.150000 -0.146270 -0.059335  
1107 26.160000 -0.145677 -0.059175  
1108 26.170000 -0.145086 -0.059014  
1109 26.180000 -0.144497 -0.058855  
1110 26.190000 -0.143909 -0.058695  
1111 26.200000 -0.143323 -0.058537  
1112 26.210000 -0.142738 -0.058379  
1113 26.220000 -0.142155 -0.058221  
1114 26.230000 -0.141574 -0.058064  
1115 26.240000 -0.140994 -0.057908  
1116 26.250000 -0.140416 -0.057752  
1117 26.260000 -0.139839 -0.057596  
1118 26.270000 -0.139264 -0.057442  
1119 26.280000 -0.138690 -0.057287  
1120 26.290000 -0.138118 -0.057133  
1121 26.300000 -0.137547 -0.056980  
1122 26.310000 -0.136978 -0.056827  
1123 26.320000 -0.136411 -0.056675  
1124 26.330000 -0.135845 -0.056523  
1125 26.340000 -0.135280 -0.056372  
1126 26.350000 -0.134718 -0.056222  
1127 26.360000 -0.134156 -0.056071  
1128 26.370000 -0.133596 -0.055922  
1129 26.380000 -0.133038 -0.055773  
1130 26.390000 -0.132481 -0.055624  
1131 26.400000 -0.131925 -0.055476  
1132 26.410000 -0.131371 -0.055328  
1133 26.420000 -0.130819 -0.055181  
1134 26.430000 -0.130267 -0.055034  
1135 26.440000 -0.129718 -0.054888  
1136 26.450000 -0.129170 -0.054743  
1137 26.460000 -0.128623 -0.054598  
1138 26.470000 -0.128078 -0.054453  
1139 26.480000 -0.127534 -0.054309  
1140 26.490000 -0.126992 -0.054165  
1141 26.500000 -0.126451 -0.054022  
1142 26.510000 -0.125911 -0.053879  
1143 26.520000 -0.125373 -0.053737  
1144 26.530000 -0.124836 -0.053595  
1145 26.540000 -0.124301 -0.053454  
1146 26.550000 -0.123767 -0.053313  
1147 26.560000 -0.123235 -0.053173  
1148 26.570000 -0.122704 -0.053033  
1149 26.580000 -0.122174 -0.052893  
1150 26.590000 -0.121646 -0.052754  
1151 26.600000 -0.121119 -0.052616  
1152 26.610000 -0.120594 -0.052478  
1153 26.620000 -0.120070 -0.052340  
1154 26.630000 -0.119547 -0.052203  
1155 26.640000 -0.119026 -0.052067  
1156 26.650000 -0.118506 -0.051930  
1157 26.660000 -0.117987 -0.051795  
1158 26.670000 -0.117470 -0.051659  
1159 26.680000 -0.116954 -0.051525  
1160 26.690000 -0.116439 -0.051390  
1161 26.700000 -0.115926 -0.051256  
1162 26.710000 -0.115414 -0.051123  
1163 26.720000 -0.114903 -0.050990  
1164 26.730000 -0.114394 -0.050857  
1165 26.740000 -0.113886 -0.050725  
1166 26.750000 -0.113380 -0.050593  
1167 26.760000 -0.112874 -0.050462  
1168 26.770000 -0.112370 -0.050331  
1169 26.780000 -0.111868 -0.050201  
1170 26.790000 -0.111366 -0.050071  
1171 26.800000 -0.110866 -0.049941  
1172 26.810000 -0.110368 -0.049812  
1173 26.820000 -0.109870 -0.049683  
1174 26.830000 -0.109374 -0.049555  
1175 26.840000 -0.108879 -0.049427  
1176 26.850000 -0.108385 -0.049299  
1177 26.860000 -0.107893 -0.049172  
1178 26.870000 -0.107402 -0.049046  
1179 26.880000 -0.106912 -0.048920  
1180 26.890000 -0.106424 -0.048794  
1181 26.900000 -0.105936 -0.048668  
1182 26.910000 -0.105450 -0.048543  
1183 26.920000 -0.104965 -0.048419  
1184 26.930000 -0.104482 -0.048295  
1185 26.940000 -0.104000 -0.048171  
1186 26.950000 -0.103518 -0.048048  
1187 26.960000 -0.103039 -0.047925  
1188 26.970000 -0.102560 -0.047802  
1189 26.980000 -0.102083 -0.047680  
1190 26.990000 -0.101606 -0.047558  
1191 27.000000 -0.101131 -0.047437  
1192 27.010000 -0.100658 -0.047316  
1193 27.020000 -0.100185 -0.047195  
1194 27.030000 -0.099714 -0.047075  
1195 27.040000 -0.099244 -0.046955  
1196 27.050000 -0.098775 -0.046836  
1197 27.060000 -0.098307 -0.046717  
1198 27.070000 -0.097840 -0.046598  
1199 27.080000 -0.097375 -0.046480  
1200 27.090000 -0.096911 -0.046362  
1201 27.100000 -0.096448 -0.046244  
1202 27.110000 -0.095986 -0.046127  
1203 27.120000 -0.095525 -0.046010  
1204 27.130000 -0.095066 -0.045894  
1205 27.140000 -0.094607 -0.045778  
1206 27.150000 -0.094150 -0.045662  
1207 27.160000 -0.093694 -0.045547  
1208 27.170000 -0.093239 -0.045432  
1209 27.180000 -0.092785 -0.045318  
1210 27.190000 -0.092333 -0.045204  
1211 27.200000 -0.091881 -0.045090  
1212 27.210000 -0.091431 -0.044976  
1213 27.220000 -0.090982 -0.044863  
1214 27.230000 -0.090534 -0.044750  
1215 27.240000 -0.090087 -0.044638  
1216 27.250000 -0.089641 -0.044526  
1217 27.260000 -0.089196 -0.044414  
1218 27.270000 -0.088753 -0.044303  
1219 27.280000 -0.088310 -0.044192  
1220 27.290000 -0.087869 -0.044082  
1221 27.300000 -0.087429 -0.043971  
1222 27.310000 -0.086989 -0.043862  
1223 27.320000 -0.086551 -0.043752  
1224 27.330000 -0.086114 -0.043643  
1225 27.340000 -0.085678 -0.043534  
1226 27.350000 -0.085244 -0.043426  
1227 27.360000 -0.084810 -0.043317  
1228 27.370000 -0.084377 -0.043210  
1229 27.380000 -0.083946 -0.043102  
1230 27.390000 -0.083515 -0.042995  
1231 27.400000 -0.083086 -0.042888  
1232 27.410000 -0.082657 -0.042782  
1233 27.420000 -0.082230 -0.042676  
1234 27.430000 -0.081804 -0.042570  
1235 27.440000 -0.081379 -0.042464  
1236 27.450000 -0.080955 -0.042359  
1237 27.460000 -0.080532 -0.042254  
1238 27.470000 -0.080110 -0.042150  
1239 27.480000 -0.079689 -0.042046  
1240 27.490000 -0.079269 -0.041942  
1241 27.500000 -0.078850 -0.041838  
1242 27.510000 -0.078432 -0.041735  
1243 27.520000 -0.078015 -0.041632  
1244 27.530000 -0.077599 -0.041530  
1245 27.540000 -0.077184 -0.041428  
1246 27.550000 -0.076771 -0.041326  
1247 27.560000 -0.076358 -0.041224  
1248 27.570000 -0.075946 -0.041123  
1249 27.580000 -0.075535 -0.041022  
1250 27.590000 -0.075126 -0.040921  
1251 27.600000 -0.074717 -0.040821  
1252 27.610000 -0.074309 -0.040721  
1253 27.620000 -0.073903 -0.040621  
1254 27.630000 -0.073497 -0.040522  
1255 27.640000 -0.073092 -0.040423  
1256 27.650000 -0.072688 -0.040324  
1257 27.660000 -0.072286 -0.040226  
1258 27.670000 -0.071884 -0.040128  
1259 27.680000 -0.071483 -0.040030  
1260 27.690000 -0.071083 -0.039932  
1261 27.700000 -0.070684 -0.039835  
1262 27.710000 -0.070287 -0.039738  
1263 27.720000 -0.069890 -0.039641  
1264 27.730000 -0.069494 -0.039545  
1265 27.740000 -0.069099 -0.039449  
1266 27.750000 -0.068705 -0.039353  
1267 27.760000 -0.068312 -0.039258  
1268 27.770000 -0.067920 -0.039162  
1269 27.780000 -0.067529 -0.039068  
1270 27.790000 -0.067138 -0.038973  
1271 27.800000 -0.066749 -0.038879  
1272 27.810000 -0.066361 -0.038785  
1273 27.820000 -0.065973 -0.038691  
1274 27.830000 -0.065587 -0.038598  
1275 27.840000 -0.065201 -0.038504  
1276 27.850000 -0.064817 -0.038411  
1277 27.860000 -0.064433 -0.038319  
1278 27.870000 -0.064050 -0.038227  
1279 27.880000 -0.063669 -0.038135  
1280 27.890000 -0.063288 -0.038043  
1281 27.900000 -0.062908 -0.037951  
1282 27.910000 -0.062529 -0.037860  
1283 27.920000 -0.062151 -0.037769  
1284 27.930000 -0.061773 -0.037679  
1285 27.940000 -0.061397 -0.037588  
1286 27.950000 -0.061022 -0.037498  
1287 27.960000 -0.060647 -0.037408  
1288 27.970000 -0.060273 -0.037319  
1289 27.980000 -0.059901 -0.037230  
1290 27.990000 -0.059529 -0.037141  
1291 28.000000 -0.059158 -0.037052  
1292 28.010000 -0.058788 -0.036963  
1293 28.020000 -0.058419 -0.036875  
1294 28.030000 -0.058050 -0.036787  
1295 28.040000 -0.057683 -0.036700  
1296 28.050000 -0.057316 -0.036612  
1297 28.060000 -0.056951 -0.036525  
1298 28.070000 -0.056586 -0.036438  
1299 28.080000 -0.056222 -0.036351  
1300 28.090000 -0.055859 -0.036265  
1301 28.100000 -0.055497 -0.036179  
1302 28.110000 -0.055135 -0.036093  
1303 28.120000 -0.054775 -0.036008  
1304 28.130000 -0.054415 -0.035922  
1305 28.140000 -0.054056 -0.035837  
1306 28.150000 -0.053698 -0.035752  
1307 28.160000 -0.053341 -0.035668  
1308 28.170000 -0.052985 -0.035583  
1309 28.180000 -0.052630 -0.035499  
1310 28.190000 -0.052275 -0.035416  
1311 28.200000 -0.051921 -0.035332  
1312 28.210000 -0.051568 -0.035249  
1313 28.220000 -0.051216 -0.035166  
1314 28.230000 -0.050865 -0.035083  
1315 28.240000 -0.050515 -0.035000  
1316 28.250000 -0.050165 -0.034918  
1317 28.260000 -0.049816 -0.034836  
1318 28.270000 -0.049468 -0.034754  
1319 28.280000 -0.049121 -0.034672  
1320 28.290000 -0.048775 -0.034591  
1321 28.300000 -0.048429 -0.034510  
1322 28.310000 -0.048085 -0.034429  
1323 28.320000 -0.047741 -0.034348  
1324 28.330000 -0.047398 -0.034268  
1325 28.340000 -0.047055 -0.034188  
1326 28.350000 -0.046714 -0.034108  
1327 28.360000 -0.046373 -0.034028  
1328 28.370000 -0.046033 -0.033949  
1329 28.380000 -0.045694 -0.033870  
1330 28.390000 -0.045356 -0.033791  
1331 28.400000 -0.045018 -0.033712  
1332 28.410000 -0.044682 -0.033633  
1333 28.420000 -0.044346 -0.033555  
1334 28.430000 -0.044011 -0.033477  
1335 28.440000 -0.043676 -0.033399  
1336 28.450000 -0.043343 -0.033322  
1337 28.460000 -0.043010 -0.033244  
1338 28.470000 -0.042678 -0.033167  
1339 28.480000 -0.042346 -0.033090  
1340 28.490000 -0.042016 -0.033014  
1341 28.500000 -0.041686 -0.032937  
1342 28.510000 -0.041357 -0.032861  
1343 28.520000 -0.041029 -0.032785  
1344 28.530000 -0.040701 -0.032709  
1345 28.540000 -0.040375 -0.032633  
1346 28.550000 -0.040049 -0.032558  
1347 28.560000 -0.039724 -0.032483  
1348 28.570000 -0.039399 -0.032408  
1349 28.580000 -0.039075 -0.032333  
1350 28.590000 -0.038752 -0.032259  
1351 28.600000 -0.038430 -0.032184  
1352 28.610000 -0.038109 -0.032110  
1353 28.620000 -0.037788 -0.032037  
1354 28.630000 -0.037468 -0.031963  
1355 28.640000 -0.037149 -0.031890  
1356 28.650000 -0.036830 -0.031816  
1357 28.660000 -0.036512 -0.031743  
1358 28.670000 -0.036195 -0.031671  
1359 28.680000 -0.035879 -0.031598  
1360 28.690000 -0.035563 -0.031526  
1361 28.700000 -0.035249 -0.031453  
1362 28.710000 -0.034934 -0.031382  
1363 28.720000 -0.034621 -0.031310  
1364 28.730000 -0.034308 -0.031238  
1365 28.740000 -0.033996 -0.031167  
1366 28.750000 -0.033685 -0.031096  
1367 28.760000 -0.033374 -0.031025  
1368 28.770000 -0.033064 -0.030954  
1369 28.780000 -0.032755 -0.030884  
1370 28.790000 -0.032447 -0.030813  
1371 28.800000 -0.032139 -0.030743  
1372 28.810000 -0.031832 -0.030673  
1373 28.820000 -0.031525 -0.030604  
1374 28.830000 -0.031220 -0.030534  
1375 28.840000 -0.030915 -0.030465  
1376 28.850000 -0.030610 -0.030396  
1377 28.860000 -0.030307 -0.030327  
1378 28.870000 -0.030004 -0.030258  
1379 28.880000 -0.029702 -0.030190  
1380 28.890000 -0.029400 -0.030121  
1381 28.900000 -0.029099 -0.030053  
1382 28.910000 -0.028799 -0.029985  
1383 28.920000 -0.028499 -0.029917  
1384 28.930000 -0.028201 -0.029850  
1385 28.940000 -0.027902 -0.029783  
1386 28.950000 -0.027605 -0.029715  
1387 28.960000 -0.027308 -0.029648  
1388 28.970000 -0.027012 -0.029582  
1389 28.980000 -0.026717 -0.029515  
1390 28.990000 -0.026422 -0.029449  
1391 29.000000 -0.026128 -0.029382  
1392 29.010000 -0.025834 -0.029316  
1393 29.020000 -0.025541 -0.029251  
1394 29.030000 -0.025249 -0.029185  
1395 29.040000 -0.024958 -0.029119  
1396 29.050000 -0.024667 -0.029054  
1397 29.060000 -0.024376 -0.028989  
1398 29.070000 -0.024087 -0.028924  
1399 29.080000 -0.023798 -0.028859  
1400 29.090000 -0.023510 -0.028795  
1401 29.100000 -0.023222 -0.028730  
1402 29.110000 -0.022935 -0.028666  
1403 29.120000 -0.022649 -0.028602  
1404 29.130000 -0.022363 -0.028538  
1405 29.140000 -0.022078 -0.028475  
1406 29.150000 -0.021794 -0.028411  
1407 29.160000 -0.021510 -0.028348  
1408 29.170000 -0.021227 -0.028285  
1409 29.180000 -0.020944 -0.028222  
1410 29.190000 -0.020662 -0.028159  
1411 29.200000 -0.020381 -0.028097  
1412 29.210000 -0.020100 -0.028034  
1413 29.220000 -0.019820 -0.027972  
1414 29.230000 -0.019541 -0.027910  
1415 29.240000 -0.019262 -0.027848  
1416 29.250000 -0.018984 -0.027786  
1417 29.260000 -0.018706 -0.027725  
1418 29.270000 -0.018429 -0.027663  
1419 29.280000 -0.018153 -0.027602  
1420 29.290000 -0.017877 -0.027541  
1421 29.300000 -0.017602 -0.027480  
1422 29.310000 -0.017328 -0.027419  
1423 29.320000 -0.017054 -0.027359  
1424 29.330000 -0.016781 -0.027299  
1425 29.340000 -0.016508 -0.027238  
1426 29.350000 -0.016236 -0.027178  
1427 29.360000 -0.015964 -0.027119  
1428 29.370000 -0.015693 -0.027059  
1429 29.380000 -0.015423 -0.026999  
1430 29.390000 -0.015153 -0.026940  
1431 29.400000 -0.014884 -0.026881  
1432 29.410000 -0.014616 -0.026822  
1433 29.420000 -0.014348 -0.026763  
1434 29.430000 -0.014081 -0.026704  
1435 29.440000 -0.013814 -0.026646  
1436 29.450000 -0.013548 -0.026587  
1437 29.460000 -0.013282 -0.026529  
1438 29.470000 -0.013017 -0.026471  
1439 29.480000 -0.012753 -0.026413  
1440 29.490000 -0.012489 -0.026355  
1441 29.500000 -0.012225 -0.026298  
1442 29.510000 -0.011963 -0.026240  
1443 29.520000 -0.011701 -0.026183  
1444 29.530000 -0.011439 -0.026126  
1445 29.540000 -0.011178 -0.026069  
1446 29.550000 -0.010918 -0.026012  
1447 29.560000 -0.010658 -0.025955  
1448 29.570000 -0.010399 -0.025899  
1449 29.580000 -0.010140 -0.025842  
1450 29.590000 -0.009882 -0.025786  
1451 29.600000 -0.009624 -0.025730  
1452 29.610000 -0.009367 -0.025674  
1453 29.620000 -0.009111 -0.025619  
1454 29.630000 -0.008855 -0.025563  
1455 29.640000 -0.008599 -0.025508  
1456 29.650000 -0.008345 -0.025452  
1457 29.660000 -0.008090 -0.025397  
1458 29.670000 -0.007837 -0.025342  
1459 29.680000 -0.007584 -0.025287  
1460 29.690000 -0.007331 -0.025233  
1461 29.700000 -0.007079 -0.025178  
1462 29.710000 -0.006827 -0.025124  
1463 29.720000 -0.006576 -0.025070  
1464 29.730000 -0.006326 -0.025016  
1465 29.740000 -0.006076 -0.024962  
1466 29.750000 -0.005827 -0.024908  
1467 29.760000 -0.005578 -0.024854  
1468 29.770000 -0.005330 -0.024801  
1469 29.780000 -0.005082 -0.024747  
1470 29.790000 -0.004835 -0.024694  
1471 29.800000 -0.004588 -0.024641  
1472 29.810000 -0.004342 -0.024588  
1473 29.820000 -0.004096 -0.024535  
1474 29.830000 -0.003851 -0.024483  
1475 29.840000 -0.003607 -0.024430  
1476 29.850000 -0.003363 -0.024378  
1477 29.860000 -0.003119 -0.024326  
1478 29.870000 -0.002876 -0.024273  
1479 29.880000 -0.002634 -0.024221  
1480 29.890000 -0.002392 -0.024170  
1481 29.900000 -0.002150 -0.024118  
1482 29.910000 -0.001909 -0.024067  
1483 29.920000 -0.001669 -0.024015  
1484 29.930000 -0.001429 -0.023964  
1485 29.940000 -0.001190 -0.023913  
1486 29.950000 -0.000951 -0.023862  
1487 29.960000 -0.000712 -0.023811  
1488 29.970000 -0.000475 -0.023760  
1489 29.980000 -0.000237 -0.023710  
1490 29.990000 -0.000000 -0.023659  
