1 15.100000 34453769457098.222656 3103385688448611.000000  
2 15.110000 14600979231613.283203 1195702072646649.000000  
3 15.120000 6667532720421.375977 500555243686150.937500  
4 15.130000 3241808005867.754395 224670573645447.093750  
5 15.140000 1662674202715.779053 107007751649948.750000  
6 15.150000 892937681487.142090 53641332686732.375000  
7 15.160000 499167935652.526306 28114449858029.035156  
8 15.170000 289048933315.680481 15323508715874.898438  
9 15.180000 172681339805.807037 8646516770299.170898  
10 15.190000 106072559493.330505 5032106935425.376953  
11 15.200000 66804276177.717918 3010969874616.737793  
12 15.210000 43031913627.182198 1847288885232.808838  
13 15.220000 28291218362.170147 1159373296604.805908  
14 15.230000 18949517379.024162 742839613225.081909  
15 15.240000 12910465189.774178 485048679777.760925  
16 15.250000 8934678344.478571 322272344143.414734  
17 15.260000 6273016109.001874 217578568775.502167  
18 15.270000 4463359284.076450 149086923061.939240  
19 15.280000 3215247018.421117 103568012566.326263  
20 15.290000 2342919208.187973 72871203389.023743  
21 15.300000 1725649104.731964 51886524018.488258  
22 15.310000 1283792704.353210 37357918227.085236  
23 15.320000 964070154.472017 27179008977.063473  
24 15.330000 730370568.533413 19967750772.991806  
25 15.340000 557918533.715147 14805255609.701126  
26 15.350000 429519667.087516 11072931056.953735  
27 15.360000 333111406.523289 8349442014.055271  
28 15.370000 260144861.286399 6344627656.570709  
29 15.380000 204502870.373382 4856572430.154400  
30 15.390000 161768377.220932 3743378949.609074  
31 15.400000 128724389.870205 2904394377.114203  
32 15.410000 103008754.168568 2267588338.800185  
33 15.420000 82873517.707604 1780979174.138201  
34 15.430000 67015666.482142 1406753063.755739  
35 15.440000 54457032.249481 1117192713.588945  
36 15.450000 44458383.148490 891833835.172140  
37 15.460000 36457484.200381 715462398.881097  
38 15.470000 30024104.667094 576692709.268681  
39 15.480000 24827101.347334 466950099.006289  
40 15.490000 20610171.677712 379737757.963873  
41 15.500000 17173876.045519 310104623.866390  
42 15.510000 14362224.663020 254256596.197601  
43 15.520000 12052609.806474 209270635.772875  
44 15.530000 10148205.398081 172883220.865233  
45 15.540000 8572197.416125 143332890.303875  
46 15.550000 7263380.757620 119242374.703314  
47 15.560000 6172781.689599 99529877.281890  
48 15.570000 5261054.212955 83341941.920560  
49 15.580000 4496463.461359 70002396.800357  
50 15.590000 3853316.615449 58973333.245872  
51 15.600000 3310736.621004 49825141.377188  
52 15.610000 2851699.725275 42213395.173114  
53 15.620000 2462276.959139 35860942.447187  
54 15.630000 2131033.966381 30543968.434383  
55 15.640000 1848554.293477 26081106.584307  
56 15.650000 1607059.330953 22324896.280900  
57 15.660000 1400104.216650 19155055.733200  
58 15.670000 1222333.667703 16473164.474273  
59 15.680000 1069285.266733 14198444.833206  
60 15.690000 937230.458843 12264403.471627  
61 15.700000 823045.620586 10616148.505726  
62 15.710000 724107.190126 9208239.211002  
63 15.720000 638206.112193 8002957.040729  
64 15.730000 563477.836914 6968911.064384  
65 15.740000 498344.882527 6079909.726799  
66 15.750000 441469.577178 5314045.374125  
67 15.760000 391715.071702 4652949.290068  
68 15.770000 348113.091989 4081183.791279  
69 15.780000 309837.198237 3585744.817379  
70 15.790000 276180.555930 3155653.854797  
71 15.800000 246537.412873 2781622.287482  
72 15.810000 220387.628237 2455774.626711  
73 15.820000 197283.721225 2171419.733075  
74 15.830000 176840.004875 1922861.257609  
75 15.840000 158723.449497 1705240.213367  
76 15.850000 142645.984154 1514403.934563  
77 15.860000 128357.996446 1346796.758711  
78 15.870000 115642.832988 1199368.633525  
79 15.880000 104312.137371 1069498.548202  
80 15.890000 94201.890468 954930.252229  
81 15.900000 85169.040940 853718.181172  
82 15.910000 77088.632716 764181.879178  
83 15.920000 69851.351746 684867.509182  
84 15.930000 63361.427145 614515.287481  
85 15.940000 57534.832459 552031.880109  
86 15.950000 52297.741544 496466.962889  
87 15.960000 47585.200834 446993.282093  
88 15.970000 43339.985842 402889.663672  
89 15.980000 39511.614783 363526.510615  
90 15.990000 36055.496407 328353.403616  
91 16.000000 32932.192679 296888.482878  
92 16.010000 30106.779876 268709.340762  
93 16.020000 27548.294175 243445.198204  
94 16.030000 25229.249853 220770.173697  
95 16.040000 23125.220032 200397.483631  
96 16.050000 21214.471333 182074.437810  
97 16.060000 19477.645084 165578.114944  
98 16.070000 17897.478798 150711.620446  
99 16.080000 16458.562497 137300.843685  
100 16.090000 15147.125277 125191.644217  
101 16.100000 13950.848113 114247.406999  
102 16.110000 12858.699486 104346.915450  
103 16.120000 11860.790877 95382.498646  
104 16.130000 10948.249568 87258.415301  
105 16.140000 10113.106566 79889.442538  
106 16.150000 9348.197720 73199.641989  
107 16.160000 8647.076403 67121.279680  
108 16.170000 8003.936299 61593.879403  
109 16.180000 7413.543070 56563.392151  
110 16.190000 6871.173811 51981.466540  
111 16.200000 6372.563350 47804.807242  
112 16.210000 5913.856569 43994.610195  
113 16.220000 5491.566035 40516.064862  
114 16.230000 5102.534304 37337.915120  
115 16.240000 4743.900358 34432.071475  
116 16.250000 4413.069686 31773.268248  
117 16.260000 4107.687593 29338.760217  
118 16.270000 3825.615366 27108.053905  
119 16.280000 3564.908975 25062.669327  
120 16.290000 3323.800013 23185.928544  
121 16.300000 3100.678631 21462.767830  
122 16.310000 2894.078255 19879.570655  
123 16.320000 2702.661862 18424.019048  
124 16.330000 2525.209678 17084.961201  
125 16.340000 2360.608110 15852.293421  
126 16.350000 2207.839806 14716.854803  
127 16.360000 2065.974708 13670.333154  
128 16.370000 1934.161988 12705.180908  
129 16.380000 1811.622788 11814.539905  
130 16.390000 1697.643669 10992.174037  
131 16.400000 1591.570695 10232.408904  
132 16.410000 1492.804095 9530.077689  
133 16.420000 1400.793434 8880.472591  
134 16.430000 1315.033240 8279.301203  
135 16.440000 1235.059056 7722.647292  
136 16.450000 1160.443854 7206.935534  
137 16.460000 1090.794790 6728.899757  
138 16.470000 1025.750253 6285.554340  
139 16.480000 964.977197 5874.168420  
140 16.490000 908.168707 5492.242635  
141 16.500000 855.041794 5137.488118  
142 16.510000 805.335385 4807.807522  
143 16.520000 758.808492 4501.277869  
144 16.530000 715.238554 4216.135033  
145 16.540000 674.419914 3950.759691  
146 16.550000 636.162439 3703.664601  
147 16.560000 600.290256 3473.483067  
148 16.570000 566.640599 3258.958480  
149 16.580000 535.062760 3058.934821  
150 16.590000 505.417123 2872.348042  
151 16.600000 477.574285 2698.218227  
152 16.610000 451.414252 2535.642473  
153 16.620000 426.825703 2383.788405  
154 16.630000 403.705311 2241.888276  
155 16.640000 381.957126 2109.233594  
156 16.650000 361.492007 1985.170223  
157 16.660000 342.227103 1869.093916  
158 16.670000 324.085371 1760.446238  
159 16.680000 306.995141 1658.710848  
160 16.690000 290.889709 1563.410097  
161 16.700000 275.706968 1474.101924  
162 16.710000 261.389063 1390.377011  
163 16.720000 247.882084 1311.856190  
164 16.730000 235.135767 1238.188060  
165 16.740000 223.103235 1169.046808  
166 16.750000 211.740751 1104.130213  
167 16.760000 201.007486 1043.157815  
168 16.770000 190.865317 985.869238  
169 16.780000 181.278630 932.022643  
170 16.790000 172.214142 881.393320  
171 16.800000 163.640737 833.772382  
172 16.810000 155.529315 788.965574  
173 16.820000 147.852649 746.792174  
174 16.830000 140.585256 707.083982  
175 16.840000 133.703275 669.684388  
176 16.850000 127.184360 634.447517  
177 16.860000 121.007570 601.237444  
178 16.870000 115.153278 569.927457  
179 16.880000 109.603082 540.399398  
180 16.890000 104.339719 512.543036  
181 16.900000 99.346993 486.255499  
182 16.910000 94.609700 461.440751  
183 16.920000 90.113568 438.009097  
184 16.930000 85.845188 415.876742  
185 16.940000 81.791964 394.965368  
186 16.950000 77.942055 375.201755  
187 16.960000 74.284332 356.517424  
188 16.970000 70.808323 338.848304  
189 16.980000 67.504182 322.134433  
190 16.990000 64.362638 306.319671  
191 17.000000 61.374967 291.351441  
192 17.010000 58.532952 277.180486  
193 17.020000 55.828854 263.760645  
194 17.030000 53.255380 251.048639  
195 17.040000 50.805657 239.003887  
196 17.050000 48.473205 227.588317  
197 17.060000 46.251913 216.766204  
198 17.070000 44.136015 206.504013  
199 17.080000 42.120071 196.770258  
200 17.090000 40.198947 187.535362  
201 17.100000 38.367794 178.771538  
202 17.110000 36.622033 170.452672  
203 17.120000 34.957339 162.554210  
204 17.130000 33.369625 155.053064  
205 17.140000 31.855026 147.927517  
206 17.150000 30.409891 141.157130  
207 17.160000 29.030764 134.722670  
208 17.170000 27.714378 128.606027  
209 17.180000 26.457641 122.790145  
210 17.190000 25.257626 117.258959  
211 17.200000 24.111563 111.997329  
212 17.210000 23.016829 106.990987  
213 17.220000 21.970938 102.226477  
214 17.230000 20.971536 97.691115  
215 17.240000 20.016392 93.372930  
216 17.250000 19.103391 89.260632  
217 17.260000 18.230528 85.343560  
218 17.270000 17.395902 81.611654  
219 17.280000 16.597710 78.055411  
220 17.290000 15.834239 74.665856  
221 17.300000 15.103865 71.434510  
222 17.310000 14.405048 68.353359  
223 17.320000 13.736323 65.414828  
224 17.330000 13.096300 62.611756  
225 17.340000 12.483659 59.937368  
226 17.350000 11.897145 57.385258  
227 17.360000 11.335566 54.949362  
228 17.370000 10.797789 52.623942  
229 17.380000 10.282737 50.403567  
230 17.390000 9.789385 48.283094  
231 17.400000 9.316759 46.257650  
232 17.410000 8.863931 44.322621  
233 17.420000 8.430019 42.473636  
234 17.430000 8.014185 40.706549  
235 17.440000 7.615629 39.017432  
236 17.450000 7.233589 37.402561  
237 17.460000 6.867342 35.858403  
238 17.470000 6.516196 34.381608  
239 17.480000 6.179496 32.968994  
240 17.490000 5.856613 31.617546  
241 17.500000 5.546950 30.324398  
242 17.510000 5.249939 29.086833  
243 17.520000 4.965037 27.902267  
244 17.530000 4.691726 26.768247  
245 17.540000 4.429511 25.682445  
246 17.550000 4.177923 24.642645  
247 17.560000 3.936512 23.646744  
248 17.570000 3.704849 22.692740  
249 17.580000 3.482524 21.778733  
250 17.590000 3.269147 20.902913  
251 17.600000 3.064344 20.063560  
252 17.610000 2.867760 19.259037  
253 17.620000 2.679053 18.487788  
254 17.630000 2.497898 17.748329  
255 17.640000 2.323985 17.039250  
256 17.650000 2.157016 16.359207  
257 17.660000 1.996708 15.706922  
258 17.670000 1.842789 15.081175  
259 17.680000 1.695000 14.480807  
260 17.690000 1.553092 13.904710  
261 17.700000 1.416828 13.351832  
262 17.710000 1.285982 12.821167  
263 17.720000 1.160334 12.311759  
264 17.730000 1.039679 11.822693  
265 17.740000 0.923815 11.353099  
266 17.750000 0.812554 10.902147  
267 17.760000 0.705713 10.469043  
268 17.770000 0.603117 10.053032  
269 17.780000 0.504598 9.653393  
270 17.790000 0.409996 9.269436  
271 17.800000 0.319159 8.900504  
272 17.810000 0.231938 8.545969  
273 17.820000 0.148194 8.205232  
274 17.830000 0.067790 7.877720  
275 17.840000 -0.009403 7.562885  
276 17.850000 -0.083509 7.260206  
277 17.860000 -0.154646 6.969183  
278 17.870000 -0.222929 6.689338  
279 17.880000 -0.288468 6.420215  
280 17.890000 -0.351368 6.161378  
281 17.900000 -0.411729 5.912409  
282 17.910000 -0.469648 5.672910  
283 17.920000 -0.525217 5.442499  
284 17.930000 -0.578527 5.220811  
285 17.940000 -0.629662 5.007497  
286 17.950000 -0.678704 4.802222  
287 17.960000 -0.725732 4.604666  
288 17.970000 -0.770822 4.414523  
289 17.980000 -0.814046 4.231501  
290 17.990000 -0.855474 4.055317  
291 18.000000 -0.895174 3.885705  
292 18.010000 -0.933210 3.722404  
293 18.020000 -0.969642 3.565171  
294 18.030000 -1.004532 3.413767  
295 18.040000 -1.037936 3.267966  
296 18.050000 -1.069910 3.127552  
297 18.060000 -1.100505 2.992316  
298 18.070000 -1.129773 2.862060  
299 18.080000 -1.157762 2.736591  
300 18.090000 -1.184520 2.615727  
301 18.100000 -1.210091 2.499291  
302 18.110000 -1.234520 2.387116  
303 18.120000 -1.257847 2.279040  
304 18.130000 -1.280114 2.174906  
305 18.140000 -1.301358 2.074567  
306 18.150000 -1.321617 1.977880  
307 18.160000 -1.340927 1.884707  
308 18.170000 -1.359323 1.794917  
309 18.180000 -1.376836 1.708383  
310 18.190000 -1.393501 1.624985  
311 18.200000 -1.409346 1.544605  
312 18.210000 -1.424403 1.467132  
313 18.220000 -1.438698 1.392459  
314 18.230000 -1.452261 1.320481  
315 18.240000 -1.465116 1.251101  
316 18.250000 -1.477291 1.184223  
317 18.260000 -1.488809 1.119755  
318 18.270000 -1.499694 1.057609  
319 18.280000 -1.509969 0.997701  
320 18.290000 -1.519655 0.939949  
321 18.300000 -1.528775 0.884275  
322 18.310000 -1.537347 0.830605  
323 18.320000 -1.545393 0.778865  
324 18.330000 -1.552931 0.728987  
325 18.340000 -1.559979 0.680903  
326 18.350000 -1.566555 0.634549  
327 18.360000 -1.572675 0.589864  
328 18.370000 -1.578357 0.546788  
329 18.380000 -1.583616 0.505263  
330 18.390000 -1.588468 0.465235  
331 18.400000 -1.592926 0.426651  
332 18.410000 -1.597005 0.389458  
333 18.420000 -1.600719 0.353609  
334 18.430000 -1.604082 0.319056  
335 18.440000 -1.607105 0.285754  
336 18.450000 -1.609801 0.253657  
337 18.460000 -1.612182 0.222726  
338 18.470000 -1.614259 0.192917  
339 18.480000 -1.616044 0.164193  
340 18.490000 -1.617546 0.136516  
341 18.500000 -1.618777 0.109849  
342 18.510000 -1.619747 0.084158  
343 18.520000 -1.620464 0.059407  
344 18.530000 -1.620938 0.035566  
345 18.540000 -1.621178 0.012602  
346 18.550000 -1.621193 -0.009514  
347 18.560000 -1.620990 -0.030813  
348 18.570000 -1.620579 -0.051321  
349 18.580000 -1.619966 -0.071067  
350 18.590000 -1.619160 -0.090075  
351 18.600000 -1.618167 -0.108372  
352 18.610000 -1.616995 -0.125982  
353 18.620000 -1.615650 -0.142928  
354 18.630000 -1.614139 -0.159232  
355 18.640000 -1.612467 -0.174917  
356 18.650000 -1.610642 -0.190004  
357 18.660000 -1.608669 -0.204512  
358 18.670000 -1.606554 -0.218462  
359 18.680000 -1.604302 -0.231872  
360 18.690000 -1.601918 -0.244760  
361 18.700000 -1.599408 -0.257145  
362 18.710000 -1.596777 -0.269043  
363 18.720000 -1.594029 -0.280471  
364 18.730000 -1.591169 -0.291444  
365 18.740000 -1.588202 -0.301977  
366 18.750000 -1.585131 -0.312086  
367 18.760000 -1.581961 -0.321785  
368 18.770000 -1.578696 -0.331087  
369 18.780000 -1.575341 -0.340006  
370 18.790000 -1.571898 -0.348555  
371 18.800000 -1.568371 -0.356745  
372 18.810000 -1.564764 -0.364589  
373 18.820000 -1.561080 -0.372099  
374 18.830000 -1.557323 -0.379286  
375 18.840000 -1.553495 -0.386160  
376 18.850000 -1.549601 -0.392732  
377 18.860000 -1.545642 -0.399012  
378 18.870000 -1.541621 -0.405010  
379 18.880000 -1.537542 -0.410735  
380 18.890000 -1.533408 -0.416196  
381 18.900000 -1.529219 -0.421403  
382 18.910000 -1.524980 -0.426363  
383 18.920000 -1.520693 -0.431084  
384 18.930000 -1.516359 -0.435576  
385 18.940000 -1.511982 -0.439845  
386 18.950000 -1.507563 -0.443898  
387 18.960000 -1.503105 -0.447744  
388 18.970000 -1.498609 -0.451389  
389 18.980000 -1.494078 -0.454839  
390 18.990000 -1.489513 -0.458102  
391 19.000000 -1.484916 -0.461183  
392 19.010000 -1.480290 -0.464089  
393 19.020000 -1.475635 -0.466825  
394 19.030000 -1.470954 -0.469397  
395 19.040000 -1.466248 -0.471811  
396 19.050000 -1.461518 -0.474072  
397 19.060000 -1.456767 -0.476184  
398 19.070000 -1.451995 -0.478154  
399 19.080000 -1.447204 -0.479986  
400 19.090000 -1.442396 -0.481684  
401 19.100000 -1.437571 -0.483253  
402 19.110000 -1.432731 -0.484698  
403 19.120000 -1.427877 -0.486022  
404 19.130000 -1.423011 -0.487230  
405 19.140000 -1.418133 -0.488326  
406 19.150000 -1.413245 -0.489313  
407 19.160000 -1.408347 -0.490195  
408 19.170000 -1.403441 -0.490976  
409 19.180000 -1.398528 -0.491659  
410 19.190000 -1.393608 -0.492248  
411 19.200000 -1.388683 -0.492746  
412 19.210000 -1.383754 -0.493156  
413 19.220000 -1.378820 -0.493481  
414 19.230000 -1.373884 -0.493723  
415 19.240000 -1.368946 -0.493887  
416 19.250000 -1.364007 -0.493974  
417 19.260000 -1.359067 -0.493988  
418 19.270000 -1.354127 -0.493930  
419 19.280000 -1.349189 -0.493804  
420 19.290000 -1.344252 -0.493612  
421 19.300000 -1.339317 -0.493356  
422 19.310000 -1.334385 -0.493039  
423 19.320000 -1.329456 -0.492662  
424 19.330000 -1.324532 -0.492228  
425 19.340000 -1.319612 -0.491739  
426 19.350000 -1.314697 -0.491196  
427 19.360000 -1.309788 -0.490603  
428 19.370000 -1.304885 -0.489960  
429 19.380000 -1.299989 -0.489270  
430 19.390000 -1.295100 -0.488534  
431 19.400000 -1.290218 -0.487755  
432 19.410000 -1.285345 -0.486932  
433 19.420000 -1.280480 -0.486070  
434 19.430000 -1.275624 -0.485168  
435 19.440000 -1.270777 -0.484228  
436 19.450000 -1.265939 -0.483252  
437 19.460000 -1.261112 -0.482241  
438 19.470000 -1.256294 -0.481197  
439 19.480000 -1.251488 -0.480121  
440 19.490000 -1.246692 -0.479014  
441 19.500000 -1.241908 -0.477877  
442 19.510000 -1.237135 -0.476712  
443 19.520000 -1.232374 -0.475520  
444 19.530000 -1.227624 -0.474301  
445 19.540000 -1.222888 -0.473058  
446 19.550000 -1.218163 -0.471791  
447 19.560000 -1.213452 -0.470500  
448 19.570000 -1.208753 -0.469188  
449 19.580000 -1.204068 -0.467855  
450 19.590000 -1.199396 -0.466502  
451 19.600000 -1.194738 -0.465130  
452 19.610000 -1.190094 -0.463739  
453 19.620000 -1.185463 -0.462331  
454 19.630000 -1.180847 -0.460907  
455 19.640000 -1.176245 -0.459466  
456 19.650000 -1.171658 -0.458011  
457 19.660000 -1.167085 -0.456541  
458 19.670000 -1.162527 -0.455058  
459 19.680000 -1.157984 -0.453562  
460 19.690000 -1.153456 -0.452054  
461 19.700000 -1.148943 -0.450534  
462 19.710000 -1.144445 -0.449003  
463 19.720000 -1.139963 -0.447462  
464 19.730000 -1.135496 -0.445912  
465 19.740000 -1.131045 -0.444352  
466 19.750000 -1.126609 -0.442783  
467 19.760000 -1.122189 -0.441207  
468 19.770000 -1.117785 -0.439623  
469 19.780000 -1.113397 -0.438032  
470 19.790000 -1.109024 -0.436435  
471 19.800000 -1.104668 -0.434831  
472 19.810000 -1.100328 -0.433222  
473 19.820000 -1.096004 -0.431608  
474 19.830000 -1.091696 -0.429989  
475 19.840000 -1.087404 -0.428366  
476 19.850000 -1.083128 -0.426739  
477 19.860000 -1.078869 -0.425108  
478 19.870000 -1.074626 -0.423474  
479 19.880000 -1.070400 -0.421838  
480 19.890000 -1.066189 -0.420199  
481 19.900000 -1.061996 -0.418558  
482 19.910000 -1.057818 -0.416915  
483 19.920000 -1.053657 -0.415271  
484 19.930000 -1.049513 -0.413625  
485 19.940000 -1.045385 -0.411979  
486 19.950000 -1.041273 -0.410332  
487 19.960000 -1.037178 -0.408685  
488 19.970000 -1.033100 -0.407038  
489 19.980000 -1.029037 -0.405391  
490 19.990000 -1.024992 -0.403745  
491 20.000000 -1.020963 -0.402099  
492 20.010000 -1.016950 -0.400454  
493 20.020000 -1.012953 -0.398811  
494 20.030000 -1.008974 -0.397169  
495 20.040000 -1.005010 -0.395528  
496 20.050000 -1.001063 -0.393890  
497 20.060000 -0.997132 -0.392253  
498 20.070000 -0.993218 -0.390619  
499 20.080000 -0.989320 -0.388986  
500 20.090000 -0.985438 -0.387357  
501 20.100000 -0.981573 -0.385730  
502 20.110000 -0.977724 -0.384106  
503 20.120000 -0.973891 -0.382485  
504 20.130000 -0.970074 -0.380868  
505 20.140000 -0.966273 -0.379253  
506 20.150000 -0.962489 -0.377642  
507 20.160000 -0.958720 -0.376035  
508 20.170000 -0.954968 -0.374431  
509 20.180000 -0.951232 -0.372832  
510 20.190000 -0.947511 -0.371236  
511 20.200000 -0.943807 -0.369644  
512 20.210000 -0.940119 -0.368057  
513 20.220000 -0.936446 -0.366474  
514 20.230000 -0.932789 -0.364895  
515 20.240000 -0.929148 -0.363321  
516 20.250000 -0.925523 -0.361751  
517 20.260000 -0.921913 -0.360186  
518 20.270000 -0.918319 -0.358626  
519 20.280000 -0.914740 -0.357070  
520 20.290000 -0.911177 -0.355520  
521 20.300000 -0.907630 -0.353974  
522 20.310000 -0.904098 -0.352434  
523 20.320000 -0.900581 -0.350898  
524 20.330000 -0.897080 -0.349368  
525 20.340000 -0.893594 -0.347844  
526 20.350000 -0.890123 -0.346324  
527 20.360000 -0.886667 -0.344810  
528 20.370000 -0.883227 -0.343301  
529 20.380000 -0.879801 -0.341798  
530 20.390000 -0.876391 -0.340300  
531 20.400000 -0.872995 -0.338808  
532 20.410000 -0.869615 -0.337322  
533 20.420000 -0.866249 -0.335841  
534 20.430000 -0.862898 -0.334366  
535 20.440000 -0.859562 -0.332896  
536 20.450000 -0.856240 -0.331433  
537 20.460000 -0.852933 -0.329975  
538 20.470000 -0.849640 -0.328523  
539 20.480000 -0.846362 -0.327077  
540 20.490000 -0.843099 -0.325636  
541 20.500000 -0.839850 -0.324202  
542 20.510000 -0.836615 -0.322774  
543 20.520000 -0.833394 -0.321351  
544 20.530000 -0.830188 -0.319935  
545 20.540000 -0.826995 -0.318524  
546 20.550000 -0.823817 -0.317119  
547 20.560000 -0.820653 -0.315721  
548 20.570000 -0.817503 -0.314328  
549 20.580000 -0.814366 -0.312942  
550 20.590000 -0.811244 -0.311561  
551 20.600000 -0.808135 -0.310187  
552 20.610000 -0.805040 -0.308819  
553 20.620000 -0.801959 -0.307457  
554 20.630000 -0.798891 -0.306100  
555 20.640000 -0.795837 -0.304750  
556 20.650000 -0.792796 -0.303406  
557 20.660000 -0.789769 -0.302068  
558 20.670000 -0.786755 -0.300737  
559 20.680000 -0.783754 -0.299411  
560 20.690000 -0.780766 -0.298091  
561 20.700000 -0.777792 -0.296777  
562 20.710000 -0.774831 -0.295470  
563 20.720000 -0.771883 -0.294168  
564 20.730000 -0.768947 -0.292873  
565 20.740000 -0.766025 -0.291584  
566 20.750000 -0.763116 -0.290300  
567 20.760000 -0.760219 -0.289023  
568 20.770000 -0.757335 -0.287752  
569 20.780000 -0.754464 -0.286487  
570 20.790000 -0.751605 -0.285228  
571 20.800000 -0.748759 -0.283974  
572 20.810000 -0.745926 -0.282727  
573 20.820000 -0.743105 -0.281486  
574 20.830000 -0.740296 -0.280251  
575 20.840000 -0.737500 -0.279022  
576 20.850000 -0.734716 -0.277798  
577 20.860000 -0.731944 -0.276581  
578 20.870000 -0.729184 -0.275369  
579 20.880000 -0.726436 -0.274164  
580 20.890000 -0.723701 -0.272964  
581 20.900000 -0.720977 -0.271770  
582 20.910000 -0.718265 -0.270582  
583 20.920000 -0.715566 -0.269400  
584 20.930000 -0.712877 -0.268224  
585 20.940000 -0.710201 -0.267054  
586 20.950000 -0.707536 -0.265889  
587 20.960000 -0.704883 -0.264730  
588 20.970000 -0.702242 -0.263577  
589 20.980000 -0.699612 -0.262429  
590 20.990000 -0.696993 -0.261287  
591 21.000000 -0.694386 -0.260151  
592 21.010000 -0.691790 -0.259021  
593 21.020000 -0.689205 -0.257896  
594 21.030000 -0.686632 -0.256777  
595 21.040000 -0.684070 -0.255663  
596 21.050000 -0.681519 -0.254555  
597 21.060000 -0.678979 -0.253453  
598 21.070000 -0.676450 -0.252356  
599 21.080000 -0.673932 -0.251265  
600 21.090000 -0.671424 -0.250179  
601 21.100000 -0.668928 -0.249099  
602 21.110000 -0.666442 -0.248024  
603 21.120000 -0.663968 -0.246954  
604 21.130000 -0.661503 -0.245890  
605 21.140000 -0.659050 -0.244832  
606 21.150000 -0.656607 -0.243778  
607 21.160000 -0.654174 -0.242730  
608 21.170000 -0.651752 -0.241688  
609 21.180000 -0.649340 -0.240650  
610 21.190000 -0.646939 -0.239618  
611 21.200000 -0.644548 -0.238591  
612 21.210000 -0.642167 -0.237570  
613 21.220000 -0.639797 -0.236553  
614 21.230000 -0.637436 -0.235542  
615 21.240000 -0.635086 -0.234536  
616 21.250000 -0.632745 -0.233535  
617 21.260000 -0.630415 -0.232539  
618 21.270000 -0.628095 -0.231549  
619 21.280000 -0.625784 -0.230563  
620 21.290000 -0.623483 -0.229582  
621 21.300000 -0.621192 -0.228607  
622 21.310000 -0.618911 -0.227636  
623 21.320000 -0.616640 -0.226670  
624 21.330000 -0.614378 -0.225709  
625 21.340000 -0.612125 -0.224754  
626 21.350000 -0.609883 -0.223803  
627 21.360000 -0.607649 -0.222857  
628 21.370000 -0.605425 -0.221915  
629 21.380000 -0.603211 -0.220979  
630 21.390000 -0.601006 -0.220047  
631 21.400000 -0.598810 -0.219120  
632 21.410000 -0.596623 -0.218198  
633 21.420000 -0.594446 -0.217281  
634 21.430000 -0.592278 -0.216368  
635 21.440000 -0.590119 -0.215460  
636 21.450000 -0.587969 -0.214557  
637 21.460000 -0.585828 -0.213658  
638 21.470000 -0.583695 -0.212764  
639 21.480000 -0.581572 -0.211874  
640 21.490000 -0.579458 -0.210989  
641 21.500000 -0.577352 -0.210109  
642 21.510000 -0.575256 -0.209233  
643 21.520000 -0.573168 -0.208362  
644 21.530000 -0.571088 -0.207494  
645 21.540000 -0.569018 -0.206632  
646 21.550000 -0.566956 -0.205774  
647 21.560000 -0.564902 -0.204920  
648 21.570000 -0.562857 -0.204071  
649 21.580000 -0.560821 -0.203225  
650 21.590000 -0.558793 -0.202385  
651 21.600000 -0.556773 -0.201548  
652 21.610000 -0.554762 -0.200716  
653 21.620000 -0.552759 -0.199888  
654 21.630000 -0.550764 -0.199064  
655 21.640000 -0.548778 -0.198245  
656 21.650000 -0.546799 -0.197430  
657 21.660000 -0.544829 -0.196619  
658 21.670000 -0.542867 -0.195811  
659 21.680000 -0.540913 -0.195009  
660 21.690000 -0.538967 -0.194210  
661 21.700000 -0.537029 -0.193415  
662 21.710000 -0.535098 -0.192624  
663 21.720000 -0.533176 -0.191838  
664 21.730000 -0.531262 -0.191055  
665 21.740000 -0.529355 -0.190276  
666 21.750000 -0.527456 -0.189502  
667 21.760000 -0.525565 -0.188731  
668 21.770000 -0.523681 -0.187964  
669 21.780000 -0.521806 -0.187201  
670 21.790000 -0.519937 -0.186442  
671 21.800000 -0.518077 -0.185686  
672 21.810000 -0.516224 -0.184935  
673 21.820000 -0.514378 -0.184187  
674 21.830000 -0.512540 -0.183444  
675 21.840000 -0.510709 -0.182703  
676 21.850000 -0.508886 -0.181967  
677 21.860000 -0.507070 -0.181234  
678 21.870000 -0.505261 -0.180506  
679 21.880000 -0.503460 -0.179780  
680 21.890000 -0.501665 -0.179059  
681 21.900000 -0.499878 -0.178341  
682 21.910000 -0.498099 -0.177626  
683 21.920000 -0.496326 -0.176916  
684 21.930000 -0.494560 -0.176208  
685 21.940000 -0.492802 -0.175505  
686 21.950000 -0.491050 -0.174805  
687 21.960000 -0.489306 -0.174108  
688 21.970000 -0.487568 -0.173415  
689 21.980000 -0.485837 -0.172726  
690 21.990000 -0.484114 -0.172040  
691 22.000000 -0.482397 -0.171357  
692 22.010000 -0.480686 -0.170678  
693 22.020000 -0.478983 -0.170002  
694 22.030000 -0.477286 -0.169329  
695 22.040000 -0.475596 -0.168660  
696 22.050000 -0.473913 -0.167994  
697 22.060000 -0.472236 -0.167332  
698 22.070000 -0.470566 -0.166673  
699 22.080000 -0.468903 -0.166017  
700 22.090000 -0.467246 -0.165364  
701 22.100000 -0.465596 -0.164715  
702 22.110000 -0.463952 -0.164069  
703 22.120000 -0.462314 -0.163426  
704 22.130000 -0.460683 -0.162786  
705 22.140000 -0.459059 -0.162150  
706 22.150000 -0.457440 -0.161516  
707 22.160000 -0.455828 -0.160886  
708 22.170000 -0.454223 -0.160259  
709 22.180000 -0.452623 -0.159635  
710 22.190000 -0.451030 -0.159014  
711 22.200000 -0.449443 -0.158396  
712 22.210000 -0.447862 -0.157781  
713 22.220000 -0.446287 -0.157169  
714 22.230000 -0.444719 -0.156560  
715 22.240000 -0.443156 -0.155955  
716 22.250000 -0.441599 -0.155352  
717 22.260000 -0.440049 -0.154752  
718 22.270000 -0.438504 -0.154155  
719 22.280000 -0.436966 -0.153561  
720 22.290000 -0.435433 -0.152970  
721 22.300000 -0.433906 -0.152382  
722 22.310000 -0.432385 -0.151797  
723 22.320000 -0.430870 -0.151214  
724 22.330000 -0.429361 -0.150635  
725 22.340000 -0.427858 -0.150058  
726 22.350000 -0.426360 -0.149484  
727 22.360000 -0.424868 -0.148913  
728 22.370000 -0.423382 -0.148344  
729 22.380000 -0.421901 -0.147779  
730 22.390000 -0.420426 -0.147216  
731 22.400000 -0.418957 -0.146656  
732 22.410000 -0.417493 -0.146098  
733 22.420000 -0.416035 -0.145544  
734 22.430000 -0.414582 -0.144992  
735 22.440000 -0.413135 -0.144442  
736 22.450000 -0.411693 -0.143896  
737 22.460000 -0.410257 -0.143352  
738 22.470000 -0.408826 -0.142810  
739 22.480000 -0.407401 -0.142271  
740 22.490000 -0.405981 -0.141735  
741 22.500000 -0.404566 -0.141202  
742 22.510000 -0.403157 -0.140671  
743 22.520000 -0.401753 -0.140142  
744 22.530000 -0.400354 -0.139616  
745 22.540000 -0.398960 -0.139093  
746 22.550000 -0.397572 -0.138572  
747 22.560000 -0.396189 -0.138053  
748 22.570000 -0.394811 -0.137537  
749 22.580000 -0.393438 -0.137024  
750 22.590000 -0.392071 -0.136513  
751 22.600000 -0.390708 -0.136004  
752 22.610000 -0.389350 -0.135498  
753 22.620000 -0.387998 -0.134994  
754 22.630000 -0.386651 -0.134493  
755 22.640000 -0.385308 -0.133994  
756 22.650000 -0.383971 -0.133497  
757 22.660000 -0.382638 -0.133003  
758 22.670000 -0.381311 -0.132511  
759 22.680000 -0.379988 -0.132022  
760 22.690000 -0.378670 -0.131534  
761 22.700000 -0.377357 -0.131049  
762 22.710000 -0.376049 -0.130567  
763 22.720000 -0.374746 -0.130086  
764 22.730000 -0.373447 -0.129608  
765 22.740000 -0.372154 -0.129132  
766 22.750000 -0.370865 -0.128659  
767 22.760000 -0.369581 -0.128187  
768 22.770000 -0.368301 -0.127718  
769 22.780000 -0.367026 -0.127251  
770 22.790000 -0.365756 -0.126786  
771 22.800000 -0.364490 -0.126324  
772 22.810000 -0.363229 -0.125863  
773 22.820000 -0.361973 -0.125405  
774 22.830000 -0.360721 -0.124949  
775 22.840000 -0.359474 -0.124495  
776 22.850000 -0.358231 -0.124043  
777 22.860000 -0.356993 -0.123593  
778 22.870000 -0.355760 -0.123146  
779 22.880000 -0.354530 -0.122700  
780 22.890000 -0.353306 -0.122256  
781 22.900000 -0.352085 -0.121815  
782 22.910000 -0.350869 -0.121375  
783 22.920000 -0.349658 -0.120938  
784 22.930000 -0.348451 -0.120503  
785 22.940000 -0.347248 -0.120069  
786 22.950000 -0.346049 -0.119638  
787 22.960000 -0.344855 -0.119208  
788 22.970000 -0.343665 -0.118781  
789 22.980000 -0.342479 -0.118356  
790 22.990000 -0.341298 -0.117932  
791 23.000000 -0.340121 -0.117511  
792 23.010000 -0.338948 -0.117091  
793 23.020000 -0.337779 -0.116673  
794 23.030000 -0.336614 -0.116258  
795 23.040000 -0.335454 -0.115844  
796 23.050000 -0.334297 -0.115432  
797 23.060000 -0.333145 -0.115022  
798 23.070000 -0.331997 -0.114613  
799 23.080000 -0.330853 -0.114207  
800 23.090000 -0.329713 -0.113803  
801 23.100000 -0.328577 -0.113400  
802 23.110000 -0.327445 -0.112999  
803 23.120000 -0.326317 -0.112600  
804 23.130000 -0.325193 -0.112203  
805 23.140000 -0.324073 -0.111808  
806 23.150000 -0.322957 -0.111414  
807 23.160000 -0.321844 -0.111022  
808 23.170000 -0.320736 -0.110632  
809 23.180000 -0.319632 -0.110244  
810 23.190000 -0.318531 -0.109857  
811 23.200000 -0.317435 -0.109473  
812 23.210000 -0.316342 -0.109090  
813 23.220000 -0.315253 -0.108708  
814 23.230000 -0.314168 -0.108329  
815 23.240000 -0.313086 -0.107951  
816 23.250000 -0.312009 -0.107575  
817 23.260000 -0.310935 -0.107200  
818 23.270000 -0.309865 -0.106827  
819 23.280000 -0.308798 -0.106456  
820 23.290000 -0.307735 -0.106086  
821 23.300000 -0.306676 -0.105719  
822 23.310000 -0.305621 -0.105352  
823 23.320000 -0.304569 -0.104988  
824 23.330000 -0.303521 -0.104625  
825 23.340000 -0.302477 -0.104263  
826 23.350000 -0.301436 -0.103904  
827 23.360000 -0.300399 -0.103546  
828 23.370000 -0.299365 -0.103189  
829 23.380000 -0.298335 -0.102834  
830 23.390000 -0.297308 -0.102481  
831 23.400000 -0.296285 -0.102129  
832 23.410000 -0.295266 -0.101778  
833 23.420000 -0.294250 -0.101430  
834 23.430000 -0.293237 -0.101082  
835 23.440000 -0.292228 -0.100737  
836 23.450000 -0.291222 -0.100393  
837 23.460000 -0.290220 -0.100050  
838 23.470000 -0.289221 -0.099709  
839 23.480000 -0.288226 -0.099369  
840 23.490000 -0.287234 -0.099031  
841 23.500000 -0.286245 -0.098694  
842 23.510000 -0.285260 -0.098359  
843 23.520000 -0.284278 -0.098025  
844 23.530000 -0.283300 -0.097693  
845 23.540000 -0.282324 -0.097362  
846 23.550000 -0.281352 -0.097033  
847 23.560000 -0.280384 -0.096705  
848 23.570000 -0.279418 -0.096378  
849 23.580000 -0.278456 -0.096053  
850 23.590000 -0.277497 -0.095730  
851 23.600000 -0.276542 -0.095407  
852 23.610000 -0.275589 -0.095086  
853 23.620000 -0.274640 -0.094767  
854 23.630000 -0.273694 -0.094449  
855 23.640000 -0.272751 -0.094132  
856 23.650000 -0.271811 -0.093817  
857 23.660000 -0.270875 -0.093503  
858 23.670000 -0.269941 -0.093190  
859 23.680000 -0.269011 -0.092879  
860 23.690000 -0.268083 -0.092569  
861 23.700000 -0.267159 -0.092260  
862 23.710000 -0.266238 -0.091953  
863 23.720000 -0.265320 -0.091647  
864 23.730000 -0.264405 -0.091342  
865 23.740000 -0.263493 -0.091039  
866 23.750000 -0.262585 -0.090736  
867 23.760000 -0.261679 -0.090436  
868 23.770000 -0.260776 -0.090136  
869 23.780000 -0.259876 -0.089838  
870 23.790000 -0.258979 -0.089541  
871 23.800000 -0.258085 -0.089245  
872 23.810000 -0.257194 -0.088951  
873 23.820000 -0.256306 -0.088657  
874 23.830000 -0.255421 -0.088365  
875 23.840000 -0.254539 -0.088075  
876 23.850000 -0.253660 -0.087785  
877 23.860000 -0.252783 -0.087497  
878 23.870000 -0.251910 -0.087210  
879 23.880000 -0.251039 -0.086924  
880 23.890000 -0.250171 -0.086639  
881 23.900000 -0.249306 -0.086356  
882 23.910000 -0.248444 -0.086074  
883 23.920000 -0.247585 -0.085793  
884 23.930000 -0.246728 -0.085513  
885 23.940000 -0.245874 -0.085234  
886 23.950000 -0.245023 -0.084957  
887 23.960000 -0.244175 -0.084680  
888 23.970000 -0.243330 -0.084405  
889 23.980000 -0.242487 -0.084131  
890 23.990000 -0.241647 -0.083858  
891 24.000000 -0.240810 -0.083586  
892 24.010000 -0.239975 -0.083316  
893 24.020000 -0.239144 -0.083046  
894 24.030000 -0.238315 -0.082778  
895 24.040000 -0.237488 -0.082510  
896 24.050000 -0.236664 -0.082244  
897 24.060000 -0.235843 -0.081979  
898 24.070000 -0.235025 -0.081715  
899 24.080000 -0.234209 -0.081452  
900 24.090000 -0.233396 -0.081191  
901 24.100000 -0.232585 -0.080930  
902 24.110000 -0.231777 -0.080670  
903 24.120000 -0.230972 -0.080412  
904 24.130000 -0.230169 -0.080154  
905 24.140000 -0.229369 -0.079898  
906 24.150000 -0.228571 -0.079642  
907 24.160000 -0.227776 -0.079388  
908 24.170000 -0.226983 -0.079135  
909 24.180000 -0.226193 -0.078882  
910 24.190000 -0.225405 -0.078631  
911 24.200000 -0.224620 -0.078381  
912 24.210000 -0.223838 -0.078132  
913 24.220000 -0.223058 -0.077884  
914 24.230000 -0.222280 -0.077637  
915 24.240000 -0.221505 -0.077391  
916 24.250000 -0.220732 -0.077145  
917 24.260000 -0.219962 -0.076901  
918 24.270000 -0.219194 -0.076658  
919 24.280000 -0.218429 -0.076416  
920 24.290000 -0.217666 -0.076175  
921 24.300000 -0.216905 -0.075935  
922 24.310000 -0.216147 -0.075696  
923 24.320000 -0.215392 -0.075457  
924 24.330000 -0.214638 -0.075220  
925 24.340000 -0.213887 -0.074984  
926 24.350000 -0.213138 -0.074748  
927 24.360000 -0.212392 -0.074514  
928 24.370000 -0.211648 -0.074281  
929 24.380000 -0.210907 -0.074048  
930 24.390000 -0.210167 -0.073816  
931 24.400000 -0.209430 -0.073586  
932 24.410000 -0.208696 -0.073356  
933 24.420000 -0.207963 -0.073127  
934 24.430000 -0.207233 -0.072899  
935 24.440000 -0.206505 -0.072672  
936 24.450000 -0.205780 -0.072446  
937 24.460000 -0.205056 -0.072221  
938 24.470000 -0.204335 -0.071997  
939 24.480000 -0.203616 -0.071773  
940 24.490000 -0.202900 -0.071551  
941 24.500000 -0.202185 -0.071329  
942 24.510000 -0.201473 -0.071109  
943 24.520000 -0.200763 -0.070889  
944 24.530000 -0.200055 -0.070670  
945 24.540000 -0.199350 -0.070452  
946 24.550000 -0.198646 -0.070235  
947 24.560000 -0.197945 -0.070018  
948 24.570000 -0.197246 -0.069803  
949 24.580000 -0.196549 -0.069588  
950 24.590000 -0.195854 -0.069374  
951 24.600000 -0.195161 -0.069161  
952 24.610000 -0.194471 -0.068949  
953 24.620000 -0.193782 -0.068738  
954 24.630000 -0.193096 -0.068527  
955 24.640000 -0.192412 -0.068318  
956 24.650000 -0.191730 -0.068109  
957 24.660000 -0.191050 -0.067901  
958 24.670000 -0.190372 -0.067694  
959 24.680000 -0.189696 -0.067487  
960 24.690000 -0.189022 -0.067282  
961 24.700000 -0.188350 -0.067077  
962 24.710000 -0.187680 -0.066873  
963 24.720000 -0.187013 -0.066670  
964 24.730000 -0.186347 -0.066468  
965 24.740000 -0.185683 -0.066266  
966 24.750000 -0.185022 -0.066065  
967 24.760000 -0.184362 -0.065865  
968 24.770000 -0.183704 -0.065666  
969 24.780000 -0.183049 -0.065468  
970 24.790000 -0.182395 -0.065270  
971 24.800000 -0.181743 -0.065073  
972 24.810000 -0.181094 -0.064877  
973 24.820000 -0.180446 -0.064681  
974 24.830000 -0.179800 -0.064487  
975 24.840000 -0.179156 -0.064293  
976 24.850000 -0.178514 -0.064100  
977 24.860000 -0.177874 -0.063907  
978 24.870000 -0.177236 -0.063716  
979 24.880000 -0.176600 -0.063525  
980 24.890000 -0.175965 -0.063334  
981 24.900000 -0.175333 -0.063145  
982 24.910000 -0.174703 -0.062956  
983 24.920000 -0.174074 -0.062768  
984 24.930000 -0.173447 -0.062581  
985 24.940000 -0.172822 -0.062394  
986 24.950000 -0.172199 -0.062209  
987 24.960000 -0.171578 -0.062023  
988 24.970000 -0.170959 -0.061839  
989 24.980000 -0.170341 -0.061655  
990 24.990000 -0.169726 -0.061472  
991 25.000000 -0.169112 -0.061290  
992 25.010000 -0.168500 -0.061108  
993 25.020000 -0.167890 -0.060927  
994 25.030000 -0.167281 -0.060747  
995 25.040000 -0.166675 -0.060567  
996 25.050000 -0.166070 -0.060388  
997 25.060000 -0.165467 -0.060210  
998 25.070000 -0.164866 -0.060033  
999 25.080000 -0.164266 -0.059856  
1000 25.090000 -0.163669 -0.059679  
1001 25.100000 -0.163073 -0.059504  
1002 25.110000 -0.162479 -0.059329  
1003 25.120000 -0.161886 -0.059155  
1004 25.130000 -0.161296 -0.058981  
1005 25.140000 -0.160707 -0.058808  
1006 25.150000 -0.160119 -0.058636  
1007 25.160000 -0.159534 -0.058464  
1008 25.170000 -0.158950 -0.058293  
1009 25.180000 -0.158368 -0.058123  
1010 25.190000 -0.157788 -0.057953  
1011 25.200000 -0.157209 -0.057784  
1012 25.210000 -0.156632 -0.057616  
1013 25.220000 -0.156057 -0.057448  
1014 25.230000 -0.155483 -0.057281  
1015 25.240000 -0.154911 -0.057114  
1016 25.250000 -0.154341 -0.056948  
1017 25.260000 -0.153772 -0.056783  
1018 25.270000 -0.153205 -0.056618  
1019 25.280000 -0.152640 -0.056454  
1020 25.290000 -0.152076 -0.056291  
1021 25.300000 -0.151514 -0.056128  
1022 25.310000 -0.150953 -0.055966  
1023 25.320000 -0.150395 -0.055804  
1024 25.330000 -0.149837 -0.055643  
1025 25.340000 -0.149282 -0.055482  
1026 25.350000 -0.148728 -0.055322  
1027 25.360000 -0.148175 -0.055163  
1028 25.370000 -0.147624 -0.055004  
1029 25.380000 -0.147075 -0.054846  
1030 25.390000 -0.146527 -0.054689  
1031 25.400000 -0.145981 -0.054532  
1032 25.410000 -0.145437 -0.054375  
1033 25.420000 -0.144894 -0.054219  
1034 25.430000 -0.144352 -0.054064  
1035 25.440000 -0.143813 -0.053910  
1036 25.450000 -0.143274 -0.053755  
1037 25.460000 -0.142737 -0.053602  
1038 25.470000 -0.142202 -0.053449  
1039 25.480000 -0.141668 -0.053296  
1040 25.490000 -0.141136 -0.053145  
1041 25.500000 -0.140606 -0.052993  
1042 25.510000 -0.140076 -0.052842  
1043 25.520000 -0.139549 -0.052692  
1044 25.530000 -0.139023 -0.052543  
1045 25.540000 -0.138498 -0.052393  
1046 25.550000 -0.137975 -0.052245  
1047 25.560000 -0.137453 -0.052097  
1048 25.570000 -0.136933 -0.051949  
1049 25.580000 -0.136414 -0.051802  
1050 25.590000 -0.135897 -0.051656  
1051 25.600000 -0.135381 -0.051510  
1052 25.610000 -0.134866 -0.051364  
1053 25.620000 -0.134354 -0.051220  
1054 25.630000 -0.133842 -0.051075  
1055 25.640000 -0.133332 -0.050931  
1056 25.650000 -0.132823 -0.050788  
1057 25.660000 -0.132316 -0.050645  
1058 25.670000 -0.131811 -0.050503  
1059 25.680000 -0.131306 -0.050361  
1060 25.690000 -0.130803 -0.050220  
1061 25.700000 -0.130302 -0.050079  
1062 25.710000 -0.129802 -0.049939  
1063 25.720000 -0.129303 -0.049799  
1064 25.730000 -0.128806 -0.049660  
1065 25.740000 -0.128310 -0.049521  
1066 25.750000 -0.127815 -0.049383  
1067 25.760000 -0.127322 -0.049245  
1068 25.770000 -0.126830 -0.049108  
1069 25.780000 -0.126340 -0.048971  
1070 25.790000 -0.125851 -0.048835  
1071 25.800000 -0.125363 -0.048699  
1072 25.810000 -0.124877 -0.048564  
1073 25.820000 -0.124392 -0.048429  
1074 25.830000 -0.123908 -0.048294  
1075 25.840000 -0.123426 -0.048161  
1076 25.850000 -0.122945 -0.048027  
1077 25.860000 -0.122466 -0.047894  
1078 25.870000 -0.121987 -0.047762  
1079 25.880000 -0.121510 -0.047630  
1080 25.890000 -0.121035 -0.047498  
1081 25.900000 -0.120560 -0.047367  
1082 25.910000 -0.120087 -0.047236  
1083 25.920000 -0.119616 -0.047106  
1084 25.930000 -0.119145 -0.046977  
1085 25.940000 -0.118676 -0.046847  
1086 25.950000 -0.118208 -0.046719  
1087 25.960000 -0.117742 -0.046590  
1088 25.970000 -0.117277 -0.046462  
1089 25.980000 -0.116813 -0.046335  
1090 25.990000 -0.116350 -0.046208  
1091 26.000000 -0.115888 -0.046081  
1092 26.010000 -0.115428 -0.045955  
1093 26.020000 -0.114969 -0.045830  
1094 26.030000 -0.114512 -0.045704  
1095 26.040000 -0.114055 -0.045579  
1096 26.050000 -0.113600 -0.045455  
1097 26.060000 -0.113146 -0.045331  
1098 26.070000 -0.112693 -0.045208  
1099 26.080000 -0.112242 -0.045085  
1100 26.090000 -0.111792 -0.044962  
1101 26.100000 -0.111343 -0.044840  
1102 26.110000 -0.110895 -0.044718  
1103 26.120000 -0.110448 -0.044597  
1104 26.130000 -0.110003 -0.044476  
1105 26.140000 -0.109559 -0.044355  
1106 26.150000 -0.109116 -0.044235  
1107 26.160000 -0.108674 -0.044115  
1108 26.170000 -0.108234 -0.043996  
1109 26.180000 -0.107794 -0.043877  
1110 26.190000 -0.107356 -0.043759  
1111 26.200000 -0.106919 -0.043641  
1112 26.210000 -0.106483 -0.043523  
1113 26.220000 -0.106049 -0.043406  
1114 26.230000 -0.105615 -0.043289  
1115 26.240000 -0.105183 -0.043172  
1116 26.250000 -0.104752 -0.043056  
1117 26.260000 -0.104322 -0.042941  
1118 26.270000 -0.103893 -0.042825  
1119 26.280000 -0.103465 -0.042711  
1120 26.290000 -0.103039 -0.042596  
1121 26.300000 -0.102613 -0.042482  
1122 26.310000 -0.102189 -0.042368  
1123 26.320000 -0.101766 -0.042255  
1124 26.330000 -0.101344 -0.042142  
1125 26.340000 -0.100923 -0.042030  
1126 26.350000 -0.100503 -0.041917  
1127 26.360000 -0.100085 -0.041806  
1128 26.370000 -0.099667 -0.041694  
1129 26.380000 -0.099251 -0.041583  
1130 26.390000 -0.098835 -0.041473  
1131 26.400000 -0.098421 -0.041362  
1132 26.410000 -0.098008 -0.041252  
1133 26.420000 -0.097596 -0.041143  
1134 26.430000 -0.097185 -0.041034  
1135 26.440000 -0.096776 -0.040925  
1136 26.450000 -0.096367 -0.040817  
1137 26.460000 -0.095959 -0.040709  
1138 26.470000 -0.095553 -0.040601  
1139 26.480000 -0.095147 -0.040494  
1140 26.490000 -0.094743 -0.040387  
1141 26.500000 -0.094339 -0.040280  
1142 26.510000 -0.093937 -0.040174  
1143 26.520000 -0.093536 -0.040068  
1144 26.530000 -0.093136 -0.039962  
1145 26.540000 -0.092737 -0.039857  
1146 26.550000 -0.092339 -0.039752  
1147 26.560000 -0.091942 -0.039648  
1148 26.570000 -0.091546 -0.039544  
1149 26.580000 -0.091151 -0.039440  
1150 26.590000 -0.090757 -0.039337  
1151 26.600000 -0.090364 -0.039234  
1152 26.610000 -0.089972 -0.039131  
1153 26.620000 -0.089581 -0.039028  
1154 26.630000 -0.089192 -0.038926  
1155 26.640000 -0.088803 -0.038825  
1156 26.650000 -0.088415 -0.038723  
1157 26.660000 -0.088028 -0.038622  
1158 26.670000 -0.087643 -0.038522  
1159 26.680000 -0.087258 -0.038421  
1160 26.690000 -0.086874 -0.038321  
1161 26.700000 -0.086492 -0.038221  
1162 26.710000 -0.086110 -0.038122  
1163 26.720000 -0.085729 -0.038023  
1164 26.730000 -0.085349 -0.037924  
1165 26.740000 -0.084971 -0.037826  
1166 26.750000 -0.084593 -0.037728  
1167 26.760000 -0.084216 -0.037630  
1168 26.770000 -0.083840 -0.037533  
1169 26.780000 -0.083465 -0.037435  
1170 26.790000 -0.083092 -0.037339  
1171 26.800000 -0.082719 -0.037242  
1172 26.810000 -0.082347 -0.037146  
1173 26.820000 -0.081976 -0.037050  
1174 26.830000 -0.081606 -0.036955  
1175 26.840000 -0.081237 -0.036860  
1176 26.850000 -0.080869 -0.036765  
1177 26.860000 -0.080501 -0.036670  
1178 26.870000 -0.080135 -0.036576  
1179 26.880000 -0.079770 -0.036482  
1180 26.890000 -0.079406 -0.036388  
1181 26.900000 -0.079042 -0.036295  
1182 26.910000 -0.078680 -0.036202  
1183 26.920000 -0.078318 -0.036109  
1184 26.930000 -0.077957 -0.036017  
1185 26.940000 -0.077598 -0.035924  
1186 26.950000 -0.077239 -0.035833  
1187 26.960000 -0.076881 -0.035741  
1188 26.970000 -0.076524 -0.035650  
1189 26.980000 -0.076168 -0.035559  
1190 26.990000 -0.075813 -0.035468  
1191 27.000000 -0.075459 -0.035378  
1192 27.010000 -0.075105 -0.035288  
1193 27.020000 -0.074753 -0.035198  
1194 27.030000 -0.074401 -0.035108  
1195 27.040000 -0.074051 -0.035019  
1196 27.050000 -0.073701 -0.034930  
1197 27.060000 -0.073352 -0.034842  
1198 27.070000 -0.073004 -0.034753  
1199 27.080000 -0.072657 -0.034665  
1200 27.090000 -0.072311 -0.034577  
1201 27.100000 -0.071966 -0.034490  
1202 27.110000 -0.071621 -0.034403  
1203 27.120000 -0.071278 -0.034316  
1204 27.130000 -0.070935 -0.034229  
1205 27.140000 -0.070593 -0.034143  
1206 27.150000 -0.070252 -0.034057  
1207 27.160000 -0.069912 -0.033971  
1208 27.170000 -0.069573 -0.033885  
1209 27.180000 -0.069234 -0.033800  
1210 27.190000 -0.068897 -0.033715  
1211 27.200000 -0.068560 -0.033630  
1212 27.210000 -0.068224 -0.033546  
1213 27.220000 -0.067889 -0.033461  
1214 27.230000 -0.067555 -0.033378  
1215 27.240000 -0.067221 -0.033294  
1216 27.250000 -0.066889 -0.033210  
1217 27.260000 -0.066557 -0.033127  
1218 27.270000 -0.066226 -0.033044  
1219 27.280000 -0.065896 -0.032962  
1220 27.290000 -0.065567 -0.032880  
1221 27.300000 -0.065239 -0.032797  
1222 27.310000 -0.064911 -0.032716  
1223 27.320000 -0.064584 -0.032634  
1224 27.330000 -0.064258 -0.032553  
1225 27.340000 -0.063933 -0.032472  
1226 27.350000 -0.063609 -0.032391  
1227 27.360000 -0.063285 -0.032310  
1228 27.370000 -0.062963 -0.032230  
1229 27.380000 -0.062641 -0.032150  
1230 27.390000 -0.062320 -0.032070  
1231 27.400000 -0.061999 -0.031991  
1232 27.410000 -0.061680 -0.031911  
1233 27.420000 -0.061361 -0.031832  
1234 27.430000 -0.061043 -0.031754  
1235 27.440000 -0.060726 -0.031675  
1236 27.450000 -0.060410 -0.031597  
1237 27.460000 -0.060094 -0.031519  
1238 27.470000 -0.059779 -0.031441  
1239 27.480000 -0.059465 -0.031363  
1240 27.490000 -0.059152 -0.031286  
1241 27.500000 -0.058840 -0.031209  
1242 27.510000 -0.058528 -0.031132  
1243 27.520000 -0.058217 -0.031056  
1244 27.530000 -0.057907 -0.030979  
1245 27.540000 -0.057597 -0.030903  
1246 27.550000 -0.057289 -0.030827  
1247 27.560000 -0.056981 -0.030752  
1248 27.570000 -0.056674 -0.030676  
1249 27.580000 -0.056367 -0.030601  
1250 27.590000 -0.056062 -0.030526  
1251 27.600000 -0.055757 -0.030451  
1252 27.610000 -0.055453 -0.030377  
1253 27.620000 -0.055149 -0.030303  
1254 27.630000 -0.054847 -0.030229  
1255 27.640000 -0.054545 -0.030155  
1256 27.650000 -0.054244 -0.030081  
1257 27.660000 -0.053943 -0.030008  
1258 27.670000 -0.053643 -0.029935  
1259 27.680000 -0.053344 -0.029862  
1260 27.690000 -0.053046 -0.029789  
1261 27.700000 -0.052749 -0.029717  
1262 27.710000 -0.052452 -0.029645  
1263 27.720000 -0.052156 -0.029573  
1264 27.730000 -0.051860 -0.029501  
1265 27.740000 -0.051566 -0.029429  
1266 27.750000 -0.051272 -0.029358  
1267 27.760000 -0.050979 -0.029287  
1268 27.770000 -0.050686 -0.029216  
1269 27.780000 -0.050394 -0.029145  
1270 27.790000 -0.050103 -0.029075  
1271 27.800000 -0.049813 -0.029005  
1272 27.810000 -0.049523 -0.028934  
1273 27.820000 -0.049234 -0.028865  
1274 27.830000 -0.048946 -0.028795  
1275 27.840000 -0.048658 -0.028726  
1276 27.850000 -0.048371 -0.028656  
1277 27.860000 -0.048085 -0.028588  
1278 27.870000 -0.047800 -0.028519  
1279 27.880000 -0.047515 -0.028450  
1280 27.890000 -0.047231 -0.028382  
1281 27.900000 -0.046947 -0.028314  
1282 27.910000 -0.046664 -0.028246  
1283 27.920000 -0.046382 -0.028178  
1284 27.930000 -0.046101 -0.028111  
1285 27.940000 -0.045820 -0.028043  
1286 27.950000 -0.045540 -0.027976  
1287 27.960000 -0.045260 -0.027909  
1288 27.970000 -0.044982 -0.027843  
1289 27.980000 -0.044704 -0.027776  
1290 27.990000 -0.044426 -0.027710  
1291 28.000000 -0.044149 -0.027644  
1292 28.010000 -0.043873 -0.027578  
1293 28.020000 -0.043598 -0.027512  
1294 28.030000 -0.043323 -0.027447  
1295 28.040000 -0.043049 -0.027381  
1296 28.050000 -0.042775 -0.027316  
1297 28.060000 -0.042503 -0.027251  
1298 28.070000 -0.042230 -0.027186  
1299 28.080000 -0.041959 -0.027122  
1300 28.090000 -0.041688 -0.027058  
1301 28.100000 -0.041418 -0.026993  
1302 28.110000 -0.041148 -0.026930  
1303 28.120000 -0.040879 -0.026866  
1304 28.130000 -0.040611 -0.026802  
1305 28.140000 -0.040343 -0.026739  
1306 28.150000 -0.040076 -0.026676  
1307 28.160000 -0.039810 -0.026613  
1308 28.170000 -0.039544 -0.026550  
1309 28.180000 -0.039279 -0.026487  
1310 28.190000 -0.039014 -0.026425  
1311 28.200000 -0.038750 -0.026362  
1312 28.210000 -0.038487 -0.026300  
1313 28.220000 -0.038224 -0.026239  
1314 28.230000 -0.037962 -0.026177  
1315 28.240000 -0.037700 -0.026115  
1316 28.250000 -0.037440 -0.026054  
1317 28.260000 -0.037179 -0.025993  
1318 28.270000 -0.036920 -0.025932  
1319 28.280000 -0.036661 -0.025871  
1320 28.290000 -0.036402 -0.025810  
1321 28.300000 -0.036145 -0.025750  
1322 28.310000 -0.035887 -0.025690  
1323 28.320000 -0.035631 -0.025630  
1324 28.330000 -0.035375 -0.025570  
1325 28.340000 -0.035119 -0.025510  
1326 28.350000 -0.034865 -0.025451  
1327 28.360000 -0.034610 -0.025391  
1328 28.370000 -0.034357 -0.025332  
1329 28.380000 -0.034104 -0.025273  
1330 28.390000 -0.033851 -0.025214  
1331 28.400000 -0.033599 -0.025155  
1332 28.410000 -0.033348 -0.025097  
1333 28.420000 -0.033097 -0.025039  
1334 28.430000 -0.032847 -0.024980  
1335 28.440000 -0.032598 -0.024922  
1336 28.450000 -0.032349 -0.024865  
1337 28.460000 -0.032101 -0.024807  
1338 28.470000 -0.031853 -0.024749  
1339 28.480000 -0.031606 -0.024692  
1340 28.490000 -0.031359 -0.024635  
1341 28.500000 -0.031113 -0.024578  
1342 28.510000 -0.030867 -0.024521  
1343 28.520000 -0.030622 -0.024465  
1344 28.530000 -0.030378 -0.024408  
1345 28.540000 -0.030134 -0.024352  
1346 28.550000 -0.029891 -0.024296  
1347 28.560000 -0.029648 -0.024240  
1348 28.570000 -0.029406 -0.024184  
1349 28.580000 -0.029165 -0.024128  
1350 28.590000 -0.028924 -0.024073  
1351 28.600000 -0.028683 -0.024017  
1352 28.610000 -0.028443 -0.023962  
1353 28.620000 -0.028204 -0.023907  
1354 28.630000 -0.027965 -0.023852  
1355 28.640000 -0.027727 -0.023797  
1356 28.650000 -0.027489 -0.023743  
1357 28.660000 -0.027252 -0.023689  
1358 28.670000 -0.027016 -0.023634  
1359 28.680000 -0.026779 -0.023580  
1360 28.690000 -0.026544 -0.023526  
1361 28.700000 -0.026309 -0.023473  
1362 28.710000 -0.026074 -0.023419  
1363 28.720000 -0.025841 -0.023365  
1364 28.730000 -0.025607 -0.023312  
1365 28.740000 -0.025374 -0.023259  
1366 28.750000 -0.025142 -0.023206  
1367 28.760000 -0.024910 -0.023153  
1368 28.770000 -0.024679 -0.023100  
1369 28.780000 -0.024448 -0.023048  
1370 28.790000 -0.024218 -0.022996  
1371 28.800000 -0.023988 -0.022943  
1372 28.810000 -0.023759 -0.022891  
1373 28.820000 -0.023530 -0.022839  
1374 28.830000 -0.023302 -0.022787  
1375 28.840000 -0.023075 -0.022736  
1376 28.850000 -0.022848 -0.022684  
1377 28.860000 -0.022621 -0.022633  
1378 28.870000 -0.022395 -0.022582  
1379 28.880000 -0.022169 -0.022531  
1380 28.890000 -0.021944 -0.022480  
1381 28.900000 -0.021720 -0.022429  
1382 28.910000 -0.021496 -0.022378  
1383 28.920000 -0.021272 -0.022328  
1384 28.930000 -0.021049 -0.022278  
1385 28.940000 -0.020827 -0.022227  
1386 28.950000 -0.020605 -0.022177  
1387 28.960000 -0.020383 -0.022127  
1388 28.970000 -0.020162 -0.022078  
1389 28.980000 -0.019942 -0.022028  
1390 28.990000 -0.019721 -0.021978  
1391 29.000000 -0.019502 -0.021929  
1392 29.010000 -0.019283 -0.021880  
1393 29.020000 -0.019064 -0.021831  
1394 29.030000 -0.018846 -0.021782  
1395 29.040000 -0.018629 -0.021733  
1396 29.050000 -0.018412 -0.021684  
1397 29.060000 -0.018195 -0.021636  
1398 29.070000 -0.017979 -0.021588  
1399 29.080000 -0.017763 -0.021539  
1400 29.090000 -0.017548 -0.021491  
1401 29.100000 -0.017333 -0.021443  
1402 29.110000 -0.017119 -0.021395  
1403 29.120000 -0.016906 -0.021348  
1404 29.130000 -0.016692 -0.021300  
1405 29.140000 -0.016480 -0.021253  
1406 29.150000 -0.016267 -0.021205  
1407 29.160000 -0.016055 -0.021158  
1408 29.170000 -0.015844 -0.021111  
1409 29.180000 -0.015633 -0.021064  
1410 29.190000 -0.015423 -0.021017  
1411 29.200000 -0.015213 -0.020971  
1412 29.210000 -0.015003 -0.020924  
1413 29.220000 -0.014794 -0.020878  
1414 29.230000 -0.014586 -0.020832  
1415 29.240000 -0.014378 -0.020785  
1416 29.250000 -0.014170 -0.020739  
1417 29.260000 -0.013963 -0.020694  
1418 29.270000 -0.013756 -0.020648  
1419 29.280000 -0.013550 -0.020602  
1420 29.290000 -0.013344 -0.020557  
1421 29.300000 -0.013139 -0.020511  
1422 29.310000 -0.012934 -0.020466  
1423 29.320000 -0.012730 -0.020421  
1424 29.330000 -0.012526 -0.020376  
1425 29.340000 -0.012322 -0.020331  
1426 29.350000 -0.012119 -0.020286  
1427 29.360000 -0.011916 -0.020242  
1428 29.370000 -0.011714 -0.020197  
1429 29.380000 -0.011512 -0.020153  
1430 29.390000 -0.011311 -0.020109  
1431 29.400000 -0.011110 -0.020064  
1432 29.410000 -0.010910 -0.020020  
1433 29.420000 -0.010710 -0.019977  
1434 29.430000 -0.010510 -0.019933  
1435 29.440000 -0.010311 -0.019889  
1436 29.450000 -0.010112 -0.019846  
1437 29.460000 -0.009914 -0.019802  
1438 29.470000 -0.009716 -0.019759  
1439 29.480000 -0.009519 -0.019716  
1440 29.490000 -0.009322 -0.019673  
1441 29.500000 -0.009126 -0.019630  
1442 29.510000 -0.008929 -0.019587  
1443 29.520000 -0.008734 -0.019544  
1444 29.530000 -0.008539 -0.019502  
1445 29.540000 -0.008344 -0.019459  
1446 29.550000 -0.008149 -0.019417  
1447 29.560000 -0.007955 -0.019375  
1448 29.570000 -0.007762 -0.019333  
1449 29.580000 -0.007569 -0.019291  
1450 29.590000 -0.007376 -0.019249  
1451 29.600000 -0.007184 -0.019207  
1452 29.610000 -0.006992 -0.019165  
1453 29.620000 -0.006801 -0.019124  
1454 29.630000 -0.006610 -0.019082  
1455 29.640000 -0.006419 -0.019041  
1456 29.650000 -0.006229 -0.019000  
1457 29.660000 -0.006039 -0.018959  
1458 29.670000 -0.005850 -0.018918  
1459 29.680000 -0.005661 -0.018877  
1460 29.690000 -0.005472 -0.018836  
1461 29.700000 -0.005284 -0.018795  
1462 29.710000 -0.005096 -0.018755  
1463 29.720000 -0.004909 -0.018714  
1464 29.730000 -0.004722 -0.018674  
1465 29.740000 -0.004535 -0.018634  
1466 29.750000 -0.004349 -0.018594  
1467 29.760000 -0.004163 -0.018554  
1468 29.770000 -0.003978 -0.018514  
1469 29.780000 -0.003793 -0.018474  
1470 29.790000 -0.003609 -0.018434  
1471 29.800000 -0.003424 -0.018395  
1472 29.810000 -0.003241 -0.018355  
1473 29.820000 -0.003057 -0.018316  
1474 29.830000 -0.002874 -0.018277  
1475 29.840000 -0.002692 -0.018238  
1476 29.850000 -0.002510 -0.018199  
1477 29.860000 -0.002328 -0.018160  
1478 29.870000 -0.002146 -0.018121  
1479 29.880000 -0.001965 -0.018082  
1480 29.890000 -0.001785 -0.018043  
1481 29.900000 -0.001605 -0.018005  
1482 29.910000 -0.001425 -0.017966  
1483 29.920000 -0.001245 -0.017928  
1484 29.930000 -0.001066 -0.017890  
1485 29.940000 -0.000887 -0.017852  
1486 29.950000 -0.000709 -0.017814  
1487 29.960000 -0.000531 -0.017776  
1488 29.970000 -0.000354 -0.017738  
1489 29.980000 -0.000176 -0.017700  
1490 29.990000 0.000000 -0.017663  
