1 15.100000 70414921097625.109375 6342570883414819.000000  
2 15.110000 29840653105820.812500 2443720221420613.000000  
3 15.120000 13626664468232.527344 1023008460141694.875000  
4 15.130000 6625358949561.394531 459168280965490.437500  
5 15.140000 3398025364501.639160 218695147395420.843750  
6 15.150000 1824893545709.950439 109627980941076.265625  
7 15.160000 1020139477967.125854 57457814491898.695312  
8 15.170000 590718085561.333740 31316634064083.085938  
9 15.180000 352898516514.359497 17670753124359.425781  
10 15.190000 216771644968.131134 10283960397091.943359  
11 15.200000 136520583489.554611 6153372931794.447266  
12 15.210000 87938367296.708176 3775178982555.933594  
13 15.220000 57813950102.918732 2369307976025.580078  
14 15.230000 38723246417.405724 1518057927037.255615  
15 15.240000 26381983370.896336 991227251449.968018  
16 15.250000 18257265056.604321 658574779913.208374  
17 15.260000 12818101974.115786 444622910674.786926  
18 15.270000 9120085989.186266 304655085554.227051  
19 15.280000 6569622468.217693 211634836344.028442  
20 15.290000 4787089566.488185 148905090699.117554  
21 15.300000 3525770684.142150 106022906975.370560  
22 15.310000 2622907281.841932 76334126660.732712  
23 15.320000 1969619073.245857 55534137756.752174  
24 15.330000 1492112300.360087 40798602283.498650  
25 15.340000 1139758202.068559 30249703960.267658  
26 15.350000 877420351.378831 22623314738.568333  
27 15.360000 680449434.526818 17058421425.334888  
28 15.370000 531376414.628715 12962076328.458290  
29 15.380000 417701502.753317 9921666778.864136  
30 15.390000 330399039.519359 7647230113.406799  
31 15.400000 262895644.117128 5933088097.599870  
32 15.410000 210364736.541891 4632052760.592802  
33 15.420000 169234797.985508 3637905436.912012  
34 15.430000 136843484.975267 2873378961.517975  
35 15.440000 111192225.460169 2281837840.325008  
36 15.450000 90770668.893462 1821467504.035355  
37 15.460000 74430118.664221 1461181724.740385  
38 15.470000 61291595.019512 1177716963.031907  
39 15.480000 50678574.617832 953553560.775990  
40 15.490000 42067446.246351 775417564.356771  
41 15.500000 35050777.107096 633193413.791708  
42 15.510000 29309906.264190 519129507.696904  
43 15.520000 24594373.879139 427254009.329344  
44 15.530000 20706392.054620 352942594.518961  
45 15.540000 17489056.624361 292596720.994282  
46 15.550000 14817350.988149 243402791.258326  
47 15.560000 12591245.481670 203150878.438904  
48 15.570000 10730378.020336 170097562.021683  
49 15.580000 9169934.166770 142861610.910705  
50 15.590000 7857441.541958 120344257.784058  
51 15.600000 6750264.626970 101667978.799480  
52 15.610000 5813638.568281 86129268.187264  
53 15.620000 5019119.654860 73162047.499107  
54 15.630000 4343359.300608 62309193.602391  
55 15.640000 3767130.253535 53200292.527876  
56 15.650000 3274550.257803 45534188.329161  
57 15.660000 2852460.897846 39065240.462784  
58 15.670000 2489928.867927 33592461.047584  
59 15.680000 2177844.181458 28950897.326032  
60 15.690000 1908595.414514 25004771.206094  
61 15.700000 1675806.377768 21641998.974343  
62 15.710000 1474121.937435 18769799.015630  
63 15.720000 1299033.288917 16311160.212492  
64 15.730000 1146735.000252 14201993.499870  
65 15.740000 1014007.717455 12388827.450346  
66 15.750000 898121.660225 10826938.482653  
67 15.760000 796757.010310 9478829.367491  
68 15.770000 707938.064447 8312987.694595  
69 15.780000 629978.633945 7302870.034322  
70 15.790000 561436.658224 6426068.566710  
71 15.800000 501076.386736 5663625.641373  
72 15.810000 447836.793398 4999468.594122  
73 15.820000 400805.136181 4419942.581941  
74 15.830000 359194.774485 3913423.516373  
75 15.840000 322326.518247 3469996.616063  
76 15.850000 289612.913301 3081188.848453  
77 15.860000 260544.973367 2739745.733306  
78 15.870000 234680.955157 2439444.750418  
79 15.880000 211636.843291 2174939.019279  
80 15.890000 191078.269052 1941626.069629  
81 15.900000 172713.634038 1735537.453772  
82 15.910000 156288.248297 1553245.707917  
83 15.920000 141579.324330 1391785.785080  
84 15.930000 128391.694479 1248588.583855  
85 15.940000 116554.140895 1121424.607417  
86 15.950000 105916.245175 1008356.123009  
87 15.960000 96345.679647 907696.467912  
88 15.970000 87725.874642 817975.374718  
89 15.980000 79954.006402 737909.375747  
90 15.990000 72939.258876 666376.500912  
91 16.000000 66601.319870 602394.611211  
92 16.010000 60869.078006 545102.816057  
93 16.020000 55679.492064 493745.510805  
94 16.030000 50976.608498 447658.644153  
95 16.040000 46710.706523 406257.886327  
96 16.050000 42837.553194 369028.420045  
97 16.060000 39317.753453 335516.119083  
98 16.070000 36116.182305 305319.915121  
99 16.080000 33201.488089 278085.183702  
100 16.090000 30545.657413 253498.005501  
101 16.100000 28123.633614 231280.180442  
102 16.110000 25912.981749 211184.890265  
103 16.120000 23893.594103 192992.920392  
104 16.130000 22047.431003 176509.364824  
105 16.140000 20358.292439 161560.748784  
106 16.150000 18811.616613 147992.513104  
107 16.160000 17394.302034 135666.812255  
108 16.170000 16094.550242 124460.584671  
109 16.180000 14901.726619 114263.859746  
110 16.190000 13806.237070 104978.270813  
111 16.200000 12799.418665 96515.747584  
112 16.210000 11873.442550 88797.365145  
113 16.220000 11021.227674 81752.329676  
114 16.230000 10236.364040 75317.083711  
115 16.240000 9513.044377 69434.516036  
116 16.250000 8846.003239 64053.263265  
117 16.260000 8230.462682 59127.091854  
118 16.270000 7662.083755 54614.350738  
119 16.280000 7136.923153 50477.486050  
120 16.290000 6651.394435 46682.610474  
121 16.300000 6202.233317 43199.120720  
122 16.310000 5786.466559 39999.357428  
123 16.320000 5401.384070 37058.302519  
124 16.330000 5044.513871 34353.309636  
125 16.340000 4713.599600 31863.863828  
126 16.350000 4406.580289 29571.367137  
127 16.360000 4121.572174 27458.947120  
128 16.370000 3856.852307 25511.285711  
129 16.380000 3610.843794 23714.466139  
130 16.390000 3382.102480 22055.835881  
131 16.400000 3169.304930 20523.883868  
132 16.410000 2971.237578 19108.130384  
133 16.420000 2786.786912 17799.028258  
134 16.430000 2614.930604 16587.874132  
135 16.440000 2454.729477 15466.728704  
136 16.450000 2305.320227 14428.344998  
137 16.460000 2165.908832 13466.103797  
138 16.470000 2035.764566 12573.955483  
139 16.480000 1914.214573 11746.367611  
140 16.490000 1800.638934 10978.277621  
141 16.500000 1694.466188 10265.050142  
142 16.510000 1595.169252 9602.438438  
143 16.520000 1502.261713 8986.549548  
144 16.530000 1415.294453 8413.812756  
145 16.540000 1333.852570 7880.951054  
146 16.550000 1257.552572 7384.955293  
147 16.560000 1186.039818 6923.060757  
148 16.570000 1118.986181 6492.725917  
149 16.580000 1056.087914 6091.613152  
150 16.590000 997.063701 5717.571242  
151 16.600000 941.652873 5368.619462  
152 16.610000 889.613776 5042.933120  
153 16.620000 840.722279 4738.830401  
154 16.630000 794.770405 4454.760397  
155 16.640000 751.565078 4189.292195  
156 16.650000 710.926970 3941.104947  
157 16.660000 672.689452 3708.978798  
158 16.670000 636.697623 3491.786630  
159 16.680000 602.807421 3288.486506  
160 16.690000 570.884806 3098.114785  
161 16.700000 540.805010 2919.779819  
162 16.710000 512.451846 2752.656196  
163 16.720000 485.717070 2595.979472  
164 16.730000 460.499800 2449.041349  
165 16.740000 436.705975 2311.185258  
166 16.750000 414.247856 2181.802317  
167 16.760000 393.043572 2060.327619  
168 16.770000 373.016695 1946.236832  
169 16.780000 354.095849 1839.043078  
170 16.790000 336.214354 1738.294069  
171 16.800000 319.309890 1643.569472  
172 16.810000 303.324189 1554.478493  
173 16.820000 288.202755 1470.657654  
174 16.830000 273.894599 1391.768748  
175 16.840000 260.351992 1317.496955  
176 16.850000 247.530249 1247.549111  
177 16.860000 235.387509 1181.652113  
178 16.870000 223.884554 1119.551446  
179 16.880000 212.984619 1061.009831  
180 16.890000 202.653233 1005.805971  
181 16.900000 192.858063 953.733402  
182 16.910000 183.568771 904.599422  
183 16.920000 174.756881 858.224114  
184 16.930000 166.395655 814.439434  
185 16.940000 158.459981 773.088370  
186 16.950000 150.926265 734.024170  
187 16.960000 143.772333 697.109621  
188 16.970000 136.977336 662.216386  
189 16.980000 130.521669 629.224385  
190 16.990000 124.386886 598.021231  
191 17.000000 118.555633 568.501699  
192 17.010000 113.011570 540.567236  
193 17.020000 107.739313 514.125509  
194 17.030000 102.724373 489.089985  
195 17.040000 97.953097 465.379539  
196 17.050000 93.412619 442.918090  
197 17.060000 89.090810 421.634271  
198 17.070000 84.976232 401.461108  
199 17.080000 81.058096 382.335737  
200 17.090000 77.326222 364.199129  
201 17.100000 73.771002 346.995842  
202 17.110000 70.383368 330.673785  
203 17.120000 67.154753 315.184003  
204 17.130000 64.077067 300.480473  
205 17.140000 61.142667 286.519918  
206 17.150000 58.344328 273.261628  
207 17.160000 55.675222 260.667299  
208 17.170000 53.128889 248.700881  
209 17.180000 50.699224 237.328432  
210 17.190000 48.380448 226.517993  
211 17.200000 46.167092 216.239456  
212 17.210000 44.053980 206.464453  
213 17.220000 42.036213 197.166250  
214 17.230000 40.109150 188.319640  
215 17.240000 38.268395 179.900856  
216 17.250000 36.509782 171.887478  
217 17.260000 34.829364 164.258356  
218 17.270000 33.223400 156.993528  
219 17.280000 31.688342 150.074149  
220 17.290000 30.220825 143.482428  
221 17.300000 28.817658 137.201560  
222 17.310000 27.475811 131.215672  
223 17.320000 26.192411 125.509763  
224 17.330000 24.964730 120.069655  
225 17.340000 23.790177 114.881944  
226 17.350000 22.666292 109.933957  
227 17.360000 21.590739 105.213705  
228 17.370000 20.561297 100.709846  
229 17.380000 19.575856 96.411648  
230 17.390000 18.632412 92.308952  
231 17.400000 17.729058 88.392141  
232 17.410000 16.863980 84.652108  
233 17.420000 16.035455 81.080226  
234 17.430000 15.241842 77.668323  
235 17.440000 14.481581 74.408655  
236 17.450000 13.753186 71.293882  
237 17.460000 13.055244 68.317045  
238 17.470000 12.386408 65.471548  
239 17.480000 11.745396 62.751132  
240 17.490000 11.130988 60.149861  
241 17.500000 10.542020 57.662101  
242 17.510000 9.977385 55.282509  
243 17.520000 9.436027 53.006008  
244 17.530000 8.916938 50.827783  
245 17.540000 8.419159 48.743257  
246 17.550000 7.941775 46.748086  
247 17.560000 7.483913 44.838141  
248 17.570000 7.044741 43.009499  
249 17.580000 6.623464 41.258433  
250 17.590000 6.219325 39.581399  
251 17.600000 5.831601 37.975027  
252 17.610000 5.459600 36.436113  
253 17.620000 5.102664 34.961609  
254 17.630000 4.760163 33.548616  
255 17.640000 4.431496 32.194376  
256 17.650000 4.116088 30.896262  
257 17.660000 3.813392 29.651776  
258 17.670000 3.522882 28.458539  
259 17.680000 3.244058 27.314284  
260 17.690000 2.976440 26.216855  
261 17.700000 2.719571 25.164196  
262 17.710000 2.473013 24.154349  
263 17.720000 2.236348 23.185447  
264 17.730000 2.009174 22.255712  
265 17.740000 1.791109 21.363450  
266 17.750000 1.581786 20.507043  
267 17.760000 1.380854 19.684950  
268 17.770000 1.187977 18.895701  
269 17.780000 1.002835 18.137895  
270 17.790000 0.825119 17.410192  
271 17.800000 0.654535 16.711317  
272 17.810000 0.490800 16.040052  
273 17.820000 0.333646 15.395232  
274 17.830000 0.182811 14.775748  
275 17.840000 0.038050 14.180540  
276 17.850000 -0.100877 13.608595  
277 17.860000 -0.234197 13.058946  
278 17.870000 -0.362127 12.530668  
279 17.880000 -0.484878 12.022880  
280 17.890000 -0.602650 11.534738  
281 17.900000 -0.715636 11.065435  
282 17.910000 -0.824019 10.614200  
283 17.920000 -0.927977 10.180297  
284 17.930000 -1.027681 9.763021  
285 17.940000 -1.123291 9.361699  
286 17.950000 -1.214966 8.975685  
287 17.960000 -1.302854 8.604363  
288 17.970000 -1.387100 8.247143  
289 17.980000 -1.467842 7.903460  
290 17.990000 -1.545212 7.572775  
291 18.000000 -1.619339 7.254569  
292 18.010000 -1.690344 6.948349  
293 18.020000 -1.758344 6.653639  
294 18.030000 -1.823453 6.369985  
295 18.040000 -1.885779 6.096954  
296 18.050000 -1.945426 5.834128  
297 18.060000 -2.002495 5.581109  
298 18.070000 -2.057080 5.337514  
299 18.080000 -2.109275 5.102976  
300 18.090000 -2.159168 4.877145  
301 18.100000 -2.206846 4.659684  
302 18.110000 -2.252389 4.450271  
303 18.120000 -2.295877 4.248596  
304 18.130000 -2.337386 4.054362  
305 18.140000 -2.376988 3.867285  
306 18.150000 -2.414754 3.687092  
307 18.160000 -2.450752 3.513522  
308 18.170000 -2.485046 3.346323  
309 18.180000 -2.517699 3.185253  
310 18.190000 -2.548771 3.030083  
311 18.200000 -2.578319 2.880590  
312 18.210000 -2.606401 2.736561  
313 18.220000 -2.633068 2.597791  
314 18.230000 -2.658373 2.464084  
315 18.240000 -2.682366 2.335252  
316 18.250000 -2.705094 2.211113  
317 18.260000 -2.726603 2.091493  
318 18.270000 -2.746939 1.976226  
319 18.280000 -2.766142 1.865150  
320 18.290000 -2.784255 1.758113  
321 18.300000 -2.801317 1.654964  
322 18.310000 -2.817367 1.555563  
323 18.320000 -2.832440 1.459772  
324 18.330000 -2.846574 1.367459  
325 18.340000 -2.859801 1.278499  
326 18.350000 -2.872155 1.192769  
327 18.360000 -2.883667 1.110152  
328 18.370000 -2.894368 1.030536  
329 18.380000 -2.904287 0.953814  
330 18.390000 -2.913453 0.879880  
331 18.400000 -2.921894 0.808635  
332 18.410000 -2.929634 0.739982  
333 18.420000 -2.936702 0.673829  
334 18.430000 -2.943119 0.610087  
335 18.440000 -2.948911 0.548669  
336 18.450000 -2.954100 0.489494  
337 18.460000 -2.958708 0.432482  
338 18.470000 -2.962757 0.377556  
339 18.480000 -2.966266 0.324642  
340 18.490000 -2.969256 0.273670  
341 18.500000 -2.971746 0.224571  
342 18.510000 -2.973753 0.177280  
343 18.520000 -2.975297 0.131733  
344 18.530000 -2.976394 0.087869  
345 18.540000 -2.977060 0.045629  
346 18.550000 -2.977311 0.004957  
347 18.560000 -2.977164 -0.034201  
348 18.570000 -2.976632 -0.071900  
349 18.580000 -2.975731 -0.108189  
350 18.590000 -2.974473 -0.143116  
351 18.600000 -2.972873 -0.176730  
352 18.610000 -2.970943 -0.209076  
353 18.620000 -2.968695 -0.240196  
354 18.630000 -2.966143 -0.270134  
355 18.640000 -2.963296 -0.298931  
356 18.650000 -2.960168 -0.326625  
357 18.660000 -2.956767 -0.353254  
358 18.670000 -2.953106 -0.378854  
359 18.680000 -2.949194 -0.403462  
360 18.690000 -2.945040 -0.427110  
361 18.700000 -2.940655 -0.449832  
362 18.710000 -2.936046 -0.471659  
363 18.720000 -2.931224 -0.492622  
364 18.730000 -2.926197 -0.512750  
365 18.740000 -2.920972 -0.532071  
366 18.750000 -2.915558 -0.550613  
367 18.760000 -2.909962 -0.568403  
368 18.770000 -2.904192 -0.585465  
369 18.780000 -2.898255 -0.601824  
370 18.790000 -2.892158 -0.617505  
371 18.800000 -2.885907 -0.632530  
372 18.810000 -2.879510 -0.646922  
373 18.820000 -2.872971 -0.660701  
374 18.830000 -2.866298 -0.673888  
375 18.840000 -2.859495 -0.686504  
376 18.850000 -2.852569 -0.698568  
377 18.860000 -2.845526 -0.710098  
378 18.870000 -2.838369 -0.721112  
379 18.880000 -2.831105 -0.731627  
380 18.890000 -2.823738 -0.741662  
381 18.900000 -2.816273 -0.751230  
382 18.910000 -2.808715 -0.760349  
383 18.920000 -2.801068 -0.769034  
384 18.930000 -2.793336 -0.777299  
385 18.940000 -2.785523 -0.785157  
386 18.950000 -2.777634 -0.792624  
387 18.960000 -2.769672 -0.799712  
388 18.970000 -2.761641 -0.806434  
389 18.980000 -2.753544 -0.812801  
390 18.990000 -2.745386 -0.818827  
391 19.000000 -2.737169 -0.824523  
392 19.010000 -2.728897 -0.829899  
393 19.020000 -2.720572 -0.834967  
394 19.030000 -2.712198 -0.839737  
395 19.040000 -2.703778 -0.844219  
396 19.050000 -2.695315 -0.848423  
397 19.060000 -2.686811 -0.852358  
398 19.070000 -2.678268 -0.856033  
399 19.080000 -2.669691 -0.859457  
400 19.090000 -2.661080 -0.862639  
401 19.100000 -2.652439 -0.865587  
402 19.110000 -2.643769 -0.868309  
403 19.120000 -2.635073 -0.870812  
404 19.130000 -2.626354 -0.873105  
405 19.140000 -2.617612 -0.875193  
406 19.150000 -2.608850 -0.877085  
407 19.160000 -2.600071 -0.878787  
408 19.170000 -2.591275 -0.880306  
409 19.180000 -2.582465 -0.881647  
410 19.190000 -2.573643 -0.882817  
411 19.200000 -2.564810 -0.883823  
412 19.210000 -2.555967 -0.884668  
413 19.220000 -2.547117 -0.885361  
414 19.230000 -2.538260 -0.885904  
415 19.240000 -2.529399 -0.886304  
416 19.250000 -2.520535 -0.886567  
417 19.260000 -2.511668 -0.886695  
418 19.270000 -2.502801 -0.886695  
419 19.280000 -2.493935 -0.886571  
420 19.290000 -2.485070 -0.886328  
421 19.300000 -2.476209 -0.885969  
422 19.310000 -2.467351 -0.885498  
423 19.320000 -2.458499 -0.884920  
424 19.330000 -2.449653 -0.884239  
425 19.340000 -2.440814 -0.883459  
426 19.350000 -2.431984 -0.882582  
427 19.360000 -2.423163 -0.881613  
428 19.370000 -2.414352 -0.880554  
429 19.380000 -2.405552 -0.879410  
430 19.390000 -2.396764 -0.878183  
431 19.400000 -2.387989 -0.876877  
432 19.410000 -2.379227 -0.875494  
433 19.420000 -2.370479 -0.874038  
434 19.430000 -2.361747 -0.872510  
435 19.440000 -2.353029 -0.870915  
436 19.450000 -2.344328 -0.869254  
437 19.460000 -2.335644 -0.867530  
438 19.470000 -2.326978 -0.865745  
439 19.480000 -2.318330 -0.863903  
440 19.490000 -2.309700 -0.862005  
441 19.500000 -2.301090 -0.860053  
442 19.510000 -2.292499 -0.858050  
443 19.520000 -2.283929 -0.855997  
444 19.530000 -2.275380 -0.853897  
445 19.540000 -2.266851 -0.851752  
446 19.550000 -2.258345 -0.849564  
447 19.560000 -2.249860 -0.847334  
448 19.570000 -2.241398 -0.845064  
449 19.580000 -2.232959 -0.842756  
450 19.590000 -2.224543 -0.840412  
451 19.600000 -2.216151 -0.838033  
452 19.610000 -2.207782 -0.835621  
453 19.620000 -2.199438 -0.833178  
454 19.630000 -2.191119 -0.830704  
455 19.640000 -2.182824 -0.828201  
456 19.650000 -2.174555 -0.825671  
457 19.660000 -2.166311 -0.823115  
458 19.670000 -2.158093 -0.820535  
459 19.680000 -2.149901 -0.817930  
460 19.690000 -2.141734 -0.815304  
461 19.700000 -2.133595 -0.812656  
462 19.710000 -2.125481 -0.809989  
463 19.720000 -2.117395 -0.807302  
464 19.730000 -2.109335 -0.804598  
465 19.740000 -2.101303 -0.801877  
466 19.750000 -2.093298 -0.799140  
467 19.760000 -2.085320 -0.796389  
468 19.770000 -2.077370 -0.793623  
469 19.780000 -2.069448 -0.790845  
470 19.790000 -2.061553 -0.788054  
471 19.800000 -2.053687 -0.785252  
472 19.810000 -2.045848 -0.782440  
473 19.820000 -2.038038 -0.779618  
474 19.830000 -2.030256 -0.776787  
475 19.840000 -2.022502 -0.773948  
476 19.850000 -2.014777 -0.771101  
477 19.860000 -2.007080 -0.768248  
478 19.870000 -1.999412 -0.765389  
479 19.880000 -1.991772 -0.762524  
480 19.890000 -1.984162 -0.759655  
481 19.900000 -1.976579 -0.756781  
482 19.910000 -1.969026 -0.753904  
483 19.920000 -1.961501 -0.751023  
484 19.930000 -1.954005 -0.748141  
485 19.940000 -1.946539 -0.745256  
486 19.950000 -1.939100 -0.742369  
487 19.960000 -1.931691 -0.739482  
488 19.970000 -1.924311 -0.736594  
489 19.980000 -1.916959 -0.733707  
490 19.990000 -1.909637 -0.730819  
491 20.000000 -1.902343 -0.727933  
492 20.010000 -1.895078 -0.725048  
493 20.020000 -1.887842 -0.722164  
494 20.030000 -1.880635 -0.719282  
495 20.040000 -1.873456 -0.716403  
496 20.050000 -1.866307 -0.713527  
497 20.060000 -1.859186 -0.710654  
498 20.070000 -1.852094 -0.707784  
499 20.080000 -1.845030 -0.704918  
500 20.090000 -1.837995 -0.702056  
501 20.100000 -1.830989 -0.699198  
502 20.110000 -1.824011 -0.696345  
503 20.120000 -1.817062 -0.693497  
504 20.130000 -1.810141 -0.690655  
505 20.140000 -1.803249 -0.687817  
506 20.150000 -1.796385 -0.684986  
507 20.160000 -1.789549 -0.682160  
508 20.170000 -1.782742 -0.679341  
509 20.180000 -1.775962 -0.676528  
510 20.190000 -1.769211 -0.673722  
511 20.200000 -1.762488 -0.670922  
512 20.210000 -1.755793 -0.668130  
513 20.220000 -1.749125 -0.665345  
514 20.230000 -1.742486 -0.662567  
515 20.240000 -1.735874 -0.659796  
516 20.250000 -1.729290 -0.657034  
517 20.260000 -1.722733 -0.654279  
518 20.270000 -1.716204 -0.651533  
519 20.280000 -1.709702 -0.648794  
520 20.290000 -1.703228 -0.646064  
521 20.300000 -1.696781 -0.643342  
522 20.310000 -1.690361 -0.640629  
523 20.320000 -1.683969 -0.637925  
524 20.330000 -1.677603 -0.635229  
525 20.340000 -1.671264 -0.632543  
526 20.350000 -1.664952 -0.629865  
527 20.360000 -1.658667 -0.627197  
528 20.370000 -1.652408 -0.624538  
529 20.380000 -1.646176 -0.621888  
530 20.390000 -1.639970 -0.619248  
531 20.400000 -1.633791 -0.616617  
532 20.410000 -1.627638 -0.613996  
533 20.420000 -1.621511 -0.611384  
534 20.430000 -1.615410 -0.608782  
535 20.440000 -1.609335 -0.606190  
536 20.450000 -1.603286 -0.603608  
537 20.460000 -1.597263 -0.601035  
538 20.470000 -1.591265 -0.598473  
539 20.480000 -1.585293 -0.595921  
540 20.490000 -1.579347 -0.593378  
541 20.500000 -1.573426 -0.590846  
542 20.510000 -1.567530 -0.588324  
543 20.520000 -1.561659 -0.585812  
544 20.530000 -1.555814 -0.583311  
545 20.540000 -1.549993 -0.580820  
546 20.550000 -1.544197 -0.578338  
547 20.560000 -1.538426 -0.575868  
548 20.570000 -1.532680 -0.573407  
549 20.580000 -1.526958 -0.570957  
550 20.590000 -1.521261 -0.568518  
551 20.600000 -1.515588 -0.566088  
552 20.610000 -1.509939 -0.563669  
553 20.620000 -1.504314 -0.561261  
554 20.630000 -1.498714 -0.558863  
555 20.640000 -1.493137 -0.556476  
556 20.650000 -1.487584 -0.554098  
557 20.660000 -1.482055 -0.551732  
558 20.670000 -1.476549 -0.549376  
559 20.680000 -1.471067 -0.547030  
560 20.690000 -1.465609 -0.544695  
561 20.700000 -1.460174 -0.542370  
562 20.710000 -1.454761 -0.540055  
563 20.720000 -1.449372 -0.537752  
564 20.730000 -1.444006 -0.535458  
565 20.740000 -1.438663 -0.533175  
566 20.750000 -1.433343 -0.530902  
567 20.760000 -1.428045 -0.528640  
568 20.770000 -1.422770 -0.526388  
569 20.780000 -1.417517 -0.524147  
570 20.790000 -1.412287 -0.521916  
571 20.800000 -1.407079 -0.519695  
572 20.810000 -1.401893 -0.517485  
573 20.820000 -1.396729 -0.515285  
574 20.830000 -1.391587 -0.513095  
575 20.840000 -1.386467 -0.510915  
576 20.850000 -1.381369 -0.508746  
577 20.860000 -1.376292 -0.506587  
578 20.870000 -1.371237 -0.504438  
579 20.880000 -1.366204 -0.502300  
580 20.890000 -1.361191 -0.500171  
581 20.900000 -1.356200 -0.498053  
582 20.910000 -1.351230 -0.495945  
583 20.920000 -1.346281 -0.493846  
584 20.930000 -1.341353 -0.491758  
585 20.940000 -1.336446 -0.489680  
586 20.950000 -1.331560 -0.487612  
587 20.960000 -1.326694 -0.485554  
588 20.970000 -1.321848 -0.483506  
589 20.980000 -1.317024 -0.481467  
590 20.990000 -1.312219 -0.479439  
591 21.000000 -1.307435 -0.477420  
592 21.010000 -1.302671 -0.475411  
593 21.020000 -1.297926 -0.473412  
594 21.030000 -1.293202 -0.471423  
595 21.040000 -1.288498 -0.469443  
596 21.050000 -1.283813 -0.467473  
597 21.060000 -1.279149 -0.465513  
598 21.070000 -1.274503 -0.463562  
599 21.080000 -1.269877 -0.461620  
600 21.090000 -1.265271 -0.459689  
601 21.100000 -1.260683 -0.457766  
602 21.110000 -1.256115 -0.455854  
603 21.120000 -1.251566 -0.453950  
604 21.130000 -1.247036 -0.452056  
605 21.140000 -1.242525 -0.450171  
606 21.150000 -1.238033 -0.448296  
607 21.160000 -1.233559 -0.446430  
608 21.170000 -1.229104 -0.444573  
609 21.180000 -1.224668 -0.442725  
610 21.190000 -1.220250 -0.440886  
611 21.200000 -1.215850 -0.439057  
612 21.210000 -1.211469 -0.437236  
613 21.220000 -1.207105 -0.435424  
614 21.230000 -1.202760 -0.433622  
615 21.240000 -1.198433 -0.431828  
616 21.250000 -1.194123 -0.430044  
617 21.260000 -1.189832 -0.428268  
618 21.270000 -1.185558 -0.426501  
619 21.280000 -1.181302 -0.424742  
620 21.290000 -1.177063 -0.422993  
621 21.300000 -1.172842 -0.421252  
622 21.310000 -1.168638 -0.419520  
623 21.320000 -1.164452 -0.417796  
624 21.330000 -1.160282 -0.416081  
625 21.340000 -1.156130 -0.414375  
626 21.350000 -1.151995 -0.412677  
627 21.360000 -1.147876 -0.410987  
628 21.370000 -1.143775 -0.409306  
629 21.380000 -1.139690 -0.407633  
630 21.390000 -1.135622 -0.405969  
631 21.400000 -1.131571 -0.404312  
632 21.410000 -1.127536 -0.402665  
633 21.420000 -1.123517 -0.401025  
634 21.430000 -1.119515 -0.399393  
635 21.440000 -1.115530 -0.397770  
636 21.450000 -1.111560 -0.396154  
637 21.460000 -1.107606 -0.394547  
638 21.470000 -1.103669 -0.392948  
639 21.480000 -1.099747 -0.391356  
640 21.490000 -1.095842 -0.389773  
641 21.500000 -1.091952 -0.388197  
642 21.510000 -1.088078 -0.386630  
643 21.520000 -1.084219 -0.385070  
644 21.530000 -1.080376 -0.383518  
645 21.540000 -1.076549 -0.381973  
646 21.550000 -1.072737 -0.380436  
647 21.560000 -1.068940 -0.378907  
648 21.570000 -1.065159 -0.377386  
649 21.580000 -1.061392 -0.375872  
650 21.590000 -1.057641 -0.374365  
651 21.600000 -1.053905 -0.372866  
652 21.610000 -1.050184 -0.371375  
653 21.620000 -1.046478 -0.369891  
654 21.630000 -1.042786 -0.368414  
655 21.640000 -1.039109 -0.366944  
656 21.650000 -1.035447 -0.365482  
657 21.660000 -1.031800 -0.364027  
658 21.670000 -1.028167 -0.362580  
659 21.680000 -1.024548 -0.361139  
660 21.690000 -1.020944 -0.359706  
661 21.700000 -1.017354 -0.358279  
662 21.710000 -1.013778 -0.356860  
663 21.720000 -1.010217 -0.355448  
664 21.730000 -1.006669 -0.354043  
665 21.740000 -1.003136 -0.352644  
666 21.750000 -0.999616 -0.351253  
667 21.760000 -0.996111 -0.349868  
668 21.770000 -0.992619 -0.348491  
669 21.780000 -0.989141 -0.347120  
670 21.790000 -0.985677 -0.345756  
671 21.800000 -0.982226 -0.344398  
672 21.810000 -0.978789 -0.343047  
673 21.820000 -0.975365 -0.341703  
674 21.830000 -0.971954 -0.340366  
675 21.840000 -0.968557 -0.339035  
676 21.850000 -0.965174 -0.337711  
677 21.860000 -0.961803 -0.336393  
678 21.870000 -0.958446 -0.335081  
679 21.880000 -0.955102 -0.333776  
680 21.890000 -0.951770 -0.332478  
681 21.900000 -0.948452 -0.331185  
682 21.910000 -0.945147 -0.329899  
683 21.920000 -0.941854 -0.328620  
684 21.930000 -0.938574 -0.327346  
685 21.940000 -0.935307 -0.326079  
686 21.950000 -0.932053 -0.324818  
687 21.960000 -0.928811 -0.323563  
688 21.970000 -0.925581 -0.322315  
689 21.980000 -0.922364 -0.321072  
690 21.990000 -0.919160 -0.319836  
691 22.000000 -0.915968 -0.318605  
692 22.010000 -0.912788 -0.317380  
693 22.020000 -0.909620 -0.316162  
694 22.030000 -0.906464 -0.314949  
695 22.040000 -0.903321 -0.313742  
696 22.050000 -0.900190 -0.312541  
697 22.060000 -0.897070 -0.311346  
698 22.070000 -0.893963 -0.310157  
699 22.080000 -0.890867 -0.308973  
700 22.090000 -0.887783 -0.307795  
701 22.100000 -0.884711 -0.306623  
702 22.110000 -0.881651 -0.305457  
703 22.120000 -0.878602 -0.304296  
704 22.130000 -0.875565 -0.303141  
705 22.140000 -0.872539 -0.301991  
706 22.150000 -0.869525 -0.300847  
707 22.160000 -0.866522 -0.299708  
708 22.170000 -0.863531 -0.298575  
709 22.180000 -0.860551 -0.297447  
710 22.190000 -0.857582 -0.296325  
711 22.200000 -0.854624 -0.295208  
712 22.210000 -0.851678 -0.294096  
713 22.220000 -0.848742 -0.292990  
714 22.230000 -0.845818 -0.291889  
715 22.240000 -0.842904 -0.290793  
716 22.250000 -0.840002 -0.289702  
717 22.260000 -0.837110 -0.288617  
718 22.270000 -0.834230 -0.287537  
719 22.280000 -0.831360 -0.286462  
720 22.290000 -0.828500 -0.285392  
721 22.300000 -0.825652 -0.284327  
722 22.310000 -0.822814 -0.283267  
723 22.320000 -0.819986 -0.282213  
724 22.330000 -0.817169 -0.281163  
725 22.340000 -0.814363 -0.280118  
726 22.350000 -0.811567 -0.279079  
727 22.360000 -0.808781 -0.278044  
728 22.370000 -0.806006 -0.277014  
729 22.380000 -0.803241 -0.275989  
730 22.390000 -0.800486 -0.274968  
731 22.400000 -0.797742 -0.273953  
732 22.410000 -0.795007 -0.272942  
733 22.420000 -0.792283 -0.271936  
734 22.430000 -0.789569 -0.270935  
735 22.440000 -0.786864 -0.269939  
736 22.450000 -0.784170 -0.268947  
737 22.460000 -0.781485 -0.267960  
738 22.470000 -0.778811 -0.266977  
739 22.480000 -0.776146 -0.266000  
740 22.490000 -0.773491 -0.265026  
741 22.500000 -0.770845 -0.264057  
742 22.510000 -0.768209 -0.263093  
743 22.520000 -0.765583 -0.262134  
744 22.530000 -0.762967 -0.261178  
745 22.540000 -0.760360 -0.260227  
746 22.550000 -0.757762 -0.259281  
747 22.560000 -0.755174 -0.258339  
748 22.570000 -0.752595 -0.257401  
749 22.580000 -0.750026 -0.256468  
750 22.590000 -0.747466 -0.255539  
751 22.600000 -0.744915 -0.254615  
752 22.610000 -0.742374 -0.253694  
753 22.620000 -0.739841 -0.252778  
754 22.630000 -0.737318 -0.251866  
755 22.640000 -0.734804 -0.250959  
756 22.650000 -0.732299 -0.250055  
757 22.660000 -0.729803 -0.249156  
758 22.670000 -0.727316 -0.248261  
759 22.680000 -0.724838 -0.247370  
760 22.690000 -0.722368 -0.246483  
761 22.700000 -0.719908 -0.245600  
762 22.710000 -0.717456 -0.244721  
763 22.720000 -0.715013 -0.243847  
764 22.730000 -0.712579 -0.242976  
765 22.740000 -0.710154 -0.242109  
766 22.750000 -0.707737 -0.241246  
767 22.760000 -0.705329 -0.240387  
768 22.770000 -0.702929 -0.239532  
769 22.780000 -0.700538 -0.238681  
770 22.790000 -0.698156 -0.237834  
771 22.800000 -0.695782 -0.236991  
772 22.810000 -0.693416 -0.236151  
773 22.820000 -0.691059 -0.235316  
774 22.830000 -0.688710 -0.234484  
775 22.840000 -0.686369 -0.233656  
776 22.850000 -0.684037 -0.232831  
777 22.860000 -0.681712 -0.232010  
778 22.870000 -0.679396 -0.231194  
779 22.880000 -0.677088 -0.230380  
780 22.890000 -0.674789 -0.229571  
781 22.900000 -0.672497 -0.228765  
782 22.910000 -0.670213 -0.227963  
783 22.920000 -0.667938 -0.227164  
784 22.930000 -0.665670 -0.226369  
785 22.940000 -0.663410 -0.225577  
786 22.950000 -0.661159 -0.224789  
787 22.960000 -0.658915 -0.224005  
788 22.970000 -0.656678 -0.223224  
789 22.980000 -0.654450 -0.222446  
790 22.990000 -0.652229 -0.221672  
791 23.000000 -0.650017 -0.220902  
792 23.010000 -0.647811 -0.220135  
793 23.020000 -0.645614 -0.219371  
794 23.030000 -0.643424 -0.218611  
795 23.040000 -0.641242 -0.217854  
796 23.050000 -0.639067 -0.217101  
797 23.060000 -0.636900 -0.216350  
798 23.070000 -0.634740 -0.215604  
799 23.080000 -0.632588 -0.214860  
800 23.090000 -0.630443 -0.214120  
801 23.100000 -0.628305 -0.213383  
802 23.110000 -0.626175 -0.212649  
803 23.120000 -0.624052 -0.211919  
804 23.130000 -0.621937 -0.211192  
805 23.140000 -0.619828 -0.210468  
806 23.150000 -0.617727 -0.209747  
807 23.160000 -0.615633 -0.209029  
808 23.170000 -0.613547 -0.208314  
809 23.180000 -0.611467 -0.207603  
810 23.190000 -0.609395 -0.206895  
811 23.200000 -0.607329 -0.206190  
812 23.210000 -0.605271 -0.205488  
813 23.220000 -0.603219 -0.204789  
814 23.230000 -0.601175 -0.204093  
815 23.240000 -0.599138 -0.203400  
816 23.250000 -0.597107 -0.202710  
817 23.260000 -0.595083 -0.202023  
818 23.270000 -0.593067 -0.201339  
819 23.280000 -0.591057 -0.200658  
820 23.290000 -0.589053 -0.199980  
821 23.300000 -0.587057 -0.199305  
822 23.310000 -0.585067 -0.198633  
823 23.320000 -0.583084 -0.197964  
824 23.330000 -0.581108 -0.197298  
825 23.340000 -0.579138 -0.196634  
826 23.350000 -0.577175 -0.195974  
827 23.360000 -0.575219 -0.195316  
828 23.370000 -0.573269 -0.194661  
829 23.380000 -0.571326 -0.194009  
830 23.390000 -0.569389 -0.193360  
831 23.400000 -0.567458 -0.192713  
832 23.410000 -0.565534 -0.192070  
833 23.420000 -0.563617 -0.191429  
834 23.430000 -0.561706 -0.190791  
835 23.440000 -0.559801 -0.190155  
836 23.450000 -0.557903 -0.189523  
837 23.460000 -0.556011 -0.188893  
838 23.470000 -0.554125 -0.188265  
839 23.480000 -0.552245 -0.187641  
840 23.490000 -0.550372 -0.187019  
841 23.500000 -0.548505 -0.186399  
842 23.510000 -0.546644 -0.185783  
843 23.520000 -0.544789 -0.185169  
844 23.530000 -0.542941 -0.184557  
845 23.540000 -0.541098 -0.183948  
846 23.550000 -0.539262 -0.183342  
847 23.560000 -0.537431 -0.182738  
848 23.570000 -0.535607 -0.182137  
849 23.580000 -0.533789 -0.181538  
850 23.590000 -0.531976 -0.180942  
851 23.600000 -0.530170 -0.180349  
852 23.610000 -0.528369 -0.179758  
853 23.620000 -0.526575 -0.179169  
854 23.630000 -0.524786 -0.178583  
855 23.640000 -0.523003 -0.177999  
856 23.650000 -0.521226 -0.177418  
857 23.660000 -0.519455 -0.176839  
858 23.670000 -0.517689 -0.176263  
859 23.680000 -0.515929 -0.175689  
860 23.690000 -0.514175 -0.175117  
861 23.700000 -0.512427 -0.174548  
862 23.710000 -0.510684 -0.173982  
863 23.720000 -0.508947 -0.173417  
864 23.730000 -0.507216 -0.172855  
865 23.740000 -0.505490 -0.172295  
866 23.750000 -0.503770 -0.171738  
867 23.760000 -0.502055 -0.171183  
868 23.770000 -0.500346 -0.170630  
869 23.780000 -0.498643 -0.170080  
870 23.790000 -0.496945 -0.169531  
871 23.800000 -0.495252 -0.168985  
872 23.810000 -0.493565 -0.168442  
873 23.820000 -0.491883 -0.167900  
874 23.830000 -0.490207 -0.167361  
875 23.840000 -0.488536 -0.166824  
876 23.850000 -0.486870 -0.166289  
877 23.860000 -0.485210 -0.165757  
878 23.870000 -0.483555 -0.165227  
879 23.880000 -0.481906 -0.164698  
880 23.890000 -0.480261 -0.164172  
881 23.900000 -0.478622 -0.163648  
882 23.910000 -0.476988 -0.163127  
883 23.920000 -0.475360 -0.162607  
884 23.930000 -0.473736 -0.162090  
885 23.940000 -0.472118 -0.161574  
886 23.950000 -0.470505 -0.161061  
887 23.960000 -0.468897 -0.160550  
888 23.970000 -0.467294 -0.160041  
889 23.980000 -0.465696 -0.159534  
890 23.990000 -0.464103 -0.159029  
891 24.000000 -0.462515 -0.158526  
892 24.010000 -0.460933 -0.158025  
893 24.020000 -0.459355 -0.157526  
894 24.030000 -0.457782 -0.157030  
895 24.040000 -0.456214 -0.156535  
896 24.050000 -0.454651 -0.156042  
897 24.060000 -0.453093 -0.155551  
898 24.070000 -0.451540 -0.155062  
899 24.080000 -0.449992 -0.154576  
900 24.090000 -0.448449 -0.154091  
901 24.100000 -0.446910 -0.153608  
902 24.110000 -0.445377 -0.153127  
903 24.120000 -0.443848 -0.152648  
904 24.130000 -0.442324 -0.152171  
905 24.140000 -0.440804 -0.151695  
906 24.150000 -0.439290 -0.151222  
907 24.160000 -0.437780 -0.150751  
908 24.170000 -0.436275 -0.150281  
909 24.180000 -0.434774 -0.149813  
910 24.190000 -0.433278 -0.149348  
911 24.200000 -0.431787 -0.148884  
912 24.210000 -0.430301 -0.148422  
913 24.220000 -0.428819 -0.147961  
914 24.230000 -0.427341 -0.147503  
915 24.240000 -0.425869 -0.147046  
916 24.250000 -0.424401 -0.146592  
917 24.260000 -0.422937 -0.146139  
918 24.270000 -0.421478 -0.145687  
919 24.280000 -0.420023 -0.145238  
920 24.290000 -0.418573 -0.144790  
921 24.300000 -0.417127 -0.144345  
922 24.310000 -0.415686 -0.143900  
923 24.320000 -0.414249 -0.143458  
924 24.330000 -0.412817 -0.143018  
925 24.340000 -0.411389 -0.142579  
926 24.350000 -0.409965 -0.142142  
927 24.360000 -0.408546 -0.141706  
928 24.370000 -0.407131 -0.141272  
929 24.380000 -0.405721 -0.140840  
930 24.390000 -0.404314 -0.140410  
931 24.400000 -0.402912 -0.139981  
932 24.410000 -0.401515 -0.139554  
933 24.420000 -0.400121 -0.139129  
934 24.430000 -0.398732 -0.138706  
935 24.440000 -0.397347 -0.138284  
936 24.450000 -0.395967 -0.137863  
937 24.460000 -0.394590 -0.137445  
938 24.470000 -0.393218 -0.137027  
939 24.480000 -0.391849 -0.136612  
940 24.490000 -0.390485 -0.136198  
941 24.500000 -0.389125 -0.135786  
942 24.510000 -0.387770 -0.135375  
943 24.520000 -0.386418 -0.134966  
944 24.530000 -0.385070 -0.134559  
945 24.540000 -0.383727 -0.134153  
946 24.550000 -0.382387 -0.133749  
947 24.560000 -0.381052 -0.133346  
948 24.570000 -0.379720 -0.132945  
949 24.580000 -0.378393 -0.132545  
950 24.590000 -0.377069 -0.132147  
951 24.600000 -0.375750 -0.131750  
952 24.610000 -0.374434 -0.131355  
953 24.620000 -0.373123 -0.130962  
954 24.630000 -0.371815 -0.130570  
955 24.640000 -0.370511 -0.130179  
956 24.650000 -0.369212 -0.129790  
957 24.660000 -0.367916 -0.129403  
958 24.670000 -0.366624 -0.129017  
959 24.680000 -0.365335 -0.128632  
960 24.690000 -0.364051 -0.128249  
961 24.700000 -0.362770 -0.127867  
962 24.710000 -0.361494 -0.127487  
963 24.720000 -0.360221 -0.127108  
964 24.730000 -0.358951 -0.126731  
965 24.740000 -0.357686 -0.126355  
966 24.750000 -0.356424 -0.125981  
967 24.760000 -0.355166 -0.125608  
968 24.770000 -0.353912 -0.125236  
969 24.780000 -0.352662 -0.124866  
970 24.790000 -0.351415 -0.124497  
971 24.800000 -0.350172 -0.124129  
972 24.810000 -0.348932 -0.123763  
973 24.820000 -0.347696 -0.123399  
974 24.830000 -0.346464 -0.123035  
975 24.840000 -0.345236 -0.122674  
976 24.850000 -0.344011 -0.122313  
977 24.860000 -0.342789 -0.121954  
978 24.870000 -0.341572 -0.121596  
979 24.880000 -0.340358 -0.121239  
980 24.890000 -0.339147 -0.120884  
981 24.900000 -0.337940 -0.120530  
982 24.910000 -0.336736 -0.120178  
983 24.920000 -0.335536 -0.119827  
984 24.930000 -0.334340 -0.119477  
985 24.940000 -0.333147 -0.119128  
986 24.950000 -0.331957 -0.118781  
987 24.960000 -0.330771 -0.118435  
988 24.970000 -0.329588 -0.118090  
989 24.980000 -0.328409 -0.117747  
990 24.990000 -0.327234 -0.117405  
991 25.000000 -0.326061 -0.117064  
992 25.010000 -0.324892 -0.116724  
993 25.020000 -0.323727 -0.116386  
994 25.030000 -0.322565 -0.116049  
995 25.040000 -0.321406 -0.115713  
996 25.050000 -0.320250 -0.115378  
997 25.060000 -0.319098 -0.115045  
998 25.070000 -0.317949 -0.114713  
999 25.080000 -0.316804 -0.114382  
1000 25.090000 -0.315662 -0.114052  
1001 25.100000 -0.314523 -0.113724  
1002 25.110000 -0.313387 -0.113396  
1003 25.120000 -0.312255 -0.113070  
1004 25.130000 -0.311126 -0.112745  
1005 25.140000 -0.310000 -0.112422  
1006 25.150000 -0.308877 -0.112099  
1007 25.160000 -0.307758 -0.111778  
1008 25.170000 -0.306642 -0.111458  
1009 25.180000 -0.305529 -0.111139  
1010 25.190000 -0.304419 -0.110821  
1011 25.200000 -0.303312 -0.110504  
1012 25.210000 -0.302209 -0.110189  
1013 25.220000 -0.301109 -0.109875  
1014 25.230000 -0.300011 -0.109561  
1015 25.240000 -0.298917 -0.109249  
1016 25.250000 -0.297826 -0.108938  
1017 25.260000 -0.296739 -0.108629  
1018 25.270000 -0.295654 -0.108320  
1019 25.280000 -0.294572 -0.108012  
1020 25.290000 -0.293494 -0.107706  
1021 25.300000 -0.292418 -0.107401  
1022 25.310000 -0.291346 -0.107097  
1023 25.320000 -0.290276 -0.106793  
1024 25.330000 -0.289210 -0.106491  
1025 25.340000 -0.288146 -0.106190  
1026 25.350000 -0.287086 -0.105891  
1027 25.360000 -0.286029 -0.105592  
1028 25.370000 -0.284974 -0.105294  
1029 25.380000 -0.283923 -0.104998  
1030 25.390000 -0.282874 -0.104702  
1031 25.400000 -0.281829 -0.104407  
1032 25.410000 -0.280786 -0.104114  
1033 25.420000 -0.279746 -0.103822  
1034 25.430000 -0.278710 -0.103530  
1035 25.440000 -0.277676 -0.103240  
1036 25.450000 -0.276645 -0.102951  
1037 25.460000 -0.275617 -0.102663  
1038 25.470000 -0.274591 -0.102375  
1039 25.480000 -0.273569 -0.102089  
1040 25.490000 -0.272550 -0.101804  
1041 25.500000 -0.271533 -0.101520  
1042 25.510000 -0.270519 -0.101237  
1043 25.520000 -0.269508 -0.100955  
1044 25.530000 -0.268500 -0.100674  
1045 25.540000 -0.267495 -0.100393  
1046 25.550000 -0.266492 -0.100114  
1047 25.560000 -0.265493 -0.099836  
1048 25.570000 -0.264496 -0.099559  
1049 25.580000 -0.263501 -0.099283  
1050 25.590000 -0.262510 -0.099008  
1051 25.600000 -0.261521 -0.098733  
1052 25.610000 -0.260535 -0.098460  
1053 25.620000 -0.259552 -0.098188  
1054 25.630000 -0.258572 -0.097917  
1055 25.640000 -0.257594 -0.097646  
1056 25.650000 -0.256619 -0.097377  
1057 25.660000 -0.255646 -0.097108  
1058 25.670000 -0.254676 -0.096841  
1059 25.680000 -0.253709 -0.096574  
1060 25.690000 -0.252745 -0.096309  
1061 25.700000 -0.251783 -0.096044  
1062 25.710000 -0.250824 -0.095780  
1063 25.720000 -0.249868 -0.095517  
1064 25.730000 -0.248914 -0.095255  
1065 25.740000 -0.247962 -0.094994  
1066 25.750000 -0.247014 -0.094734  
1067 25.760000 -0.246068 -0.094475  
1068 25.770000 -0.245124 -0.094216  
1069 25.780000 -0.244183 -0.093959  
1070 25.790000 -0.243245 -0.093702  
1071 25.800000 -0.242309 -0.093447  
1072 25.810000 -0.241376 -0.093192  
1073 25.820000 -0.240446 -0.092938  
1074 25.830000 -0.239517 -0.092685  
1075 25.840000 -0.238592 -0.092433  
1076 25.850000 -0.237669 -0.092182  
1077 25.860000 -0.236748 -0.091931  
1078 25.870000 -0.235830 -0.091682  
1079 25.880000 -0.234915 -0.091433  
1080 25.890000 -0.234001 -0.091185  
1081 25.900000 -0.233091 -0.090939  
1082 25.910000 -0.232183 -0.090692  
1083 25.920000 -0.231277 -0.090447  
1084 25.930000 -0.230374 -0.090203  
1085 25.940000 -0.229473 -0.089959  
1086 25.950000 -0.228575 -0.089717  
1087 25.960000 -0.227679 -0.089475  
1088 25.970000 -0.226785 -0.089234  
1089 25.980000 -0.225894 -0.088993  
1090 25.990000 -0.225005 -0.088754  
1091 26.000000 -0.224119 -0.088515  
1092 26.010000 -0.223235 -0.088278  
1093 26.020000 -0.222353 -0.088041  
1094 26.030000 -0.221474 -0.087805  
1095 26.040000 -0.220597 -0.087569  
1096 26.050000 -0.219723 -0.087335  
1097 26.060000 -0.218850 -0.087101  
1098 26.070000 -0.217981 -0.086868  
1099 26.080000 -0.217113 -0.086636  
1100 26.090000 -0.216248 -0.086404  
1101 26.100000 -0.215385 -0.086174  
1102 26.110000 -0.214524 -0.085944  
1103 26.120000 -0.213666 -0.085715  
1104 26.130000 -0.212810 -0.085487  
1105 26.140000 -0.211956 -0.085259  
1106 26.150000 -0.211105 -0.085033  
1107 26.160000 -0.210256 -0.084807  
1108 26.170000 -0.209409 -0.084582  
1109 26.180000 -0.208564 -0.084357  
1110 26.190000 -0.207722 -0.084133  
1111 26.200000 -0.206881 -0.083911  
1112 26.210000 -0.206043 -0.083688  
1113 26.220000 -0.205208 -0.083467  
1114 26.230000 -0.204374 -0.083246  
1115 26.240000 -0.203543 -0.083026  
1116 26.250000 -0.202714 -0.082807  
1117 26.260000 -0.201887 -0.082589  
1118 26.270000 -0.201062 -0.082371  
1119 26.280000 -0.200239 -0.082154  
1120 26.290000 -0.199419 -0.081938  
1121 26.300000 -0.198600 -0.081722  
1122 26.310000 -0.197784 -0.081507  
1123 26.320000 -0.196970 -0.081293  
1124 26.330000 -0.196158 -0.081080  
1125 26.340000 -0.195349 -0.080867  
1126 26.350000 -0.194541 -0.080655  
1127 26.360000 -0.193736 -0.080444  
1128 26.370000 -0.192932 -0.080233  
1129 26.380000 -0.192131 -0.080024  
1130 26.390000 -0.191332 -0.079814  
1131 26.400000 -0.190535 -0.079606  
1132 26.410000 -0.189740 -0.079398  
1133 26.420000 -0.188947 -0.079191  
1134 26.430000 -0.188156 -0.078985  
1135 26.440000 -0.187367 -0.078779  
1136 26.450000 -0.186580 -0.078574  
1137 26.460000 -0.185795 -0.078369  
1138 26.470000 -0.185013 -0.078166  
1139 26.480000 -0.184232 -0.077963  
1140 26.490000 -0.183454 -0.077760  
1141 26.500000 -0.182677 -0.077559  
1142 26.510000 -0.181902 -0.077358  
1143 26.520000 -0.181130 -0.077157  
1144 26.530000 -0.180359 -0.076958  
1145 26.540000 -0.179591 -0.076759  
1146 26.550000 -0.178824 -0.076560  
1147 26.560000 -0.178059 -0.076362  
1148 26.570000 -0.177297 -0.076165  
1149 26.580000 -0.176536 -0.075969  
1150 26.590000 -0.175777 -0.075773  
1151 26.600000 -0.175021 -0.075578  
1152 26.610000 -0.174266 -0.075383  
1153 26.620000 -0.173513 -0.075189  
1154 26.630000 -0.172762 -0.074996  
1155 26.640000 -0.172013 -0.074804  
1156 26.650000 -0.171266 -0.074611  
1157 26.660000 -0.170521 -0.074420  
1158 26.670000 -0.169778 -0.074229  
1159 26.680000 -0.169036 -0.074039  
1160 26.690000 -0.168297 -0.073850  
1161 26.700000 -0.167559 -0.073661  
1162 26.710000 -0.166824 -0.073472  
1163 26.720000 -0.166090 -0.073285  
1164 26.730000 -0.165358 -0.073098  
1165 26.740000 -0.164628 -0.072911  
1166 26.750000 -0.163900 -0.072725  
1167 26.760000 -0.163173 -0.072540  
1168 26.770000 -0.162449 -0.072355  
1169 26.780000 -0.161726 -0.072171  
1170 26.790000 -0.161005 -0.071988  
1171 26.800000 -0.160286 -0.071805  
1172 26.810000 -0.159569 -0.071623  
1173 26.820000 -0.158854 -0.071441  
1174 26.830000 -0.158141 -0.071260  
1175 26.840000 -0.157429 -0.071079  
1176 26.850000 -0.156719 -0.070899  
1177 26.860000 -0.156011 -0.070720  
1178 26.870000 -0.155305 -0.070541  
1179 26.880000 -0.154600 -0.070363  
1180 26.890000 -0.153897 -0.070185  
1181 26.900000 -0.153196 -0.070008  
1182 26.910000 -0.152497 -0.069831  
1183 26.920000 -0.151800 -0.069655  
1184 26.930000 -0.151104 -0.069480  
1185 26.940000 -0.150410 -0.069305  
1186 26.950000 -0.149718 -0.069131  
1187 26.960000 -0.149027 -0.068957  
1188 26.970000 -0.148339 -0.068784  
1189 26.980000 -0.147652 -0.068611  
1190 26.990000 -0.146967 -0.068439  
1191 27.000000 -0.146283 -0.068267  
1192 27.010000 -0.145601 -0.068096  
1193 27.020000 -0.144921 -0.067926  
1194 27.030000 -0.144243 -0.067756  
1195 27.040000 -0.143566 -0.067587  
1196 27.050000 -0.142891 -0.067418  
1197 27.060000 -0.142218 -0.067249  
1198 27.070000 -0.141546 -0.067082  
1199 27.080000 -0.140876 -0.066914  
1200 27.090000 -0.140208 -0.066748  
1201 27.100000 -0.139541 -0.066581  
1202 27.110000 -0.138876 -0.066416  
1203 27.120000 -0.138213 -0.066251  
1204 27.130000 -0.137551 -0.066086  
1205 27.140000 -0.136891 -0.065922  
1206 27.150000 -0.136233 -0.065758  
1207 27.160000 -0.135576 -0.065595  
1208 27.170000 -0.134921 -0.065433  
1209 27.180000 -0.134267 -0.065270  
1210 27.190000 -0.133615 -0.065109  
1211 27.200000 -0.132965 -0.064948  
1212 27.210000 -0.132316 -0.064787  
1213 27.220000 -0.131669 -0.064627  
1214 27.230000 -0.131024 -0.064468  
1215 27.240000 -0.130380 -0.064309  
1216 27.250000 -0.129738 -0.064150  
1217 27.260000 -0.129097 -0.063992  
1218 27.270000 -0.128458 -0.063834  
1219 27.280000 -0.127820 -0.063677  
1220 27.290000 -0.127184 -0.063521  
1221 27.300000 -0.126550 -0.063365  
1222 27.310000 -0.125917 -0.063209  
1223 27.320000 -0.125286 -0.063054  
1224 27.330000 -0.124656 -0.062899  
1225 27.340000 -0.124028 -0.062745  
1226 27.350000 -0.123401 -0.062591  
1227 27.360000 -0.122776 -0.062438  
1228 27.370000 -0.122152 -0.062285  
1229 27.380000 -0.121530 -0.062133  
1230 27.390000 -0.120909 -0.061981  
1231 27.400000 -0.120290 -0.061830  
1232 27.410000 -0.119673 -0.061679  
1233 27.420000 -0.119057 -0.061528  
1234 27.430000 -0.118442 -0.061379  
1235 27.440000 -0.117829 -0.061229  
1236 27.450000 -0.117218 -0.061080  
1237 27.460000 -0.116608 -0.060931  
1238 27.470000 -0.115999 -0.060783  
1239 27.480000 -0.115392 -0.060636  
1240 27.490000 -0.114786 -0.060488  
1241 27.500000 -0.114182 -0.060342  
1242 27.510000 -0.113580 -0.060195  
1243 27.520000 -0.112978 -0.060049  
1244 27.530000 -0.112379 -0.059904  
1245 27.540000 -0.111780 -0.059759  
1246 27.550000 -0.111183 -0.059615  
1247 27.560000 -0.110588 -0.059470  
1248 27.570000 -0.109994 -0.059327  
1249 27.580000 -0.109401 -0.059184  
1250 27.590000 -0.108810 -0.059041  
1251 27.600000 -0.108221 -0.058899  
1252 27.610000 -0.107632 -0.058757  
1253 27.620000 -0.107045 -0.058615  
1254 27.630000 -0.106460 -0.058474  
1255 27.640000 -0.105876 -0.058333  
1256 27.650000 -0.105293 -0.058193  
1257 27.660000 -0.104712 -0.058054  
1258 27.670000 -0.104132 -0.057914  
1259 27.680000 -0.103554 -0.057775  
1260 27.690000 -0.102977 -0.057637  
1261 27.700000 -0.102401 -0.057499  
1262 27.710000 -0.101827 -0.057361  
1263 27.720000 -0.101254 -0.057224  
1264 27.730000 -0.100682 -0.057087  
1265 27.740000 -0.100112 -0.056950  
1266 27.750000 -0.099543 -0.056814  
1267 27.760000 -0.098976 -0.056679  
1268 27.770000 -0.098410 -0.056544  
1269 27.780000 -0.097845 -0.056409  
1270 27.790000 -0.097282 -0.056275  
1271 27.800000 -0.096719 -0.056141  
1272 27.810000 -0.096159 -0.056007  
1273 27.820000 -0.095599 -0.055874  
1274 27.830000 -0.095041 -0.055741  
1275 27.840000 -0.094485 -0.055609  
1276 27.850000 -0.093929 -0.055477  
1277 27.860000 -0.093375 -0.055345  
1278 27.870000 -0.092822 -0.055214  
1279 27.880000 -0.092271 -0.055083  
1280 27.890000 -0.091721 -0.054953  
1281 27.900000 -0.091172 -0.054823  
1282 27.910000 -0.090624 -0.054693  
1283 27.920000 -0.090078 -0.054564  
1284 27.930000 -0.089533 -0.054435  
1285 27.940000 -0.088989 -0.054306  
1286 27.950000 -0.088447 -0.054178  
1287 27.960000 -0.087906 -0.054051  
1288 27.970000 -0.087366 -0.053923  
1289 27.980000 -0.086827 -0.053796  
1290 27.990000 -0.086290 -0.053670  
1291 28.000000 -0.085754 -0.053543  
1292 28.010000 -0.085219 -0.053418  
1293 28.020000 -0.084685 -0.053292  
1294 28.030000 -0.084153 -0.053167  
1295 28.040000 -0.083622 -0.053042  
1296 28.050000 -0.083092 -0.052918  
1297 28.060000 -0.082564 -0.052794  
1298 28.070000 -0.082036 -0.052670  
1299 28.080000 -0.081510 -0.052547  
1300 28.090000 -0.080985 -0.052424  
1301 28.100000 -0.080462 -0.052302  
1302 28.110000 -0.079939 -0.052180  
1303 28.120000 -0.079418 -0.052058  
1304 28.130000 -0.078898 -0.051936  
1305 28.140000 -0.078379 -0.051815  
1306 28.150000 -0.077862 -0.051694  
1307 28.160000 -0.077346 -0.051574  
1308 28.170000 -0.076830 -0.051454  
1309 28.180000 -0.076316 -0.051334  
1310 28.190000 -0.075804 -0.051215  
1311 28.200000 -0.075292 -0.051096  
1312 28.210000 -0.074782 -0.050977  
1313 28.220000 -0.074273 -0.050859  
1314 28.230000 -0.073765 -0.050741  
1315 28.240000 -0.073258 -0.050624  
1316 28.250000 -0.072752 -0.050506  
1317 28.260000 -0.072248 -0.050389  
1318 28.270000 -0.071744 -0.050273  
1319 28.280000 -0.071242 -0.050157  
1320 28.290000 -0.070741 -0.050041  
1321 28.300000 -0.070241 -0.049925  
1322 28.310000 -0.069743 -0.049810  
1323 28.320000 -0.069245 -0.049695  
1324 28.330000 -0.068749 -0.049580  
1325 28.340000 -0.068254 -0.049466  
1326 28.350000 -0.067759 -0.049352  
1327 28.360000 -0.067266 -0.049239  
1328 28.370000 -0.066775 -0.049126  
1329 28.380000 -0.066284 -0.049013  
1330 28.390000 -0.065794 -0.048900  
1331 28.400000 -0.065306 -0.048788  
1332 28.410000 -0.064819 -0.048676  
1333 28.420000 -0.064332 -0.048564  
1334 28.430000 -0.063847 -0.048453  
1335 28.440000 -0.063363 -0.048342  
1336 28.450000 -0.062881 -0.048231  
1337 28.460000 -0.062399 -0.048121  
1338 28.470000 -0.061918 -0.048011  
1339 28.480000 -0.061439 -0.047901  
1340 28.490000 -0.060960 -0.047792  
1341 28.500000 -0.060483 -0.047683  
1342 28.510000 -0.060006 -0.047574  
1343 28.520000 -0.059531 -0.047466  
1344 28.530000 -0.059057 -0.047358  
1345 28.540000 -0.058584 -0.047250  
1346 28.550000 -0.058112 -0.047142  
1347 28.560000 -0.057641 -0.047035  
1348 28.570000 -0.057171 -0.046928  
1349 28.580000 -0.056703 -0.046822  
1350 28.590000 -0.056235 -0.046715  
1351 28.600000 -0.055768 -0.046609  
1352 28.610000 -0.055303 -0.046504  
1353 28.620000 -0.054838 -0.046398  
1354 28.630000 -0.054375 -0.046293  
1355 28.640000 -0.053912 -0.046188  
1356 28.650000 -0.053451 -0.046084  
1357 28.660000 -0.052991 -0.045980  
1358 28.670000 -0.052531 -0.045876  
1359 28.680000 -0.052073 -0.045772  
1360 28.690000 -0.051616 -0.045669  
1361 28.700000 -0.051160 -0.045566  
1362 28.710000 -0.050705 -0.045463  
1363 28.720000 -0.050251 -0.045361  
1364 28.730000 -0.049797 -0.045259  
1365 28.740000 -0.049345 -0.045157  
1366 28.750000 -0.048894 -0.045055  
1367 28.760000 -0.048444 -0.044954  
1368 28.770000 -0.047995 -0.044853  
1369 28.780000 -0.047547 -0.044752  
1370 28.790000 -0.047100 -0.044652  
1371 28.800000 -0.046654 -0.044552  
1372 28.810000 -0.046209 -0.044452  
1373 28.820000 -0.045765 -0.044352  
1374 28.830000 -0.045322 -0.044253  
1375 28.840000 -0.044880 -0.044154  
1376 28.850000 -0.044439 -0.044055  
1377 28.860000 -0.043999 -0.043957  
1378 28.870000 -0.043560 -0.043858  
1379 28.880000 -0.043122 -0.043761  
1380 28.890000 -0.042685 -0.043663  
1381 28.900000 -0.042249 -0.043566  
1382 28.910000 -0.041813 -0.043468  
1383 28.920000 -0.041379 -0.043372  
1384 28.930000 -0.040946 -0.043275  
1385 28.940000 -0.040514 -0.043179  
1386 28.950000 -0.040082 -0.043083  
1387 28.960000 -0.039652 -0.042987  
1388 28.970000 -0.039223 -0.042892  
1389 28.980000 -0.038794 -0.042796  
1390 28.990000 -0.038367 -0.042701  
1391 29.000000 -0.037940 -0.042607  
1392 29.010000 -0.037515 -0.042512  
1393 29.020000 -0.037090 -0.042418  
1394 29.030000 -0.036666 -0.042324  
1395 29.040000 -0.036243 -0.042231  
1396 29.050000 -0.035822 -0.042137  
1397 29.060000 -0.035401 -0.042044  
1398 29.070000 -0.034981 -0.041951  
1399 29.080000 -0.034562 -0.041859  
1400 29.090000 -0.034144 -0.041766  
1401 29.100000 -0.033726 -0.041674  
1402 29.110000 -0.033310 -0.041583  
1403 29.120000 -0.032895 -0.041491  
1404 29.130000 -0.032480 -0.041400  
1405 29.140000 -0.032067 -0.041309  
1406 29.150000 -0.031654 -0.041218  
1407 29.160000 -0.031242 -0.041127  
1408 29.170000 -0.030832 -0.041037  
1409 29.180000 -0.030422 -0.040947  
1410 29.190000 -0.030013 -0.040857  
1411 29.200000 -0.029604 -0.040767  
1412 29.210000 -0.029197 -0.040678  
1413 29.220000 -0.028791 -0.040589  
1414 29.230000 -0.028385 -0.040500  
1415 29.240000 -0.027981 -0.040411  
1416 29.250000 -0.027577 -0.040323  
1417 29.260000 -0.027174 -0.040235  
1418 29.270000 -0.026773 -0.040147  
1419 29.280000 -0.026371 -0.040060  
1420 29.290000 -0.025971 -0.039972  
1421 29.300000 -0.025572 -0.039885  
1422 29.310000 -0.025174 -0.039798  
1423 29.320000 -0.024776 -0.039711  
1424 29.330000 -0.024379 -0.039625  
1425 29.340000 -0.023984 -0.039539  
1426 29.350000 -0.023589 -0.039453  
1427 29.360000 -0.023195 -0.039367  
1428 29.370000 -0.022801 -0.039282  
1429 29.380000 -0.022409 -0.039196  
1430 29.390000 -0.022017 -0.039111  
1431 29.400000 -0.021627 -0.039026  
1432 29.410000 -0.021237 -0.038942  
1433 29.420000 -0.020848 -0.038857  
1434 29.430000 -0.020460 -0.038773  
1435 29.440000 -0.020072 -0.038689  
1436 29.450000 -0.019686 -0.038606  
1437 29.460000 -0.019300 -0.038522  
1438 29.470000 -0.018915 -0.038439  
1439 29.480000 -0.018531 -0.038356  
1440 29.490000 -0.018148 -0.038273  
1441 29.500000 -0.017766 -0.038191  
1442 29.510000 -0.017385 -0.038109  
1443 29.520000 -0.017004 -0.038026  
1444 29.530000 -0.016624 -0.037945  
1445 29.540000 -0.016245 -0.037863  
1446 29.550000 -0.015867 -0.037782  
1447 29.560000 -0.015489 -0.037700  
1448 29.570000 -0.015113 -0.037619  
1449 29.580000 -0.014737 -0.037539  
1450 29.590000 -0.014362 -0.037458  
1451 29.600000 -0.013988 -0.037378  
1452 29.610000 -0.013614 -0.037298  
1453 29.620000 -0.013242 -0.037218  
1454 29.630000 -0.012870 -0.037138  
1455 29.640000 -0.012499 -0.037058  
1456 29.650000 -0.012129 -0.036979  
1457 29.660000 -0.011759 -0.036900  
1458 29.670000 -0.011391 -0.036821  
1459 29.680000 -0.011023 -0.036743  
1460 29.690000 -0.010656 -0.036664  
1461 29.700000 -0.010290 -0.036586  
1462 29.710000 -0.009924 -0.036508  
1463 29.720000 -0.009560 -0.036430  
1464 29.730000 -0.009196 -0.036353  
1465 29.740000 -0.008833 -0.036275  
1466 29.750000 -0.008470 -0.036198  
1467 29.760000 -0.008109 -0.036121  
1468 29.770000 -0.007748 -0.036044  
1469 29.780000 -0.007388 -0.035968  
1470 29.790000 -0.007028 -0.035891  
1471 29.800000 -0.006670 -0.035815  
1472 29.810000 -0.006312 -0.035739  
1473 29.820000 -0.005955 -0.035663  
1474 29.830000 -0.005599 -0.035588  
1475 29.840000 -0.005243 -0.035513  
1476 29.850000 -0.004889 -0.035437  
1477 29.860000 -0.004535 -0.035362  
1478 29.870000 -0.004181 -0.035288  
1479 29.880000 -0.003829 -0.035213  
1480 29.890000 -0.003477 -0.035139  
1481 29.900000 -0.003126 -0.035065  
1482 29.910000 -0.002776 -0.034991  
1483 29.920000 -0.002426 -0.034917  
1484 29.930000 -0.002077 -0.034843  
1485 29.940000 -0.001729 -0.034770  
1486 29.950000 -0.001382 -0.034697  
1487 29.960000 -0.001035 -0.034624  
1488 29.970000 -0.000690 -0.034551  
1489 29.980000 -0.000344 -0.034478  
1490 29.990000 0.000000 -0.034406  
