1 15.100000 30361747309001.910156 2734809434855140.500000  
2 15.110000 12866804758146.410156 1053691405481076.875000  
3 15.120000 5875601539463.108398 441104449353083.312500  
4 15.130000 2856752675818.985840 197985961781783.437500  
5 15.140000 1465177967033.373291 94297899768592.281250  
6 15.150000 786868051308.345947 47269901696871.992188  
7 15.160000 439870293714.759888 24774953887202.828125  
8 15.170000 254710085202.995880 13503282712263.011719  
9 15.180000 152165641100.247345 7619385362194.255859  
10 15.190000 93469568788.753036 4434308889799.845703  
11 15.200000 58866336753.153831 2653258258018.427246  
12 15.210000 37918268527.783150 1627813527019.513916  
13 15.220000 24928955929.878777 1021620322405.688843  
14 15.230000 16697239654.377401 654571868762.791138  
15 15.240000 11375800582.888000 427408644402.093140  
16 15.250000 7872487769.246601 283972530787.385010  
17 15.260000 5527158086.319613 191718639867.010376  
18 15.270000 3932594223.694776 131365795497.601776  
19 15.280000 2832844994.877490 91256224152.024231  
20 15.290000 2064221549.746971 64207603879.410126  
21 15.300000 1520342157.978778 45717062384.715393  
22 15.310000 1131026830.674305 32915401491.621555  
23 15.320000 849327290.962118 23946518149.077034  
24 15.330000 643424212.400843 17592585764.195290  
25 15.340000 491486794.076597 13043907116.651569  
26 15.350000 378364393.731429 9755400727.630461  
27 15.360000 293428329.073444 7355804149.464616  
28 15.370000 229146002.501079 5589442236.832276  
29 15.380000 180127525.661916 4278398725.531807  
30 15.390000 142481036.979498 3297643051.561270  
31 15.400000 113372087.316904 2558487488.802727  
32 15.410000 90719442.774465 1997464940.305511  
33 15.420000 72983049.499229 1568774048.985740  
34 15.430000 59014889.447398 1239097213.001395  
35 15.440000 47953163.221124 984013133.329363  
36 15.450000 39146593.486733 785491255.985998  
37 15.460000 32099849.297561 630127072.019590  
38 15.470000 26433902.912551 507889213.060108  
39 15.480000 21857027.077671 411223077.118143  
40 15.490000 18143431.461303 334404818.739036  
41 15.500000 15117422.978956 273072502.358959  
42 15.510000 12641587.978801 223883542.422627  
43 15.520000 10607922.018132 184262798.693315  
44 15.530000 8931133.586269 152216188.489511  
45 15.540000 7543560.931282 126191955.544417  
46 15.550000 6391292.825751 104976820.093102  
47 15.560000 5431192.936609 87617812.520461  
48 15.570000 4628606.049494 73363127.240364  
49 15.580000 3955581.493126 61617140.414331  
50 15.590000 3389490.836438 51906031.517602  
51 15.600000 2911947.601075 43851384.494105  
52 15.610000 2507959.398386 37149823.585400  
53 15.620000 2165259.740667 31557234.895977  
54 15.630000 1873779.352608 26876488.827373  
55 15.640000 1625226.246979 22947847.158875  
56 15.650000 1412750.945511 19641437.788910  
57 15.660000 1230678.617328 16851328.635627  
58 15.670000 1074294.009842 14490843.380601  
59 15.680000 939668.182328 12488845.377485  
60 15.690000 823518.458581 10786779.243017  
61 15.700000 723094.869168 9336307.602972  
62 15.710000 636087.788172 8097417.008133  
63 15.720000 560552.583174 7036894.993876  
64 15.730000 494847.965426 6127101.732189  
65 15.740000 437585.406357 5344976.283269  
66 15.750000 387587.519666 4671230.268331  
67 15.760000 343853.728210 4089691.738219  
68 15.770000 305531.866767 3586769.769891  
69 15.780000 271894.634854 3151016.389737  
70 15.790000 242320.023042 2772767.183211  
71 15.800000 216275.003145 2443845.697657  
72 15.810000 193301.906188 2157319.704529  
73 15.820000 173007.019264 1907299.731147  
74 15.830000 155051.018583 1688772.134361  
75 15.840000 139140.925634 1497460.472190  
76 15.850000 125023.329643 1329710.115057  
77 15.860000 112478.665181 1182391.988082  
78 15.870000 101316.370909 1052822.099034  
79 15.880000 91370.785718 938694.121233  
80 15.890000 82497.663258 838022.797102  
81 15.900000 74571.206097 749096.329954  
82 15.910000 67481.537435 670436.257774  
83 15.920000 61132.541918 600763.568109  
84 15.930000 55440.018463 538970.029518  
85 15.940000 50330.097267 484093.891926  
86 15.950000 45737.880961 435299.253005  
87 15.960000 41606.276240 391858.506697  
88 15.970000 37884.987664 353137.387729  
89 15.980000 34529.649746 318582.206700  
90 15.990000 31501.077177 287708.936869  
91 16.000000 28764.616132 260093.868961  
92 16.010000 26289.582182 235365.596010  
93 16.020000 24048.772572 213198.128294  
94 16.030000 22018.042397 193304.970010  
95 16.040000 20175.935815 175434.015770  
96 16.050000 18503.364699 159363.147019  
97 16.060000 16983.328250 144896.426933  
98 16.070000 15600.668044 131860.807854  
99 16.080000 14341.853742 120103.278275  
100 16.090000 13194.795392 109488.387379  
101 16.100000 12148.678836 99896.094295  
102 16.110000 11193.821174 91219.897054  
103 16.120000 10321.543714 83365.202792  
104 16.130000 9524.060151 76247.906298  
105 16.140000 8794.378030 69793.148762  
106 16.150000 8126.211837 63934.232558  
107 16.160000 7513.906237 58611.671316  
108 16.170000 6952.368213 53772.357451  
109 16.180000 6437.007015 49368.831786  
110 16.190000 5963.680950 45358.642031  
111 16.200000 5528.650191 41703.778666  
112 16.210000 5128.534889 38370.178371  
113 16.220000 4760.277942 35327.286429  
114 16.230000 4421.111882 32547.670699  
115 16.240000 4108.529384 30006.680730  
116 16.250000 3820.256994 27682.146425  
117 16.260000 3554.231678 25554.111400  
118 16.270000 3308.579894 23604.596821  
119 16.280000 3081.598884 21817.392015  
120 16.290000 2871.739939 20177.868656  
121 16.300000 2677.593417 18672.815709  
122 16.310000 2497.875318 17290.292680  
123 16.320000 2331.415246 16019.499027  
124 16.330000 2177.145598 14850.657836  
125 16.340000 2034.091863 13774.912128  
126 16.350000 1901.363886 12784.232328  
127 16.360000 1778.148020 11871.333643  
128 16.370000 1663.700056 11029.602204  
129 16.380000 1557.338843 10253.029005  
130 16.390000 1458.440547 9536.150762  
131 16.400000 1366.433462 8873.996918  
132 16.410000 1280.793323 8262.042127  
133 16.420000 1201.039072 7696.163611  
134 16.430000 1126.729028 7172.602862  
135 16.440000 1057.457418 6687.931222  
136 16.450000 992.851236 6239.018924  
137 16.460000 932.567398 5823.007221  
138 16.470000 876.290157 5437.283288  
139 16.480000 823.728761 5079.457588  
140 16.490000 774.615321 4747.343461  
141 16.500000 728.702879 4438.938702  
142 16.510000 685.763647 4152.408908  
143 16.520000 645.587405 3886.072435  
144 16.530000 607.980043 3638.386792  
145 16.540000 572.762232 3407.936312  
146 16.550000 539.768211 3193.421000  
147 16.560000 508.844687 2993.646421  
148 16.570000 479.849817 2807.514521  
149 16.580000 452.652296 2634.015311  
150 16.590000 427.130508 2472.219301  
151 16.600000 403.171760 2321.270642  
152 16.610000 380.671573 2180.380873  
153 16.620000 359.533041 2048.823246  
154 16.630000 339.666240 1925.927557  
155 16.640000 320.987684 1811.075432  
156 16.650000 303.419827 1703.696041  
157 16.660000 286.890615 1603.262182  
158 16.670000 271.333060 1509.286710  
159 16.680000 256.684858 1421.319283  
160 16.690000 242.888039 1338.943382  
161 16.700000 229.888640 1261.773590  
162 16.710000 217.636406 1189.453108  
163 16.720000 206.084518 1121.651479  
164 16.730000 195.189337 1058.062504  
165 16.740000 184.910174 998.402335  
166 16.750000 175.209074 942.407733  
167 16.760000 166.050617 889.834455  
168 16.770000 157.401738 840.455798  
169 16.780000 149.231556 794.061241  
170 16.790000 141.511219 750.455211  
171 16.800000 134.213763 709.455948  
172 16.810000 127.313976 670.894455  
173 16.820000 120.788274 634.613544  
174 16.830000 114.614592 600.466947  
175 16.840000 108.772275 568.318508  
176 16.850000 103.241985 538.041428  
177 16.860000 98.005603 509.517583  
178 16.870000 93.046157 482.636882  
179 16.880000 88.347732 457.296687  
180 16.890000 83.895408 433.401268  
181 16.900000 79.675189 410.861307  
182 16.910000 75.673942 389.593439  
183 16.920000 71.879340 369.519823  
184 16.930000 68.279807 350.567753  
185 16.940000 64.864473 332.669296  
186 16.950000 61.623122 315.760952  
187 16.960000 58.546152 299.783346  
188 16.970000 55.624538 284.680944  
189 16.980000 52.849789 270.401780  
190 16.990000 50.213920 256.897219  
191 17.000000 47.709415 244.121718  
192 17.010000 45.329198 232.032624  
193 17.020000 43.066608 220.589974  
194 17.030000 40.915369 209.756312  
195 17.040000 38.869569 199.496521  
196 17.050000 36.923636 189.777670  
197 17.060000 35.072316 180.568862  
198 17.070000 33.310655 171.841104  
199 17.080000 31.633981 163.567180  
200 17.090000 30.037884 155.721533  
201 17.100000 28.518203 148.280159  
202 17.110000 27.071009 141.220503  
203 17.120000 25.692591 134.521366  
204 17.130000 24.379446 128.162821  
205 17.140000 23.128262 122.126126  
206 17.150000 21.935910 116.393652  
207 17.160000 20.799431 110.948809  
208 17.170000 19.716027 105.775985  
209 17.180000 18.683053 100.860480  
210 17.190000 17.698006 96.188451  
211 17.200000 16.758516 91.746857  
212 17.210000 15.862342 87.523409  
213 17.220000 15.007359 83.506528  
214 17.230000 14.191559 79.685294  
215 17.240000 13.413036 76.049411  
216 17.250000 12.669985 72.589165  
217 17.260000 11.960698 69.295395  
218 17.270000 11.283551 66.159450  
219 17.280000 10.637010 63.173166  
220 17.290000 10.019615 60.328835  
221 17.300000 9.429984 57.619174  
222 17.310000 8.866806 55.037306  
223 17.320000 8.328834 52.576730  
224 17.330000 7.814887 50.231302  
225 17.340000 7.323843 47.995215  
226 17.350000 6.854637 45.862974  
227 17.360000 6.406255 43.829384  
228 17.370000 5.977737 41.889531  
229 17.380000 5.568168 40.038761  
230 17.390000 5.176679 38.272673  
231 17.400000 4.802446 36.587098  
232 17.410000 4.444682 34.978088  
233 17.420000 4.102641 33.441904  
234 17.430000 3.775613 31.975004  
235 17.440000 3.462921 30.574031  
236 17.450000 3.163923 29.235802  
237 17.460000 2.878006 27.957302  
238 17.470000 2.604588 26.735671  
239 17.480000 2.343112 25.568195  
240 17.490000 2.093052 24.452300  
241 17.500000 1.853903 23.385546  
242 17.510000 1.625185 22.365614  
243 17.520000 1.406442 21.390305  
244 17.530000 1.197237 20.457529  
245 17.540000 0.997156 19.565304  
246 17.550000 0.805802 18.711745  
247 17.560000 0.622798 17.895063  
248 17.570000 0.447784 17.113557  
249 17.580000 0.280415 16.365609  
250 17.590000 0.120365 15.649685  
251 17.600000 -0.032680 14.964323  
252 17.610000 -0.179019 14.308133  
253 17.620000 -0.318936 13.679794  
254 17.630000 -0.452704 13.078050  
255 17.640000 -0.580582 12.501703  
256 17.650000 -0.702818 11.949616  
257 17.660000 -0.819651 11.420706  
258 17.670000 -0.931306 10.913940  
259 17.680000 -1.038001 10.428336  
260 17.690000 -1.139941 9.962960  
261 17.700000 -1.237324 9.516919  
262 17.710000 -1.330341 9.089365  
263 17.720000 -1.419170 8.679488  
264 17.730000 -1.503987 8.286519  
265 17.740000 -1.584955 7.909721  
266 17.750000 -1.662233 7.548395  
267 17.760000 -1.735972 7.201871  
268 17.770000 -1.806317 6.869514  
269 17.780000 -1.873407 6.550714  
270 17.790000 -1.937375 6.244892  
271 17.800000 -1.998347 5.951495  
272 17.810000 -2.056444 5.669995  
273 17.820000 -2.111784 5.399888  
274 17.830000 -2.164478 5.140691  
275 17.840000 -2.214633 4.891947  
276 17.850000 -2.262351 4.653216  
277 17.860000 -2.307729 4.424079  
278 17.870000 -2.350863 4.204136  
279 17.880000 -2.391842 3.993005  
280 17.890000 -2.430751 3.790319  
281 17.900000 -2.467675 3.595730  
282 17.910000 -2.502692 3.408903  
283 17.920000 -2.535878 3.229520  
284 17.930000 -2.567306 3.057275  
285 17.940000 -2.597046 2.891877  
286 17.950000 -2.625165 2.733046  
287 17.960000 -2.651728 2.580516  
288 17.970000 -2.676796 2.434031  
289 17.980000 -2.700428 2.293346  
290 17.990000 -2.722681 2.158228  
291 18.000000 -2.743610 2.028452  
292 18.010000 -2.763267 1.903806  
293 18.020000 -2.781703 1.784082  
294 18.030000 -2.798965 1.669086  
295 18.040000 -2.815100 1.558628  
296 18.050000 -2.830152 1.452529  
297 18.060000 -2.844164 1.350616  
298 18.070000 -2.857178 1.252724  
299 18.080000 -2.869232 1.158694  
300 18.090000 -2.880364 1.068375  
301 18.100000 -2.890611 0.981620  
302 18.110000 -2.900008 0.898292  
303 18.120000 -2.908588 0.818255  
304 18.130000 -2.916383 0.741382  
305 18.140000 -2.923426 0.667550  
306 18.150000 -2.929744 0.596641  
307 18.160000 -2.935368 0.528541  
308 18.170000 -2.940324 0.463143  
309 18.180000 -2.944639 0.400343  
310 18.190000 -2.948339 0.340041  
311 18.200000 -2.951448 0.282140  
312 18.210000 -2.953990 0.226549  
313 18.220000 -2.955986 0.173180  
314 18.230000 -2.957460 0.121948  
315 18.240000 -2.958432 0.072772  
316 18.250000 -2.958922 0.025574  
317 18.260000 -2.958950 -0.019722  
318 18.270000 -2.958534 -0.063187  
319 18.280000 -2.957692 -0.104890  
320 18.290000 -2.956442 -0.144898  
321 18.300000 -2.954800 -0.183274  
322 18.310000 -2.952782 -0.220080  
323 18.320000 -2.950403 -0.255375  
324 18.330000 -2.947679 -0.289216  
325 18.340000 -2.944624 -0.321656  
326 18.350000 -2.941250 -0.352747  
327 18.360000 -2.937573 -0.382542  
328 18.370000 -2.933604 -0.411086  
329 18.380000 -2.929355 -0.438428  
330 18.390000 -2.924839 -0.464611  
331 18.400000 -2.920067 -0.489679  
332 18.410000 -2.915049 -0.513673  
333 18.420000 -2.909797 -0.536632  
334 18.430000 -2.904320 -0.558596  
335 18.440000 -2.898628 -0.579600  
336 18.450000 -2.892731 -0.599680  
337 18.460000 -2.886637 -0.618869  
338 18.470000 -2.880356 -0.637202  
339 18.480000 -2.873896 -0.654709  
340 18.490000 -2.867265 -0.671421  
341 18.500000 -2.860470 -0.687366  
342 18.510000 -2.853520 -0.702573  
343 18.520000 -2.846421 -0.717069  
344 18.530000 -2.839181 -0.730881  
345 18.540000 -2.831806 -0.744032  
346 18.550000 -2.824302 -0.756548  
347 18.560000 -2.816677 -0.768451  
348 18.570000 -2.808935 -0.779764  
349 18.580000 -2.801083 -0.790508  
350 18.590000 -2.793127 -0.800705  
351 18.600000 -2.785071 -0.810374  
352 18.610000 -2.776921 -0.819535  
353 18.620000 -2.768682 -0.828206  
354 18.630000 -2.760358 -0.836405  
355 18.640000 -2.751955 -0.844149  
356 18.650000 -2.743477 -0.851455  
357 18.660000 -2.734928 -0.858340  
358 18.670000 -2.726312 -0.864817  
359 18.680000 -2.717633 -0.870903  
360 18.690000 -2.708895 -0.876612  
361 18.700000 -2.700102 -0.881957  
362 18.710000 -2.691257 -0.886952  
363 18.720000 -2.682364 -0.891609  
364 18.730000 -2.673426 -0.895942  
365 18.740000 -2.664446 -0.899961  
366 18.750000 -2.655427 -0.903680  
367 18.760000 -2.646373 -0.907107  
368 18.770000 -2.637286 -0.910256  
369 18.780000 -2.628169 -0.913135  
370 18.790000 -2.619024 -0.915755  
371 18.800000 -2.609855 -0.918125  
372 18.810000 -2.600663 -0.920254  
373 18.820000 -2.591450 -0.922153  
374 18.830000 -2.582220 -0.923828  
375 18.840000 -2.572975 -0.925289  
376 18.850000 -2.563715 -0.926544  
377 18.860000 -2.554444 -0.927599  
378 18.870000 -2.545164 -0.928464  
379 18.880000 -2.535876 -0.929145  
380 18.890000 -2.526582 -0.929649  
381 18.900000 -2.517283 -0.929982  
382 18.910000 -2.507983 -0.930152  
383 18.920000 -2.498681 -0.930164  
384 18.930000 -2.489380 -0.930025  
385 18.940000 -2.480081 -0.929740  
386 18.950000 -2.470785 -0.929315  
387 18.960000 -2.461495 -0.928756  
388 18.970000 -2.452211 -0.928067  
389 18.980000 -2.442934 -0.927254  
390 18.990000 -2.433666 -0.926322  
391 19.000000 -2.424408 -0.925275  
392 19.010000 -2.415161 -0.924118  
393 19.020000 -2.405926 -0.922855  
394 19.030000 -2.396704 -0.921491  
395 19.040000 -2.387497 -0.920030  
396 19.050000 -2.378304 -0.918475  
397 19.060000 -2.369127 -0.916831  
398 19.070000 -2.359968 -0.915101  
399 19.080000 -2.350826 -0.913288  
400 19.090000 -2.341702 -0.911397  
401 19.100000 -2.332598 -0.909430  
402 19.110000 -2.323514 -0.907391  
403 19.120000 -2.314450 -0.905283  
404 19.130000 -2.305408 -0.903109  
405 19.140000 -2.296388 -0.900871  
406 19.150000 -2.287391 -0.898573  
407 19.160000 -2.278417 -0.896217  
408 19.170000 -2.269467 -0.893806  
409 19.180000 -2.260541 -0.891342  
410 19.190000 -2.251640 -0.888828  
411 19.200000 -2.242765 -0.886266  
412 19.210000 -2.233915 -0.883658  
413 19.220000 -2.225092 -0.881007  
414 19.230000 -2.216295 -0.878314  
415 19.240000 -2.207526 -0.875582  
416 19.250000 -2.198784 -0.872813  
417 19.260000 -2.190069 -0.870008  
418 19.270000 -2.181383 -0.867169  
419 19.280000 -2.172726 -0.864299  
420 19.290000 -2.164098 -0.861398  
421 19.300000 -2.155498 -0.858469  
422 19.310000 -2.146928 -0.855513  
423 19.320000 -2.138388 -0.852531  
424 19.330000 -2.129878 -0.849526  
425 19.340000 -2.121398 -0.846498  
426 19.350000 -2.112948 -0.843449  
427 19.360000 -2.104529 -0.840380  
428 19.370000 -2.096140 -0.837293  
429 19.380000 -2.087783 -0.834189  
430 19.390000 -2.079457 -0.831068  
431 19.400000 -2.071162 -0.827933  
432 19.410000 -2.062898 -0.824783  
433 19.420000 -2.054666 -0.821621  
434 19.430000 -2.046466 -0.818448  
435 19.440000 -2.038297 -0.815264  
436 19.450000 -2.030160 -0.812070  
437 19.460000 -2.022056 -0.808867  
438 19.470000 -2.013983 -0.805656  
439 19.480000 -2.005943 -0.802439  
440 19.490000 -1.997934 -0.799215  
441 19.500000 -1.989958 -0.795986  
442 19.510000 -1.982015 -0.792752  
443 19.520000 -1.974103 -0.789515  
444 19.530000 -1.966224 -0.786274  
445 19.540000 -1.958378 -0.783031  
446 19.550000 -1.950564 -0.779787  
447 19.560000 -1.942782 -0.776541  
448 19.570000 -1.935033 -0.773294  
449 19.580000 -1.927316 -0.770048  
450 19.590000 -1.919632 -0.766803  
451 19.600000 -1.911980 -0.763558  
452 19.610000 -1.904361 -0.760316  
453 19.620000 -1.896774 -0.757076  
454 19.630000 -1.889219 -0.753838  
455 19.640000 -1.881697 -0.750604  
456 19.650000 -1.874207 -0.747373  
457 19.660000 -1.866750 -0.744147  
458 19.670000 -1.859324 -0.740925  
459 19.680000 -1.851931 -0.737709  
460 19.690000 -1.844570 -0.734497  
461 19.700000 -1.837241 -0.731292  
462 19.710000 -1.829944 -0.728092  
463 19.720000 -1.822679 -0.724899  
464 19.730000 -1.815446 -0.721713  
465 19.740000 -1.808245 -0.718534  
466 19.750000 -1.801075 -0.715362  
467 19.760000 -1.793938 -0.712198  
468 19.770000 -1.786831 -0.709042  
469 19.780000 -1.779757 -0.705894  
470 19.790000 -1.772714 -0.702755  
471 19.800000 -1.765702 -0.699624  
472 19.810000 -1.758721 -0.696502  
473 19.820000 -1.751772 -0.693390  
474 19.830000 -1.744853 -0.690287  
475 19.840000 -1.737966 -0.687194  
476 19.850000 -1.731109 -0.684110  
477 19.860000 -1.724284 -0.681037  
478 19.870000 -1.717489 -0.677973  
479 19.880000 -1.710724 -0.674920  
480 19.890000 -1.703990 -0.671878  
481 19.900000 -1.697286 -0.668846  
482 19.910000 -1.690613 -0.665825  
483 19.920000 -1.683970 -0.662815  
484 19.930000 -1.677357 -0.659816  
485 19.940000 -1.670774 -0.656829  
486 19.950000 -1.664220 -0.653852  
487 19.960000 -1.657696 -0.650887  
488 19.970000 -1.651202 -0.647934  
489 19.980000 -1.644738 -0.644992  
490 19.990000 -1.638303 -0.642062  
491 20.000000 -1.631896 -0.639144  
492 20.010000 -1.625520 -0.636238  
493 20.020000 -1.619172 -0.633343  
494 20.030000 -1.612853 -0.630461  
495 20.040000 -1.606562 -0.627591  
496 20.050000 -1.600301 -0.624733  
497 20.060000 -1.594068 -0.621887  
498 20.070000 -1.587863 -0.619054  
499 20.080000 -1.581687 -0.616233  
500 20.090000 -1.575538 -0.613424  
501 20.100000 -1.569418 -0.610628  
502 20.110000 -1.563326 -0.607844  
503 20.120000 -1.557261 -0.605073  
504 20.130000 -1.551224 -0.602314  
505 20.140000 -1.545215 -0.599568  
506 20.150000 -1.539233 -0.596834  
507 20.160000 -1.533278 -0.594113  
508 20.170000 -1.527351 -0.591405  
509 20.180000 -1.521450 -0.588709  
510 20.190000 -1.515576 -0.586026  
511 20.200000 -1.509729 -0.583355  
512 20.210000 -1.503909 -0.580697  
513 20.220000 -1.498115 -0.578052  
514 20.230000 -1.492348 -0.575419  
515 20.240000 -1.486607 -0.572799  
516 20.250000 -1.480892 -0.570192  
517 20.260000 -1.475203 -0.567597  
518 20.270000 -1.469540 -0.565015  
519 20.280000 -1.463903 -0.562446  
520 20.290000 -1.458291 -0.559889  
521 20.300000 -1.452705 -0.557344  
522 20.310000 -1.447144 -0.554813  
523 20.320000 -1.441609 -0.552294  
524 20.330000 -1.436098 -0.549787  
525 20.340000 -1.430613 -0.547293  
526 20.350000 -1.425152 -0.544811  
527 20.360000 -1.419717 -0.542342  
528 20.370000 -1.414306 -0.539885  
529 20.380000 -1.408919 -0.537441  
530 20.390000 -1.403557 -0.535009  
531 20.400000 -1.398219 -0.532589  
532 20.410000 -1.392905 -0.530182  
533 20.420000 -1.387615 -0.527787  
534 20.430000 -1.382349 -0.525404  
535 20.440000 -1.377107 -0.523033  
536 20.450000 -1.371888 -0.520675  
537 20.460000 -1.366693 -0.518329  
538 20.470000 -1.361522 -0.515994  
539 20.480000 -1.356373 -0.513672  
540 20.490000 -1.351248 -0.511362  
541 20.500000 -1.346146 -0.509064  
542 20.510000 -1.341067 -0.506777  
543 20.520000 -1.336011 -0.504503  
544 20.530000 -1.330977 -0.502241  
545 20.540000 -1.325966 -0.499990  
546 20.550000 -1.320977 -0.497751  
547 20.560000 -1.316011 -0.495524  
548 20.570000 -1.311066 -0.493308  
549 20.580000 -1.306144 -0.491104  
550 20.590000 -1.301244 -0.488912  
551 20.600000 -1.296366 -0.486731  
552 20.610000 -1.291510 -0.484561  
553 20.620000 -1.286675 -0.482403  
554 20.630000 -1.281862 -0.480257  
555 20.640000 -1.277070 -0.478121  
556 20.650000 -1.272299 -0.475997  
557 20.660000 -1.267550 -0.473885  
558 20.670000 -1.262821 -0.471783  
559 20.680000 -1.258114 -0.469692  
560 20.690000 -1.253428 -0.467613  
561 20.700000 -1.248762 -0.465545  
562 20.710000 -1.244117 -0.463487  
563 20.720000 -1.239492 -0.461441  
564 20.730000 -1.234888 -0.459405  
565 20.740000 -1.230304 -0.457380  
566 20.750000 -1.225740 -0.455366  
567 20.760000 -1.221196 -0.453363  
568 20.770000 -1.216673 -0.451370  
569 20.780000 -1.212169 -0.449388  
570 20.790000 -1.207685 -0.447417  
571 20.800000 -1.203221 -0.445456  
572 20.810000 -1.198776 -0.443505  
573 20.820000 -1.194351 -0.441565  
574 20.830000 -1.189945 -0.439635  
575 20.840000 -1.185558 -0.437716  
576 20.850000 -1.181190 -0.435807  
577 20.860000 -1.176842 -0.433908  
578 20.870000 -1.172512 -0.432019  
579 20.880000 -1.168201 -0.430140  
580 20.890000 -1.163909 -0.428271  
581 20.900000 -1.159636 -0.426412  
582 20.910000 -1.155381 -0.424563  
583 20.920000 -1.151144 -0.422724  
584 20.930000 -1.146926 -0.420895  
585 20.940000 -1.142727 -0.419075  
586 20.950000 -1.138545 -0.417265  
587 20.960000 -1.134381 -0.415465  
588 20.970000 -1.130236 -0.413675  
589 20.980000 -1.126108 -0.411894  
590 20.990000 -1.121998 -0.410122  
591 21.000000 -1.117905 -0.408360  
592 21.010000 -1.113830 -0.406607  
593 21.020000 -1.109773 -0.404864  
594 21.030000 -1.105733 -0.403130  
595 21.040000 -1.101710 -0.401405  
596 21.050000 -1.097705 -0.399689  
597 21.060000 -1.093717 -0.397983  
598 21.070000 -1.089745 -0.396285  
599 21.080000 -1.085791 -0.394597  
600 21.090000 -1.081853 -0.392918  
601 21.100000 -1.077932 -0.391247  
602 21.110000 -1.074028 -0.389585  
603 21.120000 -1.070141 -0.387933  
604 21.130000 -1.066270 -0.386289  
605 21.140000 -1.062415 -0.384653  
606 21.150000 -1.058577 -0.383027  
607 21.160000 -1.054754 -0.381409  
608 21.170000 -1.050948 -0.379799  
609 21.180000 -1.047158 -0.378198  
610 21.190000 -1.043384 -0.376606  
611 21.200000 -1.039626 -0.375022  
612 21.210000 -1.035884 -0.373446  
613 21.220000 -1.032157 -0.371879  
614 21.230000 -1.028446 -0.370320  
615 21.240000 -1.024751 -0.368769  
616 21.250000 -1.021071 -0.367227  
617 21.260000 -1.017406 -0.365692  
618 21.270000 -1.013757 -0.364166  
619 21.280000 -1.010123 -0.362648  
620 21.290000 -1.006504 -0.361137  
621 21.300000 -1.002900 -0.359635  
622 21.310000 -0.999311 -0.358140  
623 21.320000 -0.995737 -0.356654  
624 21.330000 -0.992178 -0.355175  
625 21.340000 -0.988634 -0.353704  
626 21.350000 -0.985104 -0.352240  
627 21.360000 -0.981589 -0.350785  
628 21.370000 -0.978088 -0.349337  
629 21.380000 -0.974602 -0.347896  
630 21.390000 -0.971130 -0.346463  
631 21.400000 -0.967673 -0.345038  
632 21.410000 -0.964230 -0.343620  
633 21.420000 -0.960800 -0.342209  
634 21.430000 -0.957385 -0.340806  
635 21.440000 -0.953984 -0.339410  
636 21.450000 -0.950597 -0.338021  
637 21.460000 -0.947224 -0.336640  
638 21.470000 -0.943864 -0.335266  
639 21.480000 -0.940519 -0.333898  
640 21.490000 -0.937186 -0.332538  
641 21.500000 -0.933868 -0.331185  
642 21.510000 -0.930563 -0.329839  
643 21.520000 -0.927271 -0.328500  
644 21.530000 -0.923993 -0.327168  
645 21.540000 -0.920728 -0.325843  
646 21.550000 -0.917476 -0.324525  
647 21.560000 -0.914237 -0.323213  
648 21.570000 -0.911011 -0.321908  
649 21.580000 -0.907799 -0.320610  
650 21.590000 -0.904599 -0.319319  
651 21.600000 -0.901412 -0.318034  
652 21.610000 -0.898239 -0.316756  
653 21.620000 -0.895077 -0.315485  
654 21.630000 -0.891929 -0.314220  
655 21.640000 -0.888793 -0.312961  
656 21.650000 -0.885670 -0.311709  
657 21.660000 -0.882559 -0.310463  
658 21.670000 -0.879460 -0.309224  
659 21.680000 -0.876374 -0.307991  
660 21.690000 -0.873300 -0.306764  
661 21.700000 -0.870239 -0.305544  
662 21.710000 -0.867190 -0.304329  
663 21.720000 -0.864152 -0.303121  
664 21.730000 -0.861127 -0.301920  
665 21.740000 -0.858114 -0.300724  
666 21.750000 -0.855113 -0.299534  
667 21.760000 -0.852123 -0.298350  
668 21.770000 -0.849146 -0.297173  
669 21.780000 -0.846180 -0.296001  
670 21.790000 -0.843226 -0.294835  
671 21.800000 -0.840283 -0.293675  
672 21.810000 -0.837352 -0.292521  
673 21.820000 -0.834433 -0.291373  
674 21.830000 -0.831525 -0.290230  
675 21.840000 -0.828628 -0.289094  
676 21.850000 -0.825743 -0.287963  
677 21.860000 -0.822869 -0.286837  
678 21.870000 -0.820006 -0.285718  
679 21.880000 -0.817154 -0.284604  
680 21.890000 -0.814314 -0.283495  
681 21.900000 -0.811484 -0.282392  
682 21.910000 -0.808666 -0.281295  
683 21.920000 -0.805858 -0.280203  
684 21.930000 -0.803062 -0.279116  
685 21.940000 -0.800276 -0.278035  
686 21.950000 -0.797501 -0.276960  
687 21.960000 -0.794737 -0.275889  
688 21.970000 -0.791983 -0.274824  
689 21.980000 -0.789240 -0.273765  
690 21.990000 -0.786508 -0.272710  
691 22.000000 -0.783786 -0.271661  
692 22.010000 -0.781075 -0.270617  
693 22.020000 -0.778374 -0.269578  
694 22.030000 -0.775683 -0.268544  
695 22.040000 -0.773003 -0.267516  
696 22.050000 -0.770333 -0.266492  
697 22.060000 -0.767673 -0.265473  
698 22.070000 -0.765023 -0.264460  
699 22.080000 -0.762384 -0.263451  
700 22.090000 -0.759754 -0.262448  
701 22.100000 -0.757135 -0.261449  
702 22.110000 -0.754525 -0.260455  
703 22.120000 -0.751926 -0.259467  
704 22.130000 -0.749336 -0.258482  
705 22.140000 -0.746756 -0.257503  
706 22.150000 -0.744186 -0.256529  
707 22.160000 -0.741625 -0.255559  
708 22.170000 -0.739075 -0.254594  
709 22.180000 -0.736534 -0.253634  
710 22.190000 -0.734002 -0.252678  
711 22.200000 -0.731480 -0.251727  
712 22.210000 -0.728967 -0.250781  
713 22.220000 -0.726464 -0.249839  
714 22.230000 -0.723971 -0.248902  
715 22.240000 -0.721486 -0.247969  
716 22.250000 -0.719011 -0.247041  
717 22.260000 -0.716545 -0.246117  
718 22.270000 -0.714089 -0.245198  
719 22.280000 -0.711642 -0.244283  
720 22.290000 -0.709203 -0.243373  
721 22.300000 -0.706774 -0.242467  
722 22.310000 -0.704354 -0.241565  
723 22.320000 -0.701943 -0.240668  
724 22.330000 -0.699541 -0.239775  
725 22.340000 -0.697147 -0.238886  
726 22.350000 -0.694763 -0.238001  
727 22.360000 -0.692387 -0.237121  
728 22.370000 -0.690020 -0.236245  
729 22.380000 -0.687662 -0.235373  
730 22.390000 -0.685313 -0.234505  
731 22.400000 -0.682972 -0.233641  
732 22.410000 -0.680640 -0.232782  
733 22.420000 -0.678317 -0.231926  
734 22.430000 -0.676001 -0.231075  
735 22.440000 -0.673695 -0.230228  
736 22.450000 -0.671397 -0.229384  
737 22.460000 -0.669107 -0.228545  
738 22.470000 -0.666826 -0.227709  
739 22.480000 -0.664553 -0.226878  
740 22.490000 -0.662288 -0.226050  
741 22.500000 -0.660032 -0.225227  
742 22.510000 -0.657784 -0.224407  
743 22.520000 -0.655544 -0.223591  
744 22.530000 -0.653312 -0.222779  
745 22.540000 -0.651088 -0.221971  
746 22.550000 -0.648873 -0.221166  
747 22.560000 -0.646665 -0.220365  
748 22.570000 -0.644465 -0.219568  
749 22.580000 -0.642274 -0.218775  
750 22.590000 -0.640090 -0.217986  
751 22.600000 -0.637914 -0.217200  
752 22.610000 -0.635746 -0.216417  
753 22.620000 -0.633586 -0.215639  
754 22.630000 -0.631433 -0.214864  
755 22.640000 -0.629288 -0.214092  
756 22.650000 -0.627151 -0.213325  
757 22.660000 -0.625022 -0.212560  
758 22.670000 -0.622900 -0.211800  
759 22.680000 -0.620786 -0.211042  
760 22.690000 -0.618679 -0.210289  
761 22.700000 -0.616580 -0.209538  
762 22.710000 -0.614488 -0.208792  
763 22.720000 -0.612404 -0.208048  
764 22.730000 -0.610327 -0.207308  
765 22.740000 -0.608258 -0.206572  
766 22.750000 -0.606196 -0.205839  
767 22.760000 -0.604141 -0.205109  
768 22.770000 -0.602094 -0.204383  
769 22.780000 -0.600053 -0.203659  
770 22.790000 -0.598020 -0.202940  
771 22.800000 -0.595995 -0.202223  
772 22.810000 -0.593976 -0.201510  
773 22.820000 -0.591964 -0.200800  
774 22.830000 -0.589960 -0.200093  
775 22.840000 -0.587963 -0.199389  
776 22.850000 -0.585972 -0.198689  
777 22.860000 -0.583989 -0.197992  
778 22.870000 -0.582012 -0.197298  
779 22.880000 -0.580043 -0.196607  
780 22.890000 -0.578080 -0.195919  
781 22.900000 -0.576124 -0.195234  
782 22.910000 -0.574176 -0.194553  
783 22.920000 -0.572233 -0.193874  
784 22.930000 -0.570298 -0.193199  
785 22.940000 -0.568369 -0.192526  
786 22.950000 -0.566447 -0.191857  
787 22.960000 -0.564532 -0.191190  
788 22.970000 -0.562624 -0.190527  
789 22.980000 -0.560722 -0.189867  
790 22.990000 -0.558826 -0.189209  
791 23.000000 -0.556938 -0.188555  
792 23.010000 -0.555055 -0.187903  
793 23.020000 -0.553179 -0.187254  
794 23.030000 -0.551310 -0.186608  
795 23.040000 -0.549447 -0.185965  
796 23.050000 -0.547591 -0.185325  
797 23.060000 -0.545741 -0.184688  
798 23.070000 -0.543897 -0.184054  
799 23.080000 -0.542060 -0.183422  
800 23.090000 -0.540229 -0.182793  
801 23.100000 -0.538404 -0.182167  
802 23.110000 -0.536585 -0.181544  
803 23.120000 -0.534773 -0.180923  
804 23.130000 -0.532967 -0.180306  
805 23.140000 -0.531167 -0.179691  
806 23.150000 -0.529373 -0.179078  
807 23.160000 -0.527585 -0.178469  
808 23.170000 -0.525804 -0.177862  
809 23.180000 -0.524028 -0.177257  
810 23.190000 -0.522258 -0.176656  
811 23.200000 -0.520495 -0.176057  
812 23.210000 -0.518737 -0.175460  
813 23.220000 -0.516986 -0.174866  
814 23.230000 -0.515240 -0.174275  
815 23.240000 -0.513500 -0.173687  
816 23.250000 -0.511766 -0.173100  
817 23.260000 -0.510038 -0.172517  
818 23.270000 -0.508316 -0.171936  
819 23.280000 -0.506599 -0.171357  
820 23.290000 -0.504889 -0.170782  
821 23.300000 -0.503184 -0.170208  
822 23.310000 -0.501485 -0.169637  
823 23.320000 -0.499791 -0.169069  
824 23.330000 -0.498103 -0.168503  
825 23.340000 -0.496421 -0.167939  
826 23.350000 -0.494744 -0.167378  
827 23.360000 -0.493073 -0.166819  
828 23.370000 -0.491408 -0.166263  
829 23.380000 -0.489748 -0.165709  
830 23.390000 -0.488094 -0.165157  
831 23.400000 -0.486445 -0.164608  
832 23.410000 -0.484802 -0.164061  
833 23.420000 -0.483164 -0.163517  
834 23.430000 -0.481531 -0.162974  
835 23.440000 -0.479904 -0.162435  
836 23.450000 -0.478283 -0.161897  
837 23.460000 -0.476666 -0.161362  
838 23.470000 -0.475055 -0.160829  
839 23.480000 -0.473450 -0.160298  
840 23.490000 -0.471849 -0.159770  
841 23.500000 -0.470254 -0.159243  
842 23.510000 -0.468664 -0.158719  
843 23.520000 -0.467080 -0.158198  
844 23.530000 -0.465501 -0.157678  
845 23.540000 -0.463926 -0.157161  
846 23.550000 -0.462357 -0.156646  
847 23.560000 -0.460793 -0.156133  
848 23.570000 -0.459235 -0.155622  
849 23.580000 -0.457681 -0.155113  
850 23.590000 -0.456132 -0.154607  
851 23.600000 -0.454589 -0.154102  
852 23.610000 -0.453050 -0.153600  
853 23.620000 -0.451517 -0.153100  
854 23.630000 -0.449988 -0.152602  
855 23.640000 -0.448465 -0.152106  
856 23.650000 -0.446946 -0.151612  
857 23.660000 -0.445433 -0.151120  
858 23.670000 -0.443924 -0.150630  
859 23.680000 -0.442420 -0.150142  
860 23.690000 -0.440921 -0.149657  
861 23.700000 -0.439427 -0.149173  
862 23.710000 -0.437937 -0.148691  
863 23.720000 -0.436453 -0.148211  
864 23.730000 -0.434973 -0.147734  
865 23.740000 -0.433498 -0.147258  
866 23.750000 -0.432028 -0.146784  
867 23.760000 -0.430563 -0.146313  
868 23.770000 -0.429102 -0.145843  
869 23.780000 -0.427646 -0.145375  
870 23.790000 -0.426194 -0.144909  
871 23.800000 -0.424748 -0.144445  
872 23.810000 -0.423305 -0.143983  
873 23.820000 -0.421868 -0.143523  
874 23.830000 -0.420435 -0.143064  
875 23.840000 -0.419007 -0.142608  
876 23.850000 -0.417583 -0.142153  
877 23.860000 -0.416164 -0.141701  
878 23.870000 -0.414749 -0.141250  
879 23.880000 -0.413339 -0.140801  
880 23.890000 -0.411933 -0.140354  
881 23.900000 -0.410531 -0.139908  
882 23.910000 -0.409135 -0.139465  
883 23.920000 -0.407742 -0.139023  
884 23.930000 -0.406354 -0.138583  
885 23.940000 -0.404970 -0.138145  
886 23.950000 -0.403591 -0.137709  
887 23.960000 -0.402216 -0.137274  
888 23.970000 -0.400846 -0.136841  
889 23.980000 -0.399479 -0.136410  
890 23.990000 -0.398118 -0.135981  
891 24.000000 -0.396760 -0.135553  
892 24.010000 -0.395406 -0.135127  
893 24.020000 -0.394057 -0.134703  
894 24.030000 -0.392712 -0.134281  
895 24.040000 -0.391372 -0.133860  
896 24.050000 -0.390035 -0.133441  
897 24.060000 -0.388703 -0.133024  
898 24.070000 -0.387375 -0.132608  
899 24.080000 -0.386051 -0.132194  
900 24.090000 -0.384731 -0.131782  
901 24.100000 -0.383415 -0.131371  
902 24.110000 -0.382103 -0.130962  
903 24.120000 -0.380796 -0.130555  
904 24.130000 -0.379492 -0.130149  
905 24.140000 -0.378193 -0.129745  
906 24.150000 -0.376897 -0.129342  
907 24.160000 -0.375606 -0.128941  
908 24.170000 -0.374319 -0.128542  
909 24.180000 -0.373035 -0.128144  
910 24.190000 -0.371756 -0.127748  
911 24.200000 -0.370480 -0.127354  
912 24.210000 -0.369209 -0.126961  
913 24.220000 -0.367941 -0.126569  
914 24.230000 -0.366677 -0.126179  
915 24.240000 -0.365417 -0.125791  
916 24.250000 -0.364161 -0.125404  
917 24.260000 -0.362909 -0.125019  
918 24.270000 -0.361661 -0.124635  
919 24.280000 -0.360417 -0.124253  
920 24.290000 -0.359176 -0.123872  
921 24.300000 -0.357939 -0.123493  
922 24.310000 -0.356706 -0.123115  
923 24.320000 -0.355477 -0.122738  
924 24.330000 -0.354251 -0.122364  
925 24.340000 -0.353030 -0.121990  
926 24.350000 -0.351811 -0.121618  
927 24.360000 -0.350597 -0.121248  
928 24.370000 -0.349386 -0.120879  
929 24.380000 -0.348180 -0.120511  
930 24.390000 -0.346976 -0.120145  
931 24.400000 -0.345777 -0.119780  
932 24.410000 -0.344581 -0.119417  
933 24.420000 -0.343388 -0.119055  
934 24.430000 -0.342200 -0.118695  
935 24.440000 -0.341014 -0.118336  
936 24.450000 -0.339833 -0.117978  
937 24.460000 -0.338655 -0.117622  
938 24.470000 -0.337480 -0.117267  
939 24.480000 -0.336309 -0.116913  
940 24.490000 -0.335142 -0.116561  
941 24.500000 -0.333978 -0.116210  
942 24.510000 -0.332818 -0.115861  
943 24.520000 -0.331661 -0.115513  
944 24.530000 -0.330508 -0.115166  
945 24.540000 -0.329358 -0.114821  
946 24.550000 -0.328211 -0.114477  
947 24.560000 -0.327068 -0.114134  
948 24.570000 -0.325929 -0.113792  
949 24.580000 -0.324792 -0.113452  
950 24.590000 -0.323659 -0.113113  
951 24.600000 -0.322530 -0.112776  
952 24.610000 -0.321404 -0.112440  
953 24.620000 -0.320281 -0.112105  
954 24.630000 -0.319162 -0.111771  
955 24.640000 -0.318046 -0.111438  
956 24.650000 -0.316933 -0.111107  
957 24.660000 -0.315824 -0.110777  
958 24.670000 -0.314718 -0.110449  
959 24.680000 -0.313615 -0.110121  
960 24.690000 -0.312515 -0.109795  
961 24.700000 -0.311419 -0.109470  
962 24.710000 -0.310326 -0.109147  
963 24.720000 -0.309236 -0.108824  
964 24.730000 -0.308149 -0.108503  
965 24.740000 -0.307066 -0.108183  
966 24.750000 -0.305986 -0.107864  
967 24.760000 -0.304909 -0.107546  
968 24.770000 -0.303835 -0.107230  
969 24.780000 -0.302764 -0.106915  
970 24.790000 -0.301696 -0.106601  
971 24.800000 -0.300632 -0.106288  
972 24.810000 -0.299571 -0.105976  
973 24.820000 -0.298512 -0.105666  
974 24.830000 -0.297457 -0.105356  
975 24.840000 -0.296405 -0.105048  
976 24.850000 -0.295356 -0.104741  
977 24.860000 -0.294310 -0.104435  
978 24.870000 -0.293268 -0.104130  
979 24.880000 -0.292228 -0.103827  
980 24.890000 -0.291191 -0.103524  
981 24.900000 -0.290157 -0.103223  
982 24.910000 -0.289127 -0.102923  
983 24.920000 -0.288099 -0.102623  
984 24.930000 -0.287074 -0.102325  
985 24.940000 -0.286052 -0.102029  
986 24.950000 -0.285034 -0.101733  
987 24.960000 -0.284018 -0.101438  
988 24.970000 -0.283005 -0.101144  
989 24.980000 -0.281995 -0.100852  
990 24.990000 -0.280988 -0.100560  
991 25.000000 -0.279984 -0.100270  
992 25.010000 -0.278982 -0.099981  
993 25.020000 -0.277984 -0.099693  
994 25.030000 -0.276988 -0.099405  
995 25.040000 -0.275996 -0.099119  
996 25.050000 -0.275006 -0.098834  
997 25.060000 -0.274019 -0.098550  
998 25.070000 -0.273035 -0.098267  
999 25.080000 -0.272054 -0.097985  
1000 25.090000 -0.271075 -0.097704  
1001 25.100000 -0.270100 -0.097425  
1002 25.110000 -0.269127 -0.097146  
1003 25.120000 -0.268157 -0.096868  
1004 25.130000 -0.267190 -0.096591  
1005 25.140000 -0.266225 -0.096315  
1006 25.150000 -0.265263 -0.096040  
1007 25.160000 -0.264304 -0.095767  
1008 25.170000 -0.263348 -0.095494  
1009 25.180000 -0.262394 -0.095222  
1010 25.190000 -0.261443 -0.094951  
1011 25.200000 -0.260495 -0.094681  
1012 25.210000 -0.259550 -0.094413  
1013 25.220000 -0.258607 -0.094145  
1014 25.230000 -0.257667 -0.093878  
1015 25.240000 -0.256729 -0.093612  
1016 25.250000 -0.255795 -0.093347  
1017 25.260000 -0.254862 -0.093083  
1018 25.270000 -0.253933 -0.092820  
1019 25.280000 -0.253006 -0.092558  
1020 25.290000 -0.252082 -0.092296  
1021 25.300000 -0.251160 -0.092036  
1022 25.310000 -0.250241 -0.091777  
1023 25.320000 -0.249325 -0.091519  
1024 25.330000 -0.248411 -0.091261  
1025 25.340000 -0.247499 -0.091005  
1026 25.350000 -0.246591 -0.090749  
1027 25.360000 -0.245684 -0.090494  
1028 25.370000 -0.244781 -0.090241  
1029 25.380000 -0.243880 -0.089988  
1030 25.390000 -0.242981 -0.089736  
1031 25.400000 -0.242085 -0.089485  
1032 25.410000 -0.241191 -0.089235  
1033 25.420000 -0.240300 -0.088985  
1034 25.430000 -0.239412 -0.088737  
1035 25.440000 -0.238525 -0.088489  
1036 25.450000 -0.237642 -0.088243  
1037 25.460000 -0.236761 -0.087997  
1038 25.470000 -0.235882 -0.087752  
1039 25.480000 -0.235006 -0.087508  
1040 25.490000 -0.234132 -0.087265  
1041 25.500000 -0.233260 -0.087023  
1042 25.510000 -0.232391 -0.086781  
1043 25.520000 -0.231525 -0.086541  
1044 25.530000 -0.230660 -0.086301  
1045 25.540000 -0.229799 -0.086062  
1046 25.550000 -0.228939 -0.085824  
1047 25.560000 -0.228082 -0.085587  
1048 25.570000 -0.227227 -0.085351  
1049 25.580000 -0.226375 -0.085115  
1050 25.590000 -0.225525 -0.084880  
1051 25.600000 -0.224677 -0.084646  
1052 25.610000 -0.223832 -0.084413  
1053 25.620000 -0.222989 -0.084181  
1054 25.630000 -0.222149 -0.083950  
1055 25.640000 -0.221310 -0.083719  
1056 25.650000 -0.220474 -0.083489  
1057 25.660000 -0.219640 -0.083260  
1058 25.670000 -0.218809 -0.083032  
1059 25.680000 -0.217980 -0.082805  
1060 25.690000 -0.217153 -0.082578  
1061 25.700000 -0.216328 -0.082352  
1062 25.710000 -0.215506 -0.082127  
1063 25.720000 -0.214686 -0.081903  
1064 25.730000 -0.213868 -0.081680  
1065 25.740000 -0.213052 -0.081457  
1066 25.750000 -0.212239 -0.081235  
1067 25.760000 -0.211427 -0.081014  
1068 25.770000 -0.210618 -0.080793  
1069 25.780000 -0.209812 -0.080574  
1070 25.790000 -0.209007 -0.080355  
1071 25.800000 -0.208204 -0.080137  
1072 25.810000 -0.207404 -0.079919  
1073 25.820000 -0.206606 -0.079703  
1074 25.830000 -0.205810 -0.079487  
1075 25.840000 -0.205016 -0.079272  
1076 25.850000 -0.204225 -0.079057  
1077 25.860000 -0.203435 -0.078844  
1078 25.870000 -0.202648 -0.078631  
1079 25.880000 -0.201863 -0.078419  
1080 25.890000 -0.201079 -0.078207  
1081 25.900000 -0.200298 -0.077997  
1082 25.910000 -0.199519 -0.077787  
1083 25.920000 -0.198743 -0.077577  
1084 25.930000 -0.197968 -0.077369  
1085 25.940000 -0.197195 -0.077161  
1086 25.950000 -0.196425 -0.076954  
1087 25.960000 -0.195656 -0.076747  
1088 25.970000 -0.194890 -0.076542  
1089 25.980000 -0.194125 -0.076337  
1090 25.990000 -0.193363 -0.076132  
1091 26.000000 -0.192603 -0.075929  
1092 26.010000 -0.191844 -0.075726  
1093 26.020000 -0.191088 -0.075523  
1094 26.030000 -0.190334 -0.075322  
1095 26.040000 -0.189582 -0.075121  
1096 26.050000 -0.188832 -0.074921  
1097 26.060000 -0.188083 -0.074721  
1098 26.070000 -0.187337 -0.074522  
1099 26.080000 -0.186593 -0.074324  
1100 26.090000 -0.185851 -0.074127  
1101 26.100000 -0.185110 -0.073930  
1102 26.110000 -0.184372 -0.073734  
1103 26.120000 -0.183636 -0.073538  
1104 26.130000 -0.182901 -0.073343  
1105 26.140000 -0.182169 -0.073149  
1106 26.150000 -0.181438 -0.072956  
1107 26.160000 -0.180710 -0.072763  
1108 26.170000 -0.179983 -0.072570  
1109 26.180000 -0.179258 -0.072379  
1110 26.190000 -0.178535 -0.072188  
1111 26.200000 -0.177815 -0.071997  
1112 26.210000 -0.177095 -0.071808  
1113 26.220000 -0.176378 -0.071619  
1114 26.230000 -0.175663 -0.071430  
1115 26.240000 -0.174950 -0.071243  
1116 26.250000 -0.174238 -0.071055  
1117 26.260000 -0.173529 -0.070869  
1118 26.270000 -0.172821 -0.070683  
1119 26.280000 -0.172115 -0.070498  
1120 26.290000 -0.171411 -0.070313  
1121 26.300000 -0.170709 -0.070129  
1122 26.310000 -0.170008 -0.069945  
1123 26.320000 -0.169310 -0.069763  
1124 26.330000 -0.168613 -0.069580  
1125 26.340000 -0.167918 -0.069399  
1126 26.350000 -0.167225 -0.069218  
1127 26.360000 -0.166534 -0.069037  
1128 26.370000 -0.165844 -0.068857  
1129 26.380000 -0.165157 -0.068678  
1130 26.390000 -0.164471 -0.068499  
1131 26.400000 -0.163787 -0.068321  
1132 26.410000 -0.163104 -0.068144  
1133 26.420000 -0.162424 -0.067967  
1134 26.430000 -0.161745 -0.067791  
1135 26.440000 -0.161068 -0.067615  
1136 26.450000 -0.160393 -0.067440  
1137 26.460000 -0.159719 -0.067265  
1138 26.470000 -0.159047 -0.067091  
1139 26.480000 -0.158377 -0.066918  
1140 26.490000 -0.157709 -0.066745  
1141 26.500000 -0.157042 -0.066573  
1142 26.510000 -0.156378 -0.066401  
1143 26.520000 -0.155714 -0.066230  
1144 26.530000 -0.155053 -0.066059  
1145 26.540000 -0.154393 -0.065889  
1146 26.550000 -0.153735 -0.065720  
1147 26.560000 -0.153079 -0.065551  
1148 26.570000 -0.152424 -0.065382  
1149 26.580000 -0.151771 -0.065214  
1150 26.590000 -0.151120 -0.065047  
1151 26.600000 -0.150470 -0.064880  
1152 26.610000 -0.149822 -0.064714  
1153 26.620000 -0.149176 -0.064548  
1154 26.630000 -0.148531 -0.064383  
1155 26.640000 -0.147888 -0.064219  
1156 26.650000 -0.147247 -0.064055  
1157 26.660000 -0.146607 -0.063891  
1158 26.670000 -0.145969 -0.063728  
1159 26.680000 -0.145333 -0.063565  
1160 26.690000 -0.144698 -0.063403  
1161 26.700000 -0.144065 -0.063242  
1162 26.710000 -0.143433 -0.063081  
1163 26.720000 -0.142803 -0.062921  
1164 26.730000 -0.142175 -0.062761  
1165 26.740000 -0.141548 -0.062601  
1166 26.750000 -0.140923 -0.062443  
1167 26.760000 -0.140299 -0.062284  
1168 26.770000 -0.139677 -0.062126  
1169 26.780000 -0.139056 -0.061969  
1170 26.790000 -0.138437 -0.061812  
1171 26.800000 -0.137820 -0.061656  
1172 26.810000 -0.137204 -0.061500  
1173 26.820000 -0.136590 -0.061345  
1174 26.830000 -0.135977 -0.061190  
1175 26.840000 -0.135366 -0.061036  
1176 26.850000 -0.134757 -0.060882  
1177 26.860000 -0.134149 -0.060728  
1178 26.870000 -0.133542 -0.060575  
1179 26.880000 -0.132937 -0.060423  
1180 26.890000 -0.132334 -0.060271  
1181 26.900000 -0.131732 -0.060120  
1182 26.910000 -0.131131 -0.059969  
1183 26.920000 -0.130532 -0.059818  
1184 26.930000 -0.129935 -0.059668  
1185 26.940000 -0.129339 -0.059519  
1186 26.950000 -0.128745 -0.059370  
1187 26.960000 -0.128152 -0.059221  
1188 26.970000 -0.127560 -0.059073  
1189 26.980000 -0.126970 -0.058926  
1190 26.990000 -0.126382 -0.058779  
1191 27.000000 -0.125795 -0.058632  
1192 27.010000 -0.125209 -0.058486  
1193 27.020000 -0.124625 -0.058340  
1194 27.030000 -0.124042 -0.058195  
1195 27.040000 -0.123461 -0.058050  
1196 27.050000 -0.122881 -0.057905  
1197 27.060000 -0.122303 -0.057761  
1198 27.070000 -0.121726 -0.057618  
1199 27.080000 -0.121151 -0.057475  
1200 27.090000 -0.120576 -0.057332  
1201 27.100000 -0.120004 -0.057190  
1202 27.110000 -0.119433 -0.057048  
1203 27.120000 -0.118863 -0.056907  
1204 27.130000 -0.118295 -0.056766  
1205 27.140000 -0.117728 -0.056626  
1206 27.150000 -0.117162 -0.056486  
1207 27.160000 -0.116598 -0.056347  
1208 27.170000 -0.116035 -0.056208  
1209 27.180000 -0.115474 -0.056069  
1210 27.190000 -0.114914 -0.055931  
1211 27.200000 -0.114355 -0.055793  
1212 27.210000 -0.113798 -0.055656  
1213 27.220000 -0.113242 -0.055519  
1214 27.230000 -0.112687 -0.055382  
1215 27.240000 -0.112134 -0.055246  
1216 27.250000 -0.111583 -0.055111  
1217 27.260000 -0.111032 -0.054975  
1218 27.270000 -0.110483 -0.054841  
1219 27.280000 -0.109935 -0.054706  
1220 27.290000 -0.109389 -0.054572  
1221 27.300000 -0.108844 -0.054439  
1222 27.310000 -0.108300 -0.054306  
1223 27.320000 -0.107758 -0.054173  
1224 27.330000 -0.107217 -0.054041  
1225 27.340000 -0.106677 -0.053909  
1226 27.350000 -0.106138 -0.053777  
1227 27.360000 -0.105601 -0.053646  
1228 27.370000 -0.105066 -0.053515  
1229 27.380000 -0.104531 -0.053385  
1230 27.390000 -0.103998 -0.053255  
1231 27.400000 -0.103466 -0.053126  
1232 27.410000 -0.102935 -0.052997  
1233 27.420000 -0.102406 -0.052868  
1234 27.430000 -0.101878 -0.052740  
1235 27.440000 -0.101351 -0.052612  
1236 27.450000 -0.100826 -0.052484  
1237 27.460000 -0.100302 -0.052357  
1238 27.470000 -0.099779 -0.052230  
1239 27.480000 -0.099257 -0.052104  
1240 27.490000 -0.098737 -0.051978  
1241 27.500000 -0.098217 -0.051852  
1242 27.510000 -0.097699 -0.051727  
1243 27.520000 -0.097183 -0.051602  
1244 27.530000 -0.096667 -0.051478  
1245 27.540000 -0.096153 -0.051354  
1246 27.550000 -0.095640 -0.051230  
1247 27.560000 -0.095129 -0.051107  
1248 27.570000 -0.094618 -0.050984  
1249 27.580000 -0.094109 -0.050861  
1250 27.590000 -0.093601 -0.050739  
1251 27.600000 -0.093094 -0.050617  
1252 27.610000 -0.092589 -0.050496  
1253 27.620000 -0.092084 -0.050375  
1254 27.630000 -0.091581 -0.050254  
1255 27.640000 -0.091079 -0.050134  
1256 27.650000 -0.090578 -0.050014  
1257 27.660000 -0.090079 -0.049894  
1258 27.670000 -0.089581 -0.049775  
1259 27.680000 -0.089083 -0.049656  
1260 27.690000 -0.088587 -0.049537  
1261 27.700000 -0.088093 -0.049419  
1262 27.710000 -0.087599 -0.049301  
1263 27.720000 -0.087107 -0.049184  
1264 27.730000 -0.086615 -0.049067  
1265 27.740000 -0.086125 -0.048950  
1266 27.750000 -0.085636 -0.048834  
1267 27.760000 -0.085149 -0.048718  
1268 27.770000 -0.084662 -0.048602  
1269 27.780000 -0.084177 -0.048486  
1270 27.790000 -0.083692 -0.048371  
1271 27.800000 -0.083209 -0.048257  
1272 27.810000 -0.082727 -0.048142  
1273 27.820000 -0.082246 -0.048028  
1274 27.830000 -0.081767 -0.047915  
1275 27.840000 -0.081288 -0.047801  
1276 27.850000 -0.080811 -0.047688  
1277 27.860000 -0.080334 -0.047576  
1278 27.870000 -0.079859 -0.047463  
1279 27.880000 -0.079385 -0.047351  
1280 27.890000 -0.078912 -0.047240  
1281 27.900000 -0.078440 -0.047128  
1282 27.910000 -0.077969 -0.047017  
1283 27.920000 -0.077500 -0.046907  
1284 27.930000 -0.077031 -0.046796  
1285 27.940000 -0.076564 -0.046686  
1286 27.950000 -0.076098 -0.046577  
1287 27.960000 -0.075632 -0.046467  
1288 27.970000 -0.075168 -0.046358  
1289 27.980000 -0.074705 -0.046250  
1290 27.990000 -0.074243 -0.046141  
1291 28.000000 -0.073782 -0.046033  
1292 28.010000 -0.073323 -0.045925  
1293 28.020000 -0.072864 -0.045818  
1294 28.030000 -0.072406 -0.045711  
1295 28.040000 -0.071950 -0.045604  
1296 28.050000 -0.071494 -0.045497  
1297 28.060000 -0.071040 -0.045391  
1298 28.070000 -0.070586 -0.045285  
1299 28.080000 -0.070134 -0.045180  
1300 28.090000 -0.069683 -0.045075  
1301 28.100000 -0.069232 -0.044970  
1302 28.110000 -0.068783 -0.044865  
1303 28.120000 -0.068335 -0.044761  
1304 28.130000 -0.067888 -0.044657  
1305 28.140000 -0.067442 -0.044553  
1306 28.150000 -0.066997 -0.044450  
1307 28.160000 -0.066553 -0.044346  
1308 28.170000 -0.066110 -0.044244  
1309 28.180000 -0.065668 -0.044141  
1310 28.190000 -0.065227 -0.044039  
1311 28.200000 -0.064787 -0.043937  
1312 28.210000 -0.064349 -0.043835  
1313 28.220000 -0.063911 -0.043734  
1314 28.230000 -0.063474 -0.043633  
1315 28.240000 -0.063038 -0.043532  
1316 28.250000 -0.062603 -0.043432  
1317 28.260000 -0.062169 -0.043332  
1318 28.270000 -0.061737 -0.043232  
1319 28.280000 -0.061305 -0.043132  
1320 28.290000 -0.060874 -0.043033  
1321 28.300000 -0.060444 -0.042934  
1322 28.310000 -0.060015 -0.042835  
1323 28.320000 -0.059587 -0.042737  
1324 28.330000 -0.059161 -0.042639  
1325 28.340000 -0.058735 -0.042541  
1326 28.350000 -0.058310 -0.042443  
1327 28.360000 -0.057886 -0.042346  
1328 28.370000 -0.057463 -0.042249  
1329 28.380000 -0.057041 -0.042152  
1330 28.390000 -0.056620 -0.042056  
1331 28.400000 -0.056200 -0.041960  
1332 28.410000 -0.055781 -0.041864  
1333 28.420000 -0.055362 -0.041768  
1334 28.430000 -0.054945 -0.041673  
1335 28.440000 -0.054529 -0.041578  
1336 28.450000 -0.054114 -0.041483  
1337 28.460000 -0.053699 -0.041388  
1338 28.470000 -0.053286 -0.041294  
1339 28.480000 -0.052873 -0.041200  
1340 28.490000 -0.052462 -0.041106  
1341 28.500000 -0.052051 -0.041013  
1342 28.510000 -0.051642 -0.040920  
1343 28.520000 -0.051233 -0.040827  
1344 28.530000 -0.050825 -0.040734  
1345 28.540000 -0.050418 -0.040642  
1346 28.550000 -0.050012 -0.040550  
1347 28.560000 -0.049607 -0.040458  
1348 28.570000 -0.049203 -0.040366  
1349 28.580000 -0.048800 -0.040275  
1350 28.590000 -0.048398 -0.040184  
1351 28.600000 -0.047996 -0.040093  
1352 28.610000 -0.047596 -0.040002  
1353 28.620000 -0.047196 -0.039912  
1354 28.630000 -0.046797 -0.039822  
1355 28.640000 -0.046400 -0.039732  
1356 28.650000 -0.046003 -0.039642  
1357 28.660000 -0.045607 -0.039553  
1358 28.670000 -0.045212 -0.039464  
1359 28.680000 -0.044818 -0.039375  
1360 28.690000 -0.044424 -0.039287  
1361 28.700000 -0.044032 -0.039198  
1362 28.710000 -0.043640 -0.039110  
1363 28.720000 -0.043250 -0.039023  
1364 28.730000 -0.042860 -0.038935  
1365 28.740000 -0.042471 -0.038848  
1366 28.750000 -0.042083 -0.038761  
1367 28.760000 -0.041696 -0.038674  
1368 28.770000 -0.041309 -0.038587  
1369 28.780000 -0.040924 -0.038501  
1370 28.790000 -0.040539 -0.038415  
1371 28.800000 -0.040156 -0.038329  
1372 28.810000 -0.039773 -0.038244  
1373 28.820000 -0.039391 -0.038158  
1374 28.830000 -0.039010 -0.038073  
1375 28.840000 -0.038629 -0.037988  
1376 28.850000 -0.038250 -0.037904  
1377 28.860000 -0.037871 -0.037819  
1378 28.870000 -0.037493 -0.037735  
1379 28.880000 -0.037117 -0.037651  
1380 28.890000 -0.036740 -0.037567  
1381 28.900000 -0.036365 -0.037484  
1382 28.910000 -0.035991 -0.037401  
1383 28.920000 -0.035617 -0.037318  
1384 28.930000 -0.035244 -0.037235  
1385 28.940000 -0.034872 -0.037152  
1386 28.950000 -0.034501 -0.037070  
1387 28.960000 -0.034131 -0.036988  
1388 28.970000 -0.033762 -0.036906  
1389 28.980000 -0.033393 -0.036824  
1390 28.990000 -0.033025 -0.036743  
1391 29.000000 -0.032658 -0.036662  
1392 29.010000 -0.032292 -0.036581  
1393 29.020000 -0.031927 -0.036500  
1394 29.030000 -0.031562 -0.036420  
1395 29.040000 -0.031198 -0.036339  
1396 29.050000 -0.030835 -0.036259  
1397 29.060000 -0.030473 -0.036179  
1398 29.070000 -0.030112 -0.036100  
1399 29.080000 -0.029751 -0.036020  
1400 29.090000 -0.029391 -0.035941  
1401 29.100000 -0.029032 -0.035862  
1402 29.110000 -0.028674 -0.035783  
1403 29.120000 -0.028316 -0.035705  
1404 29.130000 -0.027960 -0.035627  
1405 29.140000 -0.027604 -0.035548  
1406 29.150000 -0.027249 -0.035471  
1407 29.160000 -0.026894 -0.035393  
1408 29.170000 -0.026541 -0.035315  
1409 29.180000 -0.026188 -0.035238  
1410 29.190000 -0.025836 -0.035161  
1411 29.200000 -0.025485 -0.035084  
1412 29.210000 -0.025134 -0.035008  
1413 29.220000 -0.024785 -0.034931  
1414 29.230000 -0.024436 -0.034855  
1415 29.240000 -0.024088 -0.034779  
1416 29.250000 -0.023740 -0.034703  
1417 29.260000 -0.023394 -0.034628  
1418 29.270000 -0.023048 -0.034552  
1419 29.280000 -0.022703 -0.034477  
1420 29.290000 -0.022358 -0.034402  
1421 29.300000 -0.022015 -0.034328  
1422 29.310000 -0.021672 -0.034253  
1423 29.320000 -0.021329 -0.034179  
1424 29.330000 -0.020988 -0.034104  
1425 29.340000 -0.020647 -0.034031  
1426 29.350000 -0.020307 -0.033957  
1427 29.360000 -0.019968 -0.033883  
1428 29.370000 -0.019630 -0.033810  
1429 29.380000 -0.019292 -0.033737  
1430 29.390000 -0.018955 -0.033664  
1431 29.400000 -0.018619 -0.033591  
1432 29.410000 -0.018283 -0.033519  
1433 29.420000 -0.017948 -0.033446  
1434 29.430000 -0.017614 -0.033374  
1435 29.440000 -0.017281 -0.033302  
1436 29.450000 -0.016948 -0.033230  
1437 29.460000 -0.016616 -0.033159  
1438 29.470000 -0.016285 -0.033087  
1439 29.480000 -0.015955 -0.033016  
1440 29.490000 -0.015625 -0.032945  
1441 29.500000 -0.015296 -0.032874  
1442 29.510000 -0.014967 -0.032804  
1443 29.520000 -0.014640 -0.032733  
1444 29.530000 -0.014313 -0.032663  
1445 29.540000 -0.013986 -0.032593  
1446 29.550000 -0.013661 -0.032523  
1447 29.560000 -0.013336 -0.032453  
1448 29.570000 -0.013012 -0.032384  
1449 29.580000 -0.012688 -0.032315  
1450 29.590000 -0.012365 -0.032245  
1451 29.600000 -0.012043 -0.032177  
1452 29.610000 -0.011722 -0.032108  
1453 29.620000 -0.011401 -0.032039  
1454 29.630000 -0.011081 -0.031971  
1455 29.640000 -0.010762 -0.031903  
1456 29.650000 -0.010443 -0.031835  
1457 29.660000 -0.010125 -0.031767  
1458 29.670000 -0.009808 -0.031699  
1459 29.680000 -0.009491 -0.031632  
1460 29.690000 -0.009175 -0.031564  
1461 29.700000 -0.008860 -0.031497  
1462 29.710000 -0.008545 -0.031430  
1463 29.720000 -0.008231 -0.031364  
1464 29.730000 -0.007918 -0.031297  
1465 29.740000 -0.007605 -0.031231  
1466 29.750000 -0.007293 -0.031164  
1467 29.760000 -0.006982 -0.031098  
1468 29.770000 -0.006671 -0.031032  
1469 29.780000 -0.006361 -0.030967  
1470 29.790000 -0.006052 -0.030901  
1471 29.800000 -0.005743 -0.030836  
1472 29.810000 -0.005435 -0.030771  
1473 29.820000 -0.005128 -0.030706  
1474 29.830000 -0.004821 -0.030641  
1475 29.840000 -0.004515 -0.030576  
1476 29.850000 -0.004210 -0.030512  
1477 29.860000 -0.003905 -0.030447  
1478 29.870000 -0.003601 -0.030383  
1479 29.880000 -0.003297 -0.030319  
1480 29.890000 -0.002994 -0.030255  
1481 29.900000 -0.002692 -0.030192  
1482 29.910000 -0.002390 -0.030128  
1483 29.920000 -0.002089 -0.030065  
1484 29.930000 -0.001789 -0.030002  
1485 29.940000 -0.001489 -0.029939  
1486 29.950000 -0.001190 -0.029876  
1487 29.960000 -0.000892 -0.029813  
1488 29.970000 -0.000594 -0.029751  
1489 29.980000 -0.000297 -0.029688  
1490 29.990000 -0.000000 -0.029626  
