1 15.100000 142578959967313.625000 12842737861282582.000000  
2 15.110000 60422339405222.734375 4948148764043591.000000  
3 15.120000 27591603174061.800781 2071425239746886.000000  
4 15.130000 13415121585804.095703 929737757729131.375000  
5 15.140000 6880330237675.325195 442818794100489.000000  
6 15.150000 3695024145210.566895 221976175118055.937500  
7 15.160000 2065551186662.896729 116340740250151.359375  
8 15.170000 1196059796823.195068 63409637847995.289062  
9 15.180000 714526276148.762329 35779347391473.242188  
10 15.190000 438900516720.492859 20822581834052.656250  
11 15.200000 276411734017.695618 12459020298910.650391  
12 15.210000 178045460143.930847 7643711857757.093750  
13 15.220000 117051972015.230438 4797157664685.889648  
14 15.230000 78399054959.467926 3073591366623.830078  
15 15.240000 53412001196.460320 2006900767537.972168  
16 15.250000 36962284450.317673 1333374664336.321289  
17 15.260000 25950025696.405396 900187371202.111938  
18 15.270000 18463042559.628292 616798068082.488037  
19 15.280000 13299468137.512764 428464381053.794922  
20 15.290000 9690678021.564985 301459927322.407043  
21 15.300000 7137146721.396114 214640510988.508972  
22 15.310000 5309341090.639910 154533312522.096130  
23 15.320000 3986816087.880918 112422754199.631134  
24 15.330000 3020166353.147871 82590424100.922104  
25 15.340000 2306888308.794157 61234356056.786560  
26 15.350000 1775845177.750313 45795125331.015846  
27 15.360000 1377132889.517771 34529492611.733749  
28 15.370000 1075384761.673879 26236965947.023712  
29 15.380000 845294886.027700 20082171553.985294  
30 15.390000 668591025.106195 15478058859.416811  
31 15.400000 531965731.078071 12008222168.782862  
32 15.410000 425648019.676019 9374675896.178446  
33 15.420000 342407792.665183 7362380604.857885  
34 15.430000 276855563.280147 5814911246.349633  
35 15.440000 224945620.918167 4617612618.001469  
36 15.450000 183620623.471286 3685834877.878780  
37 15.460000 150555359.308559 2956647741.800069  
38 15.470000 123970621.486488 2382957784.003825  
39 15.480000 102497041.307395 1929299787.216797  
40 15.490000 85074788.968212 1568803639.990693  
41 15.500000 70879209.448105 1280993067.986698  
42 15.510000 59265341.199893 1050177312.799081  
43 15.520000 49726273.709203 864268454.521016  
44 15.530000 41861711.530166 713906345.413469  
45 15.540000 35354111.578461 591807295.337448  
46 15.550000 29950472.630818 492276525.344875  
47 15.560000 25448366.960306 410841204.585699  
48 15.570000 21685173.008508 343972785.238057  
49 15.580000 18529736.063923 288875834.260337  
50 15.590000 15875879.828010 243326647.674060  
51 15.600000 13637335.745527 205549326.539491  
52 15.610000 11743763.394109 174120183.404663  
53 15.620000 10137614.292916 147893676.670973  
54 15.630000 8771650.533190 125944779.644730  
55 15.640000 7606973.943245 107523952.332249  
56 15.650000 6611454.912102 92021819.438535  
57 15.660000 5758475.306683 78941355.146516  
58 15.670000 5025919.177076 67875897.249614  
59 15.680000 4395359.663083 58491705.870857  
60 15.690000 3851401.810850 50514078.685725  
61 15.700000 3381149.712231 43716259.698461  
62 15.710000 2973773.112787 37910550.172499  
63 15.720000 2620153.863024 32941161.567190  
64 15.730000 2312596.662894 28678451.146944  
65 15.740000 2044591.737590 25014258.659513  
66 15.750000 1810619.585165 21858122.635125  
67 15.760000 1605989.907634 19134201.579352  
68 15.770000 1426708.394902 16778761.747209  
69 15.780000 1269366.265822 14738121.664278  
70 15.790000 1131048.452802 12966965.906256  
71 15.800000 1009257.099866 11426958.238379  
72 15.810000 901847.670843 10085598.106320  
73 15.820000 806975.467382 8915275.472163  
74 15.830000 723050.761120 7892487.729477  
75 15.840000 648701.070901 6997189.395355  
76 15.850000 582739.380121 6212250.841470  
77 15.860000 524137.303488 5523006.784231  
78 15.870000 472002.386817 4916878.835602  
79 15.880000 425558.865425 4383059.300990  
80 15.890000 384131.322864 3912245.740234  
81 15.900000 347130.786722 3496417.693773  
82 15.910000 314042.876347 3128648.506694  
83 15.920000 284417.681563 2802946.428572  
84 15.930000 257861.104392 2514120.182279  
85 15.940000 234027.439630 2257665.024803  
86 15.950000 212613.006340 2029666.002755  
87 15.960000 193350.672430 1826715.663200  
88 15.970000 176005.139525 1645843.939455  
89 15.980000 160368.876162 1484458.309847  
90 15.990000 146258.604778 1340292.639998  
91 16.000000 133512.262490 1211363.377922  
92 16.010000 121986.367899 1095931.985747  
93 16.020000 111553.736356 992472.670186  
94 16.030000 102101.494789 899644.622285  
95 16.040000 93529.354389 816268.100756  
96 16.050000 85748.105640 741303.796652  
97 16.060000 78678.305300 673835.003688  
98 16.070000 72249.129365 613052.191120  
99 16.080000 66397.369731 558239.637047  
100 16.090000 61066.555461 508763.831303  
101 16.100000 56206.182215 464063.400325  
102 16.110000 51771.035723 423640.342870  
103 16.120000 47720.597097 387052.396283  
104 16.130000 44018.519497 353906.379153  
105 16.140000 40632.167028 323852.378313  
106 16.150000 37532.208040 296578.666967  
107 16.160000 34692.255994 271807.256701  
108 16.170000 32088.551992 249289.999776  
109 16.180000 29699.683840 228805.169700  
110 16.190000 27506.337175 210154.458018  
111 16.200000 25491.074768 193160.333725  
112 16.210000 23638.140621 177663.719007  
113 16.220000 21933.285884 163521.941202  
114 16.230000 20363.614030 150606.926273  
115 16.240000 18917.443004 138803.603665  
116 16.250000 17584.182387 128008.496355  
117 16.260000 16354.223821 118128.473376  
118 16.270000 15218.843187 109079.644986  
119 16.280000 14170.113186 100786.383220  
120 16.290000 13200.825153 93180.452788  
121 16.300000 12304.419066 86200.239137  
122 16.310000 11474.920838 79790.062200  
123 16.320000 10706.886084 73899.565752  
124 16.330000 9995.349652 68483.173569  
125 16.340000 9335.780297 63499.604643  
126 16.350000 8724.039929 58911.440671  
127 16.360000 8156.346954 54684.739848  
128 16.370000 7629.243269 50788.691717  
129 16.380000 7139.564519 47195.308462  
130 16.390000 6684.413277 43879.148551  
131 16.400000 6261.134843 40817.069168  
132 16.410000 5867.295387 37988.004227  
133 16.420000 5500.662194 35372.765196  
134 16.430000 5159.185801 32953.862233  
135 16.440000 4840.983824 30715.343444  
136 16.450000 4544.326320 28642.650324  
137 16.460000 4267.622510 26722.487646  
138 16.470000 4009.408744 24942.706279  
139 16.480000 3768.337580 23292.197561  
140 16.490000 3543.167858 21760.798040  
141 16.500000 3332.755690 20339.203480  
142 16.510000 3136.046260 19018.891201  
143 16.520000 2952.066368 17792.049882  
144 16.530000 2779.917636 16651.516073  
145 16.540000 2618.770324 15590.716735  
146 16.550000 2467.857690 14603.617207  
147 16.560000 2326.470842 13684.674046  
148 16.570000 2193.954050 12828.792269  
149 16.580000 2069.700451 12031.286550  
150 16.590000 1953.148139 11287.845997  
151 16.600000 1843.776577 10594.502144  
152 16.610000 1741.103323 9947.599862  
153 16.620000 1644.681031 9343.770897  
154 16.630000 1554.094706 8779.909784  
155 16.640000 1468.959183 8253.151918  
156 16.650000 1388.916825 7760.853574  
157 16.660000 1313.635404 7300.573681  
158 16.670000 1242.806159 6870.057211  
159 16.680000 1176.142013 6467.220007  
160 16.690000 1113.375934 6090.134930  
161 16.700000 1054.259431 5737.019207  
162 16.710000 998.561166 5406.222860  
163 16.720000 946.065681 5096.218119  
164 16.730000 896.572227 4805.589741  
165 16.740000 849.893681 4533.026143  
166 16.750000 805.855551 4277.311272  
167 16.760000 764.295062 4037.317168  
168 16.770000 725.060303 3811.997130  
169 16.780000 688.009452 3600.379451  
170 16.790000 653.010055 3401.561672  
171 16.800000 619.938354 3214.705301  
172 16.810000 588.678681 3039.030956  
173 16.820000 559.122883 2873.813910  
174 16.830000 531.169798 2718.379988  
175 16.840000 504.724769 2572.101794  
176 16.850000 479.699194 2434.395235  
177 16.860000 456.010110 2304.716324  
178 16.870000 433.579802 2182.558232  
179 16.880000 412.335454 2067.448571  
180 16.890000 392.208807 1958.946891  
181 16.900000 373.135862 1856.642365  
182 16.910000 355.056584 1760.151661  
183 16.920000 337.914644 1669.116967  
184 16.930000 321.657174 1583.204178  
185 16.940000 306.234530 1502.101210  
186 16.950000 291.600091 1425.516449  
187 16.960000 277.710051 1353.177313  
188 16.970000 264.523244 1284.828922  
189 16.980000 252.000967 1220.232868  
190 16.990000 240.106824 1159.166074  
191 17.000000 228.806579 1101.419740  
192 17.010000 218.068014 1046.798364  
193 17.020000 207.860806 995.118837  
194 17.030000 198.156404 946.209598  
195 17.040000 188.927917 899.909859  
196 17.050000 180.150012 856.068877  
197 17.060000 171.798816 814.545283  
198 17.070000 163.851825 775.206461  
199 17.080000 156.287820 737.927962  
200 17.090000 149.086788 702.592972  
201 17.100000 142.229849 669.091803  
202 17.110000 135.699183 637.321436  
203 17.120000 129.477974 607.185080  
204 17.130000 123.550339 578.591770  
205 17.140000 117.901280 551.455997  
206 17.150000 112.516629 525.697349  
207 17.160000 107.382996 501.240193  
208 17.170000 102.487725 478.013366  
209 17.180000 97.818851 455.949896  
210 17.190000 93.365059 434.986734  
211 17.200000 89.115647 415.064509  
212 17.210000 85.060486 396.127303  
213 17.220000 81.189993 378.122426  
214 17.230000 77.495096 361.000227  
215 17.240000 73.967203 344.713899  
216 17.250000 70.598179 329.219308  
217 17.260000 67.380317 314.474828  
218 17.270000 64.306313 300.441190  
219 17.280000 61.369247 287.081338  
220 17.290000 58.562557 274.360293  
221 17.300000 55.880022 262.245035  
222 17.310000 53.315741 250.704377  
223 17.320000 50.864118 239.708864  
224 17.330000 48.519840 229.230664  
225 17.340000 46.277868 219.243476  
226 17.350000 44.133417 209.722437  
227 17.360000 42.081944 200.644040  
228 17.370000 40.119135 191.986054  
229 17.380000 38.240892 183.727449  
230 17.390000 36.443321 175.848328  
231 17.400000 34.722723 168.329861  
232 17.410000 33.075581 161.154224  
233 17.420000 31.498552 154.304539  
234 17.430000 29.988457 147.764824  
235 17.440000 28.542273 141.519941  
236 17.450000 27.157123 135.555545  
237 17.460000 25.830272 129.858045  
238 17.470000 24.559116 124.414557  
239 17.480000 23.341175 119.212867  
240 17.490000 22.174091 114.241392  
241 17.500000 21.055617 109.489146  
242 17.510000 19.983612 104.945710  
243 17.520000 18.956040 100.601193  
244 17.530000 17.970957 96.446212  
245 17.540000 17.026513 92.471859  
246 17.550000 16.120946 88.669675  
247 17.560000 15.252573 85.031629  
248 17.570000 14.419791 81.550092  
249 17.580000 13.621073 78.217817  
250 17.590000 12.854961 75.027917  
251 17.600000 12.120062 71.973848  
252 17.610000 11.415052 69.049389  
253 17.620000 10.738662 66.248625  
254 17.630000 10.089686 63.565931  
255 17.640000 9.466968 60.995958  
256 17.650000 8.869408 58.533618  
257 17.660000 8.295953 56.174068  
258 17.670000 7.745599 53.912701  
259 17.680000 7.217386 51.745131  
260 17.690000 6.710398 49.667184  
261 17.700000 6.223757 47.674884  
262 17.710000 5.756627 45.764444  
263 17.720000 5.308207 43.932261  
264 17.730000 4.877733 42.174897  
265 17.740000 4.464471 40.489080  
266 17.750000 4.067723 38.871691  
267 17.760000 3.686819 37.319756  
268 17.770000 3.321119 35.830442  
269 17.780000 2.970010 34.401044  
270 17.790000 2.632907 33.028988  
271 17.800000 2.309248 31.711813  
272 17.810000 1.998496 30.447175  
273 17.820000 1.700137 29.232836  
274 17.830000 1.413678 28.066662  
275 17.840000 1.138650 26.946614  
276 17.850000 0.874599 25.870748  
277 17.860000 0.621094 24.837206  
278 17.870000 0.377720 23.844214  
279 17.880000 0.144080 22.890079  
280 17.890000 -0.080206 21.973183  
281 17.900000 -0.295503 21.091981  
282 17.910000 -0.502160 20.244996  
283 17.920000 -0.700512 19.430816  
284 17.930000 -0.890881 18.648093  
285 17.940000 -1.073574 17.895538  
286 17.950000 -1.248888 17.171918  
287 17.960000 -1.417105 16.476054  
288 17.970000 -1.578498 15.806819  
289 17.980000 -1.733327 15.163135  
290 17.990000 -1.881842 14.543970  
291 18.000000 -2.024285 13.948338  
292 18.010000 -2.160884 13.375295  
293 18.020000 -2.291863 12.823936  
294 18.030000 -2.417433 12.293397  
295 18.040000 -2.537798 11.782851  
296 18.050000 -2.653154 11.291503  
297 18.060000 -2.763689 10.818595  
298 18.070000 -2.869585 10.363400  
299 18.080000 -2.971014 9.925221  
300 18.090000 -3.068143 9.503392  
301 18.100000 -3.161134 9.097273  
302 18.110000 -3.250139 8.706253  
303 18.120000 -3.335307 8.329743  
304 18.130000 -3.416781 7.967182  
305 18.140000 -3.494696 7.618030  
306 18.150000 -3.569184 7.281771  
307 18.160000 -3.640372 6.957909  
308 18.170000 -3.708382 6.645968  
309 18.180000 -3.773330 6.345492  
310 18.190000 -3.835329 6.056045  
311 18.200000 -3.894486 5.777206  
312 18.210000 -3.950907 5.508574  
313 18.220000 -4.004690 5.249762  
314 18.230000 -4.055934 5.000400  
315 18.240000 -4.104729 4.760131  
316 18.250000 -4.151165 4.528615  
317 18.260000 -4.195329 4.305524  
318 18.270000 -4.237303 4.090542  
319 18.280000 -4.277166 3.883368  
320 18.290000 -4.314995 3.683712  
321 18.300000 -4.350864 3.491294  
322 18.310000 -4.384844 3.305847  
323 18.320000 -4.417004 3.127114  
324 18.330000 -4.447408 2.954848  
325 18.340000 -4.476121 2.788810  
326 18.350000 -4.503204 2.628774  
327 18.360000 -4.528716 2.474519  
328 18.370000 -4.552713 2.325834  
329 18.380000 -4.575251 2.182518  
330 18.390000 -4.596381 2.044374  
331 18.400000 -4.616155 1.911216  
332 18.410000 -4.634621 1.782864  
333 18.420000 -4.651828 1.659144  
334 18.430000 -4.667819 1.539890  
335 18.440000 -4.682640 1.424940  
336 18.450000 -4.696332 1.314142  
337 18.460000 -4.708936 1.207346  
338 18.470000 -4.720492 1.104409  
339 18.480000 -4.731037 1.005195  
340 18.490000 -4.740607 0.909571  
341 18.500000 -4.749239 0.817410  
342 18.510000 -4.756967 0.728589  
343 18.520000 -4.763822 0.642990  
344 18.530000 -4.769837 0.560499  
345 18.540000 -4.775042 0.481008  
346 18.550000 -4.779467 0.404410  
347 18.560000 -4.783139 0.330605  
348 18.570000 -4.786088 0.259494  
349 18.580000 -4.788338 0.190984  
350 18.590000 -4.789916 0.124984  
351 18.600000 -4.790846 0.061406  
352 18.610000 -4.791152 0.000167  
353 18.620000 -4.790857 -0.058816  
354 18.630000 -4.789983 -0.115619  
355 18.640000 -4.788551 -0.170319  
356 18.650000 -4.786583 -0.222987  
357 18.660000 -4.784098 -0.273695  
358 18.670000 -4.781116 -0.322509  
359 18.680000 -4.777654 -0.369494  
360 18.690000 -4.773732 -0.414714  
361 18.700000 -4.769365 -0.458228  
362 18.710000 -4.764572 -0.500096  
363 18.720000 -4.759369 -0.540373  
364 18.730000 -4.753770 -0.579114  
365 18.740000 -4.747791 -0.616370  
366 18.750000 -4.741447 -0.652194  
367 18.760000 -4.734752 -0.686632  
368 18.770000 -4.727719 -0.719733  
369 18.780000 -4.720362 -0.751541  
370 18.790000 -4.712693 -0.782101  
371 18.800000 -4.704724 -0.811454  
372 18.810000 -4.696467 -0.839642  
373 18.820000 -4.687935 -0.866704  
374 18.830000 -4.679137 -0.892677  
375 18.840000 -4.670085 -0.917599  
376 18.850000 -4.660788 -0.941505  
377 18.860000 -4.651258 -0.964429  
378 18.870000 -4.641503 -0.986404  
379 18.880000 -4.631533 -1.007462  
380 18.890000 -4.621357 -1.027634  
381 18.900000 -4.610983 -1.046950  
382 18.910000 -4.600420 -1.065437  
383 18.920000 -4.589677 -1.083125  
384 18.930000 -4.578761 -1.100039  
385 18.940000 -4.567679 -1.116206  
386 18.950000 -4.556439 -1.131651  
387 18.960000 -4.545048 -1.146398  
388 18.970000 -4.533513 -1.160470  
389 18.980000 -4.521841 -1.173889  
390 18.990000 -4.510037 -1.186678  
391 19.000000 -4.498109 -1.198858  
392 19.010000 -4.486062 -1.210449  
393 19.020000 -4.473902 -1.221471  
394 19.030000 -4.461635 -1.231942  
395 19.040000 -4.449265 -1.241881  
396 19.050000 -4.436799 -1.251307  
397 19.060000 -4.424241 -1.260235  
398 19.070000 -4.411596 -1.268683  
399 19.080000 -4.398868 -1.276667  
400 19.090000 -4.386064 -1.284203  
401 19.100000 -4.373186 -1.291304  
402 19.110000 -4.360239 -1.297987  
403 19.120000 -4.347227 -1.304265  
404 19.130000 -4.334155 -1.310151  
405 19.140000 -4.321026 -1.315659  
406 19.150000 -4.307843 -1.320801  
407 19.160000 -4.294611 -1.325590  
408 19.170000 -4.281332 -1.330038  
409 19.180000 -4.268011 -1.334156  
410 19.190000 -4.254650 -1.337955  
411 19.200000 -4.241253 -1.341446  
412 19.210000 -4.227822 -1.344639  
413 19.220000 -4.214361 -1.347546  
414 19.230000 -4.200872 -1.350174  
415 19.240000 -4.187359 -1.352534  
416 19.250000 -4.173823 -1.354636  
417 19.260000 -4.160267 -1.356487  
418 19.270000 -4.146694 -1.358096  
419 19.280000 -4.133106 -1.359472  
420 19.290000 -4.119505 -1.360623  
421 19.300000 -4.105894 -1.361556  
422 19.310000 -4.092275 -1.362278  
423 19.320000 -4.078649 -1.362798  
424 19.330000 -4.065019 -1.363123  
425 19.340000 -4.051387 -1.363258  
426 19.350000 -4.037755 -1.363211  
427 19.360000 -4.024124 -1.362988  
428 19.370000 -4.010496 -1.362595  
429 19.380000 -3.996872 -1.362039  
430 19.390000 -3.983255 -1.361324  
431 19.400000 -3.969646 -1.360457  
432 19.410000 -3.956047 -1.359443  
433 19.420000 -3.942458 -1.358288  
434 19.430000 -3.928881 -1.356996  
435 19.440000 -3.915318 -1.355572  
436 19.450000 -3.901770 -1.354021  
437 19.460000 -3.888238 -1.352348  
438 19.470000 -3.874724 -1.350557  
439 19.480000 -3.861228 -1.348653  
440 19.490000 -3.847751 -1.346639  
441 19.500000 -3.834295 -1.344521  
442 19.510000 -3.820861 -1.342301  
443 19.520000 -3.807450 -1.339984  
444 19.530000 -3.794062 -1.337573  
445 19.540000 -3.780698 -1.335072  
446 19.550000 -3.767361 -1.332484  
447 19.560000 -3.754049 -1.329813  
448 19.570000 -3.740765 -1.327062  
449 19.580000 -3.727508 -1.324233  
450 19.590000 -3.714280 -1.321332  
451 19.600000 -3.701082 -1.318359  
452 19.610000 -3.687913 -1.315318  
453 19.620000 -3.674775 -1.312212  
454 19.630000 -3.661669 -1.309043  
455 19.640000 -3.648595 -1.305815  
456 19.650000 -3.635553 -1.302529  
457 19.660000 -3.622544 -1.299187  
458 19.670000 -3.609569 -1.295794  
459 19.680000 -3.596629 -1.292350  
460 19.690000 -3.583723 -1.288857  
461 19.700000 -3.570852 -1.285319  
462 19.710000 -3.558016 -1.281737  
463 19.720000 -3.545217 -1.278113  
464 19.730000 -3.532454 -1.274449  
465 19.740000 -3.519728 -1.270746  
466 19.750000 -3.507039 -1.267008  
467 19.760000 -3.494388 -1.263235  
468 19.770000 -3.481775 -1.259430  
469 19.780000 -3.469200 -1.255593  
470 19.790000 -3.456663 -1.251727  
471 19.800000 -3.444165 -1.247833  
472 19.810000 -3.431707 -1.243912  
473 19.820000 -3.419287 -1.239967  
474 19.830000 -3.406907 -1.235998  
475 19.840000 -3.394567 -1.232006  
476 19.850000 -3.382267 -1.227994  
477 19.860000 -3.370007 -1.223963  
478 19.870000 -3.357788 -1.219913  
479 19.880000 -3.345609 -1.215846  
480 19.890000 -3.333471 -1.211762  
481 19.900000 -3.321374 -1.207665  
482 19.910000 -3.309318 -1.203553  
483 19.920000 -3.297303 -1.199429  
484 19.930000 -3.285329 -1.195292  
485 19.940000 -3.273397 -1.191146  
486 19.950000 -3.261507 -1.186989  
487 19.960000 -3.249657 -1.182824  
488 19.970000 -3.237850 -1.178651  
489 19.980000 -3.226084 -1.174471  
490 19.990000 -3.214361 -1.170284  
491 20.000000 -3.202679 -1.166092  
492 20.010000 -3.191039 -1.161896  
493 20.020000 -3.179441 -1.157696  
494 20.030000 -3.167885 -1.153492  
495 20.040000 -3.156371 -1.149286  
496 20.050000 -3.144899 -1.145079  
497 20.060000 -3.133469 -1.140870  
498 20.070000 -3.122082 -1.136661  
499 20.080000 -3.110736 -1.132452  
500 20.090000 -3.099433 -1.128244  
501 20.100000 -3.088171 -1.124037  
502 20.110000 -3.076952 -1.119832  
503 20.120000 -3.065775 -1.115629  
504 20.130000 -3.054639 -1.111430  
505 20.140000 -3.043546 -1.107234  
506 20.150000 -3.032495 -1.103042  
507 20.160000 -3.021485 -1.098854  
508 20.170000 -3.010518 -1.094671  
509 20.180000 -2.999592 -1.090493  
510 20.190000 -2.988708 -1.086321  
511 20.200000 -2.977865 -1.082156  
512 20.210000 -2.967065 -1.077996  
513 20.220000 -2.956305 -1.073844  
514 20.230000 -2.945588 -1.069699  
515 20.240000 -2.934911 -1.065561  
516 20.250000 -2.924276 -1.061432  
517 20.260000 -2.913683 -1.057310  
518 20.270000 -2.903130 -1.053198  
519 20.280000 -2.892619 -1.049094  
520 20.290000 -2.882148 -1.044999  
521 20.300000 -2.871719 -1.040914  
522 20.310000 -2.861330 -1.036838  
523 20.320000 -2.850982 -1.032772  
524 20.330000 -2.840675 -1.028717  
525 20.340000 -2.830408 -1.024672  
526 20.350000 -2.820181 -1.020637  
527 20.360000 -2.809995 -1.016614  
528 20.370000 -2.799849 -1.012601  
529 20.380000 -2.789743 -1.008600  
530 20.390000 -2.779677 -1.004610  
531 20.400000 -2.769651 -1.000632  
532 20.410000 -2.759664 -0.996666  
533 20.420000 -2.749717 -0.992712  
534 20.430000 -2.739810 -0.988770  
535 20.440000 -2.729942 -0.984840  
536 20.450000 -2.720113 -0.980923  
537 20.460000 -2.710323 -0.977018  
538 20.470000 -2.700573 -0.973126  
539 20.480000 -2.690861 -0.969247  
540 20.490000 -2.681188 -0.965381  
541 20.500000 -2.671553 -0.961528  
542 20.510000 -2.661957 -0.957688  
543 20.520000 -2.652399 -0.953862  
544 20.530000 -2.642880 -0.950048  
545 20.540000 -2.633398 -0.946249  
546 20.550000 -2.623955 -0.942463  
547 20.560000 -2.614549 -0.938690  
548 20.570000 -2.605181 -0.934932  
549 20.580000 -2.595850 -0.931187  
550 20.590000 -2.586557 -0.927456  
551 20.600000 -2.577301 -0.923739  
552 20.610000 -2.568082 -0.920036  
553 20.620000 -2.558900 -0.916348  
554 20.630000 -2.549755 -0.912673  
555 20.640000 -2.540647 -0.909012  
556 20.650000 -2.531575 -0.905366  
557 20.660000 -2.522539 -0.901734  
558 20.670000 -2.513540 -0.898116  
559 20.680000 -2.504577 -0.894512  
560 20.690000 -2.495650 -0.890923  
561 20.700000 -2.486759 -0.887348  
562 20.710000 -2.477903 -0.883788  
563 20.720000 -2.469083 -0.880242  
564 20.730000 -2.460298 -0.876710  
565 20.740000 -2.451548 -0.873193  
566 20.750000 -2.442834 -0.869691  
567 20.760000 -2.434155 -0.866203  
568 20.770000 -2.425510 -0.862729  
569 20.780000 -2.416900 -0.859270  
570 20.790000 -2.408325 -0.855825  
571 20.800000 -2.399783 -0.852395  
572 20.810000 -2.391277 -0.848979  
573 20.820000 -2.382804 -0.845578  
574 20.830000 -2.374365 -0.842191  
575 20.840000 -2.365960 -0.838819  
576 20.850000 -2.357589 -0.835461  
577 20.860000 -2.349251 -0.832118  
578 20.870000 -2.340946 -0.828789  
579 20.880000 -2.332675 -0.825474  
580 20.890000 -2.324437 -0.822174  
581 20.900000 -2.316231 -0.818888  
582 20.910000 -2.308059 -0.815617  
583 20.920000 -2.299919 -0.812360  
584 20.930000 -2.291812 -0.809117  
585 20.940000 -2.283737 -0.805889  
586 20.950000 -2.275694 -0.802674  
587 20.960000 -2.267683 -0.799474  
588 20.970000 -2.259704 -0.796289  
589 20.980000 -2.251757 -0.793117  
590 20.990000 -2.243842 -0.789960  
591 21.000000 -2.235958 -0.786816  
592 21.010000 -2.228105 -0.783687  
593 21.020000 -2.220284 -0.780572  
594 21.030000 -2.212494 -0.777471  
595 21.040000 -2.204735 -0.774384  
596 21.050000 -2.197006 -0.771310  
597 21.060000 -2.189308 -0.768251  
598 21.070000 -2.181641 -0.765206  
599 21.080000 -2.174004 -0.762174  
600 21.090000 -2.166398 -0.759156  
601 21.100000 -2.158821 -0.756152  
602 21.110000 -2.151275 -0.753161  
603 21.120000 -2.143758 -0.750184  
604 21.130000 -2.136271 -0.747221  
605 21.140000 -2.128813 -0.744272  
606 21.150000 -2.121385 -0.741335  
607 21.160000 -2.113987 -0.738413  
608 21.170000 -2.106617 -0.735504  
609 21.180000 -2.099277 -0.732608  
610 21.190000 -2.091965 -0.729725  
611 21.200000 -2.084682 -0.726856  
612 21.210000 -2.077428 -0.724000  
613 21.220000 -2.070202 -0.721157  
614 21.230000 -2.063005 -0.718327  
615 21.240000 -2.055835 -0.715511  
616 21.250000 -2.048694 -0.712707  
617 21.260000 -2.041581 -0.709916  
618 21.270000 -2.034496 -0.707139  
619 21.280000 -2.027438 -0.704374  
620 21.290000 -2.020408 -0.701622  
621 21.300000 -2.013406 -0.698883  
622 21.310000 -2.006431 -0.696157  
623 21.320000 -1.999483 -0.693443  
624 21.330000 -1.992562 -0.690742  
625 21.340000 -1.985668 -0.688053  
626 21.350000 -1.978801 -0.685377  
627 21.360000 -1.971960 -0.682714  
628 21.370000 -1.965146 -0.680063  
629 21.380000 -1.958359 -0.677424  
630 21.390000 -1.951598 -0.674798  
631 21.400000 -1.944863 -0.672183  
632 21.410000 -1.938154 -0.669581  
633 21.420000 -1.931471 -0.666992  
634 21.430000 -1.924814 -0.664414  
635 21.440000 -1.918183 -0.661848  
636 21.450000 -1.911577 -0.659295  
637 21.460000 -1.904997 -0.656753  
638 21.470000 -1.898442 -0.654223  
639 21.480000 -1.891912 -0.651705  
640 21.490000 -1.885408 -0.649199  
641 21.500000 -1.878928 -0.646704  
642 21.510000 -1.872474 -0.644222  
643 21.520000 -1.866044 -0.641750  
644 21.530000 -1.859639 -0.639291  
645 21.540000 -1.853258 -0.636843  
646 21.550000 -1.846902 -0.634406  
647 21.560000 -1.840570 -0.631981  
648 21.570000 -1.834262 -0.629567  
649 21.580000 -1.827979 -0.627164  
650 21.590000 -1.821719 -0.624773  
651 21.600000 -1.815483 -0.622393  
652 21.610000 -1.809271 -0.620023  
653 21.620000 -1.803083 -0.617665  
654 21.630000 -1.796918 -0.615318  
655 21.640000 -1.790776 -0.612982  
656 21.650000 -1.784658 -0.610657  
657 21.660000 -1.778563 -0.608343  
658 21.670000 -1.772491 -0.606040  
659 21.680000 -1.766442 -0.603747  
660 21.690000 -1.760416 -0.601465  
661 21.700000 -1.754413 -0.599194  
662 21.710000 -1.748432 -0.596933  
663 21.720000 -1.742474 -0.594683  
664 21.730000 -1.736539 -0.592443  
665 21.740000 -1.730625 -0.590214  
666 21.750000 -1.724734 -0.587995  
667 21.760000 -1.718865 -0.585787  
668 21.770000 -1.713018 -0.583589  
669 21.780000 -1.707194 -0.581401  
670 21.790000 -1.701390 -0.579223  
671 21.800000 -1.695609 -0.577056  
672 21.810000 -1.689849 -0.574898  
673 21.820000 -1.684111 -0.572751  
674 21.830000 -1.678394 -0.570613  
675 21.840000 -1.672699 -0.568486  
676 21.850000 -1.667024 -0.566368  
677 21.860000 -1.661371 -0.564260  
678 21.870000 -1.655739 -0.562162  
679 21.880000 -1.650128 -0.560074  
680 21.890000 -1.644538 -0.557995  
681 21.900000 -1.638968 -0.555926  
682 21.910000 -1.633419 -0.553867  
683 21.920000 -1.627891 -0.551817  
684 21.930000 -1.622383 -0.549776  
685 21.940000 -1.616895 -0.547745  
686 21.950000 -1.611428 -0.545724  
687 21.960000 -1.605981 -0.543711  
688 21.970000 -1.600554 -0.541708  
689 21.980000 -1.595146 -0.539715  
690 21.990000 -1.589759 -0.537730  
691 22.000000 -1.584392 -0.535755  
692 22.010000 -1.579044 -0.533789  
693 22.020000 -1.573716 -0.531831  
694 22.030000 -1.568407 -0.529883  
695 22.040000 -1.563118 -0.527944  
696 22.050000 -1.557849 -0.526014  
697 22.060000 -1.552598 -0.524092  
698 22.070000 -1.547367 -0.522180  
699 22.080000 -1.542154 -0.520276  
700 22.090000 -1.536961 -0.518381  
701 22.100000 -1.531787 -0.516494  
702 22.110000 -1.526631 -0.514616  
703 22.120000 -1.521494 -0.512747  
704 22.130000 -1.516376 -0.510886  
705 22.140000 -1.511277 -0.509034  
706 22.150000 -1.506196 -0.507191  
707 22.160000 -1.501133 -0.505355  
708 22.170000 -1.496088 -0.503528  
709 22.180000 -1.491062 -0.501710  
710 22.190000 -1.486054 -0.499900  
711 22.200000 -1.481064 -0.498097  
712 22.210000 -1.476092 -0.496304  
713 22.220000 -1.471138 -0.494518  
714 22.230000 -1.466202 -0.492740  
715 22.240000 -1.461283 -0.490971  
716 22.250000 -1.456382 -0.489209  
717 22.260000 -1.451499 -0.487456  
718 22.270000 -1.446633 -0.485710  
719 22.280000 -1.441785 -0.483973  
720 22.290000 -1.436954 -0.482243  
721 22.300000 -1.432140 -0.480521  
722 22.310000 -1.427343 -0.478807  
723 22.320000 -1.422564 -0.477100  
724 22.330000 -1.417801 -0.475401  
725 22.340000 -1.413056 -0.473710  
726 22.350000 -1.408327 -0.472027  
727 22.360000 -1.403615 -0.470351  
728 22.370000 -1.398920 -0.468682  
729 22.380000 -1.394242 -0.467021  
730 22.390000 -1.389580 -0.465368  
731 22.400000 -1.384934 -0.463722  
732 22.410000 -1.380305 -0.462083  
733 22.420000 -1.375692 -0.460452  
734 22.430000 -1.371096 -0.458828  
735 22.440000 -1.366516 -0.457211  
736 22.450000 -1.361952 -0.455602  
737 22.460000 -1.357404 -0.453999  
738 22.470000 -1.352872 -0.452404  
739 22.480000 -1.348356 -0.450816  
740 22.490000 -1.343855 -0.449235  
741 22.500000 -1.339371 -0.447661  
742 22.510000 -1.334902 -0.446094  
743 22.520000 -1.330449 -0.444534  
744 22.530000 -1.326012 -0.442981  
745 22.540000 -1.321589 -0.441435  
746 22.550000 -1.317183 -0.439896  
747 22.560000 -1.312791 -0.438363  
748 22.570000 -1.308415 -0.436837  
749 22.580000 -1.304055 -0.435318  
750 22.590000 -1.299709 -0.433806  
751 22.600000 -1.295379 -0.432301  
752 22.610000 -1.291063 -0.430802  
753 22.620000 -1.286763 -0.429309  
754 22.630000 -1.282477 -0.427823  
755 22.640000 -1.278206 -0.426344  
756 22.650000 -1.273950 -0.424871  
757 22.660000 -1.269709 -0.423405  
758 22.670000 -1.265482 -0.421945  
759 22.680000 -1.261270 -0.420492  
760 22.690000 -1.257072 -0.419045  
761 22.700000 -1.252889 -0.417604  
762 22.710000 -1.248720 -0.416170  
763 22.720000 -1.244565 -0.414742  
764 22.730000 -1.240425 -0.413320  
765 22.740000 -1.236299 -0.411904  
766 22.750000 -1.232187 -0.410494  
767 22.760000 -1.228089 -0.409091  
768 22.770000 -1.224005 -0.407694  
769 22.780000 -1.219935 -0.406303  
770 22.790000 -1.215879 -0.404917  
771 22.800000 -1.211837 -0.403538  
772 22.810000 -1.207808 -0.402165  
773 22.820000 -1.203793 -0.400798  
774 22.830000 -1.199792 -0.399436  
775 22.840000 -1.195805 -0.398081  
776 22.850000 -1.191831 -0.396731  
777 22.860000 -1.187870 -0.395388  
778 22.870000 -1.183923 -0.394050  
779 22.880000 -1.179989 -0.392718  
780 22.890000 -1.176068 -0.391391  
781 22.900000 -1.172161 -0.390070  
782 22.910000 -1.168267 -0.388755  
783 22.920000 -1.164386 -0.387446  
784 22.930000 -1.160518 -0.386142  
785 22.940000 -1.156663 -0.384844  
786 22.950000 -1.152821 -0.383551  
787 22.960000 -1.148992 -0.382264  
788 22.970000 -1.145176 -0.380983  
789 22.980000 -1.141372 -0.379707  
790 22.990000 -1.137582 -0.378436  
791 23.000000 -1.133804 -0.377171  
792 23.010000 -1.130038 -0.375911  
793 23.020000 -1.126285 -0.374656  
794 23.030000 -1.122545 -0.373407  
795 23.040000 -1.118817 -0.372163  
796 23.050000 -1.115102 -0.370925  
797 23.060000 -1.111399 -0.369692  
798 23.070000 -1.107708 -0.368464  
799 23.080000 -1.104030 -0.367241  
800 23.090000 -1.100363 -0.366023  
801 23.100000 -1.096709 -0.364810  
802 23.110000 -1.093067 -0.363603  
803 23.120000 -1.089437 -0.362401  
804 23.130000 -1.085819 -0.361203  
805 23.140000 -1.082213 -0.360011  
806 23.150000 -1.078619 -0.358824  
807 23.160000 -1.075036 -0.357642  
808 23.170000 -1.071466 -0.356465  
809 23.180000 -1.067907 -0.355292  
810 23.190000 -1.064360 -0.354125  
811 23.200000 -1.060825 -0.352963  
812 23.210000 -1.057301 -0.351805  
813 23.220000 -1.053788 -0.350652  
814 23.230000 -1.050288 -0.349504  
815 23.240000 -1.046798 -0.348361  
816 23.250000 -1.043320 -0.347223  
817 23.260000 -1.039854 -0.346089  
818 23.270000 -1.036399 -0.344960  
819 23.280000 -1.032955 -0.343836  
820 23.290000 -1.029522 -0.342716  
821 23.300000 -1.026100 -0.341601  
822 23.310000 -1.022690 -0.340491  
823 23.320000 -1.019290 -0.339386  
824 23.330000 -1.015902 -0.338284  
825 23.340000 -1.012525 -0.337188  
826 23.350000 -1.009158 -0.336096  
827 23.360000 -1.005803 -0.335008  
828 23.370000 -1.002458 -0.333926  
829 23.380000 -0.999124 -0.332847  
830 23.390000 -0.995801 -0.331773  
831 23.400000 -0.992489 -0.330703  
832 23.410000 -0.989187 -0.329638  
833 23.420000 -0.985896 -0.328577  
834 23.430000 -0.982616 -0.327521  
835 23.440000 -0.979346 -0.326468  
836 23.450000 -0.976086 -0.325421  
837 23.460000 -0.972837 -0.324377  
838 23.470000 -0.969599 -0.323338  
839 23.480000 -0.966370 -0.322303  
840 23.490000 -0.963153 -0.321272  
841 23.500000 -0.959945 -0.320245  
842 23.510000 -0.956748 -0.319223  
843 23.520000 -0.953561 -0.318204  
844 23.530000 -0.950384 -0.317190  
845 23.540000 -0.947217 -0.316180  
846 23.550000 -0.944060 -0.315174  
847 23.560000 -0.940913 -0.314173  
848 23.570000 -0.937776 -0.313175  
849 23.580000 -0.934650 -0.312181  
850 23.590000 -0.931533 -0.311191  
851 23.600000 -0.928426 -0.310206  
852 23.610000 -0.925329 -0.309224  
853 23.620000 -0.922241 -0.308246  
854 23.630000 -0.919164 -0.307272  
855 23.640000 -0.916096 -0.306303  
856 23.650000 -0.913038 -0.305337  
857 23.660000 -0.909989 -0.304374  
858 23.670000 -0.906950 -0.303416  
859 23.680000 -0.903921 -0.302462  
860 23.690000 -0.900901 -0.301511  
861 23.700000 -0.897891 -0.300565  
862 23.710000 -0.894890 -0.299622  
863 23.720000 -0.891898 -0.298682  
864 23.730000 -0.888916 -0.297747  
865 23.740000 -0.885943 -0.296815  
866 23.750000 -0.882980 -0.295887  
867 23.760000 -0.880025 -0.294963  
868 23.770000 -0.877080 -0.294043  
869 23.780000 -0.874145 -0.293126  
870 23.790000 -0.871218 -0.292212  
871 23.800000 -0.868300 -0.291303  
872 23.810000 -0.865392 -0.290397  
873 23.820000 -0.862492 -0.289494  
874 23.830000 -0.859602 -0.288595  
875 23.840000 -0.856720 -0.287700  
876 23.850000 -0.853848 -0.286808  
877 23.860000 -0.850984 -0.285920  
878 23.870000 -0.848129 -0.285035  
879 23.880000 -0.845284 -0.284154  
880 23.890000 -0.842446 -0.283276  
881 23.900000 -0.839618 -0.282402  
882 23.910000 -0.836798 -0.281531  
883 23.920000 -0.833987 -0.280664  
884 23.930000 -0.831185 -0.279800  
885 23.940000 -0.828391 -0.278939  
886 23.950000 -0.825606 -0.278082  
887 23.960000 -0.822830 -0.277228  
888 23.970000 -0.820062 -0.276377  
889 23.980000 -0.817302 -0.275530  
890 23.990000 -0.814551 -0.274686  
891 24.000000 -0.811808 -0.273846  
892 24.010000 -0.809074 -0.273008  
893 24.020000 -0.806348 -0.272174  
894 24.030000 -0.803631 -0.271343  
895 24.040000 -0.800921 -0.270516  
896 24.050000 -0.798220 -0.269691  
897 24.060000 -0.795528 -0.268870  
898 24.070000 -0.792843 -0.268052  
899 24.080000 -0.790166 -0.267237  
900 24.090000 -0.787498 -0.266426  
901 24.100000 -0.784838 -0.265617  
902 24.110000 -0.782186 -0.264812  
903 24.120000 -0.779542 -0.264009  
904 24.130000 -0.776906 -0.263210  
905 24.140000 -0.774277 -0.262414  
906 24.150000 -0.771657 -0.261621  
907 24.160000 -0.769045 -0.260831  
908 24.170000 -0.766441 -0.260044  
909 24.180000 -0.763844 -0.259260  
910 24.190000 -0.761255 -0.258479  
911 24.200000 -0.758675 -0.257701  
912 24.210000 -0.756101 -0.256926  
913 24.220000 -0.753536 -0.256154  
914 24.230000 -0.750978 -0.255385  
915 24.240000 -0.748428 -0.254619  
916 24.250000 -0.745886 -0.253856  
917 24.260000 -0.743351 -0.253096  
918 24.270000 -0.740824 -0.252339  
919 24.280000 -0.738304 -0.251584  
920 24.290000 -0.735792 -0.250833  
921 24.300000 -0.733288 -0.250084  
922 24.310000 -0.730791 -0.249338  
923 24.320000 -0.728301 -0.248595  
924 24.330000 -0.725819 -0.247855  
925 24.340000 -0.723344 -0.247117  
926 24.350000 -0.720876 -0.246383  
927 24.360000 -0.718416 -0.245651  
928 24.370000 -0.715963 -0.244922  
929 24.380000 -0.713518 -0.244196  
930 24.390000 -0.711079 -0.243472  
931 24.400000 -0.708648 -0.242751  
932 24.410000 -0.706224 -0.242033  
933 24.420000 -0.703808 -0.241318  
934 24.430000 -0.701398 -0.240605  
935 24.440000 -0.698995 -0.239895  
936 24.450000 -0.696600 -0.239187  
937 24.460000 -0.694212 -0.238483  
938 24.470000 -0.691830 -0.237781  
939 24.480000 -0.689456 -0.237081  
940 24.490000 -0.687089 -0.236384  
941 24.500000 -0.684728 -0.235690  
942 24.510000 -0.682375 -0.234998  
943 24.520000 -0.680028 -0.234309  
944 24.530000 -0.677689 -0.233623  
945 24.540000 -0.675356 -0.232939  
946 24.550000 -0.673030 -0.232258  
947 24.560000 -0.670711 -0.231579  
948 24.570000 -0.668398 -0.230902  
949 24.580000 -0.666093 -0.230229  
950 24.590000 -0.663794 -0.229557  
951 24.600000 -0.661502 -0.228888  
952 24.610000 -0.659216 -0.228222  
953 24.620000 -0.656937 -0.227558  
954 24.630000 -0.654665 -0.226897  
955 24.640000 -0.652399 -0.226238  
956 24.650000 -0.650140 -0.225581  
957 24.660000 -0.647888 -0.224927  
958 24.670000 -0.645642 -0.224275  
959 24.680000 -0.643402 -0.223626  
960 24.690000 -0.641169 -0.222979  
961 24.700000 -0.638942 -0.222335  
962 24.710000 -0.636722 -0.221693  
963 24.720000 -0.634509 -0.221053  
964 24.730000 -0.632301 -0.220415  
965 24.740000 -0.630100 -0.219780  
966 24.750000 -0.627906 -0.219147  
967 24.760000 -0.625717 -0.218517  
968 24.770000 -0.623535 -0.217889  
969 24.780000 -0.621360 -0.217263  
970 24.790000 -0.619190 -0.216639  
971 24.800000 -0.617027 -0.216018  
972 24.810000 -0.614870 -0.215399  
973 24.820000 -0.612719 -0.214782  
974 24.830000 -0.610574 -0.214168  
975 24.840000 -0.608435 -0.213555  
976 24.850000 -0.606303 -0.212945  
977 24.860000 -0.604177 -0.212337  
978 24.870000 -0.602056 -0.211732  
979 24.880000 -0.599942 -0.211128  
980 24.890000 -0.597834 -0.210527  
981 24.900000 -0.595731 -0.209928  
982 24.910000 -0.593635 -0.209331  
983 24.920000 -0.591545 -0.208736  
984 24.930000 -0.589460 -0.208143  
985 24.940000 -0.587382 -0.207553  
986 24.950000 -0.585309 -0.206964  
987 24.960000 -0.583243 -0.206378  
988 24.970000 -0.581182 -0.205794  
989 24.980000 -0.579127 -0.205212  
990 24.990000 -0.577077 -0.204632  
991 25.000000 -0.575034 -0.204054  
992 25.010000 -0.572996 -0.203478  
993 25.020000 -0.570964 -0.202905  
994 25.030000 -0.568938 -0.202333  
995 25.040000 -0.566918 -0.201763  
996 25.050000 -0.564903 -0.201196  
997 25.060000 -0.562894 -0.200630  
998 25.070000 -0.560890 -0.200066  
999 25.080000 -0.558893 -0.199505  
1000 25.090000 -0.556900 -0.198945  
1001 25.100000 -0.554914 -0.198388  
1002 25.110000 -0.552933 -0.197832  
1003 25.120000 -0.550957 -0.197279  
1004 25.130000 -0.548987 -0.196727  
1005 25.140000 -0.547022 -0.196177  
1006 25.150000 -0.545063 -0.195629  
1007 25.160000 -0.543110 -0.195084  
1008 25.170000 -0.541162 -0.194540  
1009 25.180000 -0.539219 -0.193998  
1010 25.190000 -0.537282 -0.193458  
1011 25.200000 -0.535350 -0.192920  
1012 25.210000 -0.533423 -0.192383  
1013 25.220000 -0.531502 -0.191849  
1014 25.230000 -0.529586 -0.191317  
1015 25.240000 -0.527676 -0.190786  
1016 25.250000 -0.525771 -0.190257  
1017 25.260000 -0.523871 -0.189731  
1018 25.270000 -0.521976 -0.189206  
1019 25.280000 -0.520087 -0.188682  
1020 25.290000 -0.518202 -0.188161  
1021 25.300000 -0.516323 -0.187642  
1022 25.310000 -0.514450 -0.187124  
1023 25.320000 -0.512581 -0.186608  
1024 25.330000 -0.510717 -0.186094  
1025 25.340000 -0.508859 -0.185582  
1026 25.350000 -0.507006 -0.185071  
1027 25.360000 -0.505158 -0.184563  
1028 25.370000 -0.503314 -0.184056  
1029 25.380000 -0.501476 -0.183550  
1030 25.390000 -0.499643 -0.183047  
1031 25.400000 -0.497815 -0.182545  
1032 25.410000 -0.495993 -0.182046  
1033 25.420000 -0.494175 -0.181547  
1034 25.430000 -0.492362 -0.181051  
1035 25.440000 -0.490554 -0.180556  
1036 25.450000 -0.488750 -0.180063  
1037 25.460000 -0.486952 -0.179572  
1038 25.470000 -0.485159 -0.179082  
1039 25.480000 -0.483371 -0.178594  
1040 25.490000 -0.481587 -0.178108  
1041 25.500000 -0.479808 -0.177624  
1042 25.510000 -0.478035 -0.177141  
1043 25.520000 -0.476266 -0.176659  
1044 25.530000 -0.474501 -0.176180  
1045 25.540000 -0.472742 -0.175702  
1046 25.550000 -0.470987 -0.175226  
1047 25.560000 -0.469238 -0.174751  
1048 25.570000 -0.467492 -0.174278  
1049 25.580000 -0.465752 -0.173807  
1050 25.590000 -0.464016 -0.173337  
1051 25.600000 -0.462285 -0.172869  
1052 25.610000 -0.460559 -0.172402  
1053 25.620000 -0.458837 -0.171937  
1054 25.630000 -0.457120 -0.171474  
1055 25.640000 -0.455408 -0.171012  
1056 25.650000 -0.453700 -0.170552  
1057 25.660000 -0.451997 -0.170093  
1058 25.670000 -0.450298 -0.169636  
1059 25.680000 -0.448604 -0.169180  
1060 25.690000 -0.446914 -0.168726  
1061 25.700000 -0.445229 -0.168274  
1062 25.710000 -0.443549 -0.167823  
1063 25.720000 -0.441873 -0.167374  
1064 25.730000 -0.440201 -0.166926  
1065 25.740000 -0.438534 -0.166479  
1066 25.750000 -0.436872 -0.166035  
1067 25.760000 -0.435214 -0.165591  
1068 25.770000 -0.433560 -0.165149  
1069 25.780000 -0.431911 -0.164709  
1070 25.790000 -0.430266 -0.164270  
1071 25.800000 -0.428625 -0.163833  
1072 25.810000 -0.426989 -0.163397  
1073 25.820000 -0.425357 -0.162963  
1074 25.830000 -0.423730 -0.162530  
1075 25.840000 -0.422107 -0.162098  
1076 25.850000 -0.420488 -0.161668  
1077 25.860000 -0.418873 -0.161239  
1078 25.870000 -0.417263 -0.160812  
1079 25.880000 -0.415657 -0.160386  
1080 25.890000 -0.414055 -0.159962  
1081 25.900000 -0.412458 -0.159539  
1082 25.910000 -0.410865 -0.159118  
1083 25.920000 -0.409276 -0.158698  
1084 25.930000 -0.407691 -0.158279  
1085 25.940000 -0.406110 -0.157862  
1086 25.950000 -0.404533 -0.157446  
1087 25.960000 -0.402961 -0.157031  
1088 25.970000 -0.401393 -0.156618  
1089 25.980000 -0.399829 -0.156206  
1090 25.990000 -0.398269 -0.155796  
1091 26.000000 -0.396713 -0.155387  
1092 26.010000 -0.395161 -0.154979  
1093 26.020000 -0.393613 -0.154573  
1094 26.030000 -0.392069 -0.154168  
1095 26.040000 -0.390530 -0.153764  
1096 26.050000 -0.388994 -0.153362  
1097 26.060000 -0.387463 -0.152961  
1098 26.070000 -0.385935 -0.152561  
1099 26.080000 -0.384411 -0.152163  
1100 26.090000 -0.382892 -0.151766  
1101 26.100000 -0.381376 -0.151370  
1102 26.110000 -0.379864 -0.150976  
1103 26.120000 -0.378356 -0.150583  
1104 26.130000 -0.376853 -0.150191  
1105 26.140000 -0.375353 -0.149800  
1106 26.150000 -0.373857 -0.149411  
1107 26.160000 -0.372364 -0.149023  
1108 26.170000 -0.370876 -0.148637  
1109 26.180000 -0.369392 -0.148251  
1110 26.190000 -0.367911 -0.147867  
1111 26.200000 -0.366434 -0.147484  
1112 26.210000 -0.364961 -0.147102  
1113 26.220000 -0.363492 -0.146722  
1114 26.230000 -0.362027 -0.146343  
1115 26.240000 -0.360565 -0.145965  
1116 26.250000 -0.359108 -0.145588  
1117 26.260000 -0.357654 -0.145213  
1118 26.270000 -0.356203 -0.144839  
1119 26.280000 -0.354757 -0.144466  
1120 26.290000 -0.353314 -0.144094  
1121 26.300000 -0.351875 -0.143723  
1122 26.310000 -0.350440 -0.143354  
1123 26.320000 -0.349008 -0.142986  
1124 26.330000 -0.347580 -0.142619  
1125 26.340000 -0.346156 -0.142253  
1126 26.350000 -0.344735 -0.141888  
1127 26.360000 -0.343318 -0.141525  
1128 26.370000 -0.341904 -0.141162  
1129 26.380000 -0.340495 -0.140801  
1130 26.390000 -0.339088 -0.140441  
1131 26.400000 -0.337686 -0.140083  
1132 26.410000 -0.336287 -0.139725  
1133 26.420000 -0.334891 -0.139368  
1134 26.430000 -0.333499 -0.139013  
1135 26.440000 -0.332111 -0.138659  
1136 26.450000 -0.330726 -0.138306  
1137 26.460000 -0.329345 -0.137954  
1138 26.470000 -0.327967 -0.137603  
1139 26.480000 -0.326593 -0.137254  
1140 26.490000 -0.325222 -0.136905  
1141 26.500000 -0.323855 -0.136558  
1142 26.510000 -0.322491 -0.136211  
1143 26.520000 -0.321130 -0.135866  
1144 26.530000 -0.319773 -0.135522  
1145 26.540000 -0.318420 -0.135179  
1146 26.550000 -0.317070 -0.134837  
1147 26.560000 -0.315723 -0.134496  
1148 26.570000 -0.314380 -0.134157  
1149 26.580000 -0.313040 -0.133818  
1150 26.590000 -0.311704 -0.133480  
1151 26.600000 -0.310370 -0.133144  
1152 26.610000 -0.309041 -0.132808  
1153 26.620000 -0.307714 -0.132474  
1154 26.630000 -0.306391 -0.132141  
1155 26.640000 -0.305071 -0.131809  
1156 26.650000 -0.303755 -0.131477  
1157 26.660000 -0.302442 -0.131147  
1158 26.670000 -0.301132 -0.130818  
1159 26.680000 -0.299826 -0.130490  
1160 26.690000 -0.298522 -0.130163  
1161 26.700000 -0.297222 -0.129837  
1162 26.710000 -0.295926 -0.129512  
1163 26.720000 -0.294632 -0.129188  
1164 26.730000 -0.293342 -0.128865  
1165 26.740000 -0.292055 -0.128543  
1166 26.750000 -0.290771 -0.128223  
1167 26.760000 -0.289490 -0.127903  
1168 26.770000 -0.288213 -0.127584  
1169 26.780000 -0.286939 -0.127266  
1170 26.790000 -0.285668 -0.126949  
1171 26.800000 -0.284400 -0.126633  
1172 26.810000 -0.283135 -0.126318  
1173 26.820000 -0.281873 -0.126004  
1174 26.830000 -0.280615 -0.125692  
1175 26.840000 -0.279359 -0.125380  
1176 26.850000 -0.278107 -0.125069  
1177 26.860000 -0.276858 -0.124759  
1178 26.870000 -0.275612 -0.124450  
1179 26.880000 -0.274369 -0.124142  
1180 26.890000 -0.273129 -0.123835  
1181 26.900000 -0.271892 -0.123528  
1182 26.910000 -0.270659 -0.123223  
1183 26.920000 -0.269428 -0.122919  
1184 26.930000 -0.268200 -0.122616  
1185 26.940000 -0.266976 -0.122313  
1186 26.950000 -0.265754 -0.122012  
1187 26.960000 -0.264535 -0.121711  
1188 26.970000 -0.263320 -0.121412  
1189 26.980000 -0.262107 -0.121113  
1190 26.990000 -0.260897 -0.120816  
1191 27.000000 -0.259691 -0.120519  
1192 27.010000 -0.258487 -0.120223  
1193 27.020000 -0.257286 -0.119928  
1194 27.030000 -0.256088 -0.119634  
1195 27.040000 -0.254894 -0.119341  
1196 27.050000 -0.253702 -0.119049  
1197 27.060000 -0.252513 -0.118757  
1198 27.070000 -0.251327 -0.118467  
1199 27.080000 -0.250143 -0.118177  
1200 27.090000 -0.248963 -0.117889  
1201 27.100000 -0.247786 -0.117601  
1202 27.110000 -0.246611 -0.117314  
1203 27.120000 -0.245439 -0.117028  
1204 27.130000 -0.244270 -0.116743  
1205 27.140000 -0.243104 -0.116459  
1206 27.150000 -0.241941 -0.116175  
1207 27.160000 -0.240781 -0.115893  
1208 27.170000 -0.239623 -0.115611  
1209 27.180000 -0.238469 -0.115331  
1210 27.190000 -0.237317 -0.115051  
1211 27.200000 -0.236168 -0.114772  
1212 27.210000 -0.235021 -0.114493  
1213 27.220000 -0.233878 -0.114216  
1214 27.230000 -0.232737 -0.113940  
1215 27.240000 -0.231599 -0.113664  
1216 27.250000 -0.230464 -0.113389  
1217 27.260000 -0.229331 -0.113115  
1218 27.270000 -0.228201 -0.112842  
1219 27.280000 -0.227074 -0.112570  
1220 27.290000 -0.225950 -0.112298  
1221 27.300000 -0.224828 -0.112027  
1222 27.310000 -0.223709 -0.111757  
1223 27.320000 -0.222593 -0.111488  
1224 27.330000 -0.221480 -0.111220  
1225 27.340000 -0.220369 -0.110953  
1226 27.350000 -0.219261 -0.110686  
1227 27.360000 -0.218155 -0.110420  
1228 27.370000 -0.217052 -0.110155  
1229 27.380000 -0.215952 -0.109891  
1230 27.390000 -0.214854 -0.109628  
1231 27.400000 -0.213759 -0.109365  
1232 27.410000 -0.212667 -0.109103  
1233 27.420000 -0.211577 -0.108842  
1234 27.430000 -0.210490 -0.108582  
1235 27.440000 -0.209406 -0.108322  
1236 27.450000 -0.208324 -0.108064  
1237 27.460000 -0.207244 -0.107806  
1238 27.470000 -0.206168 -0.107549  
1239 27.480000 -0.205093 -0.107292  
1240 27.490000 -0.204022 -0.107037  
1241 27.500000 -0.202953 -0.106782  
1242 27.510000 -0.201886 -0.106528  
1243 27.520000 -0.200822 -0.106274  
1244 27.530000 -0.199761 -0.106022  
1245 27.540000 -0.198702 -0.105770  
1246 27.550000 -0.197645 -0.105519  
1247 27.560000 -0.196591 -0.105269  
1248 27.570000 -0.195540 -0.105019  
1249 27.580000 -0.194491 -0.104770  
1250 27.590000 -0.193444 -0.104522  
1251 27.600000 -0.192401 -0.104275  
1252 27.610000 -0.191359 -0.104028  
1253 27.620000 -0.190320 -0.103782  
1254 27.630000 -0.189283 -0.103537  
1255 27.640000 -0.188249 -0.103293  
1256 27.650000 -0.187217 -0.103049  
1257 27.660000 -0.186188 -0.102806  
1258 27.670000 -0.185161 -0.102564  
1259 27.680000 -0.184137 -0.102322  
1260 27.690000 -0.183115 -0.102081  
1261 27.700000 -0.182095 -0.101841  
1262 27.710000 -0.181078 -0.101602  
1263 27.720000 -0.180063 -0.101363  
1264 27.730000 -0.179051 -0.101125  
1265 27.740000 -0.178041 -0.100888  
1266 27.750000 -0.177033 -0.100651  
1267 27.760000 -0.176028 -0.100415  
1268 27.770000 -0.175025 -0.100180  
1269 27.780000 -0.174024 -0.099946  
1270 27.790000 -0.173026 -0.099712  
1271 27.800000 -0.172030 -0.099479  
1272 27.810000 -0.171036 -0.099246  
1273 27.820000 -0.170045 -0.099015  
1274 27.830000 -0.169056 -0.098783  
1275 27.840000 -0.168069 -0.098553  
1276 27.850000 -0.167085 -0.098323  
1277 27.860000 -0.166103 -0.098094  
1278 27.870000 -0.165123 -0.097866  
1279 27.880000 -0.164145 -0.097638  
1280 27.890000 -0.163170 -0.097411  
1281 27.900000 -0.162197 -0.097185  
1282 27.910000 -0.161227 -0.096959  
1283 27.920000 -0.160258 -0.096734  
1284 27.930000 -0.159292 -0.096509  
1285 27.940000 -0.158328 -0.096285  
1286 27.950000 -0.157366 -0.096062  
1287 27.960000 -0.156407 -0.095840  
1288 27.970000 -0.155449 -0.095618  
1289 27.980000 -0.154494 -0.095397  
1290 27.990000 -0.153541 -0.095176  
1291 28.000000 -0.152591 -0.094956  
1292 28.010000 -0.151642 -0.094737  
1293 28.020000 -0.150696 -0.094518  
1294 28.030000 -0.149752 -0.094300  
1295 28.040000 -0.148810 -0.094083  
1296 28.050000 -0.147870 -0.093866  
1297 28.060000 -0.146933 -0.093650  
1298 28.070000 -0.145997 -0.093435  
1299 28.080000 -0.145064 -0.093220  
1300 28.090000 -0.144133 -0.093005  
1301 28.100000 -0.143204 -0.092792  
1302 28.110000 -0.142277 -0.092579  
1303 28.120000 -0.141352 -0.092366  
1304 28.130000 -0.140430 -0.092155  
1305 28.140000 -0.139509 -0.091943  
1306 28.150000 -0.138591 -0.091733  
1307 28.160000 -0.137675 -0.091523  
1308 28.170000 -0.136760 -0.091313  
1309 28.180000 -0.135848 -0.091105  
1310 28.190000 -0.134938 -0.090896  
1311 28.200000 -0.134030 -0.090689  
1312 28.210000 -0.133124 -0.090482  
1313 28.220000 -0.132221 -0.090275  
1314 28.230000 -0.131319 -0.090070  
1315 28.240000 -0.130419 -0.089864  
1316 28.250000 -0.129522 -0.089660  
1317 28.260000 -0.128626 -0.089456  
1318 28.270000 -0.127733 -0.089252  
1319 28.280000 -0.126841 -0.089049  
1320 28.290000 -0.125952 -0.088847  
1321 28.300000 -0.125064 -0.088645  
1322 28.310000 -0.124179 -0.088444  
1323 28.320000 -0.123295 -0.088243  
1324 28.330000 -0.122414 -0.088043  
1325 28.340000 -0.121534 -0.087844  
1326 28.350000 -0.120657 -0.087645  
1327 28.360000 -0.119781 -0.087447  
1328 28.370000 -0.118908 -0.087249  
1329 28.380000 -0.118036 -0.087052  
1330 28.390000 -0.117167 -0.086855  
1331 28.400000 -0.116299 -0.086659  
1332 28.410000 -0.115434 -0.086464  
1333 28.420000 -0.114570 -0.086269  
1334 28.430000 -0.113708 -0.086074  
1335 28.440000 -0.112849 -0.085880  
1336 28.450000 -0.111991 -0.085687  
1337 28.460000 -0.111135 -0.085494  
1338 28.470000 -0.110281 -0.085302  
1339 28.480000 -0.109429 -0.085110  
1340 28.490000 -0.108579 -0.084919  
1341 28.500000 -0.107730 -0.084728  
1342 28.510000 -0.106884 -0.084538  
1343 28.520000 -0.106040 -0.084349  
1344 28.530000 -0.105197 -0.084160  
1345 28.540000 -0.104357 -0.083971  
1346 28.550000 -0.103518 -0.083783  
1347 28.560000 -0.102681 -0.083596  
1348 28.570000 -0.101846 -0.083409  
1349 28.580000 -0.101013 -0.083222  
1350 28.590000 -0.100181 -0.083036  
1351 28.600000 -0.099352 -0.082851  
1352 28.610000 -0.098524 -0.082666  
1353 28.620000 -0.097699 -0.082482  
1354 28.630000 -0.096875 -0.082298  
1355 28.640000 -0.096053 -0.082115  
1356 28.650000 -0.095232 -0.081932  
1357 28.660000 -0.094414 -0.081750  
1358 28.670000 -0.093597 -0.081568  
1359 28.680000 -0.092783 -0.081387  
1360 28.690000 -0.091970 -0.081206  
1361 28.700000 -0.091159 -0.081026  
1362 28.710000 -0.090349 -0.080846  
1363 28.720000 -0.089542 -0.080667  
1364 28.730000 -0.088736 -0.080488  
1365 28.740000 -0.087932 -0.080309  
1366 28.750000 -0.087130 -0.080132  
1367 28.760000 -0.086329 -0.079954  
1368 28.770000 -0.085531 -0.079778  
1369 28.780000 -0.084734 -0.079601  
1370 28.790000 -0.083939 -0.079425  
1371 28.800000 -0.083145 -0.079250  
1372 28.810000 -0.082354 -0.079075  
1373 28.820000 -0.081564 -0.078901  
1374 28.830000 -0.080776 -0.078727  
1375 28.840000 -0.079989 -0.078554  
1376 28.850000 -0.079204 -0.078381  
1377 28.860000 -0.078422 -0.078208  
1378 28.870000 -0.077640 -0.078036  
1379 28.880000 -0.076861 -0.077865  
1380 28.890000 -0.076083 -0.077694  
1381 28.900000 -0.075307 -0.077523  
1382 28.910000 -0.074533 -0.077353  
1383 28.920000 -0.073760 -0.077183  
1384 28.930000 -0.072989 -0.077014  
1385 28.940000 -0.072220 -0.076845  
1386 28.950000 -0.071452 -0.076677  
1387 28.960000 -0.070686 -0.076509  
1388 28.970000 -0.069922 -0.076342  
1389 28.980000 -0.069159 -0.076175  
1390 28.990000 -0.068398 -0.076009  
1391 29.000000 -0.067639 -0.075843  
1392 29.010000 -0.066881 -0.075677  
1393 29.020000 -0.066125 -0.075512  
1394 29.030000 -0.065371 -0.075348  
1395 29.040000 -0.064618 -0.075184  
1396 29.050000 -0.063867 -0.075020  
1397 29.060000 -0.063118 -0.074857  
1398 29.070000 -0.062370 -0.074694  
1399 29.080000 -0.061624 -0.074531  
1400 29.090000 -0.060880 -0.074369  
1401 29.100000 -0.060137 -0.074208  
1402 29.110000 -0.059396 -0.074047  
1403 29.120000 -0.058656 -0.073886  
1404 29.130000 -0.057918 -0.073726  
1405 29.140000 -0.057181 -0.073566  
1406 29.150000 -0.056446 -0.073407  
1407 29.160000 -0.055713 -0.073248  
1408 29.170000 -0.054982 -0.073090  
1409 29.180000 -0.054251 -0.072932  
1410 29.190000 -0.053523 -0.072774  
1411 29.200000 -0.052796 -0.072617  
1412 29.210000 -0.052071 -0.072460  
1413 29.220000 -0.051347 -0.072304  
1414 29.230000 -0.050624 -0.072148  
1415 29.240000 -0.049904 -0.071992  
1416 29.250000 -0.049185 -0.071837  
1417 29.260000 -0.048467 -0.071682  
1418 29.270000 -0.047751 -0.071528  
1419 29.280000 -0.047036 -0.071374  
1420 29.290000 -0.046324 -0.071221  
1421 29.300000 -0.045612 -0.071068  
1422 29.310000 -0.044902 -0.070915  
1423 29.320000 -0.044194 -0.070763  
1424 29.330000 -0.043487 -0.070611  
1425 29.340000 -0.042782 -0.070460  
1426 29.350000 -0.042078 -0.070309  
1427 29.360000 -0.041375 -0.070158  
1428 29.370000 -0.040675 -0.070008  
1429 29.380000 -0.039975 -0.069859  
1430 29.390000 -0.039277 -0.069709  
1431 29.400000 -0.038581 -0.069560  
1432 29.410000 -0.037886 -0.069412  
1433 29.420000 -0.037193 -0.069263  
1434 29.430000 -0.036501 -0.069116  
1435 29.440000 -0.035810 -0.068968  
1436 29.450000 -0.035121 -0.068821  
1437 29.460000 -0.034434 -0.068675  
1438 29.470000 -0.033748 -0.068528  
1439 29.480000 -0.033063 -0.068383  
1440 29.490000 -0.032380 -0.068237  
1441 29.500000 -0.031699 -0.068092  
1442 29.510000 -0.031019 -0.067947  
1443 29.520000 -0.030340 -0.067803  
1444 29.530000 -0.029662 -0.067659  
1445 29.540000 -0.028987 -0.067516  
1446 29.550000 -0.028312 -0.067373  
1447 29.560000 -0.027639 -0.067230  
1448 29.570000 -0.026968 -0.067087  
1449 29.580000 -0.026297 -0.066945  
1450 29.590000 -0.025629 -0.066804  
1451 29.600000 -0.024961 -0.066663  
1452 29.610000 -0.024295 -0.066522  
1453 29.620000 -0.023631 -0.066381  
1454 29.630000 -0.022968 -0.066241  
1455 29.640000 -0.022306 -0.066101  
1456 29.650000 -0.021646 -0.065962  
1457 29.660000 -0.020987 -0.065823  
1458 29.670000 -0.020329 -0.065684  
1459 29.680000 -0.019673 -0.065546  
1460 29.690000 -0.019018 -0.065408  
1461 29.700000 -0.018365 -0.065270  
1462 29.710000 -0.017713 -0.065133  
1463 29.720000 -0.017062 -0.064996  
1464 29.730000 -0.016413 -0.064860  
1465 29.740000 -0.015765 -0.064723  
1466 29.750000 -0.015119 -0.064588  
1467 29.760000 -0.014473 -0.064452  
1468 29.770000 -0.013829 -0.064317  
1469 29.780000 -0.013187 -0.064182  
1470 29.790000 -0.012546 -0.064048  
1471 29.800000 -0.011906 -0.063914  
1472 29.810000 -0.011268 -0.063780  
1473 29.820000 -0.010630 -0.063647  
1474 29.830000 -0.009995 -0.063514  
1475 29.840000 -0.009360 -0.063381  
1476 29.850000 -0.008727 -0.063249  
1477 29.860000 -0.008095 -0.063117  
1478 29.870000 -0.007465 -0.062985  
1479 29.880000 -0.006835 -0.062854  
1480 29.890000 -0.006208 -0.062723  
1481 29.900000 -0.005581 -0.062593  
1482 29.910000 -0.004956 -0.062462  
1483 29.920000 -0.004332 -0.062333  
1484 29.930000 -0.003709 -0.062203  
1485 29.940000 -0.003088 -0.062074  
1486 29.950000 -0.002468 -0.061945  
1487 29.960000 -0.001849 -0.061816  
1488 29.970000 -0.001231 -0.061688  
1489 29.980000 -0.000615 -0.061560  
1490 29.990000 -0.000000 -0.061433  
