1 15.100000 119509263119590.562500 10764744942670664.000000  
2 15.110000 50645826424451.492188 4147523679036123.000000  
3 15.120000 23127200285236.449219 1736262517738743.000000  
4 15.130000 11244515289993.898438 779303442430346.125000  
5 15.140000 5767072483325.508789 371169405293759.000000  
6 15.150000 3097158324825.083984 186059774349365.187500  
7 15.160000 1731338903823.565918 97516464850729.171875  
8 15.170000 1002533789011.260986 53149771155950.539062  
9 15.180000 598913814250.670288 29990143304845.562500  
10 15.190000 367885116792.074097 17453426591305.447266  
11 15.200000 231687499060.493713 10443114015376.412109  
12 15.210000 149237178835.566010 6406936702614.408203  
13 15.220000 98112617236.994904 4020963385630.985840  
14 15.230000 65713856326.143982 2576275205358.221680  
15 15.240000 44769781663.502609 1682178295802.638428  
16 15.250000 30981677672.363167 1117630705436.875732  
17 15.260000 21751234910.154598 754534395799.245605  
18 15.270000 15475667757.938183 516998318945.136475  
19 15.280000 11147574927.920761 359137578740.197632  
20 15.290000 8122697711.127164 252682820741.886871  
21 15.300000 5982335316.920720 179911042398.979950  
22 15.310000 4450274035.331138 129529366175.054398  
23 15.320000 3341737483.752826 94232420564.759521  
24 15.330000 2531494530.742420 69227049586.606094  
25 15.340000 1933626980.271084 51326456427.140831  
26 15.350000 1488508195.908242 38385338832.030167  
27 15.360000 1154308733.157814 28942518758.912704  
28 15.370000 901384343.271175 21991747399.475368  
29 15.380000 708523688.745152 16832816916.254387  
30 15.390000 560411034.097651 12973663252.703791  
31 15.400000 445892115.860316 10065256385.556433  
32 15.410000 356776923.878859 7857825676.832111  
33 15.420000 287005211.166691 6171125705.785506  
34 15.430000 232059525.834530 4874041458.798943  
35 15.440000 188548765.203732 3870469283.649094  
36 15.450000 153910274.148793 3089455932.842474  
37 15.460000 126195067.147675 2478253428.043640  
38 15.470000 103911818.194733 1997388198.869359  
39 15.480000 85912726.491519 1617133404.946524  
40 15.490000 71309445.826835 1314966598.218345  
41 15.500000 59410752.797387 1073724626.008695  
42 15.510000 49676042.538789 880255540.962376  
43 15.520000 41680424.154645 724427284.312929  
44 15.530000 35088371.184113 598394207.868469  
45 15.540000 29633719.951414 496051144.064696  
46 15.550000 25104405.578099 412624746.004769  
47 15.560000 21330753.741000 344365900.078678  
48 15.570000 18176455.529854 288316987.921807  
49 15.580000 15531577.452559 242134885.813198  
50 15.590000 13307122.849002 203955691.644119  
51 15.600000 11430781.670722 172290852.166825  
52 15.610000 9843594.783209 145947036.762465  
53 15.620000 8497325.219567 123964055.845071  
54 15.630000 7352378.303986 105566554.770772  
55 15.640000 6376149.703646 90126271.329431  
56 15.650000 5541708.473337 77132428.947456  
57 15.660000 4826743.372354 66168422.051901  
58 15.670000 4212716.876637 56893387.581321  
59 15.680000 3684183.646238 49027585.755632  
60 15.690000 3228239.676158 42340761.896910  
61 15.700000 2834075.654140 36642849.798449  
62 15.710000 2492613.692772 31776520.932891  
63 15.720000 2196210.985955 27611193.804899  
64 15.730000 1938417.355799 24038202.255758  
65 15.740000 1713776.328179 20966886.680886  
66 15.750000 1517661.472760 18321422.542935  
67 15.760000 1346141.395525 16038239.724746  
68 15.770000 1195868.077457 14063916.789019  
69 15.780000 1063984.288176 12353458.081982  
70 15.790000 948046.626553 10868880.348387  
71 15.800000 845961.397004 9578050.269077  
72 15.810000 755931.055570 8453725.975020  
73 15.820000 676409.381469 7472764.813623  
74 15.830000 606063.869012 6615466.969249  
75 15.840000 543744.108484 5865030.377014  
76 15.850000 488455.146007 5207097.032745  
77 15.860000 439334.992011 4629374.538766  
78 15.870000 395635.593975 4121319.727109  
79 15.880000 356706.708179 3673873.619835  
80 15.890000 321982.202498 3279238.938838  
81 15.900000 290968.401946 2930692.958376  
82 15.910000 263234.154135 2622429.776548  
83 15.920000 238402.345637 2349427.125642  
84 15.930000 216142.644647 2107333.692311  
85 15.940000 196165.282043 1892373.614087  
86 15.950000 178215.713320 1701265.388431  
87 15.960000 162070.029111 1531152.898195  
88 15.970000 147531.002975 1379546.642103  
89 15.980000 134424.682619 1244273.576000  
90 15.990000 122597.445295 1123434.232605  
91 16.000000 111913.450343 1015366.004369  
92 16.010000 102252.432046 918611.653857  
93 16.020000 93507.784578 831892.265525  
94 16.030000 85584.898033 754083.977153  
95 16.040000 78399.710602 684197.932969  
96 16.050000 71877.447105 621362.987181  
97 16.060000 65951.518425 564810.759192  
98 16.070000 60562.560066 513862.702627  
99 16.080000 55657.591161 467918.901415  
100 16.090000 51189.277912 426448.349121  
101 16.100000 47115.287711 388980.504001  
102 16.110000 43397.722066 355097.942806  
103 16.120000 40002.618148 324429.962211  
104 16.130000 36899.510120 296646.998647  
105 16.140000 34061.042655 271455.755865  
106 16.150000 31462.630031 248594.945319  
107 16.160000 29082.155112 227831.557879  
108 16.170000 26899.703242 208957.596785  
109 16.180000 24897.326767 191787.211489  
110 16.190000 23058.836430 176154.180374  
111 16.200000 21369.616382 161909.697427  
112 16.210000 19816.459975 148920.424041  
113 16.220000 18387.423852 137066.772364  
114 16.230000 17071.698168 126241.391073  
115 16.240000 15859.491047 116347.828322  
116 16.250000 14741.925616 107299.349935  
117 16.260000 13710.948167 99017.893770  
118 16.270000 12759.246155 91433.143652  
119 16.280000 11880.174932 84481.708409  
120 16.290000 11067.692202 78106.393384  
121 16.300000 10316.299366 72255.553407  
122 16.310000 9620.988949 66882.517577  
123 16.320000 8977.197473 61945.077423  
124 16.330000 8380.763154 57405.031057  
125 16.340000 7827.887904 53227.776831  
126 16.350000 7315.103180 49381.950804  
127 16.360000 6839.239252 45839.103028  
128 16.370000 6397.397538 42573.408244  
129 16.380000 5986.925678 39561.407119  
130 16.390000 5605.395048 36781.774615  
131 16.400000 5250.580478 34215.112464  
132 16.410000 4920.441930 31843.763114  
133 16.420000 4613.107943 29651.642771  
134 16.430000 4326.860655 27624.091481  
135 16.440000 4060.122249 25747.738392  
136 16.450000 3811.442687 24010.380589  
137 16.460000 3579.488573 22400.874032  
138 16.470000 3363.033077 20909.035337  
139 16.480000 3160.946766 19525.553238  
140 16.490000 2972.189300 18241.908742  
141 16.500000 2795.801868 17050.303049  
142 16.510000 2630.900321 15943.592459  
143 16.520000 2476.668920 14915.229528  
144 16.530000 2332.354641 13959.209860  
145 16.540000 2197.261994 13070.023937  
146 16.550000 2070.748290 12242.613511  
147 16.560000 1952.219335 11472.332070  
148 16.570000 1841.125492 10754.909000  
149 16.580000 1736.958086 10086.417064  
150 16.590000 1639.246124 9463.242870  
151 16.600000 1547.553287 8882.060052  
152 16.610000 1461.475190 8339.804878  
153 16.620000 1380.636866 7833.654077  
154 16.630000 1304.690460 7361.004645  
155 16.640000 1233.313126 6919.455471  
156 16.650000 1166.205089 6506.790579  
157 16.660000 1103.087871 6120.963861  
158 16.670000 1043.702667 5760.085151  
159 16.680000 987.808846 5422.407503  
160 16.690000 935.182578 5106.315588  
161 16.700000 885.615575 4810.315082  
162 16.710000 838.913927 4533.022967  
163 16.720000 794.897033 4273.158665  
164 16.730000 753.396624 4029.535914  
165 16.740000 714.255850 3801.055341  
166 16.750000 677.328450 3586.697647  
167 16.760000 642.477980 3385.517372  
168 16.770000 609.577109 3196.637165  
169 16.780000 578.506958 3019.242540  
170 16.790000 549.156500 2852.577051  
171 16.800000 521.422001 2695.937868  
172 16.810000 495.206505 2548.671710  
173 16.820000 470.419353 2410.171106  
174 16.830000 446.975752 2279.870960  
175 16.840000 424.796356 2157.245383  
176 16.850000 403.806898 2041.804785  
177 16.860000 383.937834 1933.093192  
178 16.870000 365.124023 1830.685776  
179 16.880000 347.304427 1734.186577  
180 16.890000 330.421831 1643.226406  
181 16.900000 314.422586 1557.460904  
182 16.910000 299.256371 1476.568758  
183 16.920000 284.875969 1400.250047  
184 16.930000 271.237061 1328.224720  
185 16.940000 258.298037 1260.231185  
186 16.950000 246.019814 1196.025007  
187 16.960000 234.365675 1135.377705  
188 16.970000 223.301111 1078.075635  
189 16.980000 212.793679 1023.918958  
190 16.990000 202.812872 972.720691  
191 17.000000 193.329989 924.305812  
192 17.010000 184.318025 878.510449  
193 17.020000 175.751561 835.181116  
194 17.030000 167.606663 794.174009  
195 17.040000 159.860790 755.354350  
196 17.050000 152.492707 718.595785  
197 17.060000 145.482400 683.779817  
198 17.070000 138.811006 650.795281  
199 17.080000 132.460738 619.537864  
200 17.090000 126.414819 589.909647  
201 17.100000 120.657421 561.818690  
202 17.110000 115.173609 535.178637  
203 17.120000 109.949283 509.908355  
204 17.130000 104.971131 485.931598  
205 17.140000 100.226579 463.176686  
206 17.150000 95.703750 441.576218  
207 17.160000 91.391418 421.066794  
208 17.170000 87.278976 401.588764  
209 17.180000 83.356393 383.085989  
210 17.190000 79.614182 365.505620  
211 17.200000 76.043372 348.797890  
212 17.210000 72.635472 332.915924  
213 17.220000 69.382448 317.815559  
214 17.230000 66.276694 303.455172  
215 17.240000 63.311009 289.795529  
216 17.250000 60.478572 276.799634  
217 17.260000 57.772920 264.432595  
218 17.270000 55.187933 252.661495  
219 17.280000 52.717808 241.455270  
220 17.290000 50.357043 230.784601  
221 17.300000 48.100423 220.621807  
222 17.310000 45.943001 210.940746  
223 17.320000 43.880085 201.716728  
224 17.330000 41.907221 192.926421  
225 17.340000 40.020184 184.547778  
226 17.350000 38.214963 176.559958  
227 17.360000 36.487748 168.943255  
228 17.370000 34.834923 161.679034  
229 17.380000 33.253051 154.749666  
230 17.390000 31.738869 148.138473  
231 17.400000 30.289274 141.829667  
232 17.410000 28.901318 135.808309  
233 17.420000 27.572197 130.060250  
234 17.430000 26.299247 124.572093  
235 17.440000 25.079931 119.331146  
236 17.450000 23.911840 114.325386  
237 17.460000 22.792678 109.543418  
238 17.470000 21.720261 104.974442  
239 17.480000 20.692513 100.608218  
240 17.490000 19.707454 96.435038  
241 17.500000 18.763200 92.445692  
242 17.510000 17.857956 88.631443  
243 17.520000 16.990015 84.984002  
244 17.530000 16.157746 81.495501  
245 17.540000 15.359600 78.158473  
246 17.550000 14.594096 74.965827  
247 17.560000 13.859824 71.910830  
248 17.570000 13.155442 68.987087  
249 17.580000 12.479666 66.188521  
250 17.590000 11.831273 63.509360  
251 17.600000 11.209099 60.944116  
252 17.610000 10.612029 58.487574  
253 17.620000 10.039001 56.134776  
254 17.630000 9.489003 53.881006  
255 17.640000 8.961066 51.721779  
256 17.650000 8.454267 49.652830  
257 17.660000 7.967722 47.670098  
258 17.670000 7.500590 45.769721  
259 17.680000 7.052065 43.948021  
260 17.690000 6.621379 42.201499  
261 17.700000 6.207796 40.526821  
262 17.710000 5.810614 38.920814  
263 17.720000 5.429161 37.380455  
264 17.730000 5.062796 35.902862  
265 17.740000 4.710904 34.485292  
266 17.750000 4.372898 33.125129  
267 17.760000 4.048218 31.819880  
268 17.770000 3.736326 30.567170  
269 17.780000 3.436707 29.364731  
270 17.790000 3.148871 28.210404  
271 17.800000 2.872346 27.102126  
272 17.810000 2.606681 26.037931  
273 17.820000 2.351446 25.015944  
274 17.830000 2.106228 24.034373  
275 17.840000 1.870630 23.091511  
276 17.850000 1.644274 22.185726  
277 17.860000 1.426797 21.315461  
278 17.870000 1.217851 20.479228  
279 17.880000 1.017104 19.675608  
280 17.890000 0.824235 18.903243  
281 17.900000 0.638939 18.160838  
282 17.910000 0.460922 17.447154  
283 17.920000 0.289904 16.761009  
284 17.930000 0.125614 16.101269  
285 17.940000 -0.032206 15.466856  
286 17.950000 -0.183804 14.856734  
287 17.960000 -0.329418 14.269915  
288 17.970000 -0.469277 13.705454  
289 17.980000 -0.603599 13.162447  
290 17.990000 -0.732594 12.640029  
291 18.000000 -0.856465 12.137372  
292 18.010000 -0.975405 11.653683  
293 18.020000 -1.089600 11.188207  
294 18.030000 -1.199227 10.740215  
295 18.040000 -1.304460 10.309015  
296 18.050000 -1.405461 9.893941  
297 18.060000 -1.502390 9.494357  
298 18.070000 -1.595398 9.109652  
299 18.080000 -1.684631 8.739243  
300 18.090000 -1.770229 8.382570  
301 18.100000 -1.852326 8.039097  
302 18.110000 -1.931053 7.708310  
303 18.120000 -2.006533 7.389716  
304 18.130000 -2.078886 7.082845  
305 18.140000 -2.148228 6.787243  
306 18.150000 -2.214667 6.502477  
307 18.160000 -2.278312 6.228131  
308 18.170000 -2.339264 5.963807  
309 18.180000 -2.397620 5.709121  
310 18.190000 -2.453477 5.463706  
311 18.200000 -2.506924 5.227212  
312 18.210000 -2.558050 4.999300  
313 18.220000 -2.606938 4.779646  
314 18.230000 -2.653669 4.567940  
315 18.240000 -2.698322 4.363882  
316 18.250000 -2.740971 4.167186  
317 18.260000 -2.781689 3.977577  
318 18.270000 -2.820546 3.794791  
319 18.280000 -2.857607 3.618575  
320 18.290000 -2.892938 3.448684  
321 18.300000 -2.926601 3.284885  
322 18.310000 -2.958655 3.126953  
323 18.320000 -2.989159 2.974673  
324 18.330000 -3.018167 2.827836  
325 18.340000 -3.045733 2.686243  
326 18.350000 -3.071909 2.549704  
327 18.360000 -3.096743 2.418032  
328 18.370000 -3.120285 2.291053  
329 18.380000 -3.142580 2.168595  
330 18.390000 -3.163671 2.050495  
331 18.400000 -3.183603 1.936595  
332 18.410000 -3.202417 1.826744  
333 18.420000 -3.220151 1.720797  
334 18.430000 -3.236845 1.618614  
335 18.440000 -3.252536 1.520061  
336 18.450000 -3.267258 1.425006  
337 18.460000 -3.281047 1.333327  
338 18.470000 -3.293936 1.244902  
339 18.480000 -3.305956 1.159617  
340 18.490000 -3.317138 1.077361  
341 18.500000 -3.327513 0.998026  
342 18.510000 -3.337108 0.921509  
343 18.520000 -3.345952 0.847712  
344 18.530000 -3.354071 0.776539  
345 18.540000 -3.361491 0.707898  
346 18.550000 -3.368237 0.641701  
347 18.560000 -3.374333 0.577862  
348 18.570000 -3.379802 0.516299  
349 18.580000 -3.384666 0.456934  
350 18.590000 -3.388948 0.399689  
351 18.600000 -3.392667 0.344492  
352 18.610000 -3.395844 0.291272  
353 18.620000 -3.398499 0.239960  
354 18.630000 -3.400649 0.190491  
355 18.640000 -3.402314 0.142802  
356 18.650000 -3.403511 0.096831  
357 18.660000 -3.404257 0.052520  
358 18.670000 -3.404567 0.009812  
359 18.680000 -3.404458 -0.031349  
360 18.690000 -3.403945 -0.071013  
361 18.700000 -3.403042 -0.109234  
362 18.710000 -3.401765 -0.146058  
363 18.720000 -3.400126 -0.181535  
364 18.730000 -3.398138 -0.215709  
365 18.740000 -3.395816 -0.248625  
366 18.750000 -3.393170 -0.280325  
367 18.760000 -3.390213 -0.310850  
368 18.770000 -3.386957 -0.340240  
369 18.780000 -3.383412 -0.368532  
370 18.790000 -3.379590 -0.395764  
371 18.800000 -3.375500 -0.421972  
372 18.810000 -3.371154 -0.447189  
373 18.820000 -3.366560 -0.471449  
374 18.830000 -3.361728 -0.494783  
375 18.840000 -3.356667 -0.517223  
376 18.850000 -3.351386 -0.538799  
377 18.860000 -3.345894 -0.559539  
378 18.870000 -3.340198 -0.579470  
379 18.880000 -3.334307 -0.598621  
380 18.890000 -3.328228 -0.617017  
381 18.900000 -3.321969 -0.634682  
382 18.910000 -3.315537 -0.651641  
383 18.920000 -3.308938 -0.667918  
384 18.930000 -3.302181 -0.683535  
385 18.940000 -3.295270 -0.698514  
386 18.950000 -3.288212 -0.712876  
387 18.960000 -3.281014 -0.726641  
388 18.970000 -3.273682 -0.739829  
389 18.980000 -3.266220 -0.752460  
390 18.990000 -3.258634 -0.764551  
391 19.000000 -3.250930 -0.776120  
392 19.010000 -3.243113 -0.787184  
393 19.020000 -3.235188 -0.797760  
394 19.030000 -3.227160 -0.807865  
395 19.040000 -3.219033 -0.817513  
396 19.050000 -3.210811 -0.826720  
397 19.060000 -3.202500 -0.835500  
398 19.070000 -3.194102 -0.843868  
399 19.080000 -3.185624 -0.851836  
400 19.090000 -3.177067 -0.859417  
401 19.100000 -3.168436 -0.866626  
402 19.110000 -3.159736 -0.873473  
403 19.120000 -3.150968 -0.879972  
404 19.130000 -3.142137 -0.886132  
405 19.140000 -3.133247 -0.891966  
406 19.150000 -3.124299 -0.897484  
407 19.160000 -3.115298 -0.902697  
408 19.170000 -3.106246 -0.907614  
409 19.180000 -3.097147 -0.912245  
410 19.190000 -3.088002 -0.916600  
411 19.200000 -3.078815 -0.920689  
412 19.210000 -3.069589 -0.924518  
413 19.220000 -3.060326 -0.928099  
414 19.230000 -3.051028 -0.931437  
415 19.240000 -3.041698 -0.934543  
416 19.250000 -3.032338 -0.937422  
417 19.260000 -3.022950 -0.940083  
418 19.270000 -3.013537 -0.942534  
419 19.280000 -3.004100 -0.944780  
420 19.290000 -2.994642 -0.946829  
421 19.300000 -2.985164 -0.948688  
422 19.310000 -2.975669 -0.950363  
423 19.320000 -2.966158 -0.951859  
424 19.330000 -2.956632 -0.953184  
425 19.340000 -2.947095 -0.954342  
426 19.350000 -2.937546 -0.955340  
427 19.360000 -2.927988 -0.956182  
428 19.370000 -2.918423 -0.956875  
429 19.380000 -2.908851 -0.957423  
430 19.390000 -2.899275 -0.957831  
431 19.400000 -2.889695 -0.958103  
432 19.410000 -2.880113 -0.958246  
433 19.420000 -2.870531 -0.958262  
434 19.430000 -2.860948 -0.958156  
435 19.440000 -2.851368 -0.957933  
436 19.450000 -2.841790 -0.957597  
437 19.460000 -2.832216 -0.957151  
438 19.470000 -2.822647 -0.956599  
439 19.480000 -2.813085 -0.955946  
440 19.490000 -2.803529 -0.955194  
441 19.500000 -2.793981 -0.954347  
442 19.510000 -2.784442 -0.953409  
443 19.520000 -2.774913 -0.952382  
444 19.530000 -2.765395 -0.951270  
445 19.540000 -2.755888 -0.950077  
446 19.550000 -2.746394 -0.948804  
447 19.560000 -2.736912 -0.947455  
448 19.570000 -2.727445 -0.946032  
449 19.580000 -2.717992 -0.944539  
450 19.590000 -2.708554 -0.942978  
451 19.600000 -2.699132 -0.941351  
452 19.610000 -2.689727 -0.939661  
453 19.620000 -2.680339 -0.937910  
454 19.630000 -2.670969 -0.936101  
455 19.640000 -2.661618 -0.934236  
456 19.650000 -2.652285 -0.932316  
457 19.660000 -2.642971 -0.930345  
458 19.670000 -2.633678 -0.928323  
459 19.680000 -2.624405 -0.926254  
460 19.690000 -2.615153 -0.924139  
461 19.700000 -2.605923 -0.921980  
462 19.710000 -2.596714 -0.919778  
463 19.720000 -2.587527 -0.917535  
464 19.730000 -2.578363 -0.915254  
465 19.740000 -2.569222 -0.912935  
466 19.750000 -2.560105 -0.910580  
467 19.760000 -2.551011 -0.908191  
468 19.770000 -2.541941 -0.905770  
469 19.780000 -2.532895 -0.903317  
470 19.790000 -2.523875 -0.900834  
471 19.800000 -2.514879 -0.898323  
472 19.810000 -2.505908 -0.895784  
473 19.820000 -2.496963 -0.893220  
474 19.830000 -2.488044 -0.890630  
475 19.840000 -2.479151 -0.888018  
476 19.850000 -2.470284 -0.885382  
477 19.860000 -2.461443 -0.882726  
478 19.870000 -2.452629 -0.880049  
479 19.880000 -2.443842 -0.877353  
480 19.890000 -2.435082 -0.874639  
481 19.900000 -2.426349 -0.871907  
482 19.910000 -2.417644 -0.869160  
483 19.920000 -2.408966 -0.866397  
484 19.930000 -2.400316 -0.863620  
485 19.940000 -2.391694 -0.860829  
486 19.950000 -2.383100 -0.858026  
487 19.960000 -2.374533 -0.855210  
488 19.970000 -2.365995 -0.852384  
489 19.980000 -2.357486 -0.849547  
490 19.990000 -2.349005 -0.846701  
491 20.000000 -2.340552 -0.843846  
492 20.010000 -2.332128 -0.840983  
493 20.020000 -2.323732 -0.838112  
494 20.030000 -2.315365 -0.835234  
495 20.040000 -2.307028 -0.832350  
496 20.050000 -2.298718 -0.829461  
497 20.060000 -2.290438 -0.826566  
498 20.070000 -2.282187 -0.823667  
499 20.080000 -2.273965 -0.820764  
500 20.090000 -2.265772 -0.817857  
501 20.100000 -2.257608 -0.814948  
502 20.110000 -2.249473 -0.812037  
503 20.120000 -2.241367 -0.809123  
504 20.130000 -2.233290 -0.806208  
505 20.140000 -2.225243 -0.803292  
506 20.150000 -2.217225 -0.800376  
507 20.160000 -2.209235 -0.797459  
508 20.170000 -2.201275 -0.794543  
509 20.180000 -2.193345 -0.791628  
510 20.190000 -2.185443 -0.788713  
511 20.200000 -2.177570 -0.785800  
512 20.210000 -2.169727 -0.782889  
513 20.220000 -2.161913 -0.779980  
514 20.230000 -2.154127 -0.777073  
515 20.240000 -2.146371 -0.774169  
516 20.250000 -2.138644 -0.771269  
517 20.260000 -2.130946 -0.768371  
518 20.270000 -2.123276 -0.765478  
519 20.280000 -2.115636 -0.762588  
520 20.290000 -2.108025 -0.759703  
521 20.300000 -2.100442 -0.756822  
522 20.310000 -2.092888 -0.753945  
523 20.320000 -2.085363 -0.751074  
524 20.330000 -2.077867 -0.748208  
525 20.340000 -2.070399 -0.745348  
526 20.350000 -2.062960 -0.742493  
527 20.360000 -2.055549 -0.739644  
528 20.370000 -2.048167 -0.736801  
529 20.380000 -2.040813 -0.733965  
530 20.390000 -2.033488 -0.731134  
531 20.400000 -2.026190 -0.728311  
532 20.410000 -2.018921 -0.725494  
533 20.420000 -2.011680 -0.722684  
534 20.430000 -2.004468 -0.719882  
535 20.440000 -1.997283 -0.717086  
536 20.450000 -1.990126 -0.714298  
537 20.460000 -1.982997 -0.711518  
538 20.470000 -1.975895 -0.708745  
539 20.480000 -1.968822 -0.705980  
540 20.490000 -1.961776 -0.703223  
541 20.500000 -1.954757 -0.700474  
542 20.510000 -1.947766 -0.697734  
543 20.520000 -1.940803 -0.695001  
544 20.530000 -1.933866 -0.692277  
545 20.540000 -1.926957 -0.689562  
546 20.550000 -1.920075 -0.686855  
547 20.560000 -1.913220 -0.684157  
548 20.570000 -1.906392 -0.681467  
549 20.580000 -1.899591 -0.678786  
550 20.590000 -1.892816 -0.676115  
551 20.600000 -1.886068 -0.673452  
552 20.610000 -1.879347 -0.670798  
553 20.620000 -1.872652 -0.668154  
554 20.630000 -1.865984 -0.665518  
555 20.640000 -1.859342 -0.662892  
556 20.650000 -1.852726 -0.660275  
557 20.660000 -1.846136 -0.657668  
558 20.670000 -1.839573 -0.655070  
559 20.680000 -1.833035 -0.652481  
560 20.690000 -1.826523 -0.649902  
561 20.700000 -1.820037 -0.647333  
562 20.710000 -1.813576 -0.644773  
563 20.720000 -1.807141 -0.642223  
564 20.730000 -1.800732 -0.639682  
565 20.740000 -1.794348 -0.637151  
566 20.750000 -1.787989 -0.634630  
567 20.760000 -1.781655 -0.632118  
568 20.770000 -1.775346 -0.629616  
569 20.780000 -1.769063 -0.627124  
570 20.790000 -1.762804 -0.624642  
571 20.800000 -1.756570 -0.622170  
572 20.810000 -1.750360 -0.619707  
573 20.820000 -1.744176 -0.617255  
574 20.830000 -1.738015 -0.614812  
575 20.840000 -1.731879 -0.612379  
576 20.850000 -1.725768 -0.609956  
577 20.860000 -1.719680 -0.607543  
578 20.870000 -1.713617 -0.605139  
579 20.880000 -1.707577 -0.602746  
580 20.890000 -1.701562 -0.600363  
581 20.900000 -1.695570 -0.597989  
582 20.910000 -1.689602 -0.595625  
583 20.920000 -1.683658 -0.593271  
584 20.930000 -1.677737 -0.590927  
585 20.940000 -1.671839 -0.588593  
586 20.950000 -1.665965 -0.586269  
587 20.960000 -1.660114 -0.583955  
588 20.970000 -1.654286 -0.581650  
589 20.980000 -1.648481 -0.579355  
590 20.990000 -1.642698 -0.577070  
591 21.000000 -1.636939 -0.574795  
592 21.010000 -1.631202 -0.572530  
593 21.020000 -1.625488 -0.570275  
594 21.030000 -1.619797 -0.568029  
595 21.040000 -1.614128 -0.565793  
596 21.050000 -1.608481 -0.563567  
597 21.060000 -1.602856 -0.561350  
598 21.070000 -1.597254 -0.559144  
599 21.080000 -1.591674 -0.556946  
600 21.090000 -1.586115 -0.554759  
601 21.100000 -1.580578 -0.552581  
602 21.110000 -1.575063 -0.550413  
603 21.120000 -1.569570 -0.548254  
604 21.130000 -1.564098 -0.546105  
605 21.140000 -1.558648 -0.543966  
606 21.150000 -1.553219 -0.541836  
607 21.160000 -1.547811 -0.539715  
608 21.170000 -1.542425 -0.537604  
609 21.180000 -1.537059 -0.535502  
610 21.190000 -1.531715 -0.533410  
611 21.200000 -1.526391 -0.531327  
612 21.210000 -1.521088 -0.529254  
613 21.220000 -1.515806 -0.527190  
614 21.230000 -1.510544 -0.525135  
615 21.240000 -1.505303 -0.523089  
616 21.250000 -1.500082 -0.521053  
617 21.260000 -1.494882 -0.519026  
618 21.270000 -1.489702 -0.517008  
619 21.280000 -1.484542 -0.514999  
620 21.290000 -1.479402 -0.512999  
621 21.300000 -1.474282 -0.511008  
622 21.310000 -1.469182 -0.509027  
623 21.320000 -1.464101 -0.507054  
624 21.330000 -1.459040 -0.505091  
625 21.340000 -1.453999 -0.503136  
626 21.350000 -1.448978 -0.501190  
627 21.360000 -1.443975 -0.499253  
628 21.370000 -1.438993 -0.497325  
629 21.380000 -1.434029 -0.495406  
630 21.390000 -1.429084 -0.493495  
631 21.400000 -1.424159 -0.491594  
632 21.410000 -1.419253 -0.489701  
633 21.420000 -1.414365 -0.487816  
634 21.430000 -1.409496 -0.485941  
635 21.440000 -1.404646 -0.484074  
636 21.450000 -1.399815 -0.482215  
637 21.460000 -1.395002 -0.480365  
638 21.470000 -1.390207 -0.478524  
639 21.480000 -1.385431 -0.476691  
640 21.490000 -1.380674 -0.474866  
641 21.500000 -1.375934 -0.473050  
642 21.510000 -1.371213 -0.471242  
643 21.520000 -1.366509 -0.469443  
644 21.530000 -1.361824 -0.467651  
645 21.540000 -1.357156 -0.465868  
646 21.550000 -1.352506 -0.464094  
647 21.560000 -1.347874 -0.462327  
648 21.570000 -1.343260 -0.460569  
649 21.580000 -1.338663 -0.458818  
650 21.590000 -1.334083 -0.457076  
651 21.600000 -1.329521 -0.455342  
652 21.610000 -1.324976 -0.453615  
653 21.620000 -1.320449 -0.451897  
654 21.630000 -1.315938 -0.450187  
655 21.640000 -1.311445 -0.448484  
656 21.650000 -1.306969 -0.446790  
657 21.660000 -1.302509 -0.445103  
658 21.670000 -1.298067 -0.443424  
659 21.680000 -1.293641 -0.441753  
660 21.690000 -1.289232 -0.440089  
661 21.700000 -1.284839 -0.438433  
662 21.710000 -1.280463 -0.436785  
663 21.720000 -1.276103 -0.435144  
664 21.730000 -1.271760 -0.433511  
665 21.740000 -1.267433 -0.431885  
666 21.750000 -1.263122 -0.430267  
667 21.760000 -1.258828 -0.428657  
668 21.770000 -1.254549 -0.427053  
669 21.780000 -1.250287 -0.425458  
670 21.790000 -1.246040 -0.423869  
671 21.800000 -1.241809 -0.422288  
672 21.810000 -1.237594 -0.420714  
673 21.820000 -1.233395 -0.419147  
674 21.830000 -1.229211 -0.417588  
675 21.840000 -1.225043 -0.416036  
676 21.850000 -1.220890 -0.414490  
677 21.860000 -1.216753 -0.412952  
678 21.870000 -1.212631 -0.411421  
679 21.880000 -1.208525 -0.409897  
680 21.890000 -1.204433 -0.408380  
681 21.900000 -1.200357 -0.406870  
682 21.910000 -1.196296 -0.405367  
683 21.920000 -1.192250 -0.403871  
684 21.930000 -1.188218 -0.402382  
685 21.940000 -1.184202 -0.400899  
686 21.950000 -1.180200 -0.399424  
687 21.960000 -1.176214 -0.397955  
688 21.970000 -1.172241 -0.396493  
689 21.980000 -1.168284 -0.395037  
690 21.990000 -1.164341 -0.393588  
691 22.000000 -1.160412 -0.392146  
692 22.010000 -1.156498 -0.390710  
693 22.020000 -1.152598 -0.389281  
694 22.030000 -1.148712 -0.387859  
695 22.040000 -1.144841 -0.386443  
696 22.050000 -1.140983 -0.385033  
697 22.060000 -1.137140 -0.383630  
698 22.070000 -1.133311 -0.382233  
699 22.080000 -1.129495 -0.380843  
700 22.090000 -1.125694 -0.379458  
701 22.100000 -1.121906 -0.378081  
702 22.110000 -1.118132 -0.376709  
703 22.120000 -1.114372 -0.375344  
704 22.130000 -1.110625 -0.373985  
705 22.140000 -1.106892 -0.372632  
706 22.150000 -1.103172 -0.371285  
707 22.160000 -1.099466 -0.369944  
708 22.170000 -1.095774 -0.368610  
709 22.180000 -1.092094 -0.367281  
710 22.190000 -1.088428 -0.365958  
711 22.200000 -1.084775 -0.364642  
712 22.210000 -1.081135 -0.363331  
713 22.220000 -1.077508 -0.362026  
714 22.230000 -1.073895 -0.360728  
715 22.240000 -1.070294 -0.359435  
716 22.250000 -1.066706 -0.358147  
717 22.260000 -1.063131 -0.356866  
718 22.270000 -1.059568 -0.355590  
719 22.280000 -1.056019 -0.354321  
720 22.290000 -1.052482 -0.353056  
721 22.300000 -1.048958 -0.351798  
722 22.310000 -1.045446 -0.350545  
723 22.320000 -1.041947 -0.349298  
724 22.330000 -1.038460 -0.348056  
725 22.340000 -1.034986 -0.346820  
726 22.350000 -1.031524 -0.345590  
727 22.360000 -1.028074 -0.344365  
728 22.370000 -1.024636 -0.343145  
729 22.380000 -1.021211 -0.341931  
730 22.390000 -1.017798 -0.340723  
731 22.400000 -1.014396 -0.339520  
732 22.410000 -1.011007 -0.338322  
733 22.420000 -1.007630 -0.337129  
734 22.430000 -1.004265 -0.335942  
735 22.440000 -1.000911 -0.334760  
736 22.450000 -0.997569 -0.333583  
737 22.460000 -0.994239 -0.332412  
738 22.470000 -0.990921 -0.331246  
739 22.480000 -0.987615 -0.330085  
740 22.490000 -0.984319 -0.328929  
741 22.500000 -0.981036 -0.327778  
742 22.510000 -0.977764 -0.326632  
743 22.520000 -0.974503 -0.325491  
744 22.530000 -0.971254 -0.324356  
745 22.540000 -0.968016 -0.323225  
746 22.550000 -0.964790 -0.322100  
747 22.560000 -0.961574 -0.320979  
748 22.570000 -0.958370 -0.319863  
749 22.580000 -0.955177 -0.318753  
750 22.590000 -0.951995 -0.317647  
751 22.600000 -0.948824 -0.316546  
752 22.610000 -0.945664 -0.315449  
753 22.620000 -0.942515 -0.314358  
754 22.630000 -0.939377 -0.313271  
755 22.640000 -0.936249 -0.312190  
756 22.650000 -0.933133 -0.311112  
757 22.660000 -0.930027 -0.310040  
758 22.670000 -0.926932 -0.308972  
759 22.680000 -0.923848 -0.307909  
760 22.690000 -0.920774 -0.306851  
761 22.700000 -0.917711 -0.305797  
762 22.710000 -0.914658 -0.304748  
763 22.720000 -0.911616 -0.303703  
764 22.730000 -0.908584 -0.302663  
765 22.740000 -0.905562 -0.301628  
766 22.750000 -0.902551 -0.300597  
767 22.760000 -0.899551 -0.299570  
768 22.770000 -0.896560 -0.298548  
769 22.780000 -0.893580 -0.297530  
770 22.790000 -0.890609 -0.296517  
771 22.800000 -0.887649 -0.295508  
772 22.810000 -0.884699 -0.294504  
773 22.820000 -0.881759 -0.293503  
774 22.830000 -0.878829 -0.292508  
775 22.840000 -0.875909 -0.291516  
776 22.850000 -0.872999 -0.290529  
777 22.860000 -0.870098 -0.289546  
778 22.870000 -0.867208 -0.288567  
779 22.880000 -0.864327 -0.287592  
780 22.890000 -0.861456 -0.286622  
781 22.900000 -0.858595 -0.285655  
782 22.910000 -0.855743 -0.284693  
783 22.920000 -0.852901 -0.283735  
784 22.930000 -0.850068 -0.282781  
785 22.940000 -0.847245 -0.281832  
786 22.950000 -0.844431 -0.280886  
787 22.960000 -0.841627 -0.279944  
788 22.970000 -0.838833 -0.279006  
789 22.980000 -0.836047 -0.278073  
790 22.990000 -0.833271 -0.277143  
791 23.000000 -0.830504 -0.276217  
792 23.010000 -0.827747 -0.275295  
793 23.020000 -0.824998 -0.274377  
794 23.030000 -0.822259 -0.273463  
795 23.040000 -0.819529 -0.272553  
796 23.050000 -0.816808 -0.271647  
797 23.060000 -0.814096 -0.270744  
798 23.070000 -0.811393 -0.269846  
799 23.080000 -0.808699 -0.268951  
800 23.090000 -0.806014 -0.268060  
801 23.100000 -0.803338 -0.267172  
802 23.110000 -0.800671 -0.266289  
803 23.120000 -0.798012 -0.265409  
804 23.130000 -0.795363 -0.264533  
805 23.140000 -0.792722 -0.263660  
806 23.150000 -0.790089 -0.262791  
807 23.160000 -0.787466 -0.261926  
808 23.170000 -0.784851 -0.261065  
809 23.180000 -0.782244 -0.260207  
810 23.190000 -0.779647 -0.259352  
811 23.200000 -0.777057 -0.258502  
812 23.210000 -0.774477 -0.257654  
813 23.220000 -0.771904 -0.256811  
814 23.230000 -0.769340 -0.255970  
815 23.240000 -0.766785 -0.255134  
816 23.250000 -0.764238 -0.254301  
817 23.260000 -0.761699 -0.253471  
818 23.270000 -0.759168 -0.252645  
819 23.280000 -0.756646 -0.251822  
820 23.290000 -0.754132 -0.251002  
821 23.300000 -0.751626 -0.250186  
822 23.310000 -0.749128 -0.249374  
823 23.320000 -0.746638 -0.248564  
824 23.330000 -0.744157 -0.247759  
825 23.340000 -0.741683 -0.246956  
826 23.350000 -0.739218 -0.246157  
827 23.360000 -0.736760 -0.245361  
828 23.370000 -0.734310 -0.244568  
829 23.380000 -0.731869 -0.243778  
830 23.390000 -0.729435 -0.242992  
831 23.400000 -0.727009 -0.242209  
832 23.410000 -0.724591 -0.241430  
833 23.420000 -0.722180 -0.240653  
834 23.430000 -0.719778 -0.239880  
835 23.440000 -0.717383 -0.239109  
836 23.450000 -0.714995 -0.238342  
837 23.460000 -0.712616 -0.237578  
838 23.470000 -0.710244 -0.236818  
839 23.480000 -0.707879 -0.236060  
840 23.490000 -0.705523 -0.235305  
841 23.500000 -0.703173 -0.234554  
842 23.510000 -0.700831 -0.233805  
843 23.520000 -0.698497 -0.233060  
844 23.530000 -0.696170 -0.232317  
845 23.540000 -0.693851 -0.231578  
846 23.550000 -0.691539 -0.230842  
847 23.560000 -0.689234 -0.230108  
848 23.570000 -0.686937 -0.229378  
849 23.580000 -0.684646 -0.228650  
850 23.590000 -0.682364 -0.227926  
851 23.600000 -0.680088 -0.227204  
852 23.610000 -0.677819 -0.226486  
853 23.620000 -0.675558 -0.225770  
854 23.630000 -0.673304 -0.225057  
855 23.640000 -0.671057 -0.224347  
856 23.650000 -0.668817 -0.223640  
857 23.660000 -0.666584 -0.222935  
858 23.670000 -0.664358 -0.222234  
859 23.680000 -0.662140 -0.221535  
860 23.690000 -0.659928 -0.220839  
861 23.700000 -0.657723 -0.220146  
862 23.710000 -0.655525 -0.219456  
863 23.720000 -0.653334 -0.218768  
864 23.730000 -0.651149 -0.218083  
865 23.740000 -0.648972 -0.217401  
866 23.750000 -0.646801 -0.216722  
867 23.760000 -0.644637 -0.216045  
868 23.770000 -0.642480 -0.215371  
869 23.780000 -0.640330 -0.214700  
870 23.790000 -0.638186 -0.214031  
871 23.800000 -0.636049 -0.213365  
872 23.810000 -0.633919 -0.212702  
873 23.820000 -0.631795 -0.212041  
874 23.830000 -0.629678 -0.211383  
875 23.840000 -0.627568 -0.210727  
876 23.850000 -0.625464 -0.210074  
877 23.860000 -0.623366 -0.209424  
878 23.870000 -0.621275 -0.208776  
879 23.880000 -0.619191 -0.208131  
880 23.890000 -0.617113 -0.207488  
881 23.900000 -0.615041 -0.206848  
882 23.910000 -0.612976 -0.206211  
883 23.920000 -0.610917 -0.205575  
884 23.930000 -0.608864 -0.204943  
885 23.940000 -0.606818 -0.204313  
886 23.950000 -0.604778 -0.203685  
887 23.960000 -0.602744 -0.203060  
888 23.970000 -0.600717 -0.202437  
889 23.980000 -0.598695 -0.201816  
890 23.990000 -0.596680 -0.201199  
891 24.000000 -0.594671 -0.200583  
892 24.010000 -0.592669 -0.199970  
893 24.020000 -0.590672 -0.199359  
894 24.030000 -0.588681 -0.198751  
895 24.040000 -0.586697 -0.198145  
896 24.050000 -0.584719 -0.197541  
897 24.060000 -0.582746 -0.196940  
898 24.070000 -0.580780 -0.196341  
899 24.080000 -0.578819 -0.195744  
900 24.090000 -0.576865 -0.195150  
901 24.100000 -0.574916 -0.194558  
902 24.110000 -0.572974 -0.193968  
903 24.120000 -0.571037 -0.193381  
904 24.130000 -0.569106 -0.192795  
905 24.140000 -0.567181 -0.192212  
906 24.150000 -0.565262 -0.191632  
907 24.160000 -0.563348 -0.191053  
908 24.170000 -0.561441 -0.190477  
909 24.180000 -0.559539 -0.189903  
910 24.190000 -0.557643 -0.189331  
911 24.200000 -0.555752 -0.188761  
912 24.210000 -0.553867 -0.188194  
913 24.220000 -0.551988 -0.187629  
914 24.230000 -0.550115 -0.187065  
915 24.240000 -0.548247 -0.186504  
916 24.250000 -0.546385 -0.185946  
917 24.260000 -0.544528 -0.185389  
918 24.270000 -0.542677 -0.184834  
919 24.280000 -0.540831 -0.184282  
920 24.290000 -0.538991 -0.183731  
921 24.300000 -0.537157 -0.183183  
922 24.310000 -0.535328 -0.182637  
923 24.320000 -0.533504 -0.182093  
924 24.330000 -0.531686 -0.181551  
925 24.340000 -0.529873 -0.181011  
926 24.350000 -0.528066 -0.180473  
927 24.360000 -0.526264 -0.179937  
928 24.370000 -0.524467 -0.179403  
929 24.380000 -0.522675 -0.178871  
930 24.390000 -0.520889 -0.178341  
931 24.400000 -0.519109 -0.177813  
932 24.410000 -0.517333 -0.177287  
933 24.420000 -0.515563 -0.176763  
934 24.430000 -0.513798 -0.176241  
935 24.440000 -0.512038 -0.175721  
936 24.450000 -0.510283 -0.175203  
937 24.460000 -0.508534 -0.174687  
938 24.470000 -0.506790 -0.174173  
939 24.480000 -0.505051 -0.173661  
940 24.490000 -0.503316 -0.173151  
941 24.500000 -0.501588 -0.172642  
942 24.510000 -0.499864 -0.172136  
943 24.520000 -0.498145 -0.171631  
944 24.530000 -0.496431 -0.171128  
945 24.540000 -0.494722 -0.170627  
946 24.550000 -0.493018 -0.170128  
947 24.560000 -0.491320 -0.169631  
948 24.570000 -0.489626 -0.169136  
949 24.580000 -0.487937 -0.168643  
950 24.590000 -0.486253 -0.168151  
951 24.600000 -0.484574 -0.167661  
952 24.610000 -0.482900 -0.167173  
953 24.620000 -0.481230 -0.166687  
954 24.630000 -0.479566 -0.166202  
955 24.640000 -0.477906 -0.165720  
956 24.650000 -0.476252 -0.165239  
957 24.660000 -0.474602 -0.164760  
958 24.670000 -0.472956 -0.164283  
959 24.680000 -0.471316 -0.163807  
960 24.690000 -0.469680 -0.163333  
961 24.700000 -0.468049 -0.162861  
962 24.710000 -0.466423 -0.162391  
963 24.720000 -0.464801 -0.161923  
964 24.730000 -0.463185 -0.161456  
965 24.740000 -0.461572 -0.160991  
966 24.750000 -0.459965 -0.160527  
967 24.760000 -0.458362 -0.160065  
968 24.770000 -0.456763 -0.159605  
969 24.780000 -0.455170 -0.159147  
970 24.790000 -0.453580 -0.158690  
971 24.800000 -0.451996 -0.158235  
972 24.810000 -0.450416 -0.157782  
973 24.820000 -0.448840 -0.157330  
974 24.830000 -0.447269 -0.156880  
975 24.840000 -0.445703 -0.156431  
976 24.850000 -0.444141 -0.155985  
977 24.860000 -0.442583 -0.155539  
978 24.870000 -0.441030 -0.155096  
979 24.880000 -0.439481 -0.154654  
980 24.890000 -0.437937 -0.154213  
981 24.900000 -0.436397 -0.153775  
982 24.910000 -0.434861 -0.153337  
983 24.920000 -0.433330 -0.152902  
984 24.930000 -0.431803 -0.152468  
985 24.940000 -0.430281 -0.152035  
986 24.950000 -0.428762 -0.151604  
987 24.960000 -0.427248 -0.151175  
988 24.970000 -0.425739 -0.150747  
989 24.980000 -0.424234 -0.150321  
990 24.990000 -0.422732 -0.149896  
991 25.000000 -0.421236 -0.149473  
992 25.010000 -0.419743 -0.149051  
993 25.020000 -0.418255 -0.148631  
994 25.030000 -0.416770 -0.148212  
995 25.040000 -0.415290 -0.147795  
996 25.050000 -0.413814 -0.147379  
997 25.060000 -0.412343 -0.146965  
998 25.070000 -0.410875 -0.146552  
999 25.080000 -0.409412 -0.146141  
1000 25.090000 -0.407952 -0.145731  
1001 25.100000 -0.406497 -0.145323  
1002 25.110000 -0.405046 -0.144916  
1003 25.120000 -0.403599 -0.144510  
1004 25.130000 -0.402156 -0.144106  
1005 25.140000 -0.400717 -0.143704  
1006 25.150000 -0.399282 -0.143302  
1007 25.160000 -0.397851 -0.142903  
1008 25.170000 -0.396424 -0.142504  
1009 25.180000 -0.395000 -0.142107  
1010 25.190000 -0.393581 -0.141712  
1011 25.200000 -0.392166 -0.141318  
1012 25.210000 -0.390755 -0.140925  
1013 25.220000 -0.389348 -0.140534  
1014 25.230000 -0.387944 -0.140144  
1015 25.240000 -0.386545 -0.139755  
1016 25.250000 -0.385149 -0.139368  
1017 25.260000 -0.383758 -0.138982  
1018 25.270000 -0.382370 -0.138597  
1019 25.280000 -0.380986 -0.138214  
1020 25.290000 -0.379605 -0.137832  
1021 25.300000 -0.378229 -0.137452  
1022 25.310000 -0.376856 -0.137073  
1023 25.320000 -0.375487 -0.136695  
1024 25.330000 -0.374122 -0.136318  
1025 25.340000 -0.372761 -0.135943  
1026 25.350000 -0.371404 -0.135569  
1027 25.360000 -0.370050 -0.135197  
1028 25.370000 -0.368700 -0.134825  
1029 25.380000 -0.367353 -0.134455  
1030 25.390000 -0.366010 -0.134087  
1031 25.400000 -0.364671 -0.133719  
1032 25.410000 -0.363336 -0.133353  
1033 25.420000 -0.362004 -0.132988  
1034 25.430000 -0.360676 -0.132625  
1035 25.440000 -0.359352 -0.132262  
1036 25.450000 -0.358031 -0.131901  
1037 25.460000 -0.356714 -0.131541  
1038 25.470000 -0.355400 -0.131183  
1039 25.480000 -0.354090 -0.130825  
1040 25.490000 -0.352784 -0.130469  
1041 25.500000 -0.351481 -0.130114  
1042 25.510000 -0.350181 -0.129760  
1043 25.520000 -0.348886 -0.129408  
1044 25.530000 -0.347593 -0.129057  
1045 25.540000 -0.346304 -0.128707  
1046 25.550000 -0.345019 -0.128358  
1047 25.560000 -0.343737 -0.128010  
1048 25.570000 -0.342459 -0.127664  
1049 25.580000 -0.341184 -0.127318  
1050 25.590000 -0.339913 -0.126974  
1051 25.600000 -0.338645 -0.126631  
1052 25.610000 -0.337380 -0.126290  
1053 25.620000 -0.336119 -0.125949  
1054 25.630000 -0.334861 -0.125610  
1055 25.640000 -0.333607 -0.125271  
1056 25.650000 -0.332356 -0.124934  
1057 25.660000 -0.331108 -0.124598  
1058 25.670000 -0.329864 -0.124264  
1059 25.680000 -0.328623 -0.123930  
1060 25.690000 -0.327385 -0.123597  
1061 25.700000 -0.326151 -0.123266  
1062 25.710000 -0.324920 -0.122936  
1063 25.720000 -0.323692 -0.122606  
1064 25.730000 -0.322467 -0.122278  
1065 25.740000 -0.321246 -0.121951  
1066 25.750000 -0.320028 -0.121626  
1067 25.760000 -0.318814 -0.121301  
1068 25.770000 -0.317602 -0.120977  
1069 25.780000 -0.316394 -0.120655  
1070 25.790000 -0.315189 -0.120333  
1071 25.800000 -0.313988 -0.120013  
1072 25.810000 -0.312789 -0.119694  
1073 25.820000 -0.311594 -0.119375  
1074 25.830000 -0.310402 -0.119058  
1075 25.840000 -0.309213 -0.118742  
1076 25.850000 -0.308027 -0.118427  
1077 25.860000 -0.306844 -0.118113  
1078 25.870000 -0.305664 -0.117800  
1079 25.880000 -0.304488 -0.117488  
1080 25.890000 -0.303315 -0.117178  
1081 25.900000 -0.302144 -0.116868  
1082 25.910000 -0.300977 -0.116559  
1083 25.920000 -0.299813 -0.116251  
1084 25.930000 -0.298652 -0.115945  
1085 25.940000 -0.297494 -0.115639  
1086 25.950000 -0.296340 -0.115334  
1087 25.960000 -0.295188 -0.115031  
1088 25.970000 -0.294039 -0.114728  
1089 25.980000 -0.292893 -0.114427  
1090 25.990000 -0.291750 -0.114126  
1091 26.000000 -0.290611 -0.113826  
1092 26.010000 -0.289474 -0.113528  
1093 26.020000 -0.288340 -0.113230  
1094 26.030000 -0.287209 -0.112933  
1095 26.040000 -0.286081 -0.112638  
1096 26.050000 -0.284956 -0.112343  
1097 26.060000 -0.283834 -0.112049  
1098 26.070000 -0.282715 -0.111757  
1099 26.080000 -0.281599 -0.111465  
1100 26.090000 -0.280486 -0.111174  
1101 26.100000 -0.279376 -0.110884  
1102 26.110000 -0.278268 -0.110595  
1103 26.120000 -0.277164 -0.110307  
1104 26.130000 -0.276062 -0.110020  
1105 26.140000 -0.274964 -0.109734  
1106 26.150000 -0.273868 -0.109449  
1107 26.160000 -0.272775 -0.109165  
1108 26.170000 -0.271684 -0.108882  
1109 26.180000 -0.270597 -0.108600  
1110 26.190000 -0.269512 -0.108318  
1111 26.200000 -0.268431 -0.108038  
1112 26.210000 -0.267352 -0.107758  
1113 26.220000 -0.266275 -0.107479  
1114 26.230000 -0.265202 -0.107202  
1115 26.240000 -0.264131 -0.106925  
1116 26.250000 -0.263063 -0.106649  
1117 26.260000 -0.261998 -0.106374  
1118 26.270000 -0.260936 -0.106100  
1119 26.280000 -0.259876 -0.105827  
1120 26.290000 -0.258819 -0.105554  
1121 26.300000 -0.257765 -0.105283  
1122 26.310000 -0.256714 -0.105012  
1123 26.320000 -0.255665 -0.104743  
1124 26.330000 -0.254619 -0.104474  
1125 26.340000 -0.253576 -0.104206  
1126 26.350000 -0.252535 -0.103939  
1127 26.360000 -0.251497 -0.103672  
1128 26.370000 -0.250461 -0.103407  
1129 26.380000 -0.249429 -0.103143  
1130 26.390000 -0.248399 -0.102879  
1131 26.400000 -0.247371 -0.102616  
1132 26.410000 -0.246346 -0.102354  
1133 26.420000 -0.245324 -0.102093  
1134 26.430000 -0.244304 -0.101833  
1135 26.440000 -0.243287 -0.101573  
1136 26.450000 -0.242273 -0.101315  
1137 26.460000 -0.241261 -0.101057  
1138 26.470000 -0.240252 -0.100800  
1139 26.480000 -0.239245 -0.100544  
1140 26.490000 -0.238241 -0.100289  
1141 26.500000 -0.237239 -0.100034  
1142 26.510000 -0.236240 -0.099780  
1143 26.520000 -0.235244 -0.099528  
1144 26.530000 -0.234250 -0.099275  
1145 26.540000 -0.233258 -0.099024  
1146 26.550000 -0.232269 -0.098774  
1147 26.560000 -0.231283 -0.098524  
1148 26.570000 -0.230299 -0.098275  
1149 26.580000 -0.229317 -0.098027  
1150 26.590000 -0.228338 -0.097780  
1151 26.600000 -0.227362 -0.097533  
1152 26.610000 -0.226387 -0.097288  
1153 26.620000 -0.225416 -0.097043  
1154 26.630000 -0.224447 -0.096799  
1155 26.640000 -0.223480 -0.096555  
1156 26.650000 -0.222515 -0.096313  
1157 26.660000 -0.221554 -0.096071  
1158 26.670000 -0.220594 -0.095830  
1159 26.680000 -0.219637 -0.095590  
1160 26.690000 -0.218682 -0.095350  
1161 26.700000 -0.217730 -0.095111  
1162 26.710000 -0.216780 -0.094873  
1163 26.720000 -0.215832 -0.094636  
1164 26.730000 -0.214887 -0.094399  
1165 26.740000 -0.213944 -0.094164  
1166 26.750000 -0.213004 -0.093929  
1167 26.760000 -0.212066 -0.093694  
1168 26.770000 -0.211130 -0.093461  
1169 26.780000 -0.210197 -0.093228  
1170 26.790000 -0.209266 -0.092996  
1171 26.800000 -0.208337 -0.092764  
1172 26.810000 -0.207410 -0.092534  
1173 26.820000 -0.206486 -0.092304  
1174 26.830000 -0.205564 -0.092075  
1175 26.840000 -0.204645 -0.091846  
1176 26.850000 -0.203727 -0.091618  
1177 26.860000 -0.202812 -0.091391  
1178 26.870000 -0.201899 -0.091165  
1179 26.880000 -0.200989 -0.090939  
1180 26.890000 -0.200081 -0.090714  
1181 26.900000 -0.199175 -0.090490  
1182 26.910000 -0.198271 -0.090266  
1183 26.920000 -0.197369 -0.090044  
1184 26.930000 -0.196470 -0.089821  
1185 26.940000 -0.195573 -0.089600  
1186 26.950000 -0.194678 -0.089379  
1187 26.960000 -0.193785 -0.089159  
1188 26.970000 -0.192895 -0.088940  
1189 26.980000 -0.192007 -0.088721  
1190 26.990000 -0.191120 -0.088503  
1191 27.000000 -0.190236 -0.088285  
1192 27.010000 -0.189355 -0.088069  
1193 27.020000 -0.188475 -0.087853  
1194 27.030000 -0.187598 -0.087637  
1195 27.040000 -0.186722 -0.087423  
1196 27.050000 -0.185849 -0.087209  
1197 27.060000 -0.184978 -0.086995  
1198 27.070000 -0.184109 -0.086782  
1199 27.080000 -0.183243 -0.086570  
1200 27.090000 -0.182378 -0.086359  
1201 27.100000 -0.181515 -0.086148  
1202 27.110000 -0.180655 -0.085938  
1203 27.120000 -0.179797 -0.085728  
1204 27.130000 -0.178940 -0.085520  
1205 27.140000 -0.178086 -0.085311  
1206 27.150000 -0.177234 -0.085104  
1207 27.160000 -0.176384 -0.084897  
1208 27.170000 -0.175536 -0.084691  
1209 27.180000 -0.174690 -0.084485  
1210 27.190000 -0.173846 -0.084280  
1211 27.200000 -0.173005 -0.084075  
1212 27.210000 -0.172165 -0.083872  
1213 27.220000 -0.171327 -0.083668  
1214 27.230000 -0.170492 -0.083466  
1215 27.240000 -0.169658 -0.083264  
1216 27.250000 -0.168826 -0.083063  
1217 27.260000 -0.167997 -0.082862  
1218 27.270000 -0.167169 -0.082662  
1219 27.280000 -0.166343 -0.082462  
1220 27.290000 -0.165520 -0.082263  
1221 27.300000 -0.164698 -0.082065  
1222 27.310000 -0.163878 -0.081867  
1223 27.320000 -0.163061 -0.081670  
1224 27.330000 -0.162245 -0.081474  
1225 27.340000 -0.161431 -0.081278  
1226 27.350000 -0.160620 -0.081083  
1227 27.360000 -0.159810 -0.080888  
1228 27.370000 -0.159002 -0.080694  
1229 27.380000 -0.158196 -0.080500  
1230 27.390000 -0.157392 -0.080307  
1231 27.400000 -0.156590 -0.080115  
1232 27.410000 -0.155789 -0.079923  
1233 27.420000 -0.154991 -0.079732  
1234 27.430000 -0.154195 -0.079541  
1235 27.440000 -0.153400 -0.079351  
1236 27.450000 -0.152608 -0.079162  
1237 27.460000 -0.151817 -0.078973  
1238 27.470000 -0.151028 -0.078784  
1239 27.480000 -0.150241 -0.078597  
1240 27.490000 -0.149456 -0.078409  
1241 27.500000 -0.148673 -0.078223  
1242 27.510000 -0.147892 -0.078037  
1243 27.520000 -0.147112 -0.077851  
1244 27.530000 -0.146335 -0.077666  
1245 27.540000 -0.145559 -0.077482  
1246 27.550000 -0.144785 -0.077298  
1247 27.560000 -0.144013 -0.077114  
1248 27.570000 -0.143243 -0.076931  
1249 27.580000 -0.142475 -0.076749  
1250 27.590000 -0.141708 -0.076567  
1251 27.600000 -0.140943 -0.076386  
1252 27.610000 -0.140180 -0.076206  
1253 27.620000 -0.139419 -0.076026  
1254 27.630000 -0.138660 -0.075846  
1255 27.640000 -0.137902 -0.075667  
1256 27.650000 -0.137146 -0.075488  
1257 27.660000 -0.136392 -0.075310  
1258 27.670000 -0.135640 -0.075133  
1259 27.680000 -0.134890 -0.074956  
1260 27.690000 -0.134141 -0.074780  
1261 27.700000 -0.133394 -0.074604  
1262 27.710000 -0.132649 -0.074428  
1263 27.720000 -0.131906 -0.074253  
1264 27.730000 -0.131164 -0.074079  
1265 27.740000 -0.130424 -0.073905  
1266 27.750000 -0.129686 -0.073732  
1267 27.760000 -0.128949 -0.073559  
1268 27.770000 -0.128215 -0.073387  
1269 27.780000 -0.127482 -0.073215  
1270 27.790000 -0.126750 -0.073044  
1271 27.800000 -0.126021 -0.072873  
1272 27.810000 -0.125293 -0.072703  
1273 27.820000 -0.124567 -0.072533  
1274 27.830000 -0.123842 -0.072364  
1275 27.840000 -0.123119 -0.072195  
1276 27.850000 -0.122398 -0.072027  
1277 27.860000 -0.121679 -0.071859  
1278 27.870000 -0.120961 -0.071691  
1279 27.880000 -0.120245 -0.071525  
1280 27.890000 -0.119531 -0.071358  
1281 27.900000 -0.118818 -0.071192  
1282 27.910000 -0.118107 -0.071027  
1283 27.920000 -0.117397 -0.070862  
1284 27.930000 -0.116690 -0.070698  
1285 27.940000 -0.115983 -0.070534  
1286 27.950000 -0.115279 -0.070370  
1287 27.960000 -0.114576 -0.070207  
1288 27.970000 -0.113875 -0.070045  
1289 27.980000 -0.113175 -0.069883  
1290 27.990000 -0.112477 -0.069721  
1291 28.000000 -0.111781 -0.069560  
1292 28.010000 -0.111086 -0.069400  
1293 28.020000 -0.110393 -0.069239  
1294 28.030000 -0.109701 -0.069080  
1295 28.040000 -0.109011 -0.068920  
1296 28.050000 -0.108323 -0.068762  
1297 28.060000 -0.107636 -0.068603  
1298 28.070000 -0.106951 -0.068445  
1299 28.080000 -0.106267 -0.068288  
1300 28.090000 -0.105585 -0.068131  
1301 28.100000 -0.104904 -0.067975  
1302 28.110000 -0.104225 -0.067819  
1303 28.120000 -0.103548 -0.067663  
1304 28.130000 -0.102872 -0.067508  
1305 28.140000 -0.102198 -0.067353  
1306 28.150000 -0.101525 -0.067199  
1307 28.160000 -0.100854 -0.067045  
1308 28.170000 -0.100184 -0.066892  
1309 28.180000 -0.099516 -0.066739  
1310 28.190000 -0.098849 -0.066586  
1311 28.200000 -0.098184 -0.066434  
1312 28.210000 -0.097521 -0.066282  
1313 28.220000 -0.096859 -0.066131  
1314 28.230000 -0.096198 -0.065980  
1315 28.240000 -0.095539 -0.065830  
1316 28.250000 -0.094881 -0.065680  
1317 28.260000 -0.094225 -0.065531  
1318 28.270000 -0.093571 -0.065382  
1319 28.280000 -0.092918 -0.065233  
1320 28.290000 -0.092266 -0.065085  
1321 28.300000 -0.091616 -0.064937  
1322 28.310000 -0.090967 -0.064790  
1323 28.320000 -0.090320 -0.064643  
1324 28.330000 -0.089675 -0.064496  
1325 28.340000 -0.089030 -0.064350  
1326 28.350000 -0.088388 -0.064204  
1327 28.360000 -0.087746 -0.064059  
1328 28.370000 -0.087106 -0.063914  
1329 28.380000 -0.086468 -0.063770  
1330 28.390000 -0.085831 -0.063626  
1331 28.400000 -0.085195 -0.063482  
1332 28.410000 -0.084561 -0.063339  
1333 28.420000 -0.083929 -0.063196  
1334 28.430000 -0.083297 -0.063054  
1335 28.440000 -0.082668 -0.062912  
1336 28.450000 -0.082039 -0.062770  
1337 28.460000 -0.081412 -0.062629  
1338 28.470000 -0.080787 -0.062488  
1339 28.480000 -0.080162 -0.062347  
1340 28.490000 -0.079540 -0.062207  
1341 28.500000 -0.078918 -0.062068  
1342 28.510000 -0.078298 -0.061928  
1343 28.520000 -0.077680 -0.061790  
1344 28.530000 -0.077063 -0.061651  
1345 28.540000 -0.076447 -0.061513  
1346 28.550000 -0.075832 -0.061375  
1347 28.560000 -0.075219 -0.061238  
1348 28.570000 -0.074607 -0.061101  
1349 28.580000 -0.073997 -0.060965  
1350 28.590000 -0.073388 -0.060828  
1351 28.600000 -0.072781 -0.060693  
1352 28.610000 -0.072174 -0.060557  
1353 28.620000 -0.071569 -0.060422  
1354 28.630000 -0.070966 -0.060287  
1355 28.640000 -0.070364 -0.060153  
1356 28.650000 -0.069763 -0.060019  
1357 28.660000 -0.069163 -0.059886  
1358 28.670000 -0.068565 -0.059753  
1359 28.680000 -0.067968 -0.059620  
1360 28.690000 -0.067373 -0.059487  
1361 28.700000 -0.066779 -0.059355  
1362 28.710000 -0.066186 -0.059224  
1363 28.720000 -0.065594 -0.059092  
1364 28.730000 -0.065004 -0.058961  
1365 28.740000 -0.064415 -0.058831  
1366 28.750000 -0.063827 -0.058701  
1367 28.760000 -0.063241 -0.058571  
1368 28.770000 -0.062656 -0.058441  
1369 28.780000 -0.062072 -0.058312  
1370 28.790000 -0.061489 -0.058183  
1371 28.800000 -0.060908 -0.058055  
1372 28.810000 -0.060328 -0.057927  
1373 28.820000 -0.059750 -0.057799  
1374 28.830000 -0.059172 -0.057672  
1375 28.840000 -0.058596 -0.057545  
1376 28.850000 -0.058022 -0.057418  
1377 28.860000 -0.057448 -0.057291  
1378 28.870000 -0.056876 -0.057166  
1379 28.880000 -0.056305 -0.057040  
1380 28.890000 -0.055735 -0.056915  
1381 28.900000 -0.055166 -0.056790  
1382 28.910000 -0.054599 -0.056665  
1383 28.920000 -0.054033 -0.056541  
1384 28.930000 -0.053468 -0.056417  
1385 28.940000 -0.052905 -0.056293  
1386 28.950000 -0.052342 -0.056170  
1387 28.960000 -0.051781 -0.056047  
1388 28.970000 -0.051221 -0.055925  
1389 28.980000 -0.050663 -0.055802  
1390 28.990000 -0.050105 -0.055680  
1391 29.000000 -0.049549 -0.055559  
1392 29.010000 -0.048994 -0.055438  
1393 29.020000 -0.048440 -0.055317  
1394 29.030000 -0.047888 -0.055196  
1395 29.040000 -0.047337 -0.055076  
1396 29.050000 -0.046786 -0.054956  
1397 29.060000 -0.046237 -0.054836  
1398 29.070000 -0.045690 -0.054717  
1399 29.080000 -0.045143 -0.054598  
1400 29.090000 -0.044598 -0.054479  
1401 29.100000 -0.044054 -0.054361  
1402 29.110000 -0.043510 -0.054243  
1403 29.120000 -0.042969 -0.054125  
1404 29.130000 -0.042428 -0.054008  
1405 29.140000 -0.041888 -0.053891  
1406 29.150000 -0.041350 -0.053774  
1407 29.160000 -0.040813 -0.053658  
1408 29.170000 -0.040277 -0.053542  
1409 29.180000 -0.039742 -0.053426  
1410 29.190000 -0.039208 -0.053311  
1411 29.200000 -0.038676 -0.053195  
1412 29.210000 -0.038145 -0.053081  
1413 29.220000 -0.037614 -0.052966  
1414 29.230000 -0.037085 -0.052852  
1415 29.240000 -0.036557 -0.052738  
1416 29.250000 -0.036030 -0.052624  
1417 29.260000 -0.035505 -0.052511  
1418 29.270000 -0.034980 -0.052398  
1419 29.280000 -0.034457 -0.052285  
1420 29.290000 -0.033935 -0.052173  
1421 29.300000 -0.033413 -0.052061  
1422 29.310000 -0.032893 -0.051949  
1423 29.320000 -0.032374 -0.051838  
1424 29.330000 -0.031857 -0.051726  
1425 29.340000 -0.031340 -0.051616  
1426 29.350000 -0.030824 -0.051505  
1427 29.360000 -0.030310 -0.051395  
1428 29.370000 -0.029796 -0.051285  
1429 29.380000 -0.029284 -0.051175  
1430 29.390000 -0.028773 -0.051066  
1431 29.400000 -0.028263 -0.050956  
1432 29.410000 -0.027754 -0.050848  
1433 29.420000 -0.027246 -0.050739  
1434 29.430000 -0.026739 -0.050631  
1435 29.440000 -0.026233 -0.050523  
1436 29.450000 -0.025728 -0.050415  
1437 29.460000 -0.025225 -0.050308  
1438 29.470000 -0.024722 -0.050201  
1439 29.480000 -0.024221 -0.050094  
1440 29.490000 -0.023720 -0.049987  
1441 29.500000 -0.023221 -0.049881  
1442 29.510000 -0.022723 -0.049775  
1443 29.520000 -0.022226 -0.049669  
1444 29.530000 -0.021729 -0.049564  
1445 29.540000 -0.021234 -0.049459  
1446 29.550000 -0.020740 -0.049354  
1447 29.560000 -0.020247 -0.049249  
1448 29.570000 -0.019755 -0.049145  
1449 29.580000 -0.019264 -0.049041  
1450 29.590000 -0.018774 -0.048937  
1451 29.600000 -0.018286 -0.048834  
1452 29.610000 -0.017798 -0.048731  
1453 29.620000 -0.017311 -0.048628  
1454 29.630000 -0.016825 -0.048525  
1455 29.640000 -0.016340 -0.048423  
1456 29.650000 -0.015857 -0.048320  
1457 29.660000 -0.015374 -0.048219  
1458 29.670000 -0.014892 -0.048117  
1459 29.680000 -0.014412 -0.048016  
1460 29.690000 -0.013932 -0.047915  
1461 29.700000 -0.013453 -0.047814  
1462 29.710000 -0.012976 -0.047713  
1463 29.720000 -0.012499 -0.047613  
1464 29.730000 -0.012024 -0.047513  
1465 29.740000 -0.011549 -0.047413  
1466 29.750000 -0.011075 -0.047314  
1467 29.760000 -0.010603 -0.047215  
1468 29.770000 -0.010131 -0.047116  
1469 29.780000 -0.009660 -0.047017  
1470 29.790000 -0.009191 -0.046919  
1471 29.800000 -0.008722 -0.046820  
1472 29.810000 -0.008254 -0.046722  
1473 29.820000 -0.007788 -0.046625  
1474 29.830000 -0.007322 -0.046527  
1475 29.840000 -0.006857 -0.046430  
1476 29.850000 -0.006393 -0.046333  
1477 29.860000 -0.005930 -0.046237  
1478 29.870000 -0.005468 -0.046140  
1479 29.880000 -0.005007 -0.046044  
1480 29.890000 -0.004548 -0.045948  
1481 29.900000 -0.004089 -0.045852  
1482 29.910000 -0.003630 -0.045757  
1483 29.920000 -0.003173 -0.045662  
1484 29.930000 -0.002717 -0.045567  
1485 29.940000 -0.002262 -0.045472  
1486 29.950000 -0.001808 -0.045378  
1487 29.960000 -0.001354 -0.045284  
1488 29.970000 -0.000902 -0.045190  
1489 29.980000 -0.000451 -0.045096  
1490 29.990000 -0.000000 -0.045003  
