1 15.100000 68906030359241.890625 6206680741454032.000000  
2 15.110000 29201107613529.160156 2391357666204830.000000  
3 15.120000 13334561048875.292969 1001085226667754.625000  
4 15.130000 6483304236987.996094 449326732183385.437500  
5 15.140000 3325148705985.014160 214006928349854.875000  
6 15.150000 1785743464418.831787 107277378550148.062500  
7 15.160000 998246394887.311157 56225536934182.804688  
8 15.170000 578035726223.505005 30644819064541.679688  
9 15.180000 345318617036.711670 17291561098096.966797  
10 15.190000 212113290309.792450 10063206074249.265625  
11 15.200000 133585175106.759003 6021236451360.771484  
12 15.210000 86046397608.865326 3694078294852.948242  
13 15.220000 56569263355.813477 2318386189291.693848  
14 15.230000 37888954026.577438 1485415380085.937256  
15 15.240000 25813128214.016418 969901626719.285034  
16 15.250000 17863254812.664955 644397708574.560791  
17 15.260000 12541214056.256313 435045523804.419495  
18 15.270000 8922880135.341911 298088206061.010071  
19 15.280000 6427410846.499290 207069680195.668396  
20 15.290000 4683342848.726255 145690548616.969971  
21 15.300000 3449263814.331243 103732174543.419846  
22 15.310000 2565915876.706554 74683369285.134064  
23 15.320000 1926761628.653455 54332039673.876503  
24 15.330000 1459595954.689956 39914572723.086067  
25 15.340000 1114880587.496482 29593541674.034328  
26 15.350000 858236310.663285 22132019292.764000  
27 15.360000 665545320.291234 16687527131.031904  
28 15.370000 519715489.371478 12679887476.068533  
29 15.380000 408516895.071644 9705378128.908541  
30 15.390000 323118870.158639 7480287350.966746  
31 15.400000 257090147.323779 5803373223.837232  
32 15.410000 205708573.041704 4530624290.061123  
33 15.420000 165479961.575019 3558115580.910663  
34 15.430000 133799663.972205 2810249482.681010  
35 15.440000 108712455.860760 2231615050.616860  
36 15.450000 88740774.856428 1781302429.723527  
37 15.460000 72760885.008259 1428898464.562800  
38 15.470000 59912925.312713 1151643688.903255  
39 15.480000 49535102.746341 932398355.490536  
40 15.490000 41115219.264286 758176588.181430  
41 15.500000 34254732.866625 619082545.533738  
42 15.510000 28641944.408436 507533146.039866  
43 15.520000 24031872.503551 417686499.873010  
44 15.530000 20231061.047972 345019003.942493  
45 15.540000 17086046.772098 286010572.439808  
46 15.550000 14474558.409940 237909013.800870  
47 15.560000 12298766.021722 198552683.571332  
48 15.570000 10480077.324156 166236293.515208  
49 15.580000 8955107.435572 139608857.527056  
50 15.590000 7672543.124147 117595696.609961  
51 15.600000 6590692.237933 99338548.464029  
52 15.610000 5675560.425600 84149368.719569  
53 15.620000 4899335.467528 71474536.252850  
54 15.630000 4239188.071394 60867001.111128  
55 15.640000 3676319.400526 51964523.133173  
56 15.650000 3195201.750601 44472601.415893  
57 15.660000 2782971.022521 38151031.682645  
58 15.670000 2428938.947120 32803280.880662  
59 15.680000 2124200.130681 28268058.101266  
60 15.690000 1861314.449183 24412604.298941  
61 15.700000 1634049.525661 21127332.088145  
62 15.710000 1437171.279085 18321529.804433  
63 15.720000 1266273.060148 15919907.448131  
64 15.730000 1117635.858918 13859810.850500  
65 15.740000 988113.610008 12088967.968224  
66 15.750000 875038.830365 10563660.283974  
67 15.760000 776144.777359 9247234.870338  
68 15.770000 689501.067682 8108890.272991  
69 15.780000 613460.294385 7122683.132090  
70 15.790000 546613.654035 6266713.260082  
71 15.800000 487753.974599 5522453.395155  
72 15.810000 435844.837607 4874196.562384  
73 15.820000 389994.731196 4308599.291741  
74 15.830000 349435.366237 3814303.166228  
75 15.840000 313503.445550 3381620.538904  
76 15.850000 281625.303869 3002272.946641  
77 15.860000 253303.939795 2669172.902956  
78 15.870000 228108.045157 2376241.483131  
79 15.880000 205662.705874 2118255.509007  
80 15.890000 185641.504487 1890719.266748  
81 15.900000 167759.800496 1689756.602324  
82 15.910000 151769.002350 1512019.979219  
83 15.920000 137451.676003 1354613.684636  
84 15.930000 124617.360510 1215028.861149  
85 15.940000 113098.982345 1091088.441798  
86 15.950000 102749.777606 980900.395093  
87 15.960000 93440.645839 882817.956035  
88 15.970000 85057.871290 795405.741089  
89 15.980000 77501.157491 717410.827912  
90 15.990000 70681.929476 647738.031692  
91 16.000000 64521.864982 585428.734956  
92 16.010000 58951.621862 529642.731464  
93 16.020000 53909.733919 479642.630871  
94 16.030000 49341.651498 434780.442672  
95 16.040000 45198.906711 394486.017669  
96 16.050000 41438.386104 358257.075268  
97 16.060000 38021.696101 325650.586691  
98 16.070000 34914.608659 296275.319305  
99 16.080000 32086.576371 269785.376722  
100 16.090000 29510.307790 245874.594112  
101 16.100000 27161.395026 224271.669055  
102 16.110000 25017.986789 204735.925916  
103 16.120000 23060.500992 187053.626584  
104 16.130000 21271.371824 171034.753093  
105 16.140000 19634.826914 156510.198294  
106 16.150000 18136.690778 143329.309873  
107 16.160000 16764.211252 131357.740710  
108 16.170000 15505.906068 120475.565183  
109 16.180000 14351.427080 110575.626615  
110 16.190000 13291.439990 101562.085877  
111 16.200000 12317.517685 93349.145230  
112 16.210000 11422.045563 85859.925054  
113 16.220000 10598.137402 79025.474063  
114 16.230000 9839.560535 72783.896243  
115 16.240000 9140.669227 67079.579942  
116 16.250000 8496.345315 61862.516472  
117 16.260000 7901.945246 57087.697214  
118 16.270000 7353.252807 52714.579682  
119 16.280000 6846.436875 48706.614166  
120 16.290000 6378.013629 45030.823714  
121 16.300000 5944.812726 41657.431060  
122 16.310000 5543.946998 38559.526980  
123 16.320000 5172.785269 35712.775171  
124 16.330000 4828.927971 33095.149424  
125 16.340000 4510.185235 30686.699335  
126 16.350000 4214.557198 28469.341281  
127 16.360000 3940.216283 26426.671771  
128 16.370000 3685.491252 24543.800643  
129 16.380000 3448.852832 22807.201868  
130 16.390000 3228.900748 21204.579995  
131 16.400000 3024.352035 19724.750501  
132 16.410000 2834.030467 18357.532512  
133 16.420000 2656.857016 17093.652546  
134 16.430000 2491.841214 15924.658067  
135 16.440000 2338.073342 14842.839803  
136 16.450000 2194.717351 13841.161886  
137 16.460000 2061.004449 12913.198965  
138 16.470000 1936.227283 12053.079579  
139 16.480000 1819.734659 11255.435110  
140 16.490000 1710.926750 10515.353740  
141 16.500000 1609.250737 9828.338899  
142 16.510000 1514.196851 9190.271728  
143 16.520000 1425.294762 8597.377155  
144 16.530000 1342.110304 8046.193214  
145 16.540000 1264.242480 7533.543274  
146 16.550000 1191.320740 7056.510893  
147 16.560000 1123.002491 6612.417026  
148 16.570000 1058.970834 6198.799360  
149 16.580000 998.932484 5813.393565  
150 16.590000 942.615886 5454.116265  
151 16.600000 889.769474 5119.049575  
152 16.610000 840.160096 4806.427040  
153 16.620000 793.571559 4514.620844  
154 16.630000 749.803307 4242.130176  
155 16.640000 708.669197 3987.570627  
156 16.650000 669.996394 3749.664534  
157 16.660000 633.624338 3527.232176  
158 16.670000 599.403813 3319.183740  
159 16.680000 567.196082 3124.511995  
160 16.690000 536.872096 2942.285591  
161 16.700000 508.311765 2771.642950  
162 16.710000 481.403289 2611.786671  
163 16.720000 456.042544 2461.978412  
164 16.730000 432.132513 2321.534216  
165 16.740000 409.582764 2189.820221  
166 16.750000 388.308972 2066.248734  
167 16.760000 368.232469 1950.274635  
168 16.770000 349.279844 1841.392076  
169 16.780000 331.382558 1739.131451  
170 16.790000 314.476600 1643.056621  
171 16.800000 298.502161 1552.762361  
172 16.810000 283.403342 1467.872012  
173 16.820000 269.127878 1388.035330  
174 16.830000 255.626879 1312.926502  
175 16.840000 242.854601 1242.242321  
176 16.850000 230.768226 1175.700507  
177 16.860000 219.327661 1113.038166  
178 16.870000 208.495350 1054.010358  
179 16.880000 198.236102 998.388789  
180 16.890000 188.516931 945.960600  
181 16.900000 179.306908 896.527249  
182 16.910000 170.577022 849.903480  
183 16.920000 162.300051 805.916372  
184 16.930000 154.450445 764.404461  
185 16.940000 147.004215 725.216924  
186 16.950000 139.938830 688.212832  
187 16.960000 133.233120 653.260454  
188 16.970000 126.867193 620.236612  
189 16.980000 120.822345 589.026090  
190 16.990000 115.080987 559.521083  
191 17.000000 109.626575 531.620681  
192 17.010000 104.443540 505.230406  
193 17.020000 99.517229 480.261765  
194 17.030000 94.833843 456.631849  
195 17.040000 90.380389 434.262953  
196 17.050000 86.144624 413.082228  
197 17.060000 82.115012 393.021354  
198 17.070000 78.280678 374.016243  
199 17.080000 74.631369 356.006753  
200 17.090000 71.157413 338.936431  
201 17.100000 67.849687 322.752269  
202 17.110000 64.699580 307.404480  
203 17.120000 61.698965 292.846290  
204 17.130000 58.840169 279.033739  
205 17.140000 56.115943 265.925502  
206 17.150000 53.519441 253.482720  
207 17.160000 51.044193 241.668842  
208 17.170000 48.684083 230.449479  
209 17.180000 46.433329 219.792264  
210 17.190000 44.286465 209.666729  
211 17.200000 42.238318 200.044184  
212 17.210000 40.283995 190.897603  
213 17.220000 38.418865 182.201526  
214 17.230000 36.638543 173.931958  
215 17.240000 34.938880 166.066279  
216 17.250000 33.315943 158.583161  
217 17.260000 31.766008 151.462488  
218 17.270000 30.285548 144.685284  
219 17.280000 28.871218 138.233641  
220 17.290000 27.519846 132.090656  
221 17.300000 26.228429 126.240372  
222 17.310000 24.994114 120.667718  
223 17.320000 23.814197 115.358460  
224 17.330000 22.686111 110.299148  
225 17.340000 21.607423 105.477072  
226 17.350000 20.575819 100.880219  
227 17.360000 19.589106 96.497227  
228 17.370000 18.645198 92.317355  
229 17.380000 17.742115 88.330440  
230 17.390000 16.877978 84.526867  
231 17.400000 16.050997 80.897537  
232 17.410000 15.259475 77.433836  
233 17.420000 14.501796 74.127609  
234 17.430000 13.776424 70.971132  
235 17.440000 13.081898 67.957091  
236 17.450000 12.416830 65.078555  
237 17.460000 11.779898 62.328954  
238 17.470000 11.169842 59.702064  
239 17.480000 10.585467 57.191982  
240 17.490000 10.025632 54.793112  
241 17.500000 9.489252 52.500146  
242 17.510000 8.975293 50.308046  
243 17.520000 8.482771 48.212037  
244 17.530000 8.010747 46.207582  
245 17.540000 7.558328 44.290377  
246 17.550000 7.124662 42.456336  
247 17.560000 6.708937 40.701578  
248 17.570000 6.310379 39.022416  
249 17.580000 5.928248 37.415348  
250 17.590000 5.561842 35.877048  
251 17.600000 5.210489 34.404352  
252 17.610000 4.873547 32.994256  
253 17.620000 4.550405 31.643900  
254 17.630000 4.240479 30.350568  
255 17.640000 3.943212 29.111675  
256 17.650000 3.658072 27.924762  
257 17.660000 3.384551 26.787489  
258 17.670000 3.122164 25.697631  
259 17.680000 2.870448 24.653068  
260 17.690000 2.628959 23.651783  
261 17.700000 2.397274 22.691856  
262 17.710000 2.174990 21.771458  
263 17.720000 1.961719 20.888845  
264 17.730000 1.757092 20.042360  
265 17.740000 1.560757 19.230420  
266 17.750000 1.372374 18.451517  
267 17.760000 1.191621 17.704217  
268 17.770000 1.018189 16.987149  
269 17.780000 0.851781 16.299008  
270 17.790000 0.692116 15.638549  
271 17.800000 0.538922 15.004584  
272 17.810000 0.391940 14.395980  
273 17.820000 0.250922 13.811656  
274 17.830000 0.115629 13.250581  
275 17.840000 -0.014164 12.711771  
276 17.850000 -0.138677 12.194285  
277 17.860000 -0.258118 11.697226  
278 17.870000 -0.372687 11.219739  
279 17.880000 -0.482575 10.761004  
280 17.890000 -0.587967 10.320240  
281 17.900000 -0.689037 9.896701  
282 17.910000 -0.785956 9.489674  
283 17.920000 -0.878884 9.098475  
284 17.930000 -0.967976 8.722455  
285 17.940000 -1.053381 8.360991  
286 17.950000 -1.135242 8.013486  
287 17.960000 -1.213696 7.679372  
288 17.970000 -1.288873 7.358104  
289 17.980000 -1.360899 7.049162  
290 17.990000 -1.429895 6.752047  
291 18.000000 -1.495978 6.466283  
292 18.010000 -1.559257 6.191414  
293 18.020000 -1.619841 5.927003  
294 18.030000 -1.677831 5.672633  
295 18.040000 -1.733326 5.427903  
296 18.050000 -1.786420 5.192431  
297 18.060000 -1.837204 4.965850  
298 18.070000 -1.885765 4.747810  
299 18.080000 -1.932187 4.537973  
300 18.090000 -1.976551 4.336019  
301 18.100000 -2.018933 4.141637  
302 18.110000 -2.059408 3.954533  
303 18.120000 -2.098047 3.774423  
304 18.130000 -2.134919 3.601035  
305 18.140000 -2.170089 3.434110  
306 18.150000 -2.203622 3.273397  
307 18.160000 -2.235577 3.118657  
308 18.170000 -2.266014 2.969661  
309 18.180000 -2.294989 2.826188  
310 18.190000 -2.322555 2.688029  
311 18.200000 -2.348766 2.554979  
312 18.210000 -2.373671 2.426845  
313 18.220000 -2.397319 2.303440  
314 18.230000 -2.419755 2.184586  
315 18.240000 -2.441025 2.070110  
316 18.250000 -2.461172 1.959849  
317 18.260000 -2.480236 1.853643  
318 18.270000 -2.498257 1.751341  
319 18.280000 -2.515275 1.652796  
320 18.290000 -2.531325 1.557870  
321 18.300000 -2.546444 1.466427  
322 18.310000 -2.560665 1.378338  
323 18.320000 -2.574022 1.293480  
324 18.330000 -2.586545 1.211732  
325 18.340000 -2.598266 1.132980  
326 18.350000 -2.609214 1.057114  
327 18.360000 -2.619418 0.984028  
328 18.370000 -2.628904 0.913621  
329 18.380000 -2.637699 0.845794  
330 18.390000 -2.645828 0.780454  
331 18.400000 -2.653316 0.717510  
332 18.410000 -2.660186 0.656876  
333 18.420000 -2.666461 0.598467  
334 18.430000 -2.672162 0.542203  
335 18.440000 -2.677312 0.488008  
336 18.450000 -2.681929 0.435806  
337 18.460000 -2.686034 0.385526  
338 18.470000 -2.689646 0.337099  
339 18.480000 -2.692782 0.290459  
340 18.490000 -2.695461 0.245543  
341 18.500000 -2.697699 0.202288  
342 18.510000 -2.699512 0.160635  
343 18.520000 -2.700916 0.120528  
344 18.530000 -2.701927 0.081912  
345 18.540000 -2.702559 0.044734  
346 18.550000 -2.702827 0.008944  
347 18.560000 -2.702743 -0.025508  
348 18.570000 -2.702321 -0.058668  
349 18.580000 -2.701574 -0.090582  
350 18.590000 -2.700513 -0.121294  
351 18.600000 -2.699152 -0.150846  
352 18.610000 -2.697500 -0.179278  
353 18.620000 -2.695570 -0.206629  
354 18.630000 -2.693371 -0.232937  
355 18.640000 -2.690914 -0.258239  
356 18.650000 -2.688209 -0.282569  
357 18.660000 -2.685266 -0.305961  
358 18.670000 -2.682093 -0.328448  
359 18.680000 -2.678700 -0.350060  
360 18.690000 -2.675095 -0.370829  
361 18.700000 -2.671286 -0.390783  
362 18.710000 -2.667282 -0.409950  
363 18.720000 -2.663090 -0.428357  
364 18.730000 -2.658717 -0.446032  
365 18.740000 -2.654171 -0.462998  
366 18.750000 -2.649459 -0.479280  
367 18.760000 -2.644588 -0.494901  
368 18.770000 -2.639564 -0.509885  
369 18.780000 -2.634392 -0.524253  
370 18.790000 -2.629080 -0.538025  
371 18.800000 -2.623634 -0.551223  
372 18.810000 -2.618058 -0.563867  
373 18.820000 -2.612358 -0.575974  
374 18.830000 -2.606540 -0.587563  
375 18.840000 -2.600609 -0.598652  
376 18.850000 -2.594569 -0.609258  
377 18.860000 -2.588425 -0.619397  
378 18.870000 -2.582182 -0.629086  
379 18.880000 -2.575845 -0.638339  
380 18.890000 -2.569417 -0.647171  
381 18.900000 -2.562903 -0.655597  
382 18.910000 -2.556306 -0.663631  
383 18.920000 -2.549631 -0.671285  
384 18.930000 -2.542882 -0.678572  
385 18.940000 -2.536061 -0.685506  
386 18.950000 -2.529173 -0.692098  
387 18.960000 -2.522220 -0.698359  
388 18.970000 -2.515207 -0.704302  
389 18.980000 -2.508135 -0.709936  
390 18.990000 -2.501009 -0.715272  
391 19.000000 -2.493831 -0.720320  
392 19.010000 -2.486603 -0.725091  
393 19.020000 -2.479330 -0.729593  
394 19.030000 -2.472012 -0.733836  
395 19.040000 -2.464654 -0.737828  
396 19.050000 -2.457257 -0.741578  
397 19.060000 -2.449823 -0.745095  
398 19.070000 -2.442356 -0.748385  
399 19.080000 -2.434856 -0.751458  
400 19.090000 -2.427327 -0.754320  
401 19.100000 -2.419770 -0.756978  
402 19.110000 -2.412188 -0.759440  
403 19.120000 -2.404582 -0.761712  
404 19.130000 -2.396955 -0.763801  
405 19.140000 -2.389307 -0.765713  
406 19.150000 -2.381641 -0.767454  
407 19.160000 -2.373958 -0.769030  
408 19.170000 -2.366261 -0.770447  
409 19.180000 -2.358550 -0.771710  
410 19.190000 -2.350827 -0.772825  
411 19.200000 -2.343094 -0.773796  
412 19.210000 -2.335352 -0.774630  
413 19.220000 -2.327602 -0.775329  
414 19.230000 -2.319845 -0.775900  
415 19.240000 -2.312084 -0.776346  
416 19.250000 -2.304319 -0.776673  
417 19.260000 -2.296551 -0.776884  
418 19.270000 -2.288782 -0.776983  
419 19.280000 -2.281012 -0.776975  
420 19.290000 -2.273242 -0.776862  
421 19.300000 -2.265475 -0.776650  
422 19.310000 -2.257710 -0.776341  
423 19.320000 -2.249948 -0.775939  
424 19.330000 -2.242191 -0.775447  
425 19.340000 -2.234440 -0.774869  
426 19.350000 -2.226694 -0.774207  
427 19.360000 -2.218956 -0.773465  
428 19.370000 -2.211225 -0.772646  
429 19.380000 -2.203503 -0.771752  
430 19.390000 -2.195790 -0.770786  
431 19.400000 -2.188088 -0.769752  
432 19.410000 -2.180396 -0.768650  
433 19.420000 -2.172715 -0.767485  
434 19.430000 -2.165046 -0.766258  
435 19.440000 -2.157390 -0.764972  
436 19.450000 -2.149747 -0.763629  
437 19.460000 -2.142117 -0.762232  
438 19.470000 -2.134502 -0.760781  
439 19.480000 -2.126902 -0.759280  
440 19.490000 -2.119317 -0.757731  
441 19.500000 -2.111748 -0.756134  
442 19.510000 -2.104194 -0.754493  
443 19.520000 -2.096658 -0.752809  
444 19.530000 -2.089138 -0.751084  
445 19.540000 -2.081636 -0.749319  
446 19.550000 -2.074152 -0.747516  
447 19.560000 -2.066686 -0.745677  
448 19.570000 -2.059239 -0.743803  
449 19.580000 -2.051810 -0.741896  
450 19.590000 -2.044401 -0.739957  
451 19.600000 -2.037011 -0.737988  
452 19.610000 -2.029641 -0.735989  
453 19.620000 -2.022291 -0.733962  
454 19.630000 -2.014962 -0.731909  
455 19.640000 -2.007653 -0.729831  
456 19.650000 -2.000365 -0.727729  
457 19.660000 -1.993099 -0.725603  
458 19.670000 -1.985853 -0.723456  
459 19.680000 -1.978630 -0.721287  
460 19.690000 -1.971428 -0.719099  
461 19.700000 -1.964248 -0.716893  
462 19.710000 -1.957090 -0.714668  
463 19.720000 -1.949955 -0.712427  
464 19.730000 -1.942842 -0.710170  
465 19.740000 -1.935751 -0.707897  
466 19.750000 -1.928684 -0.705611  
467 19.760000 -1.921639 -0.703311  
468 19.770000 -1.914617 -0.700998  
469 19.780000 -1.907619 -0.698674  
470 19.790000 -1.900644 -0.696339  
471 19.800000 -1.893692 -0.693993  
472 19.810000 -1.886764 -0.691638  
473 19.820000 -1.879860 -0.689273  
474 19.830000 -1.872979 -0.686901  
475 19.840000 -1.866122 -0.684521  
476 19.850000 -1.859288 -0.682133  
477 19.860000 -1.852479 -0.679740  
478 19.870000 -1.845694 -0.677340  
479 19.880000 -1.838932 -0.674935  
480 19.890000 -1.832195 -0.672526  
481 19.900000 -1.825482 -0.670112  
482 19.910000 -1.818793 -0.667694  
483 19.920000 -1.812128 -0.665273  
484 19.930000 -1.805487 -0.662849  
485 19.940000 -1.798871 -0.660423  
486 19.950000 -1.792279 -0.657995  
487 19.960000 -1.785711 -0.655566  
488 19.970000 -1.779167 -0.653135  
489 19.980000 -1.772648 -0.650704  
490 19.990000 -1.766153 -0.648273  
491 20.000000 -1.759683 -0.645841  
492 20.010000 -1.753237 -0.643410  
493 20.020000 -1.746815 -0.640980  
494 20.030000 -1.740417 -0.638551  
495 20.040000 -1.734044 -0.636123  
496 20.050000 -1.727694 -0.633697  
497 20.060000 -1.721370 -0.631273  
498 20.070000 -1.715069 -0.628851  
499 20.080000 -1.708793 -0.626432  
500 20.090000 -1.702540 -0.624015  
501 20.100000 -1.696312 -0.621602  
502 20.110000 -1.690108 -0.619193  
503 20.120000 -1.683928 -0.616786  
504 20.130000 -1.677773 -0.614384  
505 20.140000 -1.671641 -0.611986  
506 20.150000 -1.665533 -0.609592  
507 20.160000 -1.659449 -0.607202  
508 20.170000 -1.653389 -0.604817  
509 20.180000 -1.647353 -0.602437  
510 20.190000 -1.641340 -0.600062  
511 20.200000 -1.635351 -0.597692  
512 20.210000 -1.629386 -0.595328  
513 20.220000 -1.623445 -0.592969  
514 20.230000 -1.617527 -0.590616  
515 20.240000 -1.611632 -0.588269  
516 20.250000 -1.605761 -0.585928  
517 20.260000 -1.599914 -0.583593  
518 20.270000 -1.594089 -0.581264  
519 20.280000 -1.588288 -0.578941  
520 20.290000 -1.582511 -0.576626  
521 20.300000 -1.576756 -0.574316  
522 20.310000 -1.571024 -0.572014  
523 20.320000 -1.565316 -0.569719  
524 20.330000 -1.559630 -0.567430  
525 20.340000 -1.553967 -0.565148  
526 20.350000 -1.548327 -0.562874  
527 20.360000 -1.542710 -0.560607  
528 20.370000 -1.537115 -0.558347  
529 20.380000 -1.531543 -0.556095  
530 20.390000 -1.525993 -0.553850  
531 20.400000 -1.520466 -0.551613  
532 20.410000 -1.514961 -0.549383  
533 20.420000 -1.509478 -0.547161  
534 20.430000 -1.504017 -0.544947  
535 20.440000 -1.498579 -0.542741  
536 20.450000 -1.493162 -0.540543  
537 20.460000 -1.487768 -0.538352  
538 20.470000 -1.482395 -0.536170  
539 20.480000 -1.477045 -0.533995  
540 20.490000 -1.471715 -0.531829  
541 20.500000 -1.466408 -0.529671  
542 20.510000 -1.461122 -0.527521  
543 20.520000 -1.455857 -0.525379  
544 20.530000 -1.450614 -0.523245  
545 20.540000 -1.445393 -0.521120  
546 20.550000 -1.440192 -0.519003  
547 20.560000 -1.435012 -0.516894  
548 20.570000 -1.429854 -0.514793  
549 20.580000 -1.424717 -0.512701  
550 20.590000 -1.419600 -0.510618  
551 20.600000 -1.414504 -0.508542  
552 20.610000 -1.409429 -0.506475  
553 20.620000 -1.404375 -0.504417  
554 20.630000 -1.399341 -0.502367  
555 20.640000 -1.394327 -0.500326  
556 20.650000 -1.389334 -0.498292  
557 20.660000 -1.384361 -0.496268  
558 20.670000 -1.379409 -0.494252  
559 20.680000 -1.374476 -0.492244  
560 20.690000 -1.369564 -0.490245  
561 20.700000 -1.364671 -0.488254  
562 20.710000 -1.359799 -0.486272  
563 20.720000 -1.354946 -0.484299  
564 20.730000 -1.350113 -0.482333  
565 20.740000 -1.345299 -0.480377  
566 20.750000 -1.340505 -0.478429  
567 20.760000 -1.335731 -0.476489  
568 20.770000 -1.330975 -0.474558  
569 20.780000 -1.326239 -0.472635  
570 20.790000 -1.321523 -0.470720  
571 20.800000 -1.316825 -0.468814  
572 20.810000 -1.312146 -0.466917  
573 20.820000 -1.307487 -0.465028  
574 20.830000 -1.302846 -0.463147  
575 20.840000 -1.298224 -0.461275  
576 20.850000 -1.293620 -0.459411  
577 20.860000 -1.289035 -0.457555  
578 20.870000 -1.284469 -0.455708  
579 20.880000 -1.279921 -0.453869  
580 20.890000 -1.275392 -0.452039  
581 20.900000 -1.270880 -0.450216  
582 20.910000 -1.266387 -0.448402  
583 20.920000 -1.261912 -0.446596  
584 20.930000 -1.257455 -0.444799  
585 20.940000 -1.253016 -0.443009  
586 20.950000 -1.248595 -0.441228  
587 20.960000 -1.244192 -0.439455  
588 20.970000 -1.239806 -0.437690  
589 20.980000 -1.235438 -0.435933  
590 20.990000 -1.231087 -0.434184  
591 21.000000 -1.226754 -0.432444  
592 21.010000 -1.222439 -0.430711  
593 21.020000 -1.218140 -0.428986  
594 21.030000 -1.213859 -0.427270  
595 21.040000 -1.209595 -0.425561  
596 21.050000 -1.205348 -0.423860  
597 21.060000 -1.201117 -0.422168  
598 21.070000 -1.196904 -0.420483  
599 21.080000 -1.192708 -0.418805  
600 21.090000 -1.188528 -0.417136  
601 21.100000 -1.184365 -0.415475  
602 21.110000 -1.180218 -0.413821  
603 21.120000 -1.176089 -0.412175  
604 21.130000 -1.171975 -0.410537  
605 21.140000 -1.167878 -0.408906  
606 21.150000 -1.163797 -0.407283  
607 21.160000 -1.159732 -0.405668  
608 21.170000 -1.155683 -0.404060  
609 21.180000 -1.151651 -0.402460  
610 21.190000 -1.147634 -0.400867  
611 21.200000 -1.143633 -0.399282  
612 21.210000 -1.139649 -0.397704  
613 21.220000 -1.135679 -0.396134  
614 21.230000 -1.131726 -0.394571  
615 21.240000 -1.127788 -0.393016  
616 21.250000 -1.123865 -0.391468  
617 21.260000 -1.119959 -0.389927  
618 21.270000 -1.116067 -0.388394  
619 21.280000 -1.112191 -0.386867  
620 21.290000 -1.108330 -0.385348  
621 21.300000 -1.104484 -0.383836  
622 21.310000 -1.100653 -0.382332  
623 21.320000 -1.096837 -0.380834  
624 21.330000 -1.093036 -0.379344  
625 21.340000 -1.089250 -0.377860  
626 21.350000 -1.085479 -0.376384  
627 21.360000 -1.081722 -0.374915  
628 21.370000 -1.077981 -0.373452  
629 21.380000 -1.074253 -0.371997  
630 21.390000 -1.070541 -0.370548  
631 21.400000 -1.066842 -0.369106  
632 21.410000 -1.063158 -0.367672  
633 21.420000 -1.059489 -0.366243  
634 21.430000 -1.055834 -0.364822  
635 21.440000 -1.052192 -0.363408  
636 21.450000 -1.048565 -0.362000  
637 21.460000 -1.044952 -0.360599  
638 21.470000 -1.041353 -0.359204  
639 21.480000 -1.037768 -0.357816  
640 21.490000 -1.034197 -0.356435  
641 21.500000 -1.030640 -0.355060  
642 21.510000 -1.027096 -0.353692  
643 21.520000 -1.023566 -0.352330  
644 21.530000 -1.020049 -0.350975  
645 21.540000 -1.016546 -0.349626  
646 21.550000 -1.013057 -0.348283  
647 21.560000 -1.009580 -0.346947  
648 21.570000 -1.006118 -0.345617  
649 21.580000 -1.002668 -0.344294  
650 21.590000 -0.999232 -0.342977  
651 21.600000 -0.995809 -0.341666  
652 21.610000 -0.992398 -0.340361  
653 21.620000 -0.989001 -0.339062  
654 21.630000 -0.985617 -0.337770  
655 21.640000 -0.982246 -0.336483  
656 21.650000 -0.978887 -0.335203  
657 21.660000 -0.975542 -0.333929  
658 21.670000 -0.972209 -0.332660  
659 21.680000 -0.968889 -0.331398  
660 21.690000 -0.965581 -0.330142  
661 21.700000 -0.962286 -0.328892  
662 21.710000 -0.959003 -0.327647  
663 21.720000 -0.955733 -0.326408  
664 21.730000 -0.952475 -0.325176  
665 21.740000 -0.949229 -0.323949  
666 21.750000 -0.945996 -0.322728  
667 21.760000 -0.942775 -0.321512  
668 21.770000 -0.939566 -0.320302  
669 21.780000 -0.936369 -0.319098  
670 21.790000 -0.933184 -0.317900  
671 21.800000 -0.930011 -0.316707  
672 21.810000 -0.926849 -0.315520  
673 21.820000 -0.923700 -0.314338  
674 21.830000 -0.920563 -0.313162  
675 21.840000 -0.917437 -0.311992  
676 21.850000 -0.914323 -0.310827  
677 21.860000 -0.911220 -0.309667  
678 21.870000 -0.908129 -0.308513  
679 21.880000 -0.905050 -0.307364  
680 21.890000 -0.901982 -0.306221  
681 21.900000 -0.898926 -0.305083  
682 21.910000 -0.895880 -0.303950  
683 21.920000 -0.892847 -0.302822  
684 21.930000 -0.889824 -0.301700  
685 21.940000 -0.886813 -0.300583  
686 21.950000 -0.883812 -0.299471  
687 21.960000 -0.880823 -0.298365  
688 21.970000 -0.877845 -0.297263  
689 21.980000 -0.874878 -0.296167  
690 21.990000 -0.871922 -0.295076  
691 22.000000 -0.868976 -0.293989  
692 22.010000 -0.866042 -0.292908  
693 22.020000 -0.863118 -0.291832  
694 22.030000 -0.860205 -0.290761  
695 22.040000 -0.857303 -0.289695  
696 22.050000 -0.854411 -0.288634  
697 22.060000 -0.851530 -0.287577  
698 22.070000 -0.848660 -0.286526  
699 22.080000 -0.845800 -0.285479  
700 22.090000 -0.842950 -0.284437  
701 22.100000 -0.840111 -0.283400  
702 22.110000 -0.837282 -0.282368  
703 22.120000 -0.834464 -0.281341  
704 22.130000 -0.831655 -0.280318  
705 22.140000 -0.828857 -0.279300  
706 22.150000 -0.826069 -0.278286  
707 22.160000 -0.823291 -0.277278  
708 22.170000 -0.820524 -0.276274  
709 22.180000 -0.817766 -0.275274  
710 22.190000 -0.815018 -0.274279  
711 22.200000 -0.812280 -0.273289  
712 22.210000 -0.809552 -0.272303  
713 22.220000 -0.806834 -0.271322  
714 22.230000 -0.804126 -0.270345  
715 22.240000 -0.801427 -0.269373  
716 22.250000 -0.798738 -0.268405  
717 22.260000 -0.796059 -0.267441  
718 22.270000 -0.793390 -0.266482  
719 22.280000 -0.790730 -0.265527  
720 22.290000 -0.788079 -0.264577  
721 22.300000 -0.785438 -0.263631  
722 22.310000 -0.782806 -0.262689  
723 22.320000 -0.780184 -0.261751  
724 22.330000 -0.777571 -0.260818  
725 22.340000 -0.774968 -0.259889  
726 22.350000 -0.772374 -0.258964  
727 22.360000 -0.769789 -0.258043  
728 22.370000 -0.767213 -0.257127  
729 22.380000 -0.764646 -0.256214  
730 22.390000 -0.762088 -0.255306  
731 22.400000 -0.759540 -0.254402  
732 22.410000 -0.757000 -0.253502  
733 22.420000 -0.754470 -0.252606  
734 22.430000 -0.751948 -0.251714  
735 22.440000 -0.749436 -0.250825  
736 22.450000 -0.746932 -0.249941  
737 22.460000 -0.744437 -0.249061  
738 22.470000 -0.741951 -0.248185  
739 22.480000 -0.739473 -0.247313  
740 22.490000 -0.737004 -0.246444  
741 22.500000 -0.734544 -0.245580  
742 22.510000 -0.732093 -0.244719  
743 22.520000 -0.729650 -0.243863  
744 22.530000 -0.727215 -0.243010  
745 22.540000 -0.724790 -0.242161  
746 22.550000 -0.722372 -0.241315  
747 22.560000 -0.719963 -0.240474  
748 22.570000 -0.717563 -0.239636  
749 22.580000 -0.715170 -0.238801  
750 22.590000 -0.712787 -0.237971  
751 22.600000 -0.710411 -0.237144  
752 22.610000 -0.708044 -0.236321  
753 22.620000 -0.705685 -0.235502  
754 22.630000 -0.703334 -0.234686  
755 22.640000 -0.700991 -0.233873  
756 22.650000 -0.698656 -0.233065  
757 22.660000 -0.696330 -0.232260  
758 22.670000 -0.694011 -0.231458  
759 22.680000 -0.691700 -0.230660  
760 22.690000 -0.689398 -0.229866  
761 22.700000 -0.687103 -0.229074  
762 22.710000 -0.684816 -0.228287  
763 22.720000 -0.682537 -0.227503  
764 22.730000 -0.680266 -0.226722  
765 22.740000 -0.678003 -0.225945  
766 22.750000 -0.675747 -0.225171  
767 22.760000 -0.673499 -0.224400  
768 22.770000 -0.671259 -0.223633  
769 22.780000 -0.669027 -0.222869  
770 22.790000 -0.666802 -0.222109  
771 22.800000 -0.664585 -0.221352  
772 22.810000 -0.662375 -0.220598  
773 22.820000 -0.660173 -0.219847  
774 22.830000 -0.657978 -0.219100  
775 22.840000 -0.655791 -0.218356  
776 22.850000 -0.653611 -0.217615  
777 22.860000 -0.651438 -0.216877  
778 22.870000 -0.649273 -0.216143  
779 22.880000 -0.647115 -0.215412  
780 22.890000 -0.644965 -0.214684  
781 22.900000 -0.642822 -0.213959  
782 22.910000 -0.640686 -0.213237  
783 22.920000 -0.638557 -0.212518  
784 22.930000 -0.636435 -0.211802  
785 22.940000 -0.634321 -0.211090  
786 22.950000 -0.632214 -0.210380  
787 22.960000 -0.630113 -0.209674  
788 22.970000 -0.628020 -0.208970  
789 22.980000 -0.625934 -0.208270  
790 22.990000 -0.623855 -0.207572  
791 23.000000 -0.621782 -0.206878  
792 23.010000 -0.619717 -0.206186  
793 23.020000 -0.617659 -0.205498  
794 23.030000 -0.615607 -0.204812  
795 23.040000 -0.613562 -0.204129  
796 23.050000 -0.611525 -0.203450  
797 23.060000 -0.609493 -0.202773  
798 23.070000 -0.607469 -0.202099  
799 23.080000 -0.605451 -0.201428  
800 23.090000 -0.603441 -0.200759  
801 23.100000 -0.601436 -0.200094  
802 23.110000 -0.599439 -0.199431  
803 23.120000 -0.597448 -0.198771  
804 23.130000 -0.595463 -0.198114  
805 23.140000 -0.593485 -0.197460  
806 23.150000 -0.591514 -0.196808  
807 23.160000 -0.589549 -0.196160  
808 23.170000 -0.587591 -0.195513  
809 23.180000 -0.585639 -0.194870  
810 23.190000 -0.583693 -0.194229  
811 23.200000 -0.581754 -0.193592  
812 23.210000 -0.579822 -0.192956  
813 23.220000 -0.577895 -0.192324  
814 23.230000 -0.575975 -0.191694  
815 23.240000 -0.574061 -0.191066  
816 23.250000 -0.572154 -0.190442  
817 23.260000 -0.570252 -0.189820  
818 23.270000 -0.568357 -0.189200  
819 23.280000 -0.566468 -0.188583  
820 23.290000 -0.564586 -0.187969  
821 23.300000 -0.562709 -0.187357  
822 23.310000 -0.560839 -0.186748  
823 23.320000 -0.558974 -0.186141  
824 23.330000 -0.557116 -0.185537  
825 23.340000 -0.555263 -0.184935  
826 23.350000 -0.553417 -0.184336  
827 23.360000 -0.551577 -0.183739  
828 23.370000 -0.549742 -0.183145  
829 23.380000 -0.547914 -0.182553  
830 23.390000 -0.546091 -0.181964  
831 23.400000 -0.544274 -0.181377  
832 23.410000 -0.542464 -0.180792  
833 23.420000 -0.540659 -0.180210  
834 23.430000 -0.538859 -0.179630  
835 23.440000 -0.537066 -0.179053  
836 23.450000 -0.535278 -0.178478  
837 23.460000 -0.533496 -0.177905  
838 23.470000 -0.531720 -0.177335  
839 23.480000 -0.529950 -0.176767  
840 23.490000 -0.528185 -0.176202  
841 23.500000 -0.526426 -0.175638  
842 23.510000 -0.524672 -0.175077  
843 23.520000 -0.522924 -0.174519  
844 23.530000 -0.521182 -0.173962  
845 23.540000 -0.519445 -0.173408  
846 23.550000 -0.517714 -0.172856  
847 23.560000 -0.515988 -0.172306  
848 23.570000 -0.514267 -0.171759  
849 23.580000 -0.512553 -0.171214  
850 23.590000 -0.510843 -0.170671  
851 23.600000 -0.509139 -0.170130  
852 23.610000 -0.507440 -0.169591  
853 23.620000 -0.505747 -0.169055  
854 23.630000 -0.504059 -0.168521  
855 23.640000 -0.502377 -0.167989  
856 23.650000 -0.500700 -0.167459  
857 23.660000 -0.499028 -0.166931  
858 23.670000 -0.497361 -0.166405  
859 23.680000 -0.495700 -0.165881  
860 23.690000 -0.494043 -0.165360  
861 23.700000 -0.492392 -0.164840  
862 23.710000 -0.490747 -0.164323  
863 23.720000 -0.489106 -0.163808  
864 23.730000 -0.487470 -0.163295  
865 23.740000 -0.485840 -0.162784  
866 23.750000 -0.484215 -0.162274  
867 23.760000 -0.482594 -0.161767  
868 23.770000 -0.480979 -0.161262  
869 23.780000 -0.479369 -0.160759  
870 23.790000 -0.477764 -0.160258  
871 23.800000 -0.476164 -0.159759  
872 23.810000 -0.474569 -0.159262  
873 23.820000 -0.472979 -0.158767  
874 23.830000 -0.471394 -0.158274  
875 23.840000 -0.469813 -0.157783  
876 23.850000 -0.468238 -0.157294  
877 23.860000 -0.466667 -0.156806  
878 23.870000 -0.465102 -0.156321  
879 23.880000 -0.463541 -0.155838  
880 23.890000 -0.461985 -0.155356  
881 23.900000 -0.460434 -0.154876  
882 23.910000 -0.458888 -0.154399  
883 23.920000 -0.457346 -0.153923  
884 23.930000 -0.455809 -0.153449  
885 23.940000 -0.454277 -0.152977  
886 23.950000 -0.452750 -0.152506  
887 23.960000 -0.451227 -0.152038  
888 23.970000 -0.449709 -0.151571  
889 23.980000 -0.448195 -0.151107  
890 23.990000 -0.446687 -0.150644  
891 24.000000 -0.445182 -0.150182  
892 24.010000 -0.443683 -0.149723  
893 24.020000 -0.442188 -0.149266  
894 24.030000 -0.440698 -0.148810  
895 24.040000 -0.439212 -0.148356  
896 24.050000 -0.437731 -0.147904  
897 24.060000 -0.436254 -0.147453  
898 24.070000 -0.434781 -0.147004  
899 24.080000 -0.433314 -0.146557  
900 24.090000 -0.431850 -0.146112  
901 24.100000 -0.430391 -0.145669  
902 24.110000 -0.428937 -0.145227  
903 24.120000 -0.427487 -0.144787  
904 24.130000 -0.426041 -0.144348  
905 24.140000 -0.424600 -0.143912  
906 24.150000 -0.423163 -0.143477  
907 24.160000 -0.421730 -0.143043  
908 24.170000 -0.420302 -0.142612  
909 24.180000 -0.418878 -0.142182  
910 24.190000 -0.417458 -0.141753  
911 24.200000 -0.416043 -0.141327  
912 24.210000 -0.414632 -0.140901  
913 24.220000 -0.413225 -0.140478  
914 24.230000 -0.411822 -0.140056  
915 24.240000 -0.410424 -0.139636  
916 24.250000 -0.409030 -0.139217  
917 24.260000 -0.407640 -0.138800  
918 24.270000 -0.406254 -0.138385  
919 24.280000 -0.404872 -0.137971  
920 24.290000 -0.403494 -0.137559  
921 24.300000 -0.402121 -0.137148  
922 24.310000 -0.400751 -0.136739  
923 24.320000 -0.399386 -0.136331  
924 24.330000 -0.398025 -0.135925  
925 24.340000 -0.396667 -0.135521  
926 24.350000 -0.395314 -0.135118  
927 24.360000 -0.393965 -0.134717  
928 24.370000 -0.392620 -0.134317  
929 24.380000 -0.391279 -0.133918  
930 24.390000 -0.389941 -0.133521  
931 24.400000 -0.388608 -0.133126  
932 24.410000 -0.387279 -0.132732  
933 24.420000 -0.385954 -0.132340  
934 24.430000 -0.384632 -0.131949  
935 24.440000 -0.383315 -0.131559  
936 24.450000 -0.382001 -0.131171  
937 24.460000 -0.380691 -0.130785  
938 24.470000 -0.379385 -0.130400  
939 24.480000 -0.378083 -0.130016  
940 24.490000 -0.376785 -0.129634  
941 24.500000 -0.375490 -0.129253  
942 24.510000 -0.374200 -0.128874  
943 24.520000 -0.372913 -0.128496  
944 24.530000 -0.371630 -0.128119  
945 24.540000 -0.370351 -0.127744  
946 24.550000 -0.369075 -0.127370  
947 24.560000 -0.367803 -0.126998  
948 24.570000 -0.366535 -0.126627  
949 24.580000 -0.365271 -0.126257  
950 24.590000 -0.364010 -0.125889  
951 24.600000 -0.362753 -0.125522  
952 24.610000 -0.361499 -0.125157  
953 24.620000 -0.360250 -0.124793  
954 24.630000 -0.359004 -0.124430  
955 24.640000 -0.357761 -0.124068  
956 24.650000 -0.356522 -0.123708  
957 24.660000 -0.355287 -0.123350  
958 24.670000 -0.354055 -0.122992  
959 24.680000 -0.352827 -0.122636  
960 24.690000 -0.351603 -0.122281  
961 24.700000 -0.350381 -0.121928  
962 24.710000 -0.349164 -0.121575  
963 24.720000 -0.347950 -0.121225  
964 24.730000 -0.346739 -0.120875  
965 24.740000 -0.345532 -0.120527  
966 24.750000 -0.344329 -0.120180  
967 24.760000 -0.343129 -0.119834  
968 24.770000 -0.341932 -0.119489  
969 24.780000 -0.340739 -0.119146  
970 24.790000 -0.339549 -0.118804  
971 24.800000 -0.338363 -0.118463  
972 24.810000 -0.337180 -0.118124  
973 24.820000 -0.336001 -0.117785  
974 24.830000 -0.334824 -0.117448  
975 24.840000 -0.333652 -0.117112  
976 24.850000 -0.332482 -0.116778  
977 24.860000 -0.331316 -0.116444  
978 24.870000 -0.330153 -0.116112  
979 24.880000 -0.328994 -0.115781  
980 24.890000 -0.327838 -0.115451  
981 24.900000 -0.326685 -0.115123  
982 24.910000 -0.325535 -0.114795  
983 24.920000 -0.324389 -0.114469  
984 24.930000 -0.323246 -0.114144  
985 24.940000 -0.322106 -0.113820  
986 24.950000 -0.320969 -0.113498  
987 24.960000 -0.319836 -0.113176  
988 24.970000 -0.318706 -0.112856  
989 24.980000 -0.317579 -0.112536  
990 24.990000 -0.316455 -0.112218  
991 25.000000 -0.315334 -0.111901  
992 25.010000 -0.314217 -0.111586  
993 25.020000 -0.313103 -0.111271  
994 25.030000 -0.311992 -0.110957  
995 25.040000 -0.310884 -0.110645  
996 25.050000 -0.309779 -0.110334  
997 25.060000 -0.308677 -0.110023  
998 25.070000 -0.307578 -0.109714  
999 25.080000 -0.306483 -0.109406  
1000 25.090000 -0.305390 -0.109099  
1001 25.100000 -0.304301 -0.108794  
1002 25.110000 -0.303214 -0.108489  
1003 25.120000 -0.302131 -0.108185  
1004 25.130000 -0.301051 -0.107883  
1005 25.140000 -0.299973 -0.107581  
1006 25.150000 -0.298899 -0.107281  
1007 25.160000 -0.297828 -0.106982  
1008 25.170000 -0.296759 -0.106683  
1009 25.180000 -0.295694 -0.106386  
1010 25.190000 -0.294632 -0.106090  
1011 25.200000 -0.293572 -0.105795  
1012 25.210000 -0.292516 -0.105501  
1013 25.220000 -0.291462 -0.105208  
1014 25.230000 -0.290412 -0.104916  
1015 25.240000 -0.289364 -0.104625  
1016 25.250000 -0.288319 -0.104335  
1017 25.260000 -0.287277 -0.104046  
1018 25.270000 -0.286238 -0.103758  
1019 25.280000 -0.285202 -0.103471  
1020 25.290000 -0.284169 -0.103185  
1021 25.300000 -0.283138 -0.102900  
1022 25.310000 -0.282111 -0.102616  
1023 25.320000 -0.281086 -0.102333  
1024 25.330000 -0.280064 -0.102051  
1025 25.340000 -0.279045 -0.101770  
1026 25.350000 -0.278029 -0.101490  
1027 25.360000 -0.277015 -0.101211  
1028 25.370000 -0.276004 -0.100933  
1029 25.380000 -0.274996 -0.100656  
1030 25.390000 -0.273991 -0.100380  
1031 25.400000 -0.272989 -0.100105  
1032 25.410000 -0.271989 -0.099831  
1033 25.420000 -0.270992 -0.099558  
1034 25.430000 -0.269998 -0.099285  
1035 25.440000 -0.269006 -0.099014  
1036 25.450000 -0.268018 -0.098744  
1037 25.460000 -0.267032 -0.098474  
1038 25.470000 -0.266048 -0.098206  
1039 25.480000 -0.265067 -0.097938  
1040 25.490000 -0.264089 -0.097672  
1041 25.500000 -0.263114 -0.097406  
1042 25.510000 -0.262141 -0.097141  
1043 25.520000 -0.261171 -0.096877  
1044 25.530000 -0.260204 -0.096614  
1045 25.540000 -0.259239 -0.096352  
1046 25.550000 -0.258277 -0.096091  
1047 25.560000 -0.257317 -0.095830  
1048 25.570000 -0.256360 -0.095571  
1049 25.580000 -0.255406 -0.095312  
1050 25.590000 -0.254454 -0.095055  
1051 25.600000 -0.253505 -0.094798  
1052 25.610000 -0.252558 -0.094542  
1053 25.620000 -0.251614 -0.094287  
1054 25.630000 -0.250672 -0.094033  
1055 25.640000 -0.249733 -0.093780  
1056 25.650000 -0.248797 -0.093527  
1057 25.660000 -0.247863 -0.093276  
1058 25.670000 -0.246931 -0.093025  
1059 25.680000 -0.246002 -0.092775  
1060 25.690000 -0.245076 -0.092526  
1061 25.700000 -0.244152 -0.092278  
1062 25.710000 -0.243230 -0.092031  
1063 25.720000 -0.242311 -0.091785  
1064 25.730000 -0.241394 -0.091539  
1065 25.740000 -0.240480 -0.091294  
1066 25.750000 -0.239568 -0.091050  
1067 25.760000 -0.238659 -0.090807  
1068 25.770000 -0.237752 -0.090565  
1069 25.780000 -0.236848 -0.090323  
1070 25.790000 -0.235946 -0.090083  
1071 25.800000 -0.235046 -0.089843  
1072 25.810000 -0.234149 -0.089604  
1073 25.820000 -0.233254 -0.089365  
1074 25.830000 -0.232362 -0.089128  
1075 25.840000 -0.231472 -0.088891  
1076 25.850000 -0.230584 -0.088655  
1077 25.860000 -0.229698 -0.088420  
1078 25.870000 -0.228815 -0.088186  
1079 25.880000 -0.227935 -0.087953  
1080 25.890000 -0.227056 -0.087720  
1081 25.900000 -0.226180 -0.087488  
1082 25.910000 -0.225307 -0.087257  
1083 25.920000 -0.224435 -0.087026  
1084 25.930000 -0.223566 -0.086797  
1085 25.940000 -0.222699 -0.086568  
1086 25.950000 -0.221835 -0.086340  
1087 25.960000 -0.220972 -0.086113  
1088 25.970000 -0.220112 -0.085886  
1089 25.980000 -0.219255 -0.085660  
1090 25.990000 -0.218399 -0.085435  
1091 26.000000 -0.217546 -0.085211  
1092 26.010000 -0.216695 -0.084987  
1093 26.020000 -0.215846 -0.084764  
1094 26.030000 -0.215000 -0.084542  
1095 26.040000 -0.214155 -0.084321  
1096 26.050000 -0.213313 -0.084100  
1097 26.060000 -0.212473 -0.083880  
1098 26.070000 -0.211636 -0.083661  
1099 26.080000 -0.210800 -0.083443  
1100 26.090000 -0.209967 -0.083225  
1101 26.100000 -0.209136 -0.083008  
1102 26.110000 -0.208307 -0.082792  
1103 26.120000 -0.207480 -0.082576  
1104 26.130000 -0.206655 -0.082361  
1105 26.140000 -0.205833 -0.082147  
1106 26.150000 -0.205012 -0.081934  
1107 26.160000 -0.204194 -0.081721  
1108 26.170000 -0.203378 -0.081509  
1109 26.180000 -0.202564 -0.081298  
1110 26.190000 -0.201752 -0.081087  
1111 26.200000 -0.200942 -0.080877  
1112 26.210000 -0.200134 -0.080668  
1113 26.220000 -0.199329 -0.080459  
1114 26.230000 -0.198525 -0.080251  
1115 26.240000 -0.197724 -0.080044  
1116 26.250000 -0.196924 -0.079837  
1117 26.260000 -0.196127 -0.079631  
1118 26.270000 -0.195332 -0.079426  
1119 26.280000 -0.194538 -0.079221  
1120 26.290000 -0.193747 -0.079018  
1121 26.300000 -0.192958 -0.078814  
1122 26.310000 -0.192171 -0.078612  
1123 26.320000 -0.191386 -0.078410  
1124 26.330000 -0.190603 -0.078209  
1125 26.340000 -0.189822 -0.078008  
1126 26.350000 -0.189042 -0.077808  
1127 26.360000 -0.188265 -0.077609  
1128 26.370000 -0.187490 -0.077410  
1129 26.380000 -0.186717 -0.077212  
1130 26.390000 -0.185946 -0.077015  
1131 26.400000 -0.185177 -0.076818  
1132 26.410000 -0.184410 -0.076622  
1133 26.420000 -0.183644 -0.076426  
1134 26.430000 -0.182881 -0.076231  
1135 26.440000 -0.182120 -0.076037  
1136 26.450000 -0.181360 -0.075844  
1137 26.460000 -0.180603 -0.075651  
1138 26.470000 -0.179847 -0.075458  
1139 26.480000 -0.179094 -0.075266  
1140 26.490000 -0.178342 -0.075075  
1141 26.500000 -0.177592 -0.074885  
1142 26.510000 -0.176844 -0.074695  
1143 26.520000 -0.176098 -0.074506  
1144 26.530000 -0.175354 -0.074317  
1145 26.540000 -0.174612 -0.074129  
1146 26.550000 -0.173872 -0.073941  
1147 26.560000 -0.173133 -0.073754  
1148 26.570000 -0.172397 -0.073568  
1149 26.580000 -0.171662 -0.073382  
1150 26.590000 -0.170929 -0.073197  
1151 26.600000 -0.170198 -0.073013  
1152 26.610000 -0.169469 -0.072829  
1153 26.620000 -0.168741 -0.072645  
1154 26.630000 -0.168016 -0.072463  
1155 26.640000 -0.167292 -0.072280  
1156 26.650000 -0.166570 -0.072099  
1157 26.660000 -0.165850 -0.071918  
1158 26.670000 -0.165132 -0.071737  
1159 26.680000 -0.164415 -0.071557  
1160 26.690000 -0.163701 -0.071378  
1161 26.700000 -0.162988 -0.071199  
1162 26.710000 -0.162277 -0.071021  
1163 26.720000 -0.161567 -0.070843  
1164 26.730000 -0.160860 -0.070666  
1165 26.740000 -0.160154 -0.070490  
1166 26.750000 -0.159450 -0.070314  
1167 26.760000 -0.158748 -0.070138  
1168 26.770000 -0.158047 -0.069964  
1169 26.780000 -0.157348 -0.069789  
1170 26.790000 -0.156651 -0.069616  
1171 26.800000 -0.155956 -0.069442  
1172 26.810000 -0.155263 -0.069270  
1173 26.820000 -0.154571 -0.069098  
1174 26.830000 -0.153881 -0.068926  
1175 26.840000 -0.153192 -0.068755  
1176 26.850000 -0.152506 -0.068584  
1177 26.860000 -0.151821 -0.068414  
1178 26.870000 -0.151137 -0.068245  
1179 26.880000 -0.150456 -0.068076  
1180 26.890000 -0.149776 -0.067908  
1181 26.900000 -0.149098 -0.067740  
1182 26.910000 -0.148421 -0.067572  
1183 26.920000 -0.147746 -0.067405  
1184 26.930000 -0.147073 -0.067239  
1185 26.940000 -0.146401 -0.067073  
1186 26.950000 -0.145731 -0.066908  
1187 26.960000 -0.145063 -0.066743  
1188 26.970000 -0.144397 -0.066579  
1189 26.980000 -0.143732 -0.066415  
1190 26.990000 -0.143068 -0.066252  
1191 27.000000 -0.142407 -0.066089  
1192 27.010000 -0.141746 -0.065927  
1193 27.020000 -0.141088 -0.065765  
1194 27.030000 -0.140431 -0.065604  
1195 27.040000 -0.139776 -0.065443  
1196 27.050000 -0.139122 -0.065283  
1197 27.060000 -0.138470 -0.065123  
1198 27.070000 -0.137820 -0.064964  
1199 27.080000 -0.137171 -0.064805  
1200 27.090000 -0.136524 -0.064647  
1201 27.100000 -0.135878 -0.064489  
1202 27.110000 -0.135234 -0.064332  
1203 27.120000 -0.134591 -0.064175  
1204 27.130000 -0.133950 -0.064019  
1205 27.140000 -0.133311 -0.063863  
1206 27.150000 -0.132673 -0.063707  
1207 27.160000 -0.132037 -0.063552  
1208 27.170000 -0.131402 -0.063398  
1209 27.180000 -0.130769 -0.063244  
1210 27.190000 -0.130137 -0.063091  
1211 27.200000 -0.129507 -0.062938  
1212 27.210000 -0.128878 -0.062785  
1213 27.220000 -0.128251 -0.062633  
1214 27.230000 -0.127626 -0.062481  
1215 27.240000 -0.127002 -0.062330  
1216 27.250000 -0.126379 -0.062179  
1217 27.260000 -0.125758 -0.062029  
1218 27.270000 -0.125139 -0.061879  
1219 27.280000 -0.124521 -0.061730  
1220 27.290000 -0.123904 -0.061581  
1221 27.300000 -0.123289 -0.061433  
1222 27.310000 -0.122675 -0.061285  
1223 27.320000 -0.122063 -0.061137  
1224 27.330000 -0.121453 -0.060990  
1225 27.340000 -0.120843 -0.060843  
1226 27.350000 -0.120236 -0.060697  
1227 27.360000 -0.119630 -0.060551  
1228 27.370000 -0.119025 -0.060406  
1229 27.380000 -0.118421 -0.060261  
1230 27.390000 -0.117819 -0.060117  
1231 27.400000 -0.117219 -0.059973  
1232 27.410000 -0.116620 -0.059829  
1233 27.420000 -0.116022 -0.059686  
1234 27.430000 -0.115426 -0.059543  
1235 27.440000 -0.114832 -0.059401  
1236 27.450000 -0.114238 -0.059259  
1237 27.460000 -0.113646 -0.059118  
1238 27.470000 -0.113056 -0.058977  
1239 27.480000 -0.112467 -0.058836  
1240 27.490000 -0.111879 -0.058696  
1241 27.500000 -0.111293 -0.058556  
1242 27.510000 -0.110708 -0.058417  
1243 27.520000 -0.110125 -0.058278  
1244 27.530000 -0.109543 -0.058139  
1245 27.540000 -0.108962 -0.058001  
1246 27.550000 -0.108383 -0.057864  
1247 27.560000 -0.107805 -0.057726  
1248 27.570000 -0.107228 -0.057589  
1249 27.580000 -0.106653 -0.057453  
1250 27.590000 -0.106079 -0.057317  
1251 27.600000 -0.105506 -0.057181  
1252 27.610000 -0.104935 -0.057046  
1253 27.620000 -0.104366 -0.056911  
1254 27.630000 -0.103797 -0.056777  
1255 27.640000 -0.103230 -0.056643  
1256 27.650000 -0.102664 -0.056509  
1257 27.660000 -0.102100 -0.056376  
1258 27.670000 -0.101537 -0.056243  
1259 27.680000 -0.100975 -0.056111  
1260 27.690000 -0.100414 -0.055978  
1261 27.700000 -0.099855 -0.055847  
1262 27.710000 -0.099298 -0.055716  
1263 27.720000 -0.098741 -0.055585  
1264 27.730000 -0.098186 -0.055454  
1265 27.740000 -0.097632 -0.055324  
1266 27.750000 -0.097079 -0.055194  
1267 27.760000 -0.096528 -0.055065  
1268 27.770000 -0.095978 -0.054936  
1269 27.780000 -0.095429 -0.054807  
1270 27.790000 -0.094882 -0.054679  
1271 27.800000 -0.094336 -0.054551  
1272 27.810000 -0.093791 -0.054424  
1273 27.820000 -0.093247 -0.054297  
1274 27.830000 -0.092705 -0.054170  
1275 27.840000 -0.092164 -0.054044  
1276 27.850000 -0.091624 -0.053918  
1277 27.860000 -0.091086 -0.053792  
1278 27.870000 -0.090548 -0.053667  
1279 27.880000 -0.090012 -0.053542  
1280 27.890000 -0.089477 -0.053417  
1281 27.900000 -0.088944 -0.053293  
1282 27.910000 -0.088412 -0.053169  
1283 27.920000 -0.087880 -0.053046  
1284 27.930000 -0.087351 -0.052923  
1285 27.940000 -0.086822 -0.052800  
1286 27.950000 -0.086295 -0.052678  
1287 27.960000 -0.085768 -0.052556  
1288 27.970000 -0.085244 -0.052434  
1289 27.980000 -0.084720 -0.052313  
1290 27.990000 -0.084197 -0.052192  
1291 28.000000 -0.083676 -0.052071  
1292 28.010000 -0.083156 -0.051951  
1293 28.020000 -0.082637 -0.051831  
1294 28.030000 -0.082119 -0.051712  
1295 28.040000 -0.081603 -0.051592  
1296 28.050000 -0.081087 -0.051473  
1297 28.060000 -0.080573 -0.051355  
1298 28.070000 -0.080060 -0.051237  
1299 28.080000 -0.079548 -0.051119  
1300 28.090000 -0.079038 -0.051001  
1301 28.100000 -0.078528 -0.050884  
1302 28.110000 -0.078020 -0.050767  
1303 28.120000 -0.077513 -0.050651  
1304 28.130000 -0.077007 -0.050535  
1305 28.140000 -0.076502 -0.050419  
1306 28.150000 -0.075999 -0.050303  
1307 28.160000 -0.075496 -0.050188  
1308 28.170000 -0.074995 -0.050074  
1309 28.180000 -0.074495 -0.049959  
1310 28.190000 -0.073996 -0.049845  
1311 28.200000 -0.073498 -0.049731  
1312 28.210000 -0.073001 -0.049618  
1313 28.220000 -0.072506 -0.049504  
1314 28.230000 -0.072011 -0.049391  
1315 28.240000 -0.071518 -0.049279  
1316 28.250000 -0.071026 -0.049167  
1317 28.260000 -0.070534 -0.049055  
1318 28.270000 -0.070044 -0.048943  
1319 28.280000 -0.069556 -0.048832  
1320 28.290000 -0.069068 -0.048721  
1321 28.300000 -0.068581 -0.048610  
1322 28.310000 -0.068096 -0.048500  
1323 28.320000 -0.067611 -0.048390  
1324 28.330000 -0.067128 -0.048280  
1325 28.340000 -0.066646 -0.048171  
1326 28.350000 -0.066164 -0.048062  
1327 28.360000 -0.065684 -0.047953  
1328 28.370000 -0.065205 -0.047845  
1329 28.380000 -0.064727 -0.047737  
1330 28.390000 -0.064251 -0.047629  
1331 28.400000 -0.063775 -0.047521  
1332 28.410000 -0.063300 -0.047414  
1333 28.420000 -0.062827 -0.047307  
1334 28.430000 -0.062354 -0.047200  
1335 28.440000 -0.061883 -0.047094  
1336 28.450000 -0.061412 -0.046988  
1337 28.460000 -0.060943 -0.046882  
1338 28.470000 -0.060475 -0.046777  
1339 28.480000 -0.060007 -0.046672  
1340 28.490000 -0.059541 -0.046567  
1341 28.500000 -0.059076 -0.046462  
1342 28.510000 -0.058612 -0.046358  
1343 28.520000 -0.058149 -0.046254  
1344 28.530000 -0.057687 -0.046150  
1345 28.540000 -0.057226 -0.046047  
1346 28.550000 -0.056766 -0.045944  
1347 28.560000 -0.056307 -0.045841  
1348 28.570000 -0.055849 -0.045739  
1349 28.580000 -0.055392 -0.045637  
1350 28.590000 -0.054936 -0.045535  
1351 28.600000 -0.054481 -0.045433  
1352 28.610000 -0.054028 -0.045332  
1353 28.620000 -0.053575 -0.045230  
1354 28.630000 -0.053123 -0.045130  
1355 28.640000 -0.052672 -0.045029  
1356 28.650000 -0.052222 -0.044929  
1357 28.660000 -0.051774 -0.044829  
1358 28.670000 -0.051326 -0.044729  
1359 28.680000 -0.050879 -0.044630  
1360 28.690000 -0.050433 -0.044531  
1361 28.700000 -0.049988 -0.044432  
1362 28.710000 -0.049545 -0.044333  
1363 28.720000 -0.049102 -0.044235  
1364 28.730000 -0.048660 -0.044137  
1365 28.740000 -0.048219 -0.044039  
1366 28.750000 -0.047779 -0.043942  
1367 28.760000 -0.047340 -0.043845  
1368 28.770000 -0.046902 -0.043748  
1369 28.780000 -0.046465 -0.043651  
1370 28.790000 -0.046029 -0.043554  
1371 28.800000 -0.045594 -0.043458  
1372 28.810000 -0.045160 -0.043362  
1373 28.820000 -0.044727 -0.043267  
1374 28.830000 -0.044295 -0.043171  
1375 28.840000 -0.043863 -0.043076  
1376 28.850000 -0.043433 -0.042982  
1377 28.860000 -0.043004 -0.042887  
1378 28.870000 -0.042575 -0.042793  
1379 28.880000 -0.042148 -0.042699  
1380 28.890000 -0.041721 -0.042605  
1381 28.900000 -0.041296 -0.042511  
1382 28.910000 -0.040871 -0.042418  
1383 28.920000 -0.040447 -0.042325  
1384 28.930000 -0.040025 -0.042232  
1385 28.940000 -0.039603 -0.042140  
1386 28.950000 -0.039182 -0.042047  
1387 28.960000 -0.038762 -0.041955  
1388 28.970000 -0.038343 -0.041864  
1389 28.980000 -0.037925 -0.041772  
1390 28.990000 -0.037507 -0.041681  
1391 29.000000 -0.037091 -0.041590  
1392 29.010000 -0.036676 -0.041499  
1393 29.020000 -0.036261 -0.041409  
1394 29.030000 -0.035847 -0.041318  
1395 29.040000 -0.035435 -0.041228  
1396 29.050000 -0.035023 -0.041139  
1397 29.060000 -0.034612 -0.041049  
1398 29.070000 -0.034202 -0.040960  
1399 29.080000 -0.033793 -0.040871  
1400 29.090000 -0.033384 -0.040782  
1401 29.100000 -0.032977 -0.040693  
1402 29.110000 -0.032571 -0.040605  
1403 29.120000 -0.032165 -0.040517  
1404 29.130000 -0.031760 -0.040429  
1405 29.140000 -0.031356 -0.040341  
1406 29.150000 -0.030953 -0.040254  
1407 29.160000 -0.030551 -0.040167  
1408 29.170000 -0.030150 -0.040080  
1409 29.180000 -0.029750 -0.039993  
1410 29.190000 -0.029350 -0.039907  
1411 29.200000 -0.028952 -0.039821  
1412 29.210000 -0.028554 -0.039735  
1413 29.220000 -0.028157 -0.039649  
1414 29.230000 -0.027761 -0.039564  
1415 29.240000 -0.027366 -0.039478  
1416 29.250000 -0.026971 -0.039393  
1417 29.260000 -0.026578 -0.039308  
1418 29.270000 -0.026185 -0.039224  
1419 29.280000 -0.025793 -0.039139  
1420 29.290000 -0.025402 -0.039055  
1421 29.300000 -0.025012 -0.038971  
1422 29.310000 -0.024623 -0.038888  
1423 29.320000 -0.024234 -0.038804  
1424 29.330000 -0.023847 -0.038721  
1425 29.340000 -0.023460 -0.038638  
1426 29.350000 -0.023074 -0.038555  
1427 29.360000 -0.022689 -0.038473  
1428 29.370000 -0.022305 -0.038390  
1429 29.380000 -0.021921 -0.038308  
1430 29.390000 -0.021538 -0.038226  
1431 29.400000 -0.021157 -0.038145  
1432 29.410000 -0.020775 -0.038063  
1433 29.420000 -0.020395 -0.037982  
1434 29.430000 -0.020016 -0.037901  
1435 29.440000 -0.019637 -0.037820  
1436 29.450000 -0.019259 -0.037739  
1437 29.460000 -0.018882 -0.037659  
1438 29.470000 -0.018506 -0.037579  
1439 29.480000 -0.018131 -0.037499  
1440 29.490000 -0.017756 -0.037419  
1441 29.500000 -0.017382 -0.037340  
1442 29.510000 -0.017009 -0.037260  
1443 29.520000 -0.016637 -0.037181  
1444 29.530000 -0.016266 -0.037102  
1445 29.540000 -0.015895 -0.037024  
1446 29.550000 -0.015525 -0.036945  
1447 29.560000 -0.015156 -0.036867  
1448 29.570000 -0.014788 -0.036789  
1449 29.580000 -0.014421 -0.036711  
1450 29.590000 -0.014054 -0.036633  
1451 29.600000 -0.013688 -0.036556  
1452 29.610000 -0.013323 -0.036478  
1453 29.620000 -0.012958 -0.036401  
1454 29.630000 -0.012595 -0.036324  
1455 29.640000 -0.012232 -0.036248  
1456 29.650000 -0.011870 -0.036171  
1457 29.660000 -0.011508 -0.036095  
1458 29.670000 -0.011148 -0.036019  
1459 29.680000 -0.010788 -0.035943  
1460 29.690000 -0.010429 -0.035868  
1461 29.700000 -0.010071 -0.035792  
1462 29.710000 -0.009713 -0.035717  
1463 29.720000 -0.009356 -0.035642  
1464 29.730000 -0.009000 -0.035567  
1465 29.740000 -0.008645 -0.035492  
1466 29.750000 -0.008290 -0.035418  
1467 29.760000 -0.007937 -0.035344  
1468 29.770000 -0.007584 -0.035269  
1469 29.780000 -0.007231 -0.035196  
1470 29.790000 -0.006880 -0.035122  
1471 29.800000 -0.006529 -0.035048  
1472 29.810000 -0.006179 -0.034975  
1473 29.820000 -0.005829 -0.034902  
1474 29.830000 -0.005481 -0.034829  
1475 29.840000 -0.005133 -0.034756  
1476 29.850000 -0.004786 -0.034684  
1477 29.860000 -0.004439 -0.034611  
1478 29.870000 -0.004093 -0.034539  
1479 29.880000 -0.003748 -0.034467  
1480 29.890000 -0.003404 -0.034395  
1481 29.900000 -0.003060 -0.034324  
1482 29.910000 -0.002717 -0.034252  
1483 29.920000 -0.002375 -0.034181  
1484 29.930000 -0.002034 -0.034110  
1485 29.940000 -0.001693 -0.034039  
1486 29.950000 -0.001353 -0.033969  
1487 29.960000 -0.001014 -0.033898  
1488 29.970000 -0.000675 -0.033828  
1489 29.980000 -0.000337 -0.033758  
1490 29.990000 0.000000 -0.033688  
