1 15.100000 140828339496383.250000 12685051483100618.000000  
2 15.110000 59680458665652.851562 4887394144137914.000000  
3 15.120000 27252826503522.152344 2045991757629448.750000  
4 15.130000 13250407335691.906250 918322202785766.125000  
5 15.140000 6795851805737.098633 437381753136956.187500  
6 15.150000 3649655705750.293945 219250695591968.812500  
7 15.160000 2040189827622.735107 114912279265765.687500  
8 15.170000 1181374272611.135742 62631078303738.039062  
9 15.180000 705753142089.759521 35340039529956.453125  
10 15.190000 433511585331.214966 20566916916566.957031  
11 15.200000 273017880931.294403 12306045301720.412109  
12 15.210000 175859373006.295563 7549860433458.032227  
13 15.220000 115614778326.450485 4738256951518.859375  
14 15.230000 77436451546.942886 3035853035664.336426  
15 15.240000 52756195140.042885 1982259533095.390869  
16 15.250000 36508452170.410591 1317003153457.392334  
17 15.260000 25631404710.786785 889134643291.816650  
18 15.270000 18236348644.100468 609224865595.589478  
19 15.280000 13136173893.177603 423203587134.332947  
20 15.290000 9571693414.090637 297758526158.166138  
21 15.300000 7049515016.553796 212005100543.389679  
22 15.310000 5244151645.381269 152635913440.056305  
23 15.320000 3937864939.040798 111042399188.600021  
24 15.330000 2983083974.297977 81576357974.292191  
25 15.340000 2278563738.316865 60482505128.584831  
26 15.350000 1754040889.340932 45232841178.450211  
27 15.360000 1360224091.651846 34105530744.466713  
28 15.370000 1062180903.885555 25914821818.042759  
29 15.380000 834916130.183215 19835597546.530521  
30 15.390000 660381884.218659 15288015311.909634  
31 15.400000 525434110.366514 11860782153.916815  
32 15.410000 420421794.972677 9259571228.923239  
33 15.420000 338203612.775113 7271983408.695092  
34 15.430000 273456250.488751 5743514271.012353  
35 15.440000 222183671.768085 4560916378.759586  
36 15.450000 181366073.324369 3640579242.142916  
37 15.460000 148706793.062943 2920345250.906575  
38 15.470000 122448469.593112 2353699204.267643  
39 15.480000 101238547.672476 1905611335.850939  
40 15.490000 84030210.356487 1549541452.226136  
41 15.500000 70008927.947428 1265264691.925444  
42 15.510000 58537657.899349 1037282951.640774  
43 15.520000 49115713.673633 853656730.001760  
44 15.530000 41347714.753398 705140805.530061  
45 15.540000 34920016.928891 584540919.076358  
46 15.550000 29582725.390115 486232213.629182  
47 15.560000 25135897.869222 405796776.887557  
48 15.570000 21418909.516675 339749385.433028  
49 15.580000 18302215.971930 285328929.258815  
50 15.590000 15680944.596129 240339007.587298  
51 15.600000 13469886.061390 203025526.416106  
52 15.610000 11599563.603059 171982278.688912  
53 15.620000 10013135.335299 146077788.057606  
54 15.630000 8663943.348535 124398385.541188  
55 15.640000 7513567.072852 106203734.188546  
56 15.650000 6530271.392935 90891940.769600  
57 15.660000 5687765.000039 77972082.076844  
58 15.670000 4964203.489634 67042489.005963  
59 15.680000 4341386.251319 57773519.423394  
60 15.690000 3804107.354516 49893843.869987  
61 15.700000 3339629.230432 43179490.518160  
62 15.710000 2937254.601358 37445065.244578  
63 15.720000 2587977.272863 32536692.320327  
64 15.730000 2284196.429852 28326320.796708  
65 15.740000 2019482.226285 24707118.440966  
66 15.750000 1788382.930158 21589734.492661  
67 15.760000 1586265.832247 18899258.658914  
68 15.770000 1409185.665698 16572739.734247  
69 15.780000 1253775.503327 14557155.359401  
70 15.790000 1117156.069563 12807746.504730  
71 15.800000 996860.177813 11286647.637846  
72 15.810000 890769.623142 9961757.254816  
73 15.820000 797062.356940 8805804.321101  
74 15.830000 714168.169998 7795574.801541  
75 15.840000 640731.432899 6911269.337047  
76 15.850000 575579.703587 6135968.621494  
77 15.860000 517697.223605 5455187.435625  
78 15.870000 466202.496601 4856501.832293  
79 15.880000 420329.282982 4329236.816760  
80 15.890000 379410.459284 3864204.166810  
81 15.900000 342864.284696 3453481.900330  
82 15.910000 310182.694309 3090228.409839  
83 15.920000 280921.302102 2768525.513334  
84 15.930000 254690.848974 2483245.673687  
85 15.940000 231149.874420 2229939.458438  
86 15.950000 209998.426211 2004739.983151  
87 15.960000 190972.652209 1804281.632622  
88 15.970000 173840.143128 1625630.807547  
89 15.980000 158395.915664 1466226.818032  
90 15.990000 144458.942614 1323831.354009  
91 16.000000 131869.150977 1196485.218173  
92 16.010000 120484.821084 1082471.218982  
93 16.020000 110180.329924 980282.297344  
94 16.030000 100844.190333 888594.107206  
95 16.040000 92377.344903 806241.392549  
96 16.050000 84691.679481 732197.605425  
97 16.060000 77708.726274 665557.295198  
98 16.070000 71358.530896 605520.870838  
99 16.080000 65578.661354 551381.398347  
100 16.090000 60313.340095 502513.146040  
101 16.100000 55512.682908 458361.633122  
102 16.110000 51132.030694 418434.973011  
103 16.120000 47131.362089 382296.333337  
104 16.130000 43474.776545 349557.360340  
105 16.140000 40130.038898 319872.437242  
106 16.150000 37068.177660 292933.664770  
107 16.160000 34263.130287 268466.467786  
108 16.170000 31691.429616 246225.745428  
109 16.180000 29331.926375 225992.493676  
110 16.190000 27165.543362 207570.839007  
111 16.200000 25175.057463 190785.430241  
112 16.210000 23344.906150 175479.142809  
113 16.220000 21661.015538 161511.055867  
114 16.230000 20110.647460 148754.667952  
115 16.240000 18682.263311 137096.321414  
116 16.250000 17365.402716 126433.809791  
117 16.260000 16150.575303 116675.145642  
118 16.270000 15029.164083 107737.469281  
119 16.280000 13993.339100 99546.081361  
120 16.290000 13035.980211 92033.584438  
121 16.300000 12150.607951 85139.120512  
122 16.310000 11331.321595 78807.693202  
123 16.320000 10572.743615 72989.564602  
124 16.330000 9869.969834 67639.718115  
125 16.340000 9218.524650 62717.379622  
126 16.350000 8614.320792 58185.590277  
127 16.360000 8053.623107 54010.825050  
128 16.370000 7533.015960 50162.651809  
129 16.380000 7049.373857 46613.426404  
130 16.390000 6599.834955 43338.019706  
131 16.400000 6181.777157 40313.573076  
132 16.410000 5792.796524 37519.279103  
133 16.420000 5430.687762 34936.184881  
134 16.430000 5093.426579 32547.015333  
135 16.440000 4779.153712 30336.014447  
136 16.450000 4486.160465 28288.802490  
137 16.460000 4212.875598 26392.247498  
138 16.470000 3957.853439 24634.349526  
139 16.480000 3719.763095 23004.136327  
140 16.490000 3497.378653 21491.569253  
141 16.500000 3289.570276 20087.458326  
142 16.510000 3095.296104 18783.385526  
143 16.520000 2913.594894 17571.635457  
144 16.530000 2743.579302 16445.132636  
145 16.540000 2584.429784 15397.384747  
146 16.550000 2435.389013 14422.431237  
147 16.560000 2295.756811 13514.796741  
148 16.570000 2164.885502 12669.448845  
149 16.580000 2042.175679 11881.759764  
150 16.590000 1927.072341 11147.471550  
151 16.600000 1819.061346 10462.664473  
152 16.610000 1717.666180 9823.728295  
153 16.620000 1622.444995 9227.336129  
154 16.630000 1532.987895 8670.420651  
155 16.640000 1448.914449 8150.152439  
156 16.650000 1369.871415 7663.920238  
157 16.660000 1295.530648 7209.312960  
158 16.670000 1225.587182 6784.103273  
159 16.680000 1159.757470 6386.232619  
160 16.690000 1097.777761 6013.797532  
161 16.700000 1039.402618 5665.037136  
162 16.710000 984.403548 5338.321719  
163 16.720000 932.567743 5032.142280  
164 16.730000 883.696920 4745.100960  
165 16.740000 837.606258 4475.902286  
166 16.750000 794.123412 4223.345146  
167 16.760000 753.087606 3986.315435  
168 16.770000 714.348800 3763.779311  
169 16.780000 677.766915 3554.777007  
170 16.790000 643.211125 3358.417149  
171 16.800000 610.559198 3173.871547  
172 16.810000 579.696885 3000.370395  
173 16.820000 550.517366 2837.197871  
174 16.830000 522.920724 2683.688085  
175 16.840000 496.813466 2539.221347  
176 16.850000 472.108081 2403.220744  
177 16.860000 448.722626 2275.148973  
178 16.870000 426.580345 2154.505434  
179 16.880000 405.609315 2040.823543  
180 16.890000 385.742122 1933.668264  
181 16.900000 366.915550 1832.633819  
182 16.910000 349.070307 1737.341587  
183 16.920000 332.150758 1647.438155  
184 16.930000 316.104684 1562.593524  
185 16.940000 300.883055 1482.499447  
186 16.950000 286.439822 1406.867895  
187 16.960000 272.731721 1335.429636  
188 16.970000 259.718093 1267.932925  
189 16.980000 247.360711 1204.142284  
190 16.990000 235.623629 1143.837380  
191 17.000000 224.473033 1086.811980  
192 17.010000 213.877103 1032.872987  
193 17.020000 203.805889 981.839543  
194 17.030000 194.231193 933.542197  
195 17.040000 185.126456 887.822138  
196 17.050000 176.466657 844.530479  
197 17.060000 168.228218 803.527589  
198 17.070000 160.388913 764.682484  
199 17.080000 152.927786 727.872246  
200 17.090000 145.825071 692.981498  
201 17.100000 139.062120 659.901903  
202 17.110000 132.621335 628.531708  
203 17.120000 126.486107 598.775314  
204 17.130000 120.640750 570.542877  
205 17.140000 115.070451 543.749938  
206 17.150000 109.761218 518.317077  
207 17.160000 104.699826 494.169592  
208 17.170000 99.873776 471.237196  
209 17.180000 95.271252 449.453742  
210 17.190000 90.881080 428.756957  
211 17.200000 86.692687 409.088203  
212 17.210000 82.696073 390.392247  
213 17.220000 78.881773 372.617053  
214 17.230000 75.240827 355.713579  
215 17.240000 71.764750 339.635595  
216 17.250000 68.445509 324.339512  
217 17.260000 65.275491 309.784217  
218 17.270000 62.247485 295.930925  
219 17.280000 59.354655 282.743036  
220 17.290000 56.590521 270.186004  
221 17.300000 53.948941 258.227214  
222 17.310000 51.424086 246.835867  
223 17.320000 49.010429 235.982870  
224 17.330000 46.702726 225.640733  
225 17.340000 44.495998 215.783482  
226 17.350000 42.385522 206.386559  
227 17.360000 40.366810 197.426749  
228 17.370000 38.435603 188.882095  
229 17.380000 36.587854 180.731826  
230 17.390000 34.819718 172.956292  
231 17.400000 33.127541 165.536895  
232 17.410000 31.507851 158.456031  
233 17.420000 29.957347 151.697032  
234 17.430000 28.472890 145.244113  
235 17.440000 27.051495 139.082322  
236 17.450000 25.690321 133.197494  
237 17.460000 24.386667 127.576204  
238 17.470000 23.137961 122.205728  
239 17.480000 21.941756 117.074004  
240 17.490000 20.795723 112.169593  
241 17.500000 19.697643 107.481644  
242 17.510000 18.645403 102.999866  
243 17.520000 17.636991 98.714494  
244 17.530000 16.670489 94.616259  
245 17.540000 15.744071 90.696363  
246 17.550000 14.855996 86.946453  
247 17.560000 14.004602 83.358598  
248 17.570000 13.188309 79.925264  
249 17.580000 12.405606 76.639292  
250 17.590000 11.655054 73.493883  
251 17.600000 10.935281 70.482574  
252 17.610000 10.244976 67.599219  
253 17.620000 9.582890 64.837979  
254 17.630000 8.947828 62.193299  
255 17.640000 8.338653 59.659896  
256 17.650000 7.754276 57.232744  
257 17.660000 7.193660 54.907063  
258 17.670000 6.655812 52.678302  
259 17.680000 6.139785 50.542130  
260 17.690000 5.644674 48.494424  
261 17.700000 5.169615 46.531259  
262 17.710000 4.713780 44.648897  
263 17.720000 4.276379 42.843775  
264 17.730000 3.856658 41.112503  
265 17.740000 3.453894 39.451848  
266 17.750000 3.067396 37.858729  
267 17.760000 2.696504 36.330211  
268 17.770000 2.340586 34.863495  
269 17.780000 1.999037 33.455913  
270 17.790000 1.671279 32.104918  
271 17.800000 1.356758 30.808085  
272 17.810000 1.054945 29.563097  
273 17.820000 0.765331 28.367745  
274 17.830000 0.487431 27.219921  
275 17.840000 0.220781 26.117613  
276 17.850000 -0.035066 25.058899  
277 17.860000 -0.280536 24.041947  
278 17.870000 -0.516039 23.065005  
279 17.880000 -0.741964 22.126401  
280 17.890000 -0.958689 21.224537  
281 17.900000 -1.166572 20.357887  
282 17.910000 -1.365959 19.524994  
283 17.920000 -1.557180 18.724464  
284 17.930000 -1.740552 17.954966  
285 17.940000 -1.916379 17.215226  
286 17.950000 -2.084952 16.504028  
287 17.960000 -2.246551 15.820208  
288 17.970000 -2.401443 15.162653  
289 17.980000 -2.549888 14.530298  
290 17.990000 -2.692130 13.922126  
291 18.000000 -2.828407 13.337162  
292 18.010000 -2.958947 12.774474  
293 18.020000 -3.083968 12.233170  
294 18.030000 -3.203679 11.712396  
295 18.040000 -3.318282 11.211335  
296 18.050000 -3.427969 10.729204  
297 18.060000 -3.532927 10.265254  
298 18.070000 -3.633332 9.818767  
299 18.080000 -3.729358 9.389056  
300 18.090000 -3.821167 8.975462  
301 18.100000 -3.908919 8.577354  
302 18.110000 -3.992764 8.194128  
303 18.120000 -4.072849 7.825205  
304 18.130000 -4.149314 7.470029  
305 18.140000 -4.222294 7.128069  
306 18.150000 -4.291918 6.798814  
307 18.160000 -4.358311 6.481774  
308 18.170000 -4.421592 6.176481  
309 18.180000 -4.481878 5.882485  
310 18.190000 -4.539278 5.599355  
311 18.200000 -4.593900 5.326675  
312 18.210000 -4.645845 5.064050  
313 18.220000 -4.695213 4.811098  
314 18.230000 -4.742098 4.567453  
315 18.240000 -4.786592 4.332764  
316 18.250000 -4.828782 4.106695  
317 18.260000 -4.868753 3.888921  
318 18.270000 -4.906587 3.679133  
319 18.280000 -4.942362 3.477032  
320 18.290000 -4.976152 3.282333  
321 18.300000 -5.008032 3.094758  
322 18.310000 -5.038071 2.914046  
323 18.320000 -5.066335 2.739941  
324 18.330000 -5.092891 2.572201  
325 18.340000 -5.117799 2.410590  
326 18.350000 -5.141122 2.254883  
327 18.360000 -5.162916 2.104865  
328 18.370000 -5.183238 1.960327  
329 18.380000 -5.202140 1.821070  
330 18.390000 -5.219676 1.686900  
331 18.400000 -5.235895 1.557634  
332 18.410000 -5.250844 1.433093  
333 18.420000 -5.264572 1.313107  
334 18.430000 -5.277121 1.197511  
335 18.440000 -5.288536 1.086147  
336 18.450000 -5.298858 0.978863  
337 18.460000 -5.308126 0.875513  
338 18.470000 -5.316381 0.775955  
339 18.480000 -5.323658 0.680055  
340 18.490000 -5.329993 0.587681  
341 18.500000 -5.335423 0.498709  
342 18.510000 -5.339979 0.413017  
343 18.520000 -5.343693 0.330490  
344 18.530000 -5.346599 0.251014  
345 18.540000 -5.348724 0.174483  
346 18.550000 -5.350098 0.100793  
347 18.560000 -5.350749 0.029843  
348 18.570000 -5.350703 -0.038463  
349 18.580000 -5.349988 -0.104218  
350 18.590000 -5.348627 -0.167510  
351 18.600000 -5.346646 -0.228427  
352 18.610000 -5.344066 -0.287050  
353 18.620000 -5.340912 -0.343460  
354 18.630000 -5.337204 -0.397735  
355 18.640000 -5.332964 -0.449947  
356 18.650000 -5.328212 -0.500169  
357 18.660000 -5.322967 -0.548470  
358 18.670000 -5.317249 -0.594917  
359 18.680000 -5.311075 -0.639572  
360 18.690000 -5.304463 -0.682499  
361 18.700000 -5.297430 -0.723756  
362 18.710000 -5.289993 -0.763401  
363 18.720000 -5.282167 -0.801490  
364 18.730000 -5.273968 -0.838076  
365 18.740000 -5.265411 -0.873211  
366 18.750000 -5.256509 -0.906943  
367 18.760000 -5.247276 -0.939322  
368 18.770000 -5.237727 -0.970394  
369 18.780000 -5.227873 -1.000203  
370 18.790000 -5.217727 -1.028792  
371 18.800000 -5.207301 -1.056203  
372 18.810000 -5.196607 -1.082476  
373 18.820000 -5.185655 -1.107650  
374 18.830000 -5.174457 -1.131762  
375 18.840000 -5.163023 -1.154848  
376 18.850000 -5.151363 -1.176944  
377 18.860000 -5.139487 -1.198082  
378 18.870000 -5.127405 -1.218295  
379 18.880000 -5.115125 -1.237615  
380 18.890000 -5.102655 -1.256072  
381 18.900000 -5.090006 -1.273695  
382 18.910000 -5.077184 -1.290512  
383 18.920000 -5.064198 -1.306551  
384 18.930000 -5.051056 -1.321837  
385 18.940000 -5.037764 -1.336398  
386 18.950000 -5.024330 -1.350256  
387 18.960000 -5.010761 -1.363436  
388 18.970000 -4.997064 -1.375960  
389 18.980000 -4.983244 -1.387851  
390 18.990000 -4.969309 -1.399131  
391 19.000000 -4.955263 -1.409820  
392 19.010000 -4.941114 -1.419938  
393 19.020000 -4.926866 -1.429504  
394 19.030000 -4.912526 -1.438537  
395 19.040000 -4.898097 -1.447055  
396 19.050000 -4.883586 -1.455075  
397 19.060000 -4.868998 -1.462615  
398 19.070000 -4.854336 -1.469691  
399 19.080000 -4.839605 -1.476318  
400 19.090000 -4.824811 -1.482512  
401 19.100000 -4.809956 -1.488288  
402 19.110000 -4.795046 -1.493659  
403 19.120000 -4.780084 -1.498640  
404 19.130000 -4.765075 -1.503244  
405 19.140000 -4.750021 -1.507483  
406 19.150000 -4.734926 -1.511371  
407 19.160000 -4.719795 -1.514919  
408 19.170000 -4.704629 -1.518139  
409 19.180000 -4.689433 -1.521042  
410 19.190000 -4.674209 -1.523639  
411 19.200000 -4.658961 -1.525941  
412 19.210000 -4.643691 -1.527958  
413 19.220000 -4.628403 -1.529700  
414 19.230000 -4.613098 -1.531176  
415 19.240000 -4.597780 -1.532396  
416 19.250000 -4.582451 -1.533368  
417 19.260000 -4.567114 -1.534101  
418 19.270000 -4.551770 -1.534604  
419 19.280000 -4.536422 -1.534885  
420 19.290000 -4.521073 -1.534951  
421 19.300000 -4.505724 -1.534810  
422 19.310000 -4.490377 -1.534470  
423 19.320000 -4.475035 -1.533937  
424 19.330000 -4.459699 -1.533219  
425 19.340000 -4.444371 -1.532322  
426 19.350000 -4.429053 -1.531252  
427 19.360000 -4.413747 -1.530017  
428 19.370000 -4.398453 -1.528621  
429 19.380000 -4.383175 -1.527070  
430 19.390000 -4.367913 -1.525371  
431 19.400000 -4.352668 -1.523529  
432 19.410000 -4.337442 -1.521549  
433 19.420000 -4.322237 -1.519436  
434 19.430000 -4.307054 -1.517195  
435 19.440000 -4.291894 -1.514831  
436 19.450000 -4.276758 -1.512349  
437 19.460000 -4.261647 -1.509753  
438 19.470000 -4.246563 -1.507048  
439 19.480000 -4.231507 -1.504237  
440 19.490000 -4.216479 -1.501325  
441 19.500000 -4.201481 -1.498316  
442 19.510000 -4.186513 -1.495213  
443 19.520000 -4.171577 -1.492021  
444 19.530000 -4.156673 -1.488743  
445 19.540000 -4.141802 -1.485382  
446 19.550000 -4.126965 -1.481941  
447 19.560000 -4.112163 -1.478425  
448 19.570000 -4.097397 -1.474836  
449 19.580000 -4.082667 -1.471178  
450 19.590000 -4.067974 -1.467452  
451 19.600000 -4.053318 -1.463662  
452 19.610000 -4.038701 -1.459812  
453 19.620000 -4.024122 -1.455902  
454 19.630000 -4.009583 -1.451937  
455 19.640000 -3.995084 -1.447919  
456 19.650000 -3.980625 -1.443849  
457 19.660000 -3.966207 -1.439731  
458 19.670000 -3.951830 -1.435567  
459 19.680000 -3.937495 -1.431358  
460 19.690000 -3.923203 -1.427108  
461 19.700000 -3.908953 -1.422818  
462 19.710000 -3.894747 -1.418490  
463 19.720000 -3.880584 -1.414125  
464 19.730000 -3.866464 -1.409727  
465 19.740000 -3.852389 -1.405297  
466 19.750000 -3.838359 -1.400836  
467 19.760000 -3.824373 -1.396346  
468 19.770000 -3.810432 -1.391829  
469 19.780000 -3.796536 -1.387287  
470 19.790000 -3.782686 -1.382721  
471 19.800000 -3.768882 -1.378132  
472 19.810000 -3.755124 -1.373522  
473 19.820000 -3.741412 -1.368892  
474 19.830000 -3.727746 -1.364244  
475 19.840000 -3.714127 -1.359580  
476 19.850000 -3.700554 -1.354899  
477 19.860000 -3.687029 -1.350204  
478 19.870000 -3.673550 -1.345495  
479 19.880000 -3.660119 -1.340775  
480 19.890000 -3.646735 -1.336043  
481 19.900000 -3.633398 -1.331301  
482 19.910000 -3.620109 -1.326551  
483 19.920000 -3.606867 -1.321792  
484 19.930000 -3.593673 -1.317027  
485 19.940000 -3.580527 -1.312255  
486 19.950000 -3.567428 -1.307478  
487 19.960000 -3.554377 -1.302697  
488 19.970000 -3.541374 -1.297913  
489 19.980000 -3.528419 -1.293126  
490 19.990000 -3.515511 -1.288337  
491 20.000000 -3.502652 -1.283547  
492 20.010000 -3.489841 -1.278756  
493 20.020000 -3.477077 -1.273967  
494 20.030000 -3.464361 -1.269178  
495 20.040000 -3.451693 -1.264391  
496 20.050000 -3.439073 -1.259606  
497 20.060000 -3.426501 -1.254825  
498 20.070000 -3.413977 -1.250047  
499 20.080000 -3.401500 -1.245273  
500 20.090000 -3.389071 -1.240504  
501 20.100000 -3.376690 -1.235740  
502 20.110000 -3.364357 -1.230982  
503 20.120000 -3.352071 -1.226230  
504 20.130000 -3.339832 -1.221485  
505 20.140000 -3.327641 -1.216747  
506 20.150000 -3.315497 -1.212017  
507 20.160000 -3.303400 -1.207295  
508 20.170000 -3.291351 -1.202582  
509 20.180000 -3.279349 -1.197877  
510 20.190000 -3.267393 -1.193182  
511 20.200000 -3.255485 -1.188497  
512 20.210000 -3.243624 -1.183821  
513 20.220000 -3.231809 -1.179156  
514 20.230000 -3.220040 -1.174502  
515 20.240000 -3.208319 -1.169858  
516 20.250000 -3.196643 -1.165226  
517 20.260000 -3.185014 -1.160606  
518 20.270000 -3.173431 -1.155997  
519 20.280000 -3.161894 -1.151401  
520 20.290000 -3.150403 -1.146817  
521 20.300000 -3.138958 -1.142245  
522 20.310000 -3.127558 -1.137687  
523 20.320000 -3.116204 -1.133142  
524 20.330000 -3.104895 -1.128610  
525 20.340000 -3.093632 -1.124092  
526 20.350000 -3.082413 -1.119587  
527 20.360000 -3.071240 -1.115096  
528 20.370000 -3.060111 -1.110620  
529 20.380000 -3.049027 -1.106157  
530 20.390000 -3.037988 -1.101710  
531 20.400000 -3.026993 -1.097276  
532 20.410000 -3.016042 -1.092858  
533 20.420000 -3.005136 -1.088454  
534 20.430000 -2.994273 -1.084066  
535 20.440000 -2.983455 -1.079693  
536 20.450000 -2.972679 -1.075335  
537 20.460000 -2.961948 -1.070992  
538 20.470000 -2.951260 -1.066665  
539 20.480000 -2.940614 -1.062354  
540 20.490000 -2.930012 -1.058058  
541 20.500000 -2.919453 -1.053778  
542 20.510000 -2.908937 -1.049514  
543 20.520000 -2.898463 -1.045266  
544 20.530000 -2.888031 -1.041034  
545 20.540000 -2.877642 -1.036818  
546 20.550000 -2.867295 -1.032618  
547 20.560000 -2.856990 -1.028435  
548 20.570000 -2.846726 -1.024268  
549 20.580000 -2.836504 -1.020117  
550 20.590000 -2.826324 -1.015982  
551 20.600000 -2.816185 -1.011864  
552 20.610000 -2.806087 -1.007763  
553 20.620000 -2.796029 -1.003678  
554 20.630000 -2.786013 -0.999609  
555 20.640000 -2.776037 -0.995557  
556 20.650000 -2.766102 -0.991522  
557 20.660000 -2.756207 -0.987504  
558 20.670000 -2.746352 -0.983502  
559 20.680000 -2.736537 -0.979516  
560 20.690000 -2.726761 -0.975547  
561 20.700000 -2.717026 -0.971595  
562 20.710000 -2.707329 -0.967660  
563 20.720000 -2.697672 -0.963741  
564 20.730000 -2.688054 -0.959839  
565 20.740000 -2.678475 -0.955954  
566 20.750000 -2.668935 -0.952085  
567 20.760000 -2.659434 -0.948233  
568 20.770000 -2.649971 -0.944398  
569 20.780000 -2.640546 -0.940579  
570 20.790000 -2.631159 -0.936777  
571 20.800000 -2.621810 -0.932992  
572 20.810000 -2.612499 -0.929223  
573 20.820000 -2.603226 -0.925470  
574 20.830000 -2.593990 -0.921735  
575 20.840000 -2.584791 -0.918015  
576 20.850000 -2.575629 -0.914312  
577 20.860000 -2.566504 -0.910626  
578 20.870000 -2.557417 -0.906956  
579 20.880000 -2.548365 -0.903303  
580 20.890000 -2.539350 -0.899666  
581 20.900000 -2.530372 -0.896045  
582 20.910000 -2.521430 -0.892441  
583 20.920000 -2.512523 -0.888852  
584 20.930000 -2.503652 -0.885280  
585 20.940000 -2.494817 -0.881725  
586 20.950000 -2.486018 -0.878185  
587 20.960000 -2.477254 -0.874661  
588 20.970000 -2.468525 -0.871154  
589 20.980000 -2.459831 -0.867663  
590 20.990000 -2.451171 -0.864187  
591 21.000000 -2.442547 -0.860728  
592 21.010000 -2.433957 -0.857284  
593 21.020000 -2.425401 -0.853856  
594 21.030000 -2.416880 -0.850444  
595 21.040000 -2.408392 -0.847048  
596 21.050000 -2.399939 -0.843667  
597 21.060000 -2.391519 -0.840302  
598 21.070000 -2.383132 -0.836953  
599 21.080000 -2.374780 -0.833619  
600 21.090000 -2.366460 -0.830301  
601 21.100000 -2.358173 -0.826998  
602 21.110000 -2.349920 -0.823710  
603 21.120000 -2.341699 -0.820438  
604 21.130000 -2.333511 -0.817181  
605 21.140000 -2.325356 -0.813939  
606 21.150000 -2.317232 -0.810712  
607 21.160000 -2.309141 -0.807501  
608 21.170000 -2.301082 -0.804304  
609 21.180000 -2.293055 -0.801122  
610 21.190000 -2.285060 -0.797956  
611 21.200000 -2.277096 -0.794804  
612 21.210000 -2.269164 -0.791667  
613 21.220000 -2.261263 -0.788544  
614 21.230000 -2.253393 -0.785437  
615 21.240000 -2.245554 -0.782344  
616 21.250000 -2.237746 -0.779265  
617 21.260000 -2.229968 -0.776201  
618 21.270000 -2.222222 -0.773152  
619 21.280000 -2.214505 -0.770116  
620 21.290000 -2.206819 -0.767095  
621 21.300000 -2.199163 -0.764089  
622 21.310000 -2.191538 -0.761096  
623 21.320000 -2.183941 -0.758118  
624 21.330000 -2.176375 -0.755154  
625 21.340000 -2.168838 -0.752203  
626 21.350000 -2.161331 -0.749267  
627 21.360000 -2.153853 -0.746345  
628 21.370000 -2.146404 -0.743436  
629 21.380000 -2.138984 -0.740541  
630 21.390000 -2.131593 -0.737660  
631 21.400000 -2.124231 -0.734792  
632 21.410000 -2.116897 -0.731938  
633 21.420000 -2.109592 -0.729097  
634 21.430000 -2.102315 -0.726270  
635 21.440000 -2.095067 -0.723457  
636 21.450000 -2.087846 -0.720656  
637 21.460000 -2.080654 -0.717869  
638 21.470000 -2.073489 -0.715095  
639 21.480000 -2.066352 -0.712334  
640 21.490000 -2.059242 -0.709586  
641 21.500000 -2.052160 -0.706851  
642 21.510000 -2.045105 -0.704129  
643 21.520000 -2.038077 -0.701420  
644 21.530000 -2.031076 -0.698724  
645 21.540000 -2.024103 -0.696040  
646 21.550000 -2.017156 -0.693370  
647 21.560000 -2.010235 -0.690711  
648 21.570000 -2.003341 -0.688066  
649 21.580000 -1.996474 -0.685433  
650 21.590000 -1.989633 -0.682812  
651 21.600000 -1.982818 -0.680204  
652 21.610000 -1.976029 -0.677608  
653 21.620000 -1.969265 -0.675024  
654 21.630000 -1.962528 -0.672452  
655 21.640000 -1.955816 -0.669893  
656 21.650000 -1.949130 -0.667346  
657 21.660000 -1.942469 -0.664810  
658 21.670000 -1.935834 -0.662287  
659 21.680000 -1.929224 -0.659775  
660 21.690000 -1.922638 -0.657276  
661 21.700000 -1.916078 -0.654788  
662 21.710000 -1.909543 -0.652311  
663 21.720000 -1.903032 -0.649847  
664 21.730000 -1.896546 -0.647394  
665 21.740000 -1.890084 -0.644952  
666 21.750000 -1.883646 -0.642522  
667 21.760000 -1.877233 -0.640104  
668 21.770000 -1.870844 -0.637697  
669 21.780000 -1.864479 -0.635301  
670 21.790000 -1.858138 -0.632916  
671 21.800000 -1.851821 -0.630543  
672 21.810000 -1.845527 -0.628180  
673 21.820000 -1.839257 -0.625829  
674 21.830000 -1.833011 -0.623489  
675 21.840000 -1.826788 -0.621159  
676 21.850000 -1.820588 -0.618841  
677 21.860000 -1.814411 -0.616533  
678 21.870000 -1.808257 -0.614236  
679 21.880000 -1.802126 -0.611950  
680 21.890000 -1.796018 -0.609675  
681 21.900000 -1.789932 -0.607410  
682 21.910000 -1.783870 -0.605156  
683 21.920000 -1.777829 -0.602912  
684 21.930000 -1.771811 -0.600678  
685 21.940000 -1.765816 -0.598456  
686 21.950000 -1.759842 -0.596243  
687 21.960000 -1.753891 -0.594041  
688 21.970000 -1.747961 -0.591848  
689 21.980000 -1.742054 -0.589667  
690 21.990000 -1.736168 -0.587495  
691 22.000000 -1.730304 -0.585333  
692 22.010000 -1.724461 -0.583181  
693 22.020000 -1.718640 -0.581039  
694 22.030000 -1.712840 -0.578908  
695 22.040000 -1.707062 -0.576786  
696 22.050000 -1.701305 -0.574673  
697 22.060000 -1.695569 -0.572571  
698 22.070000 -1.689853 -0.570478  
699 22.080000 -1.684159 -0.568395  
700 22.090000 -1.678485 -0.566322  
701 22.100000 -1.672832 -0.564258  
702 22.110000 -1.667200 -0.562203  
703 22.120000 -1.661588 -0.560158  
704 22.130000 -1.655997 -0.558123  
705 22.140000 -1.650426 -0.556096  
706 22.150000 -1.644875 -0.554079  
707 22.160000 -1.639344 -0.552072  
708 22.170000 -1.633834 -0.550073  
709 22.180000 -1.628343 -0.548084  
710 22.190000 -1.622872 -0.546104  
711 22.200000 -1.617421 -0.544132  
712 22.210000 -1.611989 -0.542170  
713 22.220000 -1.606577 -0.540217  
714 22.230000 -1.601185 -0.538273  
715 22.240000 -1.595812 -0.536337  
716 22.250000 -1.590458 -0.534411  
717 22.260000 -1.585123 -0.532493  
718 22.270000 -1.579808 -0.530584  
719 22.280000 -1.574512 -0.528683  
720 22.290000 -1.569234 -0.526791  
721 22.300000 -1.563976 -0.524908  
722 22.310000 -1.558736 -0.523033  
723 22.320000 -1.553515 -0.521167  
724 22.330000 -1.548313 -0.519309  
725 22.340000 -1.543129 -0.517460  
726 22.350000 -1.537964 -0.515619  
727 22.360000 -1.532817 -0.513786  
728 22.370000 -1.527688 -0.511962  
729 22.380000 -1.522577 -0.510145  
730 22.390000 -1.517485 -0.508337  
731 22.400000 -1.512411 -0.506537  
732 22.410000 -1.507354 -0.504746  
733 22.420000 -1.502316 -0.502962  
734 22.430000 -1.497295 -0.501186  
735 22.440000 -1.492292 -0.499418  
736 22.450000 -1.487307 -0.497658  
737 22.460000 -1.482339 -0.495907  
738 22.470000 -1.477388 -0.494162  
739 22.480000 -1.472455 -0.492426  
740 22.490000 -1.467540 -0.490697  
741 22.500000 -1.462641 -0.488977  
742 22.510000 -1.457760 -0.487263  
743 22.520000 -1.452896 -0.485558  
744 22.530000 -1.448049 -0.483860  
745 22.540000 -1.443219 -0.482170  
746 22.550000 -1.438406 -0.480487  
747 22.560000 -1.433609 -0.478811  
748 22.570000 -1.428829 -0.477143  
749 22.580000 -1.424066 -0.475483  
750 22.590000 -1.419320 -0.473830  
751 22.600000 -1.414590 -0.472184  
752 22.610000 -1.409876 -0.470545  
753 22.620000 -1.405179 -0.468914  
754 22.630000 -1.400498 -0.467289  
755 22.640000 -1.395833 -0.465672  
756 22.650000 -1.391184 -0.464063  
757 22.660000 -1.386552 -0.462460  
758 22.670000 -1.381935 -0.460864  
759 22.680000 -1.377334 -0.459275  
760 22.690000 -1.372750 -0.457694  
761 22.700000 -1.368180 -0.456119  
762 22.710000 -1.363627 -0.454551  
763 22.720000 -1.359089 -0.452990  
764 22.730000 -1.354567 -0.451436  
765 22.740000 -1.350061 -0.449888  
766 22.750000 -1.345570 -0.448348  
767 22.760000 -1.341094 -0.446814  
768 22.770000 -1.336633 -0.445286  
769 22.780000 -1.332188 -0.443766  
770 22.790000 -1.327758 -0.442252  
771 22.800000 -1.323343 -0.440745  
772 22.810000 -1.318943 -0.439244  
773 22.820000 -1.314558 -0.437750  
774 22.830000 -1.310188 -0.436262  
775 22.840000 -1.305833 -0.434780  
776 22.850000 -1.301492 -0.433305  
777 22.860000 -1.297167 -0.431837  
778 22.870000 -1.292856 -0.430375  
779 22.880000 -1.288559 -0.428919  
780 22.890000 -1.284277 -0.427469  
781 22.900000 -1.280010 -0.426026  
782 22.910000 -1.275757 -0.424589  
783 22.920000 -1.271518 -0.423158  
784 22.930000 -1.267293 -0.421733  
785 22.940000 -1.263083 -0.420314  
786 22.950000 -1.258887 -0.418902  
787 22.960000 -1.254705 -0.417495  
788 22.970000 -1.250537 -0.416095  
789 22.980000 -1.246383 -0.414700  
790 22.990000 -1.242243 -0.413311  
791 23.000000 -1.238117 -0.411929  
792 23.010000 -1.234005 -0.410552  
793 23.020000 -1.229906 -0.409181  
794 23.030000 -1.225821 -0.407816  
795 23.040000 -1.221750 -0.406457  
796 23.050000 -1.217692 -0.405104  
797 23.060000 -1.213648 -0.403756  
798 23.070000 -1.209617 -0.402414  
799 23.080000 -1.205599 -0.401078  
800 23.090000 -1.201595 -0.399747  
801 23.100000 -1.197604 -0.398422  
802 23.110000 -1.193627 -0.397103  
803 23.120000 -1.189662 -0.395789  
804 23.130000 -1.185711 -0.394481  
805 23.140000 -1.181773 -0.393178  
806 23.150000 -1.177847 -0.391881  
807 23.160000 -1.173935 -0.390590  
808 23.170000 -1.170035 -0.389303  
809 23.180000 -1.166149 -0.388022  
810 23.190000 -1.162275 -0.386747  
811 23.200000 -1.158414 -0.385477  
812 23.210000 -1.154565 -0.384212  
813 23.220000 -1.150730 -0.382952  
814 23.230000 -1.146906 -0.381698  
815 23.240000 -1.143096 -0.380449  
816 23.250000 -1.139297 -0.379205  
817 23.260000 -1.135511 -0.377967  
818 23.270000 -1.131738 -0.376733  
819 23.280000 -1.127977 -0.375505  
820 23.290000 -1.124228 -0.374282  
821 23.300000 -1.120491 -0.373064  
822 23.310000 -1.116767 -0.371851  
823 23.320000 -1.113054 -0.370643  
824 23.330000 -1.109354 -0.369440  
825 23.340000 -1.105665 -0.368242  
826 23.350000 -1.101989 -0.367049  
827 23.360000 -1.098324 -0.365861  
828 23.370000 -1.094672 -0.364678  
829 23.380000 -1.091031 -0.363499  
830 23.390000 -1.087402 -0.362326  
831 23.400000 -1.083784 -0.361157  
832 23.410000 -1.080178 -0.359993  
833 23.420000 -1.076584 -0.358834  
834 23.430000 -1.073002 -0.357680  
835 23.440000 -1.069431 -0.356531  
836 23.450000 -1.065871 -0.355386  
837 23.460000 -1.062323 -0.354246  
838 23.470000 -1.058786 -0.353110  
839 23.480000 -1.055261 -0.351980  
840 23.490000 -1.051747 -0.350854  
841 23.500000 -1.048244 -0.349732  
842 23.510000 -1.044752 -0.348615  
843 23.520000 -1.041271 -0.347503  
844 23.530000 -1.037802 -0.346395  
845 23.540000 -1.034343 -0.345291  
846 23.550000 -1.030896 -0.344192  
847 23.560000 -1.027460 -0.343098  
848 23.570000 -1.024034 -0.342008  
849 23.580000 -1.020619 -0.340922  
850 23.590000 -1.017216 -0.339841  
851 23.600000 -1.013823 -0.338765  
852 23.610000 -1.010440 -0.337692  
853 23.620000 -1.007069 -0.336624  
854 23.630000 -1.003708 -0.335560  
855 23.640000 -1.000357 -0.334501  
856 23.650000 -0.997018 -0.333446  
857 23.660000 -0.993689 -0.332395  
858 23.670000 -0.990370 -0.331348  
859 23.680000 -0.987062 -0.330305  
860 23.690000 -0.983764 -0.329267  
861 23.700000 -0.980476 -0.328233  
862 23.710000 -0.977199 -0.327203  
863 23.720000 -0.973932 -0.326177  
864 23.730000 -0.970675 -0.325155  
865 23.740000 -0.967429 -0.324137  
866 23.750000 -0.964193 -0.323124  
867 23.760000 -0.960967 -0.322114  
868 23.770000 -0.957750 -0.321108  
869 23.780000 -0.954544 -0.320107  
870 23.790000 -0.951348 -0.319109  
871 23.800000 -0.948162 -0.318116  
872 23.810000 -0.944986 -0.317126  
873 23.820000 -0.941820 -0.316140  
874 23.830000 -0.938663 -0.315158  
875 23.840000 -0.935516 -0.314180  
876 23.850000 -0.932380 -0.313206  
877 23.860000 -0.929252 -0.312236  
878 23.870000 -0.926135 -0.311270  
879 23.880000 -0.923027 -0.310307  
880 23.890000 -0.919929 -0.309348  
881 23.900000 -0.916840 -0.308393  
882 23.910000 -0.913761 -0.307442  
883 23.920000 -0.910691 -0.306495  
884 23.930000 -0.907631 -0.305551  
885 23.940000 -0.904580 -0.304611  
886 23.950000 -0.901539 -0.303674  
887 23.960000 -0.898507 -0.302742  
888 23.970000 -0.895484 -0.301813  
889 23.980000 -0.892470 -0.300887  
890 23.990000 -0.889466 -0.299965  
891 24.000000 -0.886471 -0.299047  
892 24.010000 -0.883485 -0.298133  
893 24.020000 -0.880508 -0.297222  
894 24.030000 -0.877541 -0.296314  
895 24.040000 -0.874582 -0.295410  
896 24.050000 -0.871632 -0.294510  
897 24.060000 -0.868692 -0.293613  
898 24.070000 -0.865760 -0.292719  
899 24.080000 -0.862837 -0.291829  
900 24.090000 -0.859924 -0.290943  
901 24.100000 -0.857019 -0.290060  
902 24.110000 -0.854122 -0.289180  
903 24.120000 -0.851235 -0.288304  
904 24.130000 -0.848356 -0.287431  
905 24.140000 -0.845486 -0.286561  
906 24.150000 -0.842625 -0.285695  
907 24.160000 -0.839772 -0.284832  
908 24.170000 -0.836928 -0.283973  
909 24.180000 -0.834093 -0.283116  
910 24.190000 -0.831266 -0.282264  
911 24.200000 -0.828448 -0.281414  
912 24.210000 -0.825638 -0.280567  
913 24.220000 -0.822836 -0.279724  
914 24.230000 -0.820043 -0.278884  
915 24.240000 -0.817259 -0.278048  
916 24.250000 -0.814482 -0.277214  
917 24.260000 -0.811714 -0.276384  
918 24.270000 -0.808955 -0.275557  
919 24.280000 -0.806203 -0.274733  
920 24.290000 -0.803460 -0.273912  
921 24.300000 -0.800725 -0.273094  
922 24.310000 -0.797998 -0.272279  
923 24.320000 -0.795279 -0.271468  
924 24.330000 -0.792569 -0.270659  
925 24.340000 -0.789866 -0.269854  
926 24.350000 -0.787172 -0.269052  
927 24.360000 -0.784485 -0.268252  
928 24.370000 -0.781807 -0.267456  
929 24.380000 -0.779136 -0.266663  
930 24.390000 -0.776473 -0.265873  
931 24.400000 -0.773818 -0.265085  
932 24.410000 -0.771172 -0.264301  
933 24.420000 -0.768532 -0.263520  
934 24.430000 -0.765901 -0.262741  
935 24.440000 -0.763278 -0.261966  
936 24.450000 -0.760662 -0.261193  
937 24.460000 -0.758054 -0.260423  
938 24.470000 -0.755453 -0.259657  
939 24.480000 -0.752861 -0.258893  
940 24.490000 -0.750275 -0.258132  
941 24.500000 -0.747698 -0.257373  
942 24.510000 -0.745128 -0.256618  
943 24.520000 -0.742566 -0.255865  
944 24.530000 -0.740011 -0.255116  
945 24.540000 -0.737463 -0.254369  
946 24.550000 -0.734923 -0.253625  
947 24.560000 -0.732391 -0.252883  
948 24.570000 -0.729866 -0.252145  
949 24.580000 -0.727348 -0.251409  
950 24.590000 -0.724837 -0.250676  
951 24.600000 -0.722334 -0.249945  
952 24.610000 -0.719839 -0.249217  
953 24.620000 -0.717350 -0.248492  
954 24.630000 -0.714869 -0.247770  
955 24.640000 -0.712395 -0.247050  
956 24.650000 -0.709928 -0.246333  
957 24.660000 -0.707468 -0.245619  
958 24.670000 -0.705015 -0.244907  
959 24.680000 -0.702570 -0.244198  
960 24.690000 -0.700131 -0.243492  
961 24.700000 -0.697700 -0.242788  
962 24.710000 -0.695276 -0.242086  
963 24.720000 -0.692858 -0.241388  
964 24.730000 -0.690448 -0.240691  
965 24.740000 -0.688044 -0.239998  
966 24.750000 -0.685648 -0.239307  
967 24.760000 -0.683258 -0.238618  
968 24.770000 -0.680875 -0.237932  
969 24.780000 -0.678500 -0.237249  
970 24.790000 -0.676130 -0.236568  
971 24.800000 -0.673768 -0.235889  
972 24.810000 -0.671413 -0.235213  
973 24.820000 -0.669064 -0.234539  
974 24.830000 -0.666722 -0.233868  
975 24.840000 -0.664387 -0.233199  
976 24.850000 -0.662058 -0.232533  
977 24.860000 -0.659736 -0.231869  
978 24.870000 -0.657420 -0.231208  
979 24.880000 -0.655112 -0.230549  
980 24.890000 -0.652810 -0.229892  
981 24.900000 -0.650514 -0.229238  
982 24.910000 -0.648225 -0.228586  
983 24.920000 -0.645942 -0.227936  
984 24.930000 -0.643666 -0.227289  
985 24.940000 -0.641396 -0.226644  
986 24.950000 -0.639133 -0.226002  
987 24.960000 -0.636876 -0.225361  
988 24.970000 -0.634626 -0.224723  
989 24.980000 -0.632382 -0.224088  
990 24.990000 -0.630144 -0.223454  
991 25.000000 -0.627913 -0.222823  
992 25.010000 -0.625688 -0.222194  
993 25.020000 -0.623469 -0.221568  
994 25.030000 -0.621256 -0.220943  
995 25.040000 -0.619050 -0.220321  
996 25.050000 -0.616850 -0.219701  
997 25.060000 -0.614656 -0.219084  
998 25.070000 -0.612468 -0.218468  
999 25.080000 -0.610287 -0.217855  
1000 25.090000 -0.608111 -0.217244  
1001 25.100000 -0.605942 -0.216635  
1002 25.110000 -0.603778 -0.216028  
1003 25.120000 -0.601621 -0.215424  
1004 25.130000 -0.599470 -0.214821  
1005 25.140000 -0.597325 -0.214221  
1006 25.150000 -0.595185 -0.213623  
1007 25.160000 -0.593052 -0.213027  
1008 25.170000 -0.590925 -0.212433  
1009 25.180000 -0.588804 -0.211841  
1010 25.190000 -0.586688 -0.211251  
1011 25.200000 -0.584578 -0.210664  
1012 25.210000 -0.582475 -0.210078  
1013 25.220000 -0.580377 -0.209495  
1014 25.230000 -0.578285 -0.208913  
1015 25.240000 -0.576199 -0.208334  
1016 25.250000 -0.574118 -0.207756  
1017 25.260000 -0.572044 -0.207181  
1018 25.270000 -0.569975 -0.206608  
1019 25.280000 -0.567911 -0.206036  
1020 25.290000 -0.565854 -0.205467  
1021 25.300000 -0.563802 -0.204900  
1022 25.310000 -0.561756 -0.204334  
1023 25.320000 -0.559715 -0.203771  
1024 25.330000 -0.557680 -0.203210  
1025 25.340000 -0.555651 -0.202650  
1026 25.350000 -0.553627 -0.202093  
1027 25.360000 -0.551609 -0.201537  
1028 25.370000 -0.549597 -0.200984  
1029 25.380000 -0.547590 -0.200432  
1030 25.390000 -0.545588 -0.199882  
1031 25.400000 -0.543592 -0.199334  
1032 25.410000 -0.541601 -0.198788  
1033 25.420000 -0.539616 -0.198244  
1034 25.430000 -0.537636 -0.197702  
1035 25.440000 -0.535662 -0.197162  
1036 25.450000 -0.533693 -0.196624  
1037 25.460000 -0.531730 -0.196087  
1038 25.470000 -0.529771 -0.195552  
1039 25.480000 -0.527819 -0.195020  
1040 25.490000 -0.525871 -0.194489  
1041 25.500000 -0.523929 -0.193959  
1042 25.510000 -0.521992 -0.193432  
1043 25.520000 -0.520060 -0.192907  
1044 25.530000 -0.518134 -0.192383  
1045 25.540000 -0.516212 -0.191861  
1046 25.550000 -0.514296 -0.191341  
1047 25.560000 -0.512386 -0.190823  
1048 25.570000 -0.510480 -0.190306  
1049 25.580000 -0.508580 -0.189791  
1050 25.590000 -0.506684 -0.189278  
1051 25.600000 -0.504794 -0.188767  
1052 25.610000 -0.502909 -0.188257  
1053 25.620000 -0.501029 -0.187750  
1054 25.630000 -0.499154 -0.187244  
1055 25.640000 -0.497284 -0.186739  
1056 25.650000 -0.495419 -0.186237  
1057 25.660000 -0.493559 -0.185736  
1058 25.670000 -0.491704 -0.185237  
1059 25.680000 -0.489854 -0.184739  
1060 25.690000 -0.488010 -0.184244  
1061 25.700000 -0.486170 -0.183749  
1062 25.710000 -0.484335 -0.183257  
1063 25.720000 -0.482504 -0.182766  
1064 25.730000 -0.480679 -0.182277  
1065 25.740000 -0.478859 -0.181790  
1066 25.750000 -0.477043 -0.181304  
1067 25.760000 -0.475233 -0.180820  
1068 25.770000 -0.473427 -0.180337  
1069 25.780000 -0.471626 -0.179857  
1070 25.790000 -0.469830 -0.179377  
1071 25.800000 -0.468038 -0.178900  
1072 25.810000 -0.466252 -0.178424  
1073 25.820000 -0.464470 -0.177949  
1074 25.830000 -0.462693 -0.177476  
1075 25.840000 -0.460920 -0.177005  
1076 25.850000 -0.459153 -0.176536  
1077 25.860000 -0.457390 -0.176067  
1078 25.870000 -0.455631 -0.175601  
1079 25.880000 -0.453878 -0.175136  
1080 25.890000 -0.452129 -0.174673  
1081 25.900000 -0.450384 -0.174211  
1082 25.910000 -0.448644 -0.173751  
1083 25.920000 -0.446909 -0.173292  
1084 25.930000 -0.445179 -0.172835  
1085 25.940000 -0.443453 -0.172379  
1086 25.950000 -0.441731 -0.171925  
1087 25.960000 -0.440014 -0.171472  
1088 25.970000 -0.438302 -0.171021  
1089 25.980000 -0.436594 -0.170571  
1090 25.990000 -0.434890 -0.170123  
1091 26.000000 -0.433191 -0.169676  
1092 26.010000 -0.431497 -0.169231  
1093 26.020000 -0.429807 -0.168788  
1094 26.030000 -0.428121 -0.168345  
1095 26.040000 -0.426440 -0.167905  
1096 26.050000 -0.424763 -0.167465  
1097 26.060000 -0.423090 -0.167027  
1098 26.070000 -0.421422 -0.166591  
1099 26.080000 -0.419759 -0.166156  
1100 26.090000 -0.418099 -0.165722  
1101 26.100000 -0.416444 -0.165290  
1102 26.110000 -0.414793 -0.164860  
1103 26.120000 -0.413147 -0.164430  
1104 26.130000 -0.411505 -0.164003  
1105 26.140000 -0.409867 -0.163576  
1106 26.150000 -0.408233 -0.163151  
1107 26.160000 -0.406604 -0.162727  
1108 26.170000 -0.404979 -0.162305  
1109 26.180000 -0.403358 -0.161884  
1110 26.190000 -0.401741 -0.161465  
1111 26.200000 -0.400128 -0.161047  
1112 26.210000 -0.398520 -0.160630  
1113 26.220000 -0.396916 -0.160214  
1114 26.230000 -0.395316 -0.159800  
1115 26.240000 -0.393720 -0.159388  
1116 26.250000 -0.392128 -0.158976  
1117 26.260000 -0.390540 -0.158566  
1118 26.270000 -0.388957 -0.158158  
1119 26.280000 -0.387377 -0.157750  
1120 26.290000 -0.385802 -0.157344  
1121 26.300000 -0.384230 -0.156940  
1122 26.310000 -0.382663 -0.156536  
1123 26.320000 -0.381099 -0.156134  
1124 26.330000 -0.379540 -0.155733  
1125 26.340000 -0.377985 -0.155334  
1126 26.350000 -0.376433 -0.154936  
1127 26.360000 -0.374886 -0.154539  
1128 26.370000 -0.373343 -0.154143  
1129 26.380000 -0.371803 -0.153749  
1130 26.390000 -0.370268 -0.153356  
1131 26.400000 -0.368736 -0.152964  
1132 26.410000 -0.367208 -0.152574  
1133 26.420000 -0.365685 -0.152184  
1134 26.430000 -0.364165 -0.151796  
1135 26.440000 -0.362649 -0.151410  
1136 26.450000 -0.361136 -0.151024  
1137 26.460000 -0.359628 -0.150640  
1138 26.470000 -0.358124 -0.150257  
1139 26.480000 -0.356623 -0.149875  
1140 26.490000 -0.355126 -0.149494  
1141 26.500000 -0.353633 -0.149115  
1142 26.510000 -0.352144 -0.148737  
1143 26.520000 -0.350658 -0.148360  
1144 26.530000 -0.349177 -0.147984  
1145 26.540000 -0.347699 -0.147610  
1146 26.550000 -0.346224 -0.147236  
1147 26.560000 -0.344754 -0.146864  
1148 26.570000 -0.343287 -0.146493  
1149 26.580000 -0.341824 -0.146123  
1150 26.590000 -0.340365 -0.145755  
1151 26.600000 -0.338909 -0.145387  
1152 26.610000 -0.337457 -0.145021  
1153 26.620000 -0.336009 -0.144656  
1154 26.630000 -0.334564 -0.144292  
1155 26.640000 -0.333123 -0.143929  
1156 26.650000 -0.331685 -0.143567  
1157 26.660000 -0.330251 -0.143207  
1158 26.670000 -0.328821 -0.142848  
1159 26.680000 -0.327394 -0.142489  
1160 26.690000 -0.325971 -0.142132  
1161 26.700000 -0.324552 -0.141776  
1162 26.710000 -0.323136 -0.141421  
1163 26.720000 -0.321723 -0.141068  
1164 26.730000 -0.320314 -0.140715  
1165 26.740000 -0.318909 -0.140364  
1166 26.750000 -0.317507 -0.140013  
1167 26.760000 -0.316109 -0.139664  
1168 26.770000 -0.314714 -0.139316  
1169 26.780000 -0.313323 -0.138969  
1170 26.790000 -0.311935 -0.138623  
1171 26.800000 -0.310550 -0.138278  
1172 26.810000 -0.309169 -0.137934  
1173 26.820000 -0.307791 -0.137591  
1174 26.830000 -0.306417 -0.137249  
1175 26.840000 -0.305046 -0.136909  
1176 26.850000 -0.303679 -0.136569  
1177 26.860000 -0.302315 -0.136231  
1178 26.870000 -0.300954 -0.135893  
1179 26.880000 -0.299597 -0.135557  
1180 26.890000 -0.298243 -0.135222  
1181 26.900000 -0.296893 -0.134887  
1182 26.910000 -0.295545 -0.134554  
1183 26.920000 -0.294202 -0.134222  
1184 26.930000 -0.292861 -0.133891  
1185 26.940000 -0.291524 -0.133560  
1186 26.950000 -0.290190 -0.133231  
1187 26.960000 -0.288859 -0.132903  
1188 26.970000 -0.287532 -0.132576  
1189 26.980000 -0.286208 -0.132250  
1190 26.990000 -0.284887 -0.131925  
1191 27.000000 -0.283569 -0.131601  
1192 27.010000 -0.282255 -0.131278  
1193 27.020000 -0.280944 -0.130956  
1194 27.030000 -0.279636 -0.130635  
1195 27.040000 -0.278331 -0.130315  
1196 27.050000 -0.277029 -0.129995  
1197 27.060000 -0.275731 -0.129677  
1198 27.070000 -0.274436 -0.129360  
1199 27.080000 -0.273144 -0.129044  
1200 27.090000 -0.271855 -0.128729  
1201 27.100000 -0.270569 -0.128415  
1202 27.110000 -0.269287 -0.128101  
1203 27.120000 -0.268007 -0.127789  
1204 27.130000 -0.266731 -0.127478  
1205 27.140000 -0.265458 -0.127167  
1206 27.150000 -0.264187 -0.126858  
1207 27.160000 -0.262920 -0.126550  
1208 27.170000 -0.261656 -0.126242  
1209 27.180000 -0.260396 -0.125935  
1210 27.190000 -0.259138 -0.125630  
1211 27.200000 -0.257883 -0.125325  
1212 27.210000 -0.256631 -0.125021  
1213 27.220000 -0.255383 -0.124718  
1214 27.230000 -0.254137 -0.124416  
1215 27.240000 -0.252894 -0.124115  
1216 27.250000 -0.251655 -0.123815  
1217 27.260000 -0.250418 -0.123516  
1218 27.270000 -0.249184 -0.123218  
1219 27.280000 -0.247954 -0.122920  
1220 27.290000 -0.246726 -0.122624  
1221 27.300000 -0.245501 -0.122328  
1222 27.310000 -0.244279 -0.122034  
1223 27.320000 -0.243060 -0.121740  
1224 27.330000 -0.241844 -0.121447  
1225 27.340000 -0.240631 -0.121155  
1226 27.350000 -0.239421 -0.120864  
1227 27.360000 -0.238214 -0.120574  
1228 27.370000 -0.237010 -0.120284  
1229 27.380000 -0.235808 -0.119996  
1230 27.390000 -0.234610 -0.119708  
1231 27.400000 -0.233414 -0.119421  
1232 27.410000 -0.232222 -0.119135  
1233 27.420000 -0.231032 -0.118850  
1234 27.430000 -0.229845 -0.118566  
1235 27.440000 -0.228660 -0.118283  
1236 27.450000 -0.227479 -0.118000  
1237 27.460000 -0.226300 -0.117719  
1238 27.470000 -0.225125 -0.117438  
1239 27.480000 -0.223952 -0.117158  
1240 27.490000 -0.222781 -0.116879  
1241 27.500000 -0.221614 -0.116600  
1242 27.510000 -0.220449 -0.116323  
1243 27.520000 -0.219287 -0.116046  
1244 27.530000 -0.218128 -0.115771  
1245 27.540000 -0.216972 -0.115496  
1246 27.550000 -0.215818 -0.115221  
1247 27.560000 -0.214668 -0.114948  
1248 27.570000 -0.213520 -0.114676  
1249 27.580000 -0.212374 -0.114404  
1250 27.590000 -0.211231 -0.114133  
1251 27.600000 -0.210091 -0.113863  
1252 27.610000 -0.208954 -0.113594  
1253 27.620000 -0.207820 -0.113325  
1254 27.630000 -0.206688 -0.113057  
1255 27.640000 -0.205558 -0.112790  
1256 27.650000 -0.204432 -0.112524  
1257 27.660000 -0.203308 -0.112259  
1258 27.670000 -0.202187 -0.111994  
1259 27.680000 -0.201068 -0.111731  
1260 27.690000 -0.199952 -0.111468  
1261 27.700000 -0.198839 -0.111206  
1262 27.710000 -0.197728 -0.110944  
1263 27.720000 -0.196620 -0.110683  
1264 27.730000 -0.195514 -0.110424  
1265 27.740000 -0.194411 -0.110164  
1266 27.750000 -0.193311 -0.109906  
1267 27.760000 -0.192213 -0.109649  
1268 27.770000 -0.191118 -0.109392  
1269 27.780000 -0.190025 -0.109136  
1270 27.790000 -0.188935 -0.108880  
1271 27.800000 -0.187848 -0.108626  
1272 27.810000 -0.186763 -0.108372  
1273 27.820000 -0.185680 -0.108119  
1274 27.830000 -0.184600 -0.107866  
1275 27.840000 -0.183523 -0.107615  
1276 27.850000 -0.182448 -0.107364  
1277 27.860000 -0.181376 -0.107114  
1278 27.870000 -0.180306 -0.106864  
1279 27.880000 -0.179238 -0.106616  
1280 27.890000 -0.178174 -0.106368  
1281 27.900000 -0.177111 -0.106121  
1282 27.910000 -0.176051 -0.105874  
1283 27.920000 -0.174994 -0.105628  
1284 27.930000 -0.173939 -0.105383  
1285 27.940000 -0.172886 -0.105139  
1286 27.950000 -0.171836 -0.104895  
1287 27.960000 -0.170788 -0.104652  
1288 27.970000 -0.169743 -0.104410  
1289 27.980000 -0.168700 -0.104168  
1290 27.990000 -0.167659 -0.103928  
1291 28.000000 -0.166621 -0.103687  
1292 28.010000 -0.165586 -0.103448  
1293 28.020000 -0.164552 -0.103209  
1294 28.030000 -0.163521 -0.102971  
1295 28.040000 -0.162493 -0.102734  
1296 28.050000 -0.161467 -0.102497  
1297 28.060000 -0.160443 -0.102261  
1298 28.070000 -0.159422 -0.102026  
1299 28.080000 -0.158402 -0.101791  
1300 28.090000 -0.157386 -0.101557  
1301 28.100000 -0.156371 -0.101324  
1302 28.110000 -0.155359 -0.101091  
1303 28.120000 -0.154349 -0.100859  
1304 28.130000 -0.153342 -0.100628  
1305 28.140000 -0.152337 -0.100397  
1306 28.150000 -0.151334 -0.100167  
1307 28.160000 -0.150334 -0.099938  
1308 28.170000 -0.149335 -0.099709  
1309 28.180000 -0.148339 -0.099481  
1310 28.190000 -0.147346 -0.099254  
1311 28.200000 -0.146354 -0.099027  
1312 28.210000 -0.145365 -0.098801  
1313 28.220000 -0.144378 -0.098576  
1314 28.230000 -0.143394 -0.098351  
1315 28.240000 -0.142411 -0.098127  
1316 28.250000 -0.141431 -0.097904  
1317 28.260000 -0.140453 -0.097681  
1318 28.270000 -0.139477 -0.097459  
1319 28.280000 -0.138504 -0.097237  
1320 28.290000 -0.137533 -0.097016  
1321 28.300000 -0.136564 -0.096796  
1322 28.310000 -0.135597 -0.096576  
1323 28.320000 -0.134632 -0.096357  
1324 28.330000 -0.133670 -0.096139  
1325 28.340000 -0.132709 -0.095921  
1326 28.350000 -0.131751 -0.095704  
1327 28.360000 -0.130795 -0.095487  
1328 28.370000 -0.129841 -0.095271  
1329 28.380000 -0.128890 -0.095056  
1330 28.390000 -0.127940 -0.094841  
1331 28.400000 -0.126993 -0.094627  
1332 28.410000 -0.126048 -0.094414  
1333 28.420000 -0.125105 -0.094201  
1334 28.430000 -0.124164 -0.093988  
1335 28.440000 -0.123225 -0.093777  
1336 28.450000 -0.122288 -0.093565  
1337 28.460000 -0.121354 -0.093355  
1338 28.470000 -0.120421 -0.093145  
1339 28.480000 -0.119491 -0.092936  
1340 28.490000 -0.118562 -0.092727  
1341 28.500000 -0.117636 -0.092519  
1342 28.510000 -0.116712 -0.092311  
1343 28.520000 -0.115790 -0.092104  
1344 28.530000 -0.114870 -0.091898  
1345 28.540000 -0.113952 -0.091692  
1346 28.550000 -0.113036 -0.091487  
1347 28.560000 -0.112122 -0.091282  
1348 28.570000 -0.111210 -0.091078  
1349 28.580000 -0.110301 -0.090874  
1350 28.590000 -0.109393 -0.090671  
1351 28.600000 -0.108487 -0.090469  
1352 28.610000 -0.107584 -0.090267  
1353 28.620000 -0.106682 -0.090066  
1354 28.630000 -0.105782 -0.089865  
1355 28.640000 -0.104885 -0.089665  
1356 28.650000 -0.103989 -0.089465  
1357 28.660000 -0.103095 -0.089266  
1358 28.670000 -0.102204 -0.089068  
1359 28.680000 -0.101314 -0.088870  
1360 28.690000 -0.100426 -0.088672  
1361 28.700000 -0.099541 -0.088476  
1362 28.710000 -0.098657 -0.088279  
1363 28.720000 -0.097775 -0.088084  
1364 28.730000 -0.096895 -0.087888  
1365 28.740000 -0.096017 -0.087694  
1366 28.750000 -0.095141 -0.087500  
1367 28.760000 -0.094267 -0.087306  
1368 28.770000 -0.093395 -0.087113  
1369 28.780000 -0.092525 -0.086920  
1370 28.790000 -0.091657 -0.086728  
1371 28.800000 -0.090790 -0.086537  
1372 28.810000 -0.089926 -0.086346  
1373 28.820000 -0.089063 -0.086156  
1374 28.830000 -0.088203 -0.085966  
1375 28.840000 -0.087344 -0.085776  
1376 28.850000 -0.086487 -0.085587  
1377 28.860000 -0.085632 -0.085399  
1378 28.870000 -0.084779 -0.085211  
1379 28.880000 -0.083928 -0.085024  
1380 28.890000 -0.083079 -0.084837  
1381 28.900000 -0.082231 -0.084651  
1382 28.910000 -0.081386 -0.084465  
1383 28.920000 -0.080542 -0.084280  
1384 28.930000 -0.079700 -0.084095  
1385 28.940000 -0.078860 -0.083911  
1386 28.950000 -0.078022 -0.083727  
1387 28.960000 -0.077186 -0.083544  
1388 28.970000 -0.076351 -0.083361  
1389 28.980000 -0.075518 -0.083179  
1390 28.990000 -0.074688 -0.082998  
1391 29.000000 -0.073858 -0.082816  
1392 29.010000 -0.073031 -0.082636  
1393 29.020000 -0.072206 -0.082455  
1394 29.030000 -0.071382 -0.082276  
1395 29.040000 -0.070560 -0.082096  
1396 29.050000 -0.069740 -0.081918  
1397 29.060000 -0.068922 -0.081739  
1398 29.070000 -0.068105 -0.081561  
1399 29.080000 -0.067291 -0.081384  
1400 29.090000 -0.066478 -0.081207  
1401 29.100000 -0.065666 -0.081031  
1402 29.110000 -0.064857 -0.080855  
1403 29.120000 -0.064049 -0.080680  
1404 29.130000 -0.063243 -0.080505  
1405 29.140000 -0.062439 -0.080330  
1406 29.150000 -0.061637 -0.080156  
1407 29.160000 -0.060836 -0.079983  
1408 29.170000 -0.060037 -0.079810  
1409 29.180000 -0.059240 -0.079637  
1410 29.190000 -0.058444 -0.079465  
1411 29.200000 -0.057651 -0.079294  
1412 29.210000 -0.056859 -0.079122  
1413 29.220000 -0.056068 -0.078952  
1414 29.230000 -0.055280 -0.078781  
1415 29.240000 -0.054493 -0.078612  
1416 29.250000 -0.053707 -0.078442  
1417 29.260000 -0.052924 -0.078273  
1418 29.270000 -0.052142 -0.078105  
1419 29.280000 -0.051362 -0.077937  
1420 29.290000 -0.050583 -0.077769  
1421 29.300000 -0.049806 -0.077602  
1422 29.310000 -0.049031 -0.077436  
1423 29.320000 -0.048258 -0.077270  
1424 29.330000 -0.047486 -0.077104  
1425 29.340000 -0.046715 -0.076938  
1426 29.350000 -0.045947 -0.076774  
1427 29.360000 -0.045180 -0.076609  
1428 29.370000 -0.044415 -0.076445  
1429 29.380000 -0.043651 -0.076282  
1430 29.390000 -0.042889 -0.076119  
1431 29.400000 -0.042129 -0.075956  
1432 29.410000 -0.041370 -0.075794  
1433 29.420000 -0.040613 -0.075632  
1434 29.430000 -0.039857 -0.075471  
1435 29.440000 -0.039103 -0.075310  
1436 29.450000 -0.038351 -0.075149  
1437 29.460000 -0.037600 -0.074989  
1438 29.470000 -0.036851 -0.074829  
1439 29.480000 -0.036104 -0.074670  
1440 29.490000 -0.035358 -0.074511  
1441 29.500000 -0.034614 -0.074353  
1442 29.510000 -0.033871 -0.074195  
1443 29.520000 -0.033130 -0.074037  
1444 29.530000 -0.032390 -0.073880  
1445 29.540000 -0.031652 -0.073724  
1446 29.550000 -0.030916 -0.073567  
1447 29.560000 -0.030181 -0.073411  
1448 29.570000 -0.029447 -0.073256  
1449 29.580000 -0.028716 -0.073101  
1450 29.590000 -0.027985 -0.072946  
1451 29.600000 -0.027257 -0.072792  
1452 29.610000 -0.026530 -0.072638  
1453 29.620000 -0.025804 -0.072485  
1454 29.630000 -0.025080 -0.072332  
1455 29.640000 -0.024357 -0.072179  
1456 29.650000 -0.023636 -0.072027  
1457 29.660000 -0.022917 -0.071875  
1458 29.670000 -0.022199 -0.071723  
1459 29.680000 -0.021482 -0.071572  
1460 29.690000 -0.020767 -0.071422  
1461 29.700000 -0.020054 -0.071272  
1462 29.710000 -0.019342 -0.071122  
1463 29.720000 -0.018631 -0.070972  
1464 29.730000 -0.017922 -0.070823  
1465 29.740000 -0.017215 -0.070674  
1466 29.750000 -0.016509 -0.070526  
1467 29.760000 -0.015804 -0.070378  
1468 29.770000 -0.015101 -0.070231  
1469 29.780000 -0.014400 -0.070084  
1470 29.790000 -0.013700 -0.069937  
1471 29.800000 -0.013001 -0.069791  
1472 29.810000 -0.012304 -0.069645  
1473 29.820000 -0.011608 -0.069499  
1474 29.830000 -0.010914 -0.069354  
1475 29.840000 -0.010221 -0.069209  
1476 29.850000 -0.009530 -0.069064  
1477 29.860000 -0.008840 -0.068920  
1478 29.870000 -0.008151 -0.068777  
1479 29.880000 -0.007464 -0.068633  
1480 29.890000 -0.006779 -0.068490  
1481 29.900000 -0.006094 -0.068348  
1482 29.910000 -0.005412 -0.068206  
1483 29.920000 -0.004730 -0.068064  
1484 29.930000 -0.004050 -0.067922  
1485 29.940000 -0.003372 -0.067781  
1486 29.950000 -0.002695 -0.067640  
1487 29.960000 -0.002019 -0.067500  
1488 29.970000 -0.001345 -0.067360  
1489 29.980000 -0.000672 -0.067220  
1490 29.990000 -0.000000 -0.067081  
