1 15.100000 60722710418852.187500 5469571753907117.000000  
2 15.110000 25733167217359.746094 2107358649398300.500000  
3 15.120000 11750940881406.468750 882195767289531.750000  
4 15.130000 5713343283272.324219 395964430102559.187500  
5 15.140000 2930252126129.434082 188591342006408.531250  
6 15.150000 1573667539655.050293 94537055148686.390625  
7 15.160000 879694076678.313477 49548159711869.023438  
8 15.170000 509387869591.975220 27005422662514.949219  
9 15.180000 304308378631.110596 15238005320166.353516  
10 15.190000 186922593403.105713 8868093911454.058594  
11 15.200000 117720522496.359131 5306150934191.625977  
12 15.210000 75827477660.312576 3255367423711.347656  
13 15.220000 49851064891.118599 2043053306744.358154  
14 15.230000 33389239885.099663 1309006591696.227539  
15 15.240000 22747546120.630329 854715549284.779419  
16 15.250000 15741804277.060303 567868664380.604370  
17 15.260000 11051812156.363903 383379265945.565552  
18 15.270000 7863193663.689067 262687078337.616577  
19 15.280000 5664087750.999597 182477965164.437469  
20 15.290000 4127146278.114704 128388254701.428528  
21 15.300000 3039627184.750798 91412881370.070862  
22 15.310000 2261186160.485049 65813929007.996140  
23 15.320000 1697938242.110050 47879535063.185814  
24 15.330000 1286253435.351279 35174294822.781952  
25 15.340000 982476666.123227 26078995390.692837  
26 15.350000 756311613.612494 19503607725.387875  
27 15.360000 586504718.242125 14705706605.553366  
28 15.370000 457993723.881485 11174016558.581417  
29 15.380000 360001140.400898 8552761666.980742  
30 15.390000 284745035.712059 6591923962.081079  
31 15.400000 226557923.530353 5114161131.933727  
32 15.410000 181278456.014428 3992564602.952010  
33 15.420000 145827418.947043 3135551595.732837  
34 15.430000 117909492.994208 2476502512.856348  
35 15.440000 95801657.362658 1966587045.390436  
36 15.450000 78201825.833565 1569753816.368859  
37 15.460000 64119717.989613 1259201554.279747  
38 15.470000 52797590.419536 1014873720.266600  
39 15.480000 43652245.024245 821666093.377518  
40 15.490000 36232312.697001 668135007.638321  
41 15.500000 30186582.518281 545559857.468863  
42 15.510000 25240372.915785 447258132.516813  
43 15.520000 21177796.636251 368081729.179805  
44 15.530000 17828372.536181 304044270.096323  
45 15.540000 15056862.734227 252043716.893952  
46 15.550000 12755516.972176 209654729.879758  
47 15.560000 10838123.651897 174972382.753813  
48 15.570000 9235424.156451 146493908.305656  
49 15.580000 7891561.230625 123028764.328950  
50 15.590000 6761315.632860 103629901.333397  
51 15.600000 5807946.596387 87540984.753144  
52 15.610000 5001496.959739 74155682.772252  
53 15.620000 4317457.499554 62986122.637879  
54 15.630000 3735710.144386 53638346.313863  
55 15.640000 3239688.619137 45793133.495279  
56 15.650000 2815709.299440 39190958.381514  
57 15.660000 2452435.834808 33620143.499309  
58 15.670000 2140449.301822 28907496.179165  
59 15.680000 1871901.917149 24910880.517973  
60 15.690000 1640237.150839 21513304.014944  
61 15.700000 1439962.787223 18618193.949279  
62 15.710000 1266466.348331 16145611.629490  
63 15.720000 1115864.521615 14029208.542821  
64 15.730000 984879.969422 12213771.368663  
65 15.740000 870740.255391 10653235.924429  
66 15.750000 771094.688758 9309075.731658  
67 15.760000 683945.726990 8148990.788100  
68 15.770000 607592.240628 7145837.640123  
69 15.780000 540582.470115 6276753.978329  
70 15.790000 481674.922697 5522440.496009  
71 15.800000 429805.791142 4866570.241463  
72 15.810000 384061.742971 4295301.610870  
73 15.820000 343657.143103 3796875.813996  
74 15.830000 307914.945174 3361283.367501  
75 15.840000 276250.625847 2979987.136394  
76 15.850000 248158.648951 2645691.813931  
77 15.860000 223201.037521 2352151.628865  
78 15.870000 200997.706045 2094009.594261  
79 15.880000 181218.265693 1866662.840725  
80 15.890000 163575.064759 1666149.569039  
81 15.900000 147817.267031 1489053.960452  
82 15.910000 133725.804044 1332426.034755  
83 15.920000 121109.064542 1193713.976558  
84 15.930000 109799.207023 1070706.882627  
85 15.940000 99648.999891 961486.236526  
86 15.950000 90529.109186 864384.706269  
87 15.960000 82325.766665 777951.098328  
88 15.970000 74938.761682 700920.496823  
89 15.980000 68279.709190 632188.777834  
90 15.990000 62270.553586 570790.821935  
91 16.000000 56842.274342 515881.858200  
92 16.010000 51933.764564 466721.464314  
93 16.020000 47490.857945 422659.823360  
94 16.030000 43465.483305 383125.901055  
95 16.040000 39814.928950 347617.259925  
96 16.050000 36501.201721 315691.270960  
97 16.060000 33490.467797 286957.520164  
98 16.070000 30752.564183 261071.238328  
99 16.080000 28260.571406 237727.608310  
100 16.090000 25990.439264 216656.825964  
101 16.100000 23920.658660 197619.809260  
102 16.110000 22031.973468 180404.465678  
103 16.120000 20307.127268 164822.441096  
104 16.130000 18730.640463 150706.284500  
105 16.140000 17288.613900 137906.972301  
106 16.150000 15968.555664 126291.744025  
107 16.160000 14759.228121 115742.207964  
108 16.170000 13650.512721 106152.681194  
109 16.180000 12633.290341 97428.733276  
110 16.190000 11699.335298 89485.907229  
111 16.200000 10841.221355 82248.594932  
112 16.210000 10052.238292 75649.047252  
113 16.220000 9326.317759 69626.501808  
114 16.230000 8657.967346 64126.413595  
115 16.240000 8042.211868 59099.775626  
116 16.250000 7474.541053 54502.518458  
117 16.260000 6950.862876 50294.978902  
118 16.270000 6467.461898 46441.429492  
119 16.280000 6020.962032 42909.661347  
120 16.290000 5608.293248 39670.614035  
121 16.300000 5226.661764 36698.046809  
122 16.310000 4873.523340 33968.246345  
123 16.320000 4546.559327 31459.766675  
124 16.330000 4243.655175 29153.197570  
125 16.340000 3962.881126 27030.958079  
126 16.350000 3702.474865 25077.112326  
127 16.360000 3460.825900 23277.205029  
128 16.370000 3236.461509 21618.114507  
129 16.380000 3028.034072 20087.921202  
130 16.390000 2834.309653 18675.789986  
131 16.400000 2654.157684 17371.864721  
132 16.410000 2486.541666 16167.173722  
133 16.420000 2330.510750 15053.544926  
134 16.430000 2185.192128 14023.529720  
135 16.440000 2049.784154 13070.334481  
136 16.450000 1923.550099 12187.759009  
137 16.460000 1805.812503 11370.141119  
138 16.470000 1695.948048 10612.306729  
139 16.480000 1593.382905 9909.524879  
140 16.490000 1497.588510 9257.467159  
141 16.500000 1408.077726 8652.171086  
142 16.510000 1324.401349 8090.007032  
143 16.520000 1246.144932 7567.648322  
144 16.530000 1172.925895 7082.044202  
145 16.540000 1104.390889 6630.395364  
146 16.550000 1040.213393 6210.131787  
147 16.560000 980.091526 5818.892651  
148 16.570000 923.746044 5454.508128  
149 16.580000 870.918517 5114.982857  
150 16.590000 821.369659 4798.480939  
151 16.600000 774.877802 4503.312312  
152 16.610000 731.237504 4227.920356  
153 16.620000 690.258267 3970.870628  
154 16.630000 651.763371 3730.840600  
155 16.640000 615.588799 3506.610325  
156 16.650000 581.582261 3297.053919  
157 16.660000 549.602282 3101.131811  
158 16.670000 519.517386 2917.883658  
159 16.680000 491.205329 2746.421887  
160 16.690000 464.552403 2585.925799  
161 16.700000 439.452797 2435.636175  
162 16.710000 415.808006 2294.850351  
163 16.720000 393.526285 2162.917709  
164 16.730000 372.522155 2039.235554  
165 16.740000 352.715939 1923.245337  
166 16.750000 334.033339 1814.429193  
167 16.760000 316.405046 1712.306773  
168 16.770000 299.766380 1616.432337  
169 16.780000 284.056956 1526.392079  
170 16.790000 269.220375 1441.801687  
171 16.800000 255.203949 1362.304089  
172 16.810000 241.958427 1287.567388  
173 16.820000 229.437762 1217.282963  
174 16.830000 217.598886 1151.163719  
175 16.840000 206.401497 1088.942486  
176 16.850000 195.807874 1030.370534  
177 16.860000 185.782696 975.216212  
178 16.870000 176.292878 923.263696  
179 16.880000 167.307421 874.311828  
180 16.890000 158.797266 828.173049  
181 16.900000 150.735167 784.672419  
182 16.910000 143.095569 743.646705  
183 16.920000 135.854493 704.943544  
184 16.930000 128.989432 668.420666  
185 16.940000 122.479256 633.945181  
186 16.950000 116.304118 601.392916  
187 16.960000 110.445374 570.647803  
188 16.970000 104.885501 541.601311  
189 16.980000 99.608025 514.151927  
190 16.990000 94.597456 488.204664  
191 17.000000 89.839222 463.670615  
192 17.010000 85.319611 440.466538  
193 17.020000 81.025718 418.514467  
194 17.030000 76.945392 397.741353  
195 17.040000 73.067190 378.078736  
196 17.050000 69.380330 359.462433  
197 17.060000 65.874655 341.832255  
198 17.070000 62.540587 325.131736  
199 17.080000 59.369098 309.307892  
200 17.090000 56.351673 294.310987  
201 17.100000 53.480278 280.094324  
202 17.110000 50.747332 266.614041  
203 17.120000 48.145680 253.828929  
204 17.130000 45.668566 241.700264  
205 17.140000 43.309608 230.191640  
206 17.150000 41.062780 219.268825  
207 17.160000 38.922387 208.899620  
208 17.170000 36.883044 199.053731  
209 17.180000 34.939663 189.702647  
210 17.190000 33.087431 180.819529  
211 17.200000 31.321797 172.379103  
212 17.210000 29.638453 164.357566  
213 17.220000 28.033324 156.732489  
214 17.230000 26.502552 149.482737  
215 17.240000 25.042485 142.588386  
216 17.250000 23.649662 136.030652  
217 17.260000 22.320809 129.791816  
218 17.270000 21.052819 123.855164  
219 17.280000 19.842751 118.204924  
220 17.290000 18.687816 112.826210  
221 17.300000 17.585369 107.704966  
222 17.310000 16.532902 102.827922  
223 17.320000 15.528038 98.182540  
224 17.330000 14.568519 93.756976  
225 17.340000 13.652203 89.540039  
226 17.350000 12.777058 85.521147  
227 17.360000 11.941153 81.690298  
228 17.370000 11.142657 78.038031  
229 17.380000 10.379827 74.555398  
230 17.390000 9.651012 71.233933  
231 17.400000 8.954638 68.065625  
232 17.410000 8.289214 65.042888  
233 17.420000 7.653319 62.158544  
234 17.430000 7.045604 59.405792  
235 17.440000 6.464786 56.778192  
236 17.450000 5.909644 54.269642  
237 17.460000 5.379016 51.874359  
238 17.470000 4.871797 49.586865  
239 17.480000 4.386937 47.401962  
240 17.490000 3.923433 45.314725  
241 17.500000 3.480332 43.320481  
242 17.510000 3.056728 41.414798  
243 17.520000 2.651755 39.593471  
244 17.530000 2.264591 37.852508  
245 17.540000 1.894450 36.188121  
246 17.550000 1.540585 34.596715  
247 17.560000 1.202284 33.074873  
248 17.570000 0.878866 31.619352  
249 17.580000 0.569686 30.227071  
250 17.590000 0.274124 28.895103  
251 17.600000 -0.008408 27.620664  
252 17.610000 -0.278472 26.401111  
253 17.620000 -0.536605 25.233929  
254 17.630000 -0.783317 24.116727  
255 17.640000 -1.019098 23.047233  
256 17.650000 -1.244414 22.023283  
257 17.660000 -1.459709 21.042821  
258 17.670000 -1.665409 20.103887  
259 17.680000 -1.861919 19.204619  
260 17.690000 -2.049627 18.343242  
261 17.700000 -2.228904 17.518069  
262 17.710000 -2.400104 16.727490  
263 17.720000 -2.563564 15.969974  
264 17.730000 -2.719609 15.244062  
265 17.740000 -2.868546 14.548364  
266 17.750000 -3.010672 13.881555  
267 17.760000 -3.146270 13.242372  
268 17.770000 -3.275608 12.629613  
269 17.780000 -3.398946 12.042130  
270 17.790000 -3.516531 11.478828  
271 17.800000 -3.628600 10.938665  
272 17.810000 -3.735378 10.420645  
273 17.820000 -3.837083 9.923818  
274 17.830000 -3.933922 9.447278  
275 17.840000 -4.026094 8.990161  
276 17.850000 -4.113787 8.551642  
277 17.860000 -4.197186 8.130932  
278 17.870000 -4.276463 7.727279  
279 17.880000 -4.351786 7.339965  
280 17.890000 -4.423314 6.968305  
281 17.900000 -4.491202 6.611642  
282 17.910000 -4.555595 6.269350  
283 17.920000 -4.616635 5.940832  
284 17.930000 -4.674456 5.625516  
285 17.940000 -4.729187 5.322855  
286 17.950000 -4.780953 5.032327  
287 17.960000 -4.829873 4.753433  
288 17.970000 -4.876059 4.485695  
289 17.980000 -4.919622 4.228657  
290 17.990000 -4.960667 3.981881  
291 18.000000 -4.999293 3.744951  
292 18.010000 -5.035597 3.517465  
293 18.020000 -5.069672 3.299042  
294 18.030000 -5.101607 3.089316  
295 18.040000 -5.131486 2.887937  
296 18.050000 -5.159392 2.694568  
297 18.060000 -5.185403 2.508889  
298 18.070000 -5.209595 2.330593  
299 18.080000 -5.232039 2.159384  
300 18.090000 -5.252805 1.994982  
301 18.100000 -5.271960 1.837115  
302 18.110000 -5.289568 1.685526  
303 18.120000 -5.305691 1.539965  
304 18.130000 -5.320387 1.400196  
305 18.140000 -5.333713 1.265991  
306 18.150000 -5.345725 1.137132  
307 18.160000 -5.356473 1.013409  
308 18.170000 -5.366009 0.894622  
309 18.180000 -5.374381 0.780578  
310 18.190000 -5.381636 0.671093  
311 18.200000 -5.387818 0.565990  
312 18.210000 -5.392970 0.465100  
313 18.220000 -5.397133 0.368260  
314 18.230000 -5.400348 0.275313  
315 18.240000 -5.402652 0.186110  
316 18.250000 -5.404082 0.100506  
317 18.260000 -5.404674 0.018365  
318 18.270000 -5.404461 -0.060447  
319 18.280000 -5.403475 -0.136056  
320 18.290000 -5.401750 -0.208586  
321 18.300000 -5.399314 -0.278152  
322 18.310000 -5.396196 -0.344868  
323 18.320000 -5.392425 -0.408842  
324 18.330000 -5.388028 -0.470177  
325 18.340000 -5.383030 -0.528973  
326 18.350000 -5.377457 -0.585326  
327 18.360000 -5.371332 -0.639328  
328 18.370000 -5.364678 -0.691067  
329 18.380000 -5.357518 -0.740629  
330 18.390000 -5.349872 -0.788096  
331 18.400000 -5.341762 -0.833544  
332 18.410000 -5.333208 -0.877051  
333 18.420000 -5.324228 -0.918689  
334 18.430000 -5.314840 -0.958527  
335 18.440000 -5.305063 -0.996632  
336 18.450000 -5.294913 -1.033070  
337 18.460000 -5.284407 -1.067901  
338 18.470000 -5.273560 -1.101186  
339 18.480000 -5.262388 -1.132983  
340 18.490000 -5.250905 -1.163345  
341 18.500000 -5.239126 -1.192327  
342 18.510000 -5.227063 -1.219979  
343 18.520000 -5.214730 -1.246351  
344 18.530000 -5.202140 -1.271490  
345 18.540000 -5.189305 -1.295441  
346 18.550000 -5.176235 -1.318248  
347 18.560000 -5.162943 -1.339954  
348 18.570000 -5.149440 -1.360599  
349 18.580000 -5.135735 -1.380222  
350 18.590000 -5.121838 -1.398861  
351 18.600000 -5.107761 -1.416552  
352 18.610000 -5.093510 -1.433330  
353 18.620000 -5.079097 -1.449228  
354 18.630000 -5.064529 -1.464280  
355 18.640000 -5.049814 -1.478515  
356 18.650000 -5.034961 -1.491965  
357 18.660000 -5.019977 -1.504657  
358 18.670000 -5.004870 -1.516621  
359 18.680000 -4.989647 -1.527882  
360 18.690000 -4.974315 -1.538467  
361 18.700000 -4.958880 -1.548400  
362 18.710000 -4.943349 -1.557706  
363 18.720000 -4.927728 -1.566407  
364 18.730000 -4.912023 -1.574527  
365 18.740000 -4.896239 -1.582086  
366 18.750000 -4.880383 -1.589105  
367 18.760000 -4.864459 -1.595605  
368 18.770000 -4.848472 -1.601604  
369 18.780000 -4.832428 -1.607121  
370 18.790000 -4.816332 -1.612174  
371 18.800000 -4.800186 -1.616780  
372 18.810000 -4.783997 -1.620957  
373 18.820000 -4.767769 -1.624719  
374 18.830000 -4.751504 -1.628082  
375 18.840000 -4.735208 -1.631062  
376 18.850000 -4.718884 -1.633672  
377 18.860000 -4.702536 -1.635927  
378 18.870000 -4.686167 -1.637840  
379 18.880000 -4.669780 -1.639424  
380 18.890000 -4.653380 -1.640692  
381 18.900000 -4.636968 -1.641654  
382 18.910000 -4.620547 -1.642324  
383 18.920000 -4.604122 -1.642712  
384 18.930000 -4.587694 -1.642829  
385 18.940000 -4.571266 -1.642685  
386 18.950000 -4.554841 -1.642290  
387 18.960000 -4.538421 -1.641655  
388 18.970000 -4.522009 -1.640788  
389 18.980000 -4.505606 -1.639699  
390 18.990000 -4.489216 -1.638396  
391 19.000000 -4.472839 -1.636888  
392 19.010000 -4.456479 -1.635182  
393 19.020000 -4.440136 -1.633287  
394 19.030000 -4.423813 -1.631211  
395 19.040000 -4.407512 -1.628959  
396 19.050000 -4.391235 -1.626540  
397 19.060000 -4.374982 -1.623961  
398 19.070000 -4.358756 -1.621227  
399 19.080000 -4.342558 -1.618346  
400 19.090000 -4.326390 -1.615322  
401 19.100000 -4.310252 -1.612164  
402 19.110000 -4.294147 -1.608874  
403 19.120000 -4.278075 -1.605461  
404 19.130000 -4.262038 -1.601928  
405 19.140000 -4.246037 -1.598281  
406 19.150000 -4.230073 -1.594525  
407 19.160000 -4.214147 -1.590664  
408 19.170000 -4.198260 -1.586704  
409 19.180000 -4.182413 -1.582648  
410 19.190000 -4.166607 -1.578501  
411 19.200000 -4.150843 -1.574267  
412 19.210000 -4.135122 -1.569950  
413 19.220000 -4.119444 -1.565555  
414 19.230000 -4.103811 -1.561084  
415 19.240000 -4.088223 -1.556541  
416 19.250000 -4.072681 -1.551930  
417 19.260000 -4.057185 -1.547254  
418 19.270000 -4.041736 -1.542517  
419 19.280000 -4.026334 -1.537721  
420 19.290000 -4.010981 -1.532869  
421 19.300000 -3.995677 -1.527965  
422 19.310000 -3.980422 -1.523012  
423 19.320000 -3.965217 -1.518011  
424 19.330000 -3.950062 -1.512966  
425 19.340000 -3.934958 -1.507879  
426 19.350000 -3.919905 -1.502753  
427 19.360000 -3.904903 -1.497589  
428 19.370000 -3.889953 -1.492391  
429 19.380000 -3.875055 -1.487160  
430 19.390000 -3.860210 -1.481899  
431 19.400000 -3.845418 -1.476609  
432 19.410000 -3.830678 -1.471293  
433 19.420000 -3.815992 -1.465952  
434 19.430000 -3.801359 -1.460588  
435 19.440000 -3.786780 -1.455204  
436 19.450000 -3.772255 -1.449800  
437 19.460000 -3.757784 -1.444378  
438 19.470000 -3.743368 -1.438941  
439 19.480000 -3.729005 -1.433489  
440 19.490000 -3.714698 -1.428024  
441 19.500000 -3.700445 -1.422548  
442 19.510000 -3.686247 -1.417061  
443 19.520000 -3.672104 -1.411566  
444 19.530000 -3.658016 -1.406062  
445 19.540000 -3.643982 -1.400553  
446 19.550000 -3.630005 -1.395038  
447 19.560000 -3.616082 -1.389519  
448 19.570000 -3.602214 -1.383998  
449 19.580000 -3.588402 -1.378474  
450 19.590000 -3.574645 -1.372949  
451 19.600000 -3.560943 -1.367425  
452 19.610000 -3.547296 -1.361901  
453 19.620000 -3.533705 -1.356380  
454 19.630000 -3.520169 -1.350861  
455 19.640000 -3.506688 -1.345347  
456 19.650000 -3.493262 -1.339836  
457 19.660000 -3.479891 -1.334331  
458 19.670000 -3.466575 -1.328832  
459 19.680000 -3.453314 -1.323340  
460 19.690000 -3.440108 -1.317855  
461 19.700000 -3.426957 -1.312378  
462 19.710000 -3.413861 -1.306910  
463 19.720000 -3.400819 -1.301451  
464 19.730000 -3.387832 -1.296002  
465 19.740000 -3.374899 -1.290564  
466 19.750000 -3.362020 -1.285137  
467 19.760000 -3.349196 -1.279721  
468 19.770000 -3.336426 -1.274318  
469 19.780000 -3.323710 -1.268927  
470 19.790000 -3.311047 -1.263549  
471 19.800000 -3.298438 -1.258185  
472 19.810000 -3.285883 -1.252834  
473 19.820000 -3.273382 -1.247498  
474 19.830000 -3.260933 -1.242176  
475 19.840000 -3.248538 -1.236870  
476 19.850000 -3.236196 -1.231579  
477 19.860000 -3.223907 -1.226304  
478 19.870000 -3.211670 -1.221044  
479 19.880000 -3.199486 -1.215801  
480 19.890000 -3.187354 -1.210575  
481 19.900000 -3.175274 -1.205366  
482 19.910000 -3.163246 -1.200174  
483 19.920000 -3.151271 -1.194999  
484 19.930000 -3.139346 -1.189843  
485 19.940000 -3.127474 -1.184704  
486 19.950000 -3.115652 -1.179583  
487 19.960000 -3.103882 -1.174481  
488 19.970000 -3.092163 -1.169397  
489 19.980000 -3.080494 -1.164332  
490 19.990000 -3.068876 -1.159286  
491 20.000000 -3.057308 -1.154259  
492 20.010000 -3.045791 -1.149251  
493 20.020000 -3.034323 -1.144262  
494 20.030000 -3.022905 -1.139293  
495 20.040000 -3.011537 -1.134344  
496 20.050000 -3.000218 -1.129415  
497 20.060000 -2.988949 -1.124505  
498 20.070000 -2.977728 -1.119616  
499 20.080000 -2.966556 -1.114746  
500 20.090000 -2.955433 -1.109897  
501 20.100000 -2.944358 -1.105068  
502 20.110000 -2.933332 -1.100259  
503 20.120000 -2.922353 -1.095470  
504 20.130000 -2.911422 -1.090703  
505 20.140000 -2.900539 -1.085955  
506 20.150000 -2.889703 -1.081228  
507 20.160000 -2.878914 -1.076522  
508 20.170000 -2.868173 -1.071837  
509 20.180000 -2.857478 -1.067172  
510 20.190000 -2.846829 -1.062528  
511 20.200000 -2.836227 -1.057904  
512 20.210000 -2.825671 -1.053302  
513 20.220000 -2.815161 -1.048720  
514 20.230000 -2.804696 -1.044159  
515 20.240000 -2.794278 -1.039619  
516 20.250000 -2.783904 -1.035099  
517 20.260000 -2.773576 -1.030601  
518 20.270000 -2.763292 -1.026123  
519 20.280000 -2.753053 -1.021666  
520 20.290000 -2.742859 -1.017230  
521 20.300000 -2.732708 -1.012814  
522 20.310000 -2.722602 -1.008419  
523 20.320000 -2.712540 -1.004045  
524 20.330000 -2.702521 -0.999692  
525 20.340000 -2.692546 -0.995359  
526 20.350000 -2.682614 -0.991047  
527 20.360000 -2.672725 -0.986756  
528 20.370000 -2.662879 -0.982485  
529 20.380000 -2.653075 -0.978235  
530 20.390000 -2.643314 -0.974005  
531 20.400000 -2.633595 -0.969796  
532 20.410000 -2.623918 -0.965607  
533 20.420000 -2.614283 -0.961438  
534 20.430000 -2.604689 -0.957290  
535 20.440000 -2.595137 -0.953162  
536 20.450000 -2.585626 -0.949054  
537 20.460000 -2.576156 -0.944966  
538 20.470000 -2.566727 -0.940899  
539 20.480000 -2.557338 -0.936851  
540 20.490000 -2.547989 -0.932823  
541 20.500000 -2.538681 -0.928816  
542 20.510000 -2.529413 -0.924828  
543 20.520000 -2.520185 -0.920860  
544 20.530000 -2.510996 -0.916911  
545 20.540000 -2.501846 -0.912983  
546 20.550000 -2.492736 -0.909073  
547 20.560000 -2.483665 -0.905184  
548 20.570000 -2.474632 -0.901314  
549 20.580000 -2.465638 -0.897463  
550 20.590000 -2.456683 -0.893631  
551 20.600000 -2.447766 -0.889819  
552 20.610000 -2.438887 -0.886026  
553 20.620000 -2.430045 -0.882252  
554 20.630000 -2.421241 -0.878497  
555 20.640000 -2.412475 -0.874761  
556 20.650000 -2.403746 -0.871043  
557 20.660000 -2.395054 -0.867345  
558 20.670000 -2.386399 -0.863665  
559 20.680000 -2.377781 -0.860004  
560 20.690000 -2.369199 -0.856361  
561 20.700000 -2.360654 -0.852737  
562 20.710000 -2.352144 -0.849131  
563 20.720000 -2.343671 -0.845544  
564 20.730000 -2.335233 -0.841974  
565 20.740000 -2.326831 -0.838423  
566 20.750000 -2.318465 -0.834890  
567 20.760000 -2.310134 -0.831374  
568 20.770000 -2.301837 -0.827877  
569 20.780000 -2.293576 -0.824397  
570 20.790000 -2.285349 -0.820936  
571 20.800000 -2.277157 -0.817491  
572 20.810000 -2.268999 -0.814065  
573 20.820000 -2.260876 -0.810655  
574 20.830000 -2.252786 -0.807264  
575 20.840000 -2.244730 -0.803889  
576 20.850000 -2.236708 -0.800532  
577 20.860000 -2.228720 -0.797191  
578 20.870000 -2.220765 -0.793868  
579 20.880000 -2.212842 -0.790562  
580 20.890000 -2.204953 -0.787272  
581 20.900000 -2.197097 -0.784000  
582 20.910000 -2.189273 -0.780744  
583 20.920000 -2.181482 -0.777505  
584 20.930000 -2.173723 -0.774282  
585 20.940000 -2.165996 -0.771075  
586 20.950000 -2.158301 -0.767885  
587 20.960000 -2.150638 -0.764712  
588 20.970000 -2.143007 -0.761554  
589 20.980000 -2.135407 -0.758413  
590 20.990000 -2.127839 -0.755287  
591 21.000000 -2.120302 -0.752178  
592 21.010000 -2.112795 -0.749084  
593 21.020000 -2.105320 -0.746006  
594 21.030000 -2.097875 -0.742944  
595 21.040000 -2.090461 -0.739898  
596 21.050000 -2.083077 -0.736867  
597 21.060000 -2.075723 -0.733851  
598 21.070000 -2.068400 -0.730851  
599 21.080000 -2.061106 -0.727866  
600 21.090000 -2.053843 -0.724896  
601 21.100000 -2.046608 -0.721941  
602 21.110000 -2.039404 -0.719002  
603 21.120000 -2.032228 -0.716077  
604 21.130000 -2.025082 -0.713167  
605 21.140000 -2.017965 -0.710272  
606 21.150000 -2.010877 -0.707391  
607 21.160000 -2.003817 -0.704525  
608 21.170000 -1.996786 -0.701674  
609 21.180000 -1.989784 -0.698837  
610 21.190000 -1.982809 -0.696015  
611 21.200000 -1.975863 -0.693207  
612 21.210000 -1.968945 -0.690413  
613 21.220000 -1.962055 -0.687633  
614 21.230000 -1.955192 -0.684867  
615 21.240000 -1.948358 -0.682115  
616 21.250000 -1.941550 -0.679378  
617 21.260000 -1.934770 -0.676653  
618 21.270000 -1.928017 -0.673943  
619 21.280000 -1.921291 -0.671247  
620 21.290000 -1.914592 -0.668563  
621 21.300000 -1.907920 -0.665894  
622 21.310000 -1.901274 -0.663238  
623 21.320000 -1.894655 -0.660595  
624 21.330000 -1.888062 -0.657966  
625 21.340000 -1.881496 -0.655349  
626 21.350000 -1.874955 -0.652746  
627 21.360000 -1.868441 -0.650156  
628 21.370000 -1.861952 -0.647579  
629 21.380000 -1.855489 -0.645015  
630 21.390000 -1.849052 -0.642464  
631 21.400000 -1.842640 -0.639925  
632 21.410000 -1.836253 -0.637399  
633 21.420000 -1.829892 -0.634886  
634 21.430000 -1.823555 -0.632385  
635 21.440000 -1.817244 -0.629897  
636 21.450000 -1.810957 -0.627421  
637 21.460000 -1.804695 -0.624958  
638 21.470000 -1.798458 -0.622507  
639 21.480000 -1.792245 -0.620068  
640 21.490000 -1.786057 -0.617641  
641 21.500000 -1.779892 -0.615226  
642 21.510000 -1.773752 -0.612823  
643 21.520000 -1.767636 -0.610432  
644 21.530000 -1.761543 -0.608053  
645 21.540000 -1.755475 -0.605686  
646 21.550000 -1.749430 -0.603331  
647 21.560000 -1.743408 -0.600987  
648 21.570000 -1.737410 -0.598654  
649 21.580000 -1.731435 -0.596333  
650 21.590000 -1.725483 -0.594024  
651 21.600000 -1.719554 -0.591726  
652 21.610000 -1.713649 -0.589439  
653 21.620000 -1.707766 -0.587164  
654 21.630000 -1.701905 -0.584900  
655 21.640000 -1.696068 -0.582647  
656 21.650000 -1.690252 -0.580405  
657 21.660000 -1.684459 -0.578174  
658 21.670000 -1.678689 -0.575954  
659 21.680000 -1.672940 -0.573744  
660 21.690000 -1.667214 -0.571546  
661 21.700000 -1.661509 -0.569358  
662 21.710000 -1.655827 -0.567181  
663 21.720000 -1.650166 -0.565015  
664 21.730000 -1.644526 -0.562859  
665 21.740000 -1.638909 -0.560714  
666 21.750000 -1.633312 -0.558579  
667 21.760000 -1.627737 -0.556454  
668 21.770000 -1.622183 -0.554340  
669 21.780000 -1.616650 -0.552236  
670 21.790000 -1.611138 -0.550142  
671 21.800000 -1.605647 -0.548059  
672 21.810000 -1.600177 -0.545985  
673 21.820000 -1.594727 -0.543922  
674 21.830000 -1.589299 -0.541868  
675 21.840000 -1.583890 -0.539825  
676 21.850000 -1.578502 -0.537791  
677 21.860000 -1.573134 -0.535767  
678 21.870000 -1.567787 -0.533753  
679 21.880000 -1.562459 -0.531749  
680 21.890000 -1.557152 -0.529754  
681 21.900000 -1.551864 -0.527768  
682 21.910000 -1.546596 -0.525793  
683 21.920000 -1.541348 -0.523826  
684 21.930000 -1.536120 -0.521869  
685 21.940000 -1.530911 -0.519922  
686 21.950000 -1.525721 -0.517984  
687 21.960000 -1.520551 -0.516055  
688 21.970000 -1.515400 -0.514135  
689 21.980000 -1.510268 -0.512224  
690 21.990000 -1.505156 -0.510323  
691 22.000000 -1.500062 -0.508430  
692 22.010000 -1.494987 -0.506547  
693 22.020000 -1.489931 -0.504672  
694 22.030000 -1.484893 -0.502807  
695 22.040000 -1.479875 -0.500950  
696 22.050000 -1.474874 -0.499102  
697 22.060000 -1.469893 -0.497262  
698 22.070000 -1.464929 -0.495432  
699 22.080000 -1.459984 -0.493610  
700 22.090000 -1.455057 -0.491796  
701 22.100000 -1.450148 -0.489992  
702 22.110000 -1.445257 -0.488195  
703 22.120000 -1.440384 -0.486407  
704 22.130000 -1.435529 -0.484628  
705 22.140000 -1.430691 -0.482857  
706 22.150000 -1.425872 -0.481094  
707 22.160000 -1.421070 -0.479339  
708 22.170000 -1.416285 -0.477593  
709 22.180000 -1.411518 -0.475855  
710 22.190000 -1.406768 -0.474124  
711 22.200000 -1.402035 -0.472402  
712 22.210000 -1.397320 -0.470688  
713 22.220000 -1.392621 -0.468982  
714 22.230000 -1.387940 -0.467284  
715 22.240000 -1.383276 -0.465594  
716 22.250000 -1.378628 -0.463912  
717 22.260000 -1.373997 -0.462237  
718 22.270000 -1.369383 -0.460570  
719 22.280000 -1.364786 -0.458911  
720 22.290000 -1.360205 -0.457260  
721 22.300000 -1.355641 -0.455616  
722 22.310000 -1.351093 -0.453980  
723 22.320000 -1.346561 -0.452351  
724 22.330000 -1.342046 -0.450730  
725 22.340000 -1.337546 -0.449116  
726 22.350000 -1.333063 -0.447510  
727 22.360000 -1.328596 -0.445911  
728 22.370000 -1.324145 -0.444319  
729 22.380000 -1.319710 -0.442735  
730 22.390000 -1.315290 -0.441158  
731 22.400000 -1.310887 -0.439588  
732 22.410000 -1.306499 -0.438026  
733 22.420000 -1.302126 -0.436470  
734 22.430000 -1.297769 -0.434922  
735 22.440000 -1.293428 -0.433380  
736 22.450000 -1.289102 -0.431846  
737 22.460000 -1.284791 -0.430319  
738 22.470000 -1.280495 -0.428798  
739 22.480000 -1.276215 -0.427285  
740 22.490000 -1.271949 -0.425778  
741 22.500000 -1.267699 -0.424278  
742 22.510000 -1.263464 -0.422785  
743 22.520000 -1.259243 -0.421299  
744 22.530000 -1.255038 -0.419819  
745 22.540000 -1.250847 -0.418346  
746 22.550000 -1.246671 -0.416880  
747 22.560000 -1.242509 -0.415420  
748 22.570000 -1.238362 -0.413967  
749 22.580000 -1.234230 -0.412520  
750 22.590000 -1.230112 -0.411080  
751 22.600000 -1.226008 -0.409646  
752 22.610000 -1.221919 -0.408219  
753 22.620000 -1.217844 -0.406798  
754 22.630000 -1.213783 -0.405384  
755 22.640000 -1.209736 -0.403976  
756 22.650000 -1.205704 -0.402574  
757 22.660000 -1.201685 -0.401178  
758 22.670000 -1.197680 -0.399789  
759 22.680000 -1.193689 -0.398405  
760 22.690000 -1.189712 -0.397028  
761 22.700000 -1.185748 -0.395657  
762 22.710000 -1.181799 -0.394292  
763 22.720000 -1.177863 -0.392933  
764 22.730000 -1.173940 -0.391580  
765 22.740000 -1.170031 -0.390233  
766 22.750000 -1.166135 -0.388893  
767 22.760000 -1.162253 -0.387558  
768 22.770000 -1.158384 -0.386228  
769 22.780000 -1.154529 -0.384905  
770 22.790000 -1.150686 -0.383588  
771 22.800000 -1.146857 -0.382276  
772 22.810000 -1.143041 -0.380970  
773 22.820000 -1.139237 -0.379670  
774 22.830000 -1.135447 -0.378375  
775 22.840000 -1.131670 -0.377087  
776 22.850000 -1.127905 -0.375803  
777 22.860000 -1.124154 -0.374526  
778 22.870000 -1.120415 -0.373254  
779 22.880000 -1.116689 -0.371987  
780 22.890000 -1.112975 -0.370726  
781 22.900000 -1.109274 -0.369471  
782 22.910000 -1.105586 -0.368221  
783 22.920000 -1.101910 -0.366976  
784 22.930000 -1.098246 -0.365737  
785 22.940000 -1.094595 -0.364503  
786 22.950000 -1.090956 -0.363275  
787 22.960000 -1.087329 -0.362052  
788 22.970000 -1.083715 -0.360834  
789 22.980000 -1.080113 -0.359621  
790 22.990000 -1.076522 -0.358414  
791 23.000000 -1.072944 -0.357212  
792 23.010000 -1.069378 -0.356015  
793 23.020000 -1.065824 -0.354823  
794 23.030000 -1.062282 -0.353636  
795 23.040000 -1.058751 -0.352455  
796 23.050000 -1.055233 -0.351278  
797 23.060000 -1.051726 -0.350107  
798 23.070000 -1.048231 -0.348940  
799 23.080000 -1.044747 -0.347778  
800 23.090000 -1.041275 -0.346622  
801 23.100000 -1.037814 -0.345470  
802 23.110000 -1.034366 -0.344324  
803 23.120000 -1.030928 -0.343182  
804 23.130000 -1.027502 -0.342045  
805 23.140000 -1.024087 -0.340913  
806 23.150000 -1.020684 -0.339785  
807 23.160000 -1.017291 -0.338663  
808 23.170000 -1.013910 -0.337545  
809 23.180000 -1.010540 -0.336432  
810 23.190000 -1.007182 -0.335324  
811 23.200000 -1.003834 -0.334220  
812 23.210000 -1.000497 -0.333121  
813 23.220000 -0.997172 -0.332027  
814 23.230000 -0.993857 -0.330937  
815 23.240000 -0.990553 -0.329852  
816 23.250000 -0.987260 -0.328771  
817 23.260000 -0.983977 -0.327695  
818 23.270000 -0.980706 -0.326623  
819 23.280000 -0.977445 -0.325556  
820 23.290000 -0.974195 -0.324494  
821 23.300000 -0.970955 -0.323436  
822 23.310000 -0.967726 -0.322382  
823 23.320000 -0.964507 -0.321332  
824 23.330000 -0.961299 -0.320288  
825 23.340000 -0.958102 -0.319247  
826 23.350000 -0.954914 -0.318211  
827 23.360000 -0.951737 -0.317179  
828 23.370000 -0.948571 -0.316151  
829 23.380000 -0.945414 -0.315128  
830 23.390000 -0.942268 -0.314109  
831 23.400000 -0.939132 -0.313094  
832 23.410000 -0.936006 -0.312083  
833 23.420000 -0.932890 -0.311076  
834 23.430000 -0.929785 -0.310074  
835 23.440000 -0.926689 -0.309076  
836 23.450000 -0.923603 -0.308082  
837 23.460000 -0.920527 -0.307092  
838 23.470000 -0.917461 -0.306106  
839 23.480000 -0.914405 -0.305124  
840 23.490000 -0.911359 -0.304146  
841 23.500000 -0.908322 -0.303172  
842 23.510000 -0.905295 -0.302202  
843 23.520000 -0.902278 -0.301236  
844 23.530000 -0.899271 -0.300275  
845 23.540000 -0.896273 -0.299317  
846 23.550000 -0.893284 -0.298363  
847 23.560000 -0.890305 -0.297412  
848 23.570000 -0.887336 -0.296466  
849 23.580000 -0.884376 -0.295524  
850 23.590000 -0.881426 -0.294585  
851 23.600000 -0.878484 -0.293650  
852 23.610000 -0.875552 -0.292719  
853 23.620000 -0.872630 -0.291792  
854 23.630000 -0.869717 -0.290869  
855 23.640000 -0.866813 -0.289949  
856 23.650000 -0.863918 -0.289033  
857 23.660000 -0.861032 -0.288121  
858 23.670000 -0.858155 -0.287212  
859 23.680000 -0.855288 -0.286307  
860 23.690000 -0.852429 -0.285406  
861 23.700000 -0.849579 -0.284508  
862 23.710000 -0.846739 -0.283614  
863 23.720000 -0.843907 -0.282724  
864 23.730000 -0.841084 -0.281837  
865 23.740000 -0.838270 -0.280954  
866 23.750000 -0.835465 -0.280074  
867 23.760000 -0.832669 -0.279198  
868 23.770000 -0.829881 -0.278325  
869 23.780000 -0.827102 -0.277456  
870 23.790000 -0.824332 -0.276590  
871 23.800000 -0.821571 -0.275728  
872 23.810000 -0.818818 -0.274869  
873 23.820000 -0.816073 -0.274013  
874 23.830000 -0.813337 -0.273161  
875 23.840000 -0.810610 -0.272313  
876 23.850000 -0.807891 -0.271467  
877 23.860000 -0.805181 -0.270625  
878 23.870000 -0.802479 -0.269787  
879 23.880000 -0.799785 -0.268952  
880 23.890000 -0.797100 -0.268120  
881 23.900000 -0.794423 -0.267291  
882 23.910000 -0.791754 -0.266466  
883 23.920000 -0.789093 -0.265643  
884 23.930000 -0.786441 -0.264825  
885 23.940000 -0.783797 -0.264009  
886 23.950000 -0.781161 -0.263196  
887 23.960000 -0.778533 -0.262387  
888 23.970000 -0.775913 -0.261581  
889 23.980000 -0.773301 -0.260778  
890 23.990000 -0.770697 -0.259978  
891 24.000000 -0.768102 -0.259182  
892 24.010000 -0.765514 -0.258388  
893 24.020000 -0.762934 -0.257598  
894 24.030000 -0.760362 -0.256811  
895 24.040000 -0.757798 -0.256026  
896 24.050000 -0.755241 -0.255245  
897 24.060000 -0.752693 -0.254467  
898 24.070000 -0.750152 -0.253692  
899 24.080000 -0.747619 -0.252920  
900 24.090000 -0.745093 -0.252151  
901 24.100000 -0.742576 -0.251385  
902 24.110000 -0.740066 -0.250622  
903 24.120000 -0.737563 -0.249861  
904 24.130000 -0.735068 -0.249104  
905 24.140000 -0.732581 -0.248350  
906 24.150000 -0.730101 -0.247599  
907 24.160000 -0.727629 -0.246850  
908 24.170000 -0.725164 -0.246105  
909 24.180000 -0.722707 -0.245362  
910 24.190000 -0.720257 -0.244622  
911 24.200000 -0.717815 -0.243885  
912 24.210000 -0.715379 -0.243151  
913 24.220000 -0.712952 -0.242419  
914 24.230000 -0.710531 -0.241691  
915 24.240000 -0.708118 -0.240965  
916 24.250000 -0.705712 -0.240242  
917 24.260000 -0.703313 -0.239522  
918 24.270000 -0.700921 -0.238805  
919 24.280000 -0.698537 -0.238090  
920 24.290000 -0.696160 -0.237378  
921 24.300000 -0.693789 -0.236669  
922 24.310000 -0.691426 -0.235962  
923 24.320000 -0.689070 -0.235258  
924 24.330000 -0.686721 -0.234557  
925 24.340000 -0.684379 -0.233859  
926 24.350000 -0.682044 -0.233163  
927 24.360000 -0.679716 -0.232470  
928 24.370000 -0.677394 -0.231779  
929 24.380000 -0.675080 -0.231091  
930 24.390000 -0.672773 -0.230406  
931 24.400000 -0.670472 -0.229723  
932 24.410000 -0.668178 -0.229043  
933 24.420000 -0.665891 -0.228365  
934 24.430000 -0.663611 -0.227690  
935 24.440000 -0.661337 -0.227018  
936 24.450000 -0.659070 -0.226348  
937 24.460000 -0.656810 -0.225680  
938 24.470000 -0.654557 -0.225015  
939 24.480000 -0.652310 -0.224353  
940 24.490000 -0.650070 -0.223693  
941 24.500000 -0.647836 -0.223035  
942 24.510000 -0.645609 -0.222380  
943 24.520000 -0.643388 -0.221728  
944 24.530000 -0.641174 -0.221077  
945 24.540000 -0.638967 -0.220430  
946 24.550000 -0.636766 -0.219784  
947 24.560000 -0.634571 -0.219142  
948 24.570000 -0.632383 -0.218501  
949 24.580000 -0.630201 -0.217863  
950 24.590000 -0.628026 -0.217227  
951 24.600000 -0.625857 -0.216594  
952 24.610000 -0.623694 -0.215963  
953 24.620000 -0.621537 -0.215334  
954 24.630000 -0.619387 -0.214708  
955 24.640000 -0.617243 -0.214084  
956 24.650000 -0.615105 -0.213462  
957 24.660000 -0.612974 -0.212843  
958 24.670000 -0.610849 -0.212226  
959 24.680000 -0.608729 -0.211611  
960 24.690000 -0.606616 -0.210998  
961 24.700000 -0.604509 -0.210388  
962 24.710000 -0.602409 -0.209780  
963 24.720000 -0.600314 -0.209174  
964 24.730000 -0.598225 -0.208570  
965 24.740000 -0.596142 -0.207969  
966 24.750000 -0.594066 -0.207370  
967 24.760000 -0.591995 -0.206773  
968 24.770000 -0.589930 -0.206178  
969 24.780000 -0.587872 -0.205585  
970 24.790000 -0.585819 -0.204995  
971 24.800000 -0.583772 -0.204406  
972 24.810000 -0.581730 -0.203820  
973 24.820000 -0.579695 -0.203236  
974 24.830000 -0.577666 -0.202654  
975 24.840000 -0.575642 -0.202075  
976 24.850000 -0.573624 -0.201497  
977 24.860000 -0.571612 -0.200921  
978 24.870000 -0.569606 -0.200348  
979 24.880000 -0.567605 -0.199777  
980 24.890000 -0.565610 -0.199207  
981 24.900000 -0.563621 -0.198640  
982 24.910000 -0.561637 -0.198075  
983 24.920000 -0.559660 -0.197512  
984 24.930000 -0.557687 -0.196951  
985 24.940000 -0.555721 -0.196392  
986 24.950000 -0.553759 -0.195835  
987 24.960000 -0.551804 -0.195279  
988 24.970000 -0.549854 -0.194726  
989 24.980000 -0.547909 -0.194175  
990 24.990000 -0.545970 -0.193626  
991 25.000000 -0.544037 -0.193079  
992 25.010000 -0.542109 -0.192534  
993 25.020000 -0.540186 -0.191991  
994 25.030000 -0.538269 -0.191450  
995 25.040000 -0.536357 -0.190910  
996 25.050000 -0.534451 -0.190373  
997 25.060000 -0.532550 -0.189838  
998 25.070000 -0.530654 -0.189304  
999 25.080000 -0.528763 -0.188772  
1000 25.090000 -0.526878 -0.188243  
1001 25.100000 -0.524999 -0.187715  
1002 25.110000 -0.523124 -0.187189  
1003 25.120000 -0.521255 -0.186665  
1004 25.130000 -0.519391 -0.186143  
1005 25.140000 -0.517532 -0.185622  
1006 25.150000 -0.515678 -0.185104  
1007 25.160000 -0.513830 -0.184587  
1008 25.170000 -0.511987 -0.184072  
1009 25.180000 -0.510148 -0.183559  
1010 25.190000 -0.508315 -0.183048  
1011 25.200000 -0.506488 -0.182538  
1012 25.210000 -0.504665 -0.182031  
1013 25.220000 -0.502847 -0.181525  
1014 25.230000 -0.501034 -0.181021  
1015 25.240000 -0.499226 -0.180519  
1016 25.250000 -0.497424 -0.180018  
1017 25.260000 -0.495626 -0.179520  
1018 25.270000 -0.493833 -0.179023  
1019 25.280000 -0.492046 -0.178527  
1020 25.290000 -0.490263 -0.178034  
1021 25.300000 -0.488485 -0.177542  
1022 25.310000 -0.486712 -0.177052  
1023 25.320000 -0.484944 -0.176564  
1024 25.330000 -0.483181 -0.176077  
1025 25.340000 -0.481422 -0.175592  
1026 25.350000 -0.479669 -0.175109  
1027 25.360000 -0.477920 -0.174628  
1028 25.370000 -0.476176 -0.174148  
1029 25.380000 -0.474437 -0.173670  
1030 25.390000 -0.472703 -0.173193  
1031 25.400000 -0.470973 -0.172718  
1032 25.410000 -0.469249 -0.172245  
1033 25.420000 -0.467528 -0.171774  
1034 25.430000 -0.465813 -0.171304  
1035 25.440000 -0.464102 -0.170835  
1036 25.450000 -0.462396 -0.170369  
1037 25.460000 -0.460695 -0.169904  
1038 25.470000 -0.458998 -0.169440  
1039 25.480000 -0.457306 -0.168978  
1040 25.490000 -0.455619 -0.168518  
1041 25.500000 -0.453936 -0.168060  
1042 25.510000 -0.452257 -0.167603  
1043 25.520000 -0.450584 -0.167147  
1044 25.530000 -0.448915 -0.166693  
1045 25.540000 -0.447250 -0.166241  
1046 25.550000 -0.445590 -0.165790  
1047 25.560000 -0.443934 -0.165341  
1048 25.570000 -0.442283 -0.164893  
1049 25.580000 -0.440636 -0.164447  
1050 25.590000 -0.438994 -0.164002  
1051 25.600000 -0.437356 -0.163559  
1052 25.610000 -0.435723 -0.163118  
1053 25.620000 -0.434094 -0.162678  
1054 25.630000 -0.432469 -0.162239  
1055 25.640000 -0.430849 -0.161802  
1056 25.650000 -0.429233 -0.161366  
1057 25.660000 -0.427622 -0.160932  
1058 25.670000 -0.426014 -0.160500  
1059 25.680000 -0.424412 -0.160068  
1060 25.690000 -0.422813 -0.159639  
1061 25.700000 -0.421219 -0.159211  
1062 25.710000 -0.419629 -0.158784  
1063 25.720000 -0.418043 -0.158358  
1064 25.730000 -0.416462 -0.157935  
1065 25.740000 -0.414884 -0.157512  
1066 25.750000 -0.413311 -0.157091  
1067 25.760000 -0.411743 -0.156672  
1068 25.770000 -0.410178 -0.156253  
1069 25.780000 -0.408618 -0.155837  
1070 25.790000 -0.407061 -0.155421  
1071 25.800000 -0.405509 -0.155007  
1072 25.810000 -0.403961 -0.154595  
1073 25.820000 -0.402417 -0.154184  
1074 25.830000 -0.400877 -0.153774  
1075 25.840000 -0.399342 -0.153365  
1076 25.850000 -0.397810 -0.152958  
1077 25.860000 -0.396283 -0.152553  
1078 25.870000 -0.394759 -0.152149  
1079 25.880000 -0.393240 -0.151746  
1080 25.890000 -0.391724 -0.151344  
1081 25.900000 -0.390213 -0.150944  
1082 25.910000 -0.388705 -0.150545  
1083 25.920000 -0.387202 -0.150147  
1084 25.930000 -0.385702 -0.149751  
1085 25.940000 -0.384207 -0.149356  
1086 25.950000 -0.382715 -0.148963  
1087 25.960000 -0.381228 -0.148570  
1088 25.970000 -0.379744 -0.148179  
1089 25.980000 -0.378264 -0.147790  
1090 25.990000 -0.376788 -0.147401  
1091 26.000000 -0.375316 -0.147014  
1092 26.010000 -0.373848 -0.146628  
1093 26.020000 -0.372383 -0.146244  
1094 26.030000 -0.370923 -0.145861  
1095 26.040000 -0.369466 -0.145479  
1096 26.050000 -0.368013 -0.145098  
1097 26.060000 -0.366564 -0.144718  
1098 26.070000 -0.365119 -0.144340  
1099 26.080000 -0.363677 -0.143963  
1100 26.090000 -0.362240 -0.143588  
1101 26.100000 -0.360806 -0.143213  
1102 26.110000 -0.359375 -0.142840  
1103 26.120000 -0.357949 -0.142468  
1104 26.130000 -0.356526 -0.142097  
1105 26.140000 -0.355107 -0.141727  
1106 26.150000 -0.353691 -0.141359  
1107 26.160000 -0.352280 -0.140992  
1108 26.170000 -0.350872 -0.140626  
1109 26.180000 -0.349467 -0.140261  
1110 26.190000 -0.348066 -0.139898  
1111 26.200000 -0.346669 -0.139535  
1112 26.210000 -0.345276 -0.139174  
1113 26.220000 -0.343886 -0.138814  
1114 26.230000 -0.342499 -0.138456  
1115 26.240000 -0.341117 -0.138098  
1116 26.250000 -0.339737 -0.137741  
1117 26.260000 -0.338362 -0.137386  
1118 26.270000 -0.336990 -0.137032  
1119 26.280000 -0.335621 -0.136679  
1120 26.290000 -0.334256 -0.136327  
1121 26.300000 -0.332895 -0.135976  
1122 26.310000 -0.331537 -0.135627  
1123 26.320000 -0.330182 -0.135278  
1124 26.330000 -0.328831 -0.134931  
1125 26.340000 -0.327483 -0.134585  
1126 26.350000 -0.326139 -0.134240  
1127 26.360000 -0.324799 -0.133896  
1128 26.370000 -0.323461 -0.133553  
1129 26.380000 -0.322128 -0.133212  
1130 26.390000 -0.320797 -0.132871  
1131 26.400000 -0.319470 -0.132531  
1132 26.410000 -0.318147 -0.132193  
1133 26.420000 -0.316826 -0.131856  
1134 26.430000 -0.315509 -0.131519  
1135 26.440000 -0.314196 -0.131184  
1136 26.450000 -0.312886 -0.130850  
1137 26.460000 -0.311579 -0.130517  
1138 26.470000 -0.310275 -0.130185  
1139 26.480000 -0.308975 -0.129854  
1140 26.490000 -0.307678 -0.129525  
1141 26.500000 -0.306385 -0.129196  
1142 26.510000 -0.305094 -0.128868  
1143 26.520000 -0.303807 -0.128542  
1144 26.530000 -0.302524 -0.128216  
1145 26.540000 -0.301243 -0.127891  
1146 26.550000 -0.299966 -0.127568  
1147 26.560000 -0.298692 -0.127245  
1148 26.570000 -0.297421 -0.126924  
1149 26.580000 -0.296153 -0.126603  
1150 26.590000 -0.294889 -0.126284  
1151 26.600000 -0.293627 -0.125966  
1152 26.610000 -0.292369 -0.125648  
1153 26.620000 -0.291114 -0.125332  
1154 26.630000 -0.289863 -0.125016  
1155 26.640000 -0.288614 -0.124702  
1156 26.650000 -0.287369 -0.124389  
1157 26.660000 -0.286126 -0.124076  
1158 26.670000 -0.284887 -0.123765  
1159 26.680000 -0.283651 -0.123455  
1160 26.690000 -0.282418 -0.123145  
1161 26.700000 -0.281188 -0.122837  
1162 26.710000 -0.279961 -0.122529  
1163 26.720000 -0.278738 -0.122223  
1164 26.730000 -0.277517 -0.121917  
1165 26.740000 -0.276299 -0.121613  
1166 26.750000 -0.275085 -0.121309  
1167 26.760000 -0.273873 -0.121006  
1168 26.770000 -0.272664 -0.120705  
1169 26.780000 -0.271459 -0.120404  
1170 26.790000 -0.270256 -0.120104  
1171 26.800000 -0.269057 -0.119805  
1172 26.810000 -0.267860 -0.119507  
1173 26.820000 -0.266667 -0.119210  
1174 26.830000 -0.265476 -0.118914  
1175 26.840000 -0.264288 -0.118619  
1176 26.850000 -0.263104 -0.118325  
1177 26.860000 -0.261922 -0.118031  
1178 26.870000 -0.260743 -0.117739  
1179 26.880000 -0.259567 -0.117447  
1180 26.890000 -0.258394 -0.117157  
1181 26.900000 -0.257224 -0.116867  
1182 26.910000 -0.256057 -0.116578  
1183 26.920000 -0.254892 -0.116291  
1184 26.930000 -0.253731 -0.116004  
1185 26.940000 -0.252572 -0.115718  
1186 26.950000 -0.251417 -0.115432  
1187 26.960000 -0.250264 -0.115148  
1188 26.970000 -0.249114 -0.114865  
1189 26.980000 -0.247966 -0.114582  
1190 26.990000 -0.246822 -0.114300  
1191 27.000000 -0.245680 -0.114020  
1192 27.010000 -0.244542 -0.113740  
1193 27.020000 -0.243406 -0.113461  
1194 27.030000 -0.242272 -0.113182  
1195 27.040000 -0.241142 -0.112905  
1196 27.050000 -0.240014 -0.112628  
1197 27.060000 -0.238889 -0.112353  
1198 27.070000 -0.237767 -0.112078  
1199 27.080000 -0.236648 -0.111804  
1200 27.090000 -0.235531 -0.111531  
1201 27.100000 -0.234417 -0.111259  
1202 27.110000 -0.233306 -0.110987  
1203 27.120000 -0.232197 -0.110717  
1204 27.130000 -0.231092 -0.110447  
1205 27.140000 -0.229989 -0.110178  
1206 27.150000 -0.228888 -0.109910  
1207 27.160000 -0.227790 -0.109643  
1208 27.170000 -0.226695 -0.109376  
1209 27.180000 -0.225603 -0.109110  
1210 27.190000 -0.224513 -0.108846  
1211 27.200000 -0.223426 -0.108582  
1212 27.210000 -0.222341 -0.108318  
1213 27.220000 -0.221260 -0.108056  
1214 27.230000 -0.220180 -0.107794  
1215 27.240000 -0.219104 -0.107533  
1216 27.250000 -0.218030 -0.107273  
1217 27.260000 -0.216958 -0.107014  
1218 27.270000 -0.215889 -0.106756  
1219 27.280000 -0.214823 -0.106498  
1220 27.290000 -0.213759 -0.106241  
1221 27.300000 -0.212698 -0.105985  
1222 27.310000 -0.211640 -0.105730  
1223 27.320000 -0.210584 -0.105475  
1224 27.330000 -0.209530 -0.105221  
1225 27.340000 -0.208479 -0.104968  
1226 27.350000 -0.207431 -0.104716  
1227 27.360000 -0.206385 -0.104465  
1228 27.370000 -0.205341 -0.104214  
1229 27.380000 -0.204301 -0.103964  
1230 27.390000 -0.203262 -0.103715  
1231 27.400000 -0.202226 -0.103466  
1232 27.410000 -0.201193 -0.103218  
1233 27.420000 -0.200162 -0.102971  
1234 27.430000 -0.199133 -0.102725  
1235 27.440000 -0.198107 -0.102480  
1236 27.450000 -0.197084 -0.102235  
1237 27.460000 -0.196063 -0.101991  
1238 27.470000 -0.195044 -0.101748  
1239 27.480000 -0.194028 -0.101505  
1240 27.490000 -0.193014 -0.101263  
1241 27.500000 -0.192002 -0.101022  
1242 27.510000 -0.190993 -0.100782  
1243 27.520000 -0.189987 -0.100542  
1244 27.530000 -0.188983 -0.100303  
1245 27.540000 -0.187981 -0.100065  
1246 27.550000 -0.186981 -0.099827  
1247 27.560000 -0.185984 -0.099590  
1248 27.570000 -0.184990 -0.099354  
1249 27.580000 -0.183997 -0.099119  
1250 27.590000 -0.183007 -0.098884  
1251 27.600000 -0.182019 -0.098650  
1252 27.610000 -0.181034 -0.098417  
1253 27.620000 -0.180051 -0.098184  
1254 27.630000 -0.179070 -0.097952  
1255 27.640000 -0.178092 -0.097721  
1256 27.650000 -0.177116 -0.097490  
1257 27.660000 -0.176142 -0.097260  
1258 27.670000 -0.175171 -0.097031  
1259 27.680000 -0.174202 -0.096803  
1260 27.690000 -0.173235 -0.096575  
1261 27.700000 -0.172270 -0.096348  
1262 27.710000 -0.171308 -0.096121  
1263 27.720000 -0.170348 -0.095895  
1264 27.730000 -0.169390 -0.095670  
1265 27.740000 -0.168434 -0.095446  
1266 27.750000 -0.167481 -0.095222  
1267 27.760000 -0.166530 -0.094998  
1268 27.770000 -0.165581 -0.094776  
1269 27.780000 -0.164634 -0.094554  
1270 27.790000 -0.163690 -0.094333  
1271 27.800000 -0.162748 -0.094112  
1272 27.810000 -0.161808 -0.093892  
1273 27.820000 -0.160870 -0.093673  
1274 27.830000 -0.159934 -0.093454  
1275 27.840000 -0.159001 -0.093236  
1276 27.850000 -0.158070 -0.093019  
1277 27.860000 -0.157140 -0.092802  
1278 27.870000 -0.156213 -0.092586  
1279 27.880000 -0.155289 -0.092371  
1280 27.890000 -0.154366 -0.092156  
1281 27.900000 -0.153446 -0.091942  
1282 27.910000 -0.152527 -0.091728  
1283 27.920000 -0.151611 -0.091515  
1284 27.930000 -0.150697 -0.091303  
1285 27.940000 -0.149785 -0.091091  
1286 27.950000 -0.148875 -0.090880  
1287 27.960000 -0.147967 -0.090669  
1288 27.970000 -0.147062 -0.090460  
1289 27.980000 -0.146158 -0.090250  
1290 27.990000 -0.145257 -0.090042  
1291 28.000000 -0.144357 -0.089834  
1292 28.010000 -0.143460 -0.089626  
1293 28.020000 -0.142565 -0.089419  
1294 28.030000 -0.141672 -0.089213  
1295 28.040000 -0.140781 -0.089007  
1296 28.050000 -0.139891 -0.088802  
1297 28.060000 -0.139004 -0.088598  
1298 28.070000 -0.138120 -0.088394  
1299 28.080000 -0.137237 -0.088191  
1300 28.090000 -0.136356 -0.087988  
1301 28.100000 -0.135477 -0.087786  
1302 28.110000 -0.134600 -0.087584  
1303 28.120000 -0.133725 -0.087383  
1304 28.130000 -0.132852 -0.087183  
1305 28.140000 -0.131982 -0.086983  
1306 28.150000 -0.131113 -0.086784  
1307 28.160000 -0.130246 -0.086585  
1308 28.170000 -0.129381 -0.086387  
1309 28.180000 -0.128518 -0.086189  
1310 28.190000 -0.127657 -0.085992  
1311 28.200000 -0.126798 -0.085796  
1312 28.210000 -0.125941 -0.085600  
1313 28.220000 -0.125086 -0.085405  
1314 28.230000 -0.124233 -0.085210  
1315 28.240000 -0.123382 -0.085016  
1316 28.250000 -0.122533 -0.084822  
1317 28.260000 -0.121686 -0.084629  
1318 28.270000 -0.120840 -0.084437  
1319 28.280000 -0.119997 -0.084245  
1320 28.290000 -0.119155 -0.084053  
1321 28.300000 -0.118316 -0.083863  
1322 28.310000 -0.117478 -0.083672  
1323 28.320000 -0.116642 -0.083482  
1324 28.330000 -0.115808 -0.083293  
1325 28.340000 -0.114976 -0.083104  
1326 28.350000 -0.114146 -0.082916  
1327 28.360000 -0.113318 -0.082729  
1328 28.370000 -0.112492 -0.082542  
1329 28.380000 -0.111667 -0.082355  
1330 28.390000 -0.110845 -0.082169  
1331 28.400000 -0.110024 -0.081983  
1332 28.410000 -0.109205 -0.081798  
1333 28.420000 -0.108388 -0.081614  
1334 28.430000 -0.107573 -0.081430  
1335 28.440000 -0.106759 -0.081247  
1336 28.450000 -0.105948 -0.081064  
1337 28.460000 -0.105138 -0.080881  
1338 28.470000 -0.104330 -0.080699  
1339 28.480000 -0.103524 -0.080518  
1340 28.490000 -0.102720 -0.080337  
1341 28.500000 -0.101917 -0.080157  
1342 28.510000 -0.101117 -0.079977  
1343 28.520000 -0.100318 -0.079797  
1344 28.530000 -0.099521 -0.079619  
1345 28.540000 -0.098725 -0.079440  
1346 28.550000 -0.097932 -0.079262  
1347 28.560000 -0.097140 -0.079085  
1348 28.570000 -0.096350 -0.078908  
1349 28.580000 -0.095562 -0.078732  
1350 28.590000 -0.094776 -0.078556  
1351 28.600000 -0.093991 -0.078381  
1352 28.610000 -0.093208 -0.078206  
1353 28.620000 -0.092427 -0.078031  
1354 28.630000 -0.091647 -0.077857  
1355 28.640000 -0.090870 -0.077684  
1356 28.650000 -0.090094 -0.077511  
1357 28.660000 -0.089319 -0.077339  
1358 28.670000 -0.088547 -0.077167  
1359 28.680000 -0.087776 -0.076995  
1360 28.690000 -0.087007 -0.076824  
1361 28.700000 -0.086240 -0.076654  
1362 28.710000 -0.085474 -0.076484  
1363 28.720000 -0.084710 -0.076314  
1364 28.730000 -0.083948 -0.076145  
1365 28.740000 -0.083187 -0.075976  
1366 28.750000 -0.082428 -0.075808  
1367 28.760000 -0.081671 -0.075640  
1368 28.770000 -0.080915 -0.075473  
1369 28.780000 -0.080161 -0.075306  
1370 28.790000 -0.079409 -0.075140  
1371 28.800000 -0.078659 -0.074974  
1372 28.810000 -0.077910 -0.074808  
1373 28.820000 -0.077162 -0.074643  
1374 28.830000 -0.076417 -0.074479  
1375 28.840000 -0.075673 -0.074315  
1376 28.850000 -0.074931 -0.074151  
1377 28.860000 -0.074190 -0.073988  
1378 28.870000 -0.073451 -0.073825  
1379 28.880000 -0.072713 -0.073663  
1380 28.890000 -0.071978 -0.073501  
1381 28.900000 -0.071243 -0.073340  
1382 28.910000 -0.070511 -0.073179  
1383 28.920000 -0.069780 -0.073019  
1384 28.930000 -0.069050 -0.072859  
1385 28.940000 -0.068323 -0.072699  
1386 28.950000 -0.067596 -0.072540  
1387 28.960000 -0.066872 -0.072381  
1388 28.970000 -0.066149 -0.072223  
1389 28.980000 -0.065427 -0.072065  
1390 28.990000 -0.064707 -0.071907  
1391 29.000000 -0.063989 -0.071750  
1392 29.010000 -0.063272 -0.071594  
1393 29.020000 -0.062557 -0.071438  
1394 29.030000 -0.061844 -0.071282  
1395 29.040000 -0.061132 -0.071127  
1396 29.050000 -0.060421 -0.070972  
1397 29.060000 -0.059712 -0.070817  
1398 29.070000 -0.059005 -0.070663  
1399 29.080000 -0.058299 -0.070510  
1400 29.090000 -0.057595 -0.070356  
1401 29.100000 -0.056892 -0.070204  
1402 29.110000 -0.056191 -0.070051  
1403 29.120000 -0.055491 -0.069899  
1404 29.130000 -0.054793 -0.069748  
1405 29.140000 -0.054096 -0.069597  
1406 29.150000 -0.053401 -0.069446  
1407 29.160000 -0.052707 -0.069295  
1408 29.170000 -0.052015 -0.069146  
1409 29.180000 -0.051324 -0.068996  
1410 29.190000 -0.050635 -0.068847  
1411 29.200000 -0.049947 -0.068698  
1412 29.210000 -0.049261 -0.068550  
1413 29.220000 -0.048576 -0.068402  
1414 29.230000 -0.047893 -0.068254  
1415 29.240000 -0.047211 -0.068107  
1416 29.250000 -0.046531 -0.067961  
1417 29.260000 -0.045852 -0.067814  
1418 29.270000 -0.045174 -0.067668  
1419 29.280000 -0.044498 -0.067523  
1420 29.290000 -0.043824 -0.067378  
1421 29.300000 -0.043151 -0.067233  
1422 29.310000 -0.042479 -0.067089  
1423 29.320000 -0.041809 -0.066945  
1424 29.330000 -0.041140 -0.066801  
1425 29.340000 -0.040473 -0.066658  
1426 29.350000 -0.039807 -0.066515  
1427 29.360000 -0.039143 -0.066372  
1428 29.370000 -0.038480 -0.066230  
1429 29.380000 -0.037818 -0.066089  
1430 29.390000 -0.037158 -0.065947  
1431 29.400000 -0.036499 -0.065806  
1432 29.410000 -0.035842 -0.065666  
1433 29.420000 -0.035186 -0.065526  
1434 29.430000 -0.034531 -0.065386  
1435 29.440000 -0.033878 -0.065247  
1436 29.450000 -0.033226 -0.065107  
1437 29.460000 -0.032576 -0.064969  
1438 29.470000 -0.031927 -0.064830  
1439 29.480000 -0.031279 -0.064692  
1440 29.490000 -0.030633 -0.064555  
1441 29.500000 -0.029988 -0.064418  
1442 29.510000 -0.029345 -0.064281  
1443 29.520000 -0.028703 -0.064144  
1444 29.530000 -0.028062 -0.064008  
1445 29.540000 -0.027422 -0.063872  
1446 29.550000 -0.026784 -0.063737  
1447 29.560000 -0.026148 -0.063602  
1448 29.570000 -0.025512 -0.063467  
1449 29.580000 -0.024878 -0.063333  
1450 29.590000 -0.024246 -0.063199  
1451 29.600000 -0.023614 -0.063065  
1452 29.610000 -0.022984 -0.062932  
1453 29.620000 -0.022356 -0.062799  
1454 29.630000 -0.021728 -0.062666  
1455 29.640000 -0.021102 -0.062534  
1456 29.650000 -0.020478 -0.062402  
1457 29.660000 -0.019854 -0.062271  
1458 29.670000 -0.019232 -0.062139  
1459 29.680000 -0.018612 -0.062009  
1460 29.690000 -0.017992 -0.061878  
1461 29.700000 -0.017374 -0.061748  
1462 29.710000 -0.016757 -0.061618  
1463 29.720000 -0.016142 -0.061489  
1464 29.730000 -0.015527 -0.061359  
1465 29.740000 -0.014915 -0.061231  
1466 29.750000 -0.014303 -0.061102  
1467 29.760000 -0.013692 -0.060974  
1468 29.770000 -0.013083 -0.060846  
1469 29.780000 -0.012476 -0.060719  
1470 29.790000 -0.011869 -0.060592  
1471 29.800000 -0.011264 -0.060465  
1472 29.810000 -0.010660 -0.060338  
1473 29.820000 -0.010057 -0.060212  
1474 29.830000 -0.009455 -0.060086  
1475 29.840000 -0.008855 -0.059961  
1476 29.850000 -0.008256 -0.059836  
1477 29.860000 -0.007658 -0.059711  
1478 29.870000 -0.007062 -0.059586  
1479 29.880000 -0.006467 -0.059462  
1480 29.890000 -0.005873 -0.059338  
1481 29.900000 -0.005280 -0.059215  
1482 29.910000 -0.004688 -0.059092  
1483 29.920000 -0.004098 -0.058969  
1484 29.930000 -0.003509 -0.058846  
1485 29.940000 -0.002921 -0.058724  
1486 29.950000 -0.002335 -0.058602  
1487 29.960000 -0.001749 -0.058480  
1488 29.970000 -0.001165 -0.058359  
1489 29.980000 -0.000582 -0.058238  
1490 29.990000 -0.000000 -0.058117  
