1 15.100000 261746374050894.437500 23576690900588508.000000  
2 15.110000 110923296499118.265625 9083808701856870.000000  
3 15.120000 50652649498344.046875 3802721283319350.500000  
4 15.130000 24627472618274.667969 1706812049685297.000000  
5 15.140000 12630906358119.574219 812926491706542.250000  
6 15.150000 6783323235504.220703 407503736709552.562500  
7 15.160000 3791937699997.014648 213578265137155.812500  
8 15.170000 2195725898401.350342 116407377290469.046875  
9 15.180000 1311726933551.039551 65683705700874.500000  
10 15.190000 805733320314.173584 38226083951620.859375  
11 15.200000 507436504948.220581 22872262416682.316406  
12 15.210000 326855755016.442383 14032321904436.605469  
13 15.220000 214883944013.641388 8806619327093.871094  
14 15.230000 143924940748.468781 5642497292133.432617  
15 15.240000 98053721585.356018 3684267293758.266113  
16 15.250000 67855340888.236481 2447808454513.836914  
17 15.260000 47639042497.289940 1652563466831.393066  
18 15.270000 33894443090.039219 1132317544476.941895  
19 15.280000 24415156086.819721 786574668369.253174  
20 15.290000 17790141233.329205 553419964054.832764  
21 15.300000 13102369916.893101 394036928662.085938  
22 15.310000 9746885373.828743 283692167719.410767  
23 15.320000 7318994721.810956 206385628572.341583  
24 15.330000 5544419685.522640 151619453852.695099  
25 15.340000 4234984255.105976 112413996217.856308  
26 15.350000 3260095575.458502 84070665184.957260  
27 15.360000 2528139782.189288 63389223011.403122  
28 15.370000 1974190739.713401 48165807250.980789  
29 15.380000 1551791876.089143 36866839185.609688  
30 15.390000 1227399028.099808 28414611705.097973  
31 15.400000 976582390.544459 22044687470.975758  
32 15.410000 781404396.032360 17210024713.206783  
33 15.420000 628592034.313801 13515854155.459059  
34 15.430000 508251288.633451 10675010782.236269  
35 15.440000 412955045.755259 8477010637.368203  
36 15.450000 337090638.766801 6766453588.916165  
37 15.460000 276389445.471198 5427812256.778024  
38 15.470000 227585198.767926 4374632556.580281  
39 15.480000 188164012.376304 3541807462.514234  
40 15.490000 156180251.343278 2880008839.182497  
41 15.500000 130120014.447994 2351646353.736364  
42 15.510000 108799281.646885 1927914920.770007  
43 15.520000 91287466.904326 1586623543.755838  
44 15.530000 76849708.067148 1310588868.768872  
45 15.540000 64903059.720702 1086439501.571693  
46 15.550000 54983062.362356 903720970.192376  
47 15.560000 46718099.285447 754222054.286144  
48 15.570000 39809629.924965 631465047.757235  
49 15.580000 34016880.535665 530318096.208788  
50 15.590000 29144932.728691 446698925.134652  
51 15.600000 25035414.739076 377347340.265515  
52 15.610000 21559195.659186 319649736.982090  
53 15.620000 18610628.020399 271503130.665379  
54 15.630000 16102992.496496 231209357.834098  
55 15.640000 13964879.845857 197392413.391586  
56 15.650000 12137306.546785 168933606.515766  
57 15.660000 10571407.045595 144920497.492592  
58 15.670000 9226580.893915 124606536.073068  
59 15.680000 8069000.072186 107379042.779644  
60 15.690000 7070402.532799 92733719.240182  
61 15.700000 6207113.974845 80254286.925776  
62 15.710000 5459252.223328 69596168.601863  
63 15.720000 4810078.184535 60473367.753500  
64 15.730000 4245464.830969 52647886.319892  
65 15.740000 3753461.521696 45921163.771021  
66 15.750000 3323935.558145 40127130.991730  
67 15.760000 2948276.493907 35126558.209345  
68 15.770000 2619151.576750 30802443.050768  
69 15.780000 2330302.968150 27056237.095533  
70 15.790000 2076379.188660 23804750.313248  
71 15.800000 1852794.675667 20977605.065733  
72 15.810000 1655612.490873 18515136.853659  
73 15.820000 1481446.138070 16366659.184965  
74 15.830000 1327377.194813 14489025.987985  
75 15.840000 1190886.060962 12845437.776473  
76 15.850000 1069793.612089 11404447.988376  
77 15.860000 962211.939049 10139134.104308  
78 15.870000 866502.674938 9026404.726575  
79 15.880000 781241.671382 8046419.095506  
80 15.890000 705188.999235 7182099.796664  
81 15.900000 637263.423264 6418722.874875  
82 15.910000 576520.643753 5743572.380928  
83 15.920000 522134.715843 5145648.662735  
84 15.930000 473382.154680 4615421.576644  
85 15.940000 429628.314840 4144621.317944  
86 15.950000 390315.699019 3726060.817380  
87 15.960000 354953.906268 3353484.674751  
88 15.970000 323110.975954 3021440.443286  
89 15.980000 294405.921929 2725168.773133  
90 15.990000 268502.283338 2460509.496055  
91 16.000000 245102.545226 2223821.208410  
92 16.010000 223943.304514 2011912.303331  
93 16.020000 204791.075692 1821981.730339  
94 16.030000 187438.646429 1651568.033090  
95 16.040000 171701.906583 1498505.443174  
96 16.050000 157417.085367 1360885.997791  
97 16.060000 144438.340920 1237026.808042  
98 16.070000 132635.654567 1125441.737825  
99 16.080000 121892.988904 1024816.865261  
100 16.090000 112106.674611 933989.192726  
101 16.100000 103183.995846 851928.150936  
102 16.110000 95041.948270 777719.509474  
103 16.120000 87606.147332 710551.362792  
104 16.130000 80809.867514 649701.908663  
105 16.140000 74593.195858 594528.776679  
106 16.150000 68902.285335 544459.698951  
107 16.160000 63688.695544 498984.344492  
108 16.170000 58908.809911 457647.163812  
109 16.180000 54523.319941 420041.111531  
110 16.190000 50496.768332 385802.133085  
111 16.200000 46797.143828 354604.317149  
112 16.210000 43395.521571 326155.628748  
113 16.220000 40265.743529 300194.149479  
114 16.230000 37384.134260 276484.761093  
115 16.240000 34729.247853 254816.217115  
116 16.250000 32281.642420 234998.554479  
117 16.260000 30023.678940 216860.803400  
118 16.270000 27939.341678 200248.959126  
119 16.280000 26014.077700 185024.183878  
120 16.290000 24234.653340 171061.211339  
121 16.300000 22589.025713 158246.929542  
122 16.310000 21066.227589 146479.121041  
123 16.320000 19656.264168 135665.341903  
124 16.330000 18350.020424 125721.923316  
125 16.340000 17139.177898 116573.081621  
126 16.350000 16016.139885 108150.124311  
127 16.360000 14973.964137 100390.741035  
128 16.370000 14006.302266 93238.369970  
129 16.380000 13107.345149 86641.631091  
130 16.390000 12271.773690 80553.818846  
131 16.400000 11494.714391 74932.447658  
132 16.410000 10771.699226 69738.844414  
133 16.420000 10098.629377 64937.782815  
134 16.430000 9471.742437 60497.155012  
135 16.440000 8887.582729 56387.676526  
136 16.450000 8342.974421 52582.620855  
137 16.460000 7834.997161 49057.580627  
138 16.470000 7360.963980 45790.252466  
139 16.480000 6918.401242 42760.243098  
140 16.490000 6505.030424 39948.894456  
141 16.500000 6118.751578 37339.125828  
142 16.510000 5757.628273 34915.291278  
143 16.520000 5419.873905 32663.050784  
144 16.530000 5103.839233 30569.253685  
145 16.540000 4808.001018 28621.833199  
146 16.550000 4530.951675 26809.710893  
147 16.560000 4271.389820 25122.710117  
148 16.570000 4028.111662 23551.477498  
149 16.580000 3800.003124 22087.411718  
150 16.590000 3586.032654 20722.598839  
151 16.600000 3385.244652 19449.753552  
152 16.610000 3196.753450 18262.165771  
153 16.620000 3019.737810 17153.652053  
154 16.630000 2853.435881 16118.511387  
155 16.640000 2697.140580 15151.484930  
156 16.650000 2550.195354 14247.719329  
157 16.660000 2411.990300 13402.733269  
158 16.670000 2281.958591 12612.386965  
159 16.680000 2159.573213 11872.854321  
160 16.690000 2044.343948 11180.597498  
161 16.700000 1935.814614 10532.343678  
162 16.710000 1833.560520 9925.063829  
163 16.720000 1737.186129 9355.953273  
164 16.730000 1646.322905 8822.413905  
165 16.740000 1560.627326 8322.037918  
166 16.750000 1479.779061 7852.592885  
167 16.760000 1403.479284 7412.008092  
168 16.770000 1331.449119 6998.362005  
169 16.780000 1263.428209 6609.870767  
170 16.790000 1199.173390 6244.877640  
171 16.800000 1138.457472 5901.843318  
172 16.810000 1081.068108 5579.337013  
173 16.820000 1026.806750 5276.028270  
174 16.830000 975.487685 4990.679439  
175 16.840000 926.937143 4722.138741  
176 16.850000 880.992466 4469.333902  
177 16.860000 837.501348 4231.266267  
178 16.870000 796.321125 4007.005399  
179 16.880000 757.318115 3795.684089  
180 16.890000 720.367013 3596.493755  
181 16.900000 685.350323 3408.680203  
182 16.910000 652.157837 3231.539708  
183 16.920000 620.686146 3064.415401  
184 16.930000 590.838191 2906.693930  
185 16.940000 562.522839 2757.802370  
186 16.950000 535.654499 2617.205376  
187 16.960000 510.152754 2484.402541  
188 16.970000 485.942030 2358.925955  
189 16.980000 462.951277 2240.337948  
190 16.990000 441.113677 2128.228996  
191 17.000000 420.366380 2022.215782  
192 17.010000 400.650242 1921.939404  
193 17.020000 381.909592 1827.063707  
194 17.030000 364.092017 1737.273741  
195 17.040000 347.148151 1652.274329  
196 17.050000 331.031486 1571.788738  
197 17.060000 315.698197 1495.557443  
198 17.070000 301.106970 1423.336983  
199 17.080000 287.218851 1354.898899  
200 17.090000 273.997100 1290.028739  
201 17.100000 261.407056 1228.525141  
202 17.110000 249.416007 1170.198979  
203 17.120000 237.993078 1114.872564  
204 17.130000 227.109114 1062.378904  
205 17.140000 216.736582 1012.561018  
206 17.150000 206.849468 965.271288  
207 17.160000 197.423193 920.370864  
208 17.170000 188.434523 877.729107  
209 17.180000 179.861492 837.223067  
210 17.190000 171.683329 798.736999  
211 17.200000 163.880383 762.161911  
212 17.210000 156.434063 727.395144  
213 17.220000 149.326775 694.339975  
214 17.230000 142.541863 662.905249  
215 17.240000 136.063556 633.005040  
216 17.250000 129.876918 604.558325  
217 17.260000 123.967800 577.488689  
218 17.270000 118.322795 551.724039  
219 17.280000 112.929196 527.196347  
220 17.290000 107.774959 503.841402  
221 17.300000 102.848661 481.598580  
222 17.310000 98.139471 460.410632  
223 17.320000 93.637113 440.223482  
224 17.330000 89.331836 420.986037  
225 17.340000 85.214388 402.650011  
226 17.350000 81.275984 385.169762  
227 17.360000 77.508284 368.502135  
228 17.370000 73.903369 352.606318  
229 17.380000 70.453714 337.443705  
230 17.390000 67.152172 322.977768  
231 17.400000 63.991952 309.173937  
232 17.410000 60.966596 295.999491  
233 17.420000 58.069967 283.423446  
234 17.430000 55.296230 271.416462  
235 17.440000 52.639834 259.950748  
236 17.450000 50.095499 248.999969  
237 17.460000 47.658202 238.539175  
238 17.470000 45.323161 228.544712  
239 17.480000 43.085828 218.994158  
240 17.490000 40.941869 209.866249  
241 17.500000 38.887161 201.140818  
242 17.510000 36.917775 192.798733  
243 17.520000 35.029970 184.821841  
244 17.530000 33.220179 177.192914  
245 17.540000 31.485006 169.895598  
246 17.550000 29.821213 162.914365  
247 17.560000 28.225714 156.234470  
248 17.570000 26.695566 149.841909  
249 17.580000 25.227963 143.723377  
250 17.590000 23.820227 137.866231  
251 17.600000 22.469807 132.258457  
252 17.610000 21.174265 126.888634  
253 17.620000 19.931277 121.745902  
254 17.630000 18.738625 116.819938  
255 17.640000 17.594189 112.100920  
256 17.650000 16.495948 107.579505  
257 17.660000 15.441970 103.246806  
258 17.670000 14.430411 99.094363  
259 17.680000 13.459508 95.114125  
260 17.690000 12.527580 91.298427  
261 17.700000 11.633016 87.639971  
262 17.710000 10.774279 84.131808  
263 17.720000 9.949901 80.767317  
264 17.730000 9.158475 77.540192  
265 17.740000 8.398659 74.444424  
266 17.750000 7.669168 71.474286  
267 17.760000 6.968773 68.624319  
268 17.770000 6.296298 65.889321  
269 17.780000 5.650620 63.264330  
270 17.790000 5.030661 60.744614  
271 17.800000 4.435392 58.325661  
272 17.810000 3.863826 56.003164  
273 17.820000 3.315021 53.773017  
274 17.830000 2.788071 51.631300  
275 17.840000 2.282112 49.574271  
276 17.850000 1.796315 47.598360  
277 17.860000 1.329886 45.700156  
278 17.870000 0.882064 43.876404  
279 17.880000 0.452120 42.123994  
280 17.890000 0.039356 40.439957  
281 17.900000 -0.356897 38.821454  
282 17.910000 -0.737282 37.265775  
283 17.920000 -1.102414 35.770330  
284 17.930000 -1.452881 34.332641  
285 17.940000 -1.789251 32.950342  
286 17.950000 -2.112065 31.621170  
287 17.960000 -2.421844 30.342961  
288 17.970000 -2.719087 29.113645  
289 17.980000 -3.004274 27.931243  
290 17.990000 -3.277862 26.793862  
291 18.000000 -3.540295 25.699689  
292 18.010000 -3.791994 24.646992  
293 18.020000 -4.033367 23.634111  
294 18.030000 -4.264804 22.659459  
295 18.040000 -4.486679 21.721514  
296 18.050000 -4.699352 20.818822  
297 18.060000 -4.903168 19.949990  
298 18.070000 -5.098460 19.113681  
299 18.080000 -5.285546 18.308618  
300 18.090000 -5.464732 17.533576  
301 18.100000 -5.636314 16.787382  
302 18.110000 -5.800572 16.068912  
303 18.120000 -5.957781 15.377087  
304 18.130000 -6.108200 14.710875  
305 18.140000 -6.252080 14.069286  
306 18.150000 -6.389664 13.451372  
307 18.160000 -6.521184 12.856221  
308 18.170000 -6.646862 12.282962  
309 18.180000 -6.766913 11.730757  
310 18.190000 -6.881544 11.198804  
311 18.200000 -6.990954 10.686332  
312 18.210000 -7.095333 10.192603  
313 18.220000 -7.194866 9.716907  
314 18.230000 -7.289729 9.258564  
315 18.240000 -7.380093 8.816921  
316 18.250000 -7.466121 8.391352  
317 18.260000 -7.547972 7.981253  
318 18.270000 -7.625796 7.586048  
319 18.280000 -7.699740 7.205182  
320 18.290000 -7.769946 6.838121  
321 18.300000 -7.836547 6.484354  
322 18.310000 -7.899675 6.143390  
323 18.320000 -7.959456 5.814755  
324 18.330000 -8.016010 5.497997  
325 18.340000 -8.069454 5.192679  
326 18.350000 -8.119900 4.898382  
327 18.360000 -8.167457 4.614703  
328 18.370000 -8.212229 4.341256  
329 18.380000 -8.254315 4.077668  
330 18.390000 -8.293814 3.823581  
331 18.400000 -8.330817 3.578651  
332 18.410000 -8.365416 3.342548  
333 18.420000 -8.397697 3.114953  
334 18.430000 -8.427742 2.895560  
335 18.440000 -8.455634 2.684074  
336 18.450000 -8.481449 2.480214  
337 18.460000 -8.505263 2.283705  
338 18.470000 -8.527147 2.094286  
339 18.480000 -8.547171 1.911704  
340 18.490000 -8.565403 1.735717  
341 18.500000 -8.581907 1.566091  
342 18.510000 -8.596745 1.402600  
343 18.520000 -8.609979 1.245029  
344 18.530000 -8.621665 1.093168  
345 18.540000 -8.631860 0.946816  
346 18.550000 -8.640619 0.805781  
347 18.560000 -8.647993 0.669876  
348 18.570000 -8.654033 0.538921  
349 18.580000 -8.658788 0.412744  
350 18.590000 -8.662303 0.291179  
351 18.600000 -8.664626 0.174064  
352 18.610000 -8.665799 0.061245  
353 18.620000 -8.665865 -0.047427  
354 18.630000 -8.664864 -0.152095  
355 18.640000 -8.662836 -0.252898  
356 18.650000 -8.659818 -0.349969  
357 18.660000 -8.655848 -0.443436  
358 18.670000 -8.650961 -0.533424  
359 18.680000 -8.645191 -0.620052  
360 18.690000 -8.638571 -0.703435  
361 18.700000 -8.631133 -0.783684  
362 18.710000 -8.622907 -0.860907  
363 18.720000 -8.613924 -0.935207  
364 18.730000 -8.604213 -1.006684  
365 18.740000 -8.593800 -1.075432  
366 18.750000 -8.582713 -1.141547  
367 18.760000 -8.570977 -1.205116  
368 18.770000 -8.558619 -1.266227  
369 18.780000 -8.545661 -1.324962  
370 18.790000 -8.532127 -1.381402  
371 18.800000 -8.518040 -1.435624  
372 18.810000 -8.503422 -1.487705  
373 18.820000 -8.488293 -1.537714  
374 18.830000 -8.472674 -1.585724  
375 18.840000 -8.456585 -1.631800  
376 18.850000 -8.440044 -1.676008  
377 18.860000 -8.423071 -1.718411  
378 18.870000 -8.405682 -1.759070  
379 18.880000 -8.387895 -1.798042  
380 18.890000 -8.369726 -1.835385  
381 18.900000 -8.351192 -1.871153  
382 18.910000 -8.332308 -1.905399  
383 18.920000 -8.313089 -1.938174  
384 18.930000 -8.293550 -1.969526  
385 18.940000 -8.273703 -1.999505  
386 18.950000 -8.253564 -2.028155  
387 18.960000 -8.233145 -2.055521  
388 18.970000 -8.212458 -2.081645  
389 18.980000 -8.191516 -2.106570  
390 18.990000 -8.170330 -2.130336  
391 19.000000 -8.148913 -2.152980  
392 19.010000 -8.127274 -2.174541  
393 19.020000 -8.105425 -2.195054  
394 19.030000 -8.083377 -2.214555  
395 19.040000 -8.061138 -2.233078  
396 19.050000 -8.038718 -2.250655  
397 19.060000 -8.016128 -2.267317  
398 19.070000 -7.993375 -2.283095  
399 19.080000 -7.970468 -2.298019  
400 19.090000 -7.947417 -2.312118  
401 19.100000 -7.924229 -2.325418  
402 19.110000 -7.900911 -2.337947  
403 19.120000 -7.877472 -2.349730  
404 19.130000 -7.853919 -2.360792  
405 19.140000 -7.830259 -2.371159  
406 19.150000 -7.806498 -2.380852  
407 19.160000 -7.782644 -2.389894  
408 19.170000 -7.758702 -2.398308  
409 19.180000 -7.734680 -2.406114  
410 19.190000 -7.710582 -2.413334  
411 19.200000 -7.686415 -2.419986  
412 19.210000 -7.662184 -2.426090  
413 19.220000 -7.637895 -2.431665  
414 19.230000 -7.613553 -2.436728  
415 19.240000 -7.589162 -2.441297  
416 19.250000 -7.564728 -2.445389  
417 19.260000 -7.540256 -2.449019  
418 19.270000 -7.515749 -2.452204  
419 19.280000 -7.491213 -2.454959  
420 19.290000 -7.466652 -2.457298  
421 19.300000 -7.442069 -2.459236  
422 19.310000 -7.417468 -2.460787  
423 19.320000 -7.392854 -2.461964  
424 19.330000 -7.368230 -2.462779  
425 19.340000 -7.343600 -2.463247  
426 19.350000 -7.318966 -2.463377  
427 19.360000 -7.294333 -2.463183  
428 19.370000 -7.269704 -2.462676  
429 19.380000 -7.245081 -2.461867  
430 19.390000 -7.220467 -2.460766  
431 19.400000 -7.195866 -2.459383  
432 19.410000 -7.171280 -2.457730  
433 19.420000 -7.146713 -2.455814  
434 19.430000 -7.122165 -2.453647  
435 19.440000 -7.097640 -2.451236  
436 19.450000 -7.073141 -2.448591  
437 19.460000 -7.048669 -2.445720  
438 19.470000 -7.024227 -2.442631  
439 19.480000 -6.999817 -2.439332  
440 19.490000 -6.975441 -2.435832  
441 19.500000 -6.951101 -2.432137  
442 19.510000 -6.926799 -2.428255  
443 19.520000 -6.902537 -2.424192  
444 19.530000 -6.878316 -2.419957  
445 19.540000 -6.854138 -2.415554  
446 19.550000 -6.830006 -2.410991  
447 19.560000 -6.805919 -2.406274  
448 19.570000 -6.781881 -2.401408  
449 19.580000 -6.757891 -2.396400  
450 19.590000 -6.733953 -2.391255  
451 19.600000 -6.710067 -2.385979  
452 19.610000 -6.686234 -2.380576  
453 19.620000 -6.662456 -2.375052  
454 19.630000 -6.638733 -2.369413  
455 19.640000 -6.615068 -2.363661  
456 19.650000 -6.591460 -2.357804  
457 19.660000 -6.567912 -2.351844  
458 19.670000 -6.544424 -2.345786  
459 19.680000 -6.520997 -2.339634  
460 19.690000 -6.497631 -2.333393  
461 19.700000 -6.474329 -2.327066  
462 19.710000 -6.451090 -2.320658  
463 19.720000 -6.427916 -2.314171  
464 19.730000 -6.404807 -2.307610  
465 19.740000 -6.381764 -2.300977  
466 19.750000 -6.358788 -2.294278  
467 19.760000 -6.335879 -2.287513  
468 19.770000 -6.313038 -2.280688  
469 19.780000 -6.290265 -2.273804  
470 19.790000 -6.267562 -2.266865  
471 19.800000 -6.244928 -2.259874  
472 19.810000 -6.222365 -2.252833  
473 19.820000 -6.199872 -2.245745  
474 19.830000 -6.177450 -2.238613  
475 19.840000 -6.155100 -2.231440  
476 19.850000 -6.132821 -2.224227  
477 19.860000 -6.110615 -2.216977  
478 19.870000 -6.088482 -2.209692  
479 19.880000 -6.066421 -2.202375  
480 19.890000 -6.044434 -2.195027  
481 19.900000 -6.022521 -2.187652  
482 19.910000 -6.000681 -2.180250  
483 19.920000 -5.978916 -2.172824  
484 19.930000 -5.957225 -2.165375  
485 19.940000 -5.935609 -2.157906  
486 19.950000 -5.914067 -2.150418  
487 19.960000 -5.892600 -2.142913  
488 19.970000 -5.871209 -2.135392  
489 19.980000 -5.849893 -2.127858  
490 19.990000 -5.828652 -2.120311  
491 20.000000 -5.807486 -2.112754  
492 20.010000 -5.786397 -2.105187  
493 20.020000 -5.765383 -2.097612  
494 20.030000 -5.744444 -2.090030  
495 20.040000 -5.723582 -2.082443  
496 20.050000 -5.702796 -2.074852  
497 20.060000 -5.682085 -2.067258  
498 20.070000 -5.661450 -2.059663  
499 20.080000 -5.640892 -2.052067  
500 20.090000 -5.620409 -2.044471  
501 20.100000 -5.600002 -2.036878  
502 20.110000 -5.579671 -2.029287  
503 20.120000 -5.559417 -2.021699  
504 20.130000 -5.539237 -2.014116  
505 20.140000 -5.519134 -2.006539  
506 20.150000 -5.499107 -1.998968  
507 20.160000 -5.479155 -1.991404  
508 20.170000 -5.459279 -1.983849  
509 20.180000 -5.439478 -1.976302  
510 20.190000 -5.419753 -1.968766  
511 20.200000 -5.400102 -1.961239  
512 20.210000 -5.380528 -1.953724  
513 20.220000 -5.361028 -1.946221  
514 20.230000 -5.341603 -1.938730  
515 20.240000 -5.322253 -1.931252  
516 20.250000 -5.302978 -1.923789  
517 20.260000 -5.283778 -1.916339  
518 20.270000 -5.264651 -1.908905  
519 20.280000 -5.245599 -1.901486  
520 20.290000 -5.226622 -1.894083  
521 20.300000 -5.207718 -1.886697  
522 20.310000 -5.188888 -1.879328  
523 20.320000 -5.170131 -1.871977  
524 20.330000 -5.151448 -1.864643  
525 20.340000 -5.132838 -1.857328  
526 20.350000 -5.114301 -1.850032  
527 20.360000 -5.095837 -1.842755  
528 20.370000 -5.077446 -1.835498  
529 20.380000 -5.059127 -1.828261  
530 20.390000 -5.040881 -1.821044  
531 20.400000 -5.022706 -1.813848  
532 20.410000 -5.004604 -1.806673  
533 20.420000 -4.986573 -1.799520  
534 20.430000 -4.968613 -1.792388  
535 20.440000 -4.950725 -1.785278  
536 20.450000 -4.932908 -1.778190  
537 20.460000 -4.915161 -1.771125  
538 20.470000 -4.897485 -1.764083  
539 20.480000 -4.879879 -1.757063  
540 20.490000 -4.862344 -1.750067  
541 20.500000 -4.844878 -1.743094  
542 20.510000 -4.827482 -1.736145  
543 20.520000 -4.810155 -1.729220  
544 20.530000 -4.792897 -1.722319  
545 20.540000 -4.775709 -1.715442  
546 20.550000 -4.758588 -1.708589  
547 20.560000 -4.741537 -1.701761  
548 20.570000 -4.724553 -1.694957  
549 20.580000 -4.707637 -1.688179  
550 20.590000 -4.690789 -1.681425  
551 20.600000 -4.674009 -1.674696  
552 20.610000 -4.657295 -1.667992  
553 20.620000 -4.640649 -1.661314  
554 20.630000 -4.624069 -1.654661  
555 20.640000 -4.607556 -1.648034  
556 20.650000 -4.591108 -1.641431  
557 20.660000 -4.574727 -1.634855  
558 20.670000 -4.558411 -1.628304  
559 20.680000 -4.542161 -1.621779  
560 20.690000 -4.525976 -1.615280  
561 20.700000 -4.509855 -1.608807  
562 20.710000 -4.493799 -1.602360  
563 20.720000 -4.477808 -1.595938  
564 20.730000 -4.461880 -1.589543  
565 20.740000 -4.446017 -1.583174  
566 20.750000 -4.430217 -1.576830  
567 20.760000 -4.414480 -1.570513  
568 20.770000 -4.398807 -1.564222  
569 20.780000 -4.383196 -1.557957  
570 20.790000 -4.367647 -1.551718  
571 20.800000 -4.352161 -1.545505  
572 20.810000 -4.336737 -1.539318  
573 20.820000 -4.321375 -1.533158  
574 20.830000 -4.306074 -1.527023  
575 20.840000 -4.290834 -1.520915  
576 20.850000 -4.275656 -1.514832  
577 20.860000 -4.260537 -1.508776  
578 20.870000 -4.245480 -1.502746  
579 20.880000 -4.230482 -1.496741  
580 20.890000 -4.215545 -1.490763  
581 20.900000 -4.200667 -1.484811  
582 20.910000 -4.185849 -1.478884  
583 20.920000 -4.171089 -1.472984  
584 20.930000 -4.156389 -1.467109  
585 20.940000 -4.141747 -1.461260  
586 20.950000 -4.127164 -1.455437  
587 20.960000 -4.112638 -1.449640  
588 20.970000 -4.098171 -1.443868  
589 20.980000 -4.083761 -1.438122  
590 20.990000 -4.069408 -1.432401  
591 21.000000 -4.055113 -1.426706  
592 21.010000 -4.040874 -1.421036  
593 21.020000 -4.026692 -1.415392  
594 21.030000 -4.012566 -1.409772  
595 21.040000 -3.998496 -1.404179  
596 21.050000 -3.984482 -1.398610  
597 21.060000 -3.970524 -1.393066  
598 21.070000 -3.956621 -1.387548  
599 21.080000 -3.942773 -1.382054  
600 21.090000 -3.928980 -1.376586  
601 21.100000 -3.915241 -1.371142  
602 21.110000 -3.901557 -1.365723  
603 21.120000 -3.887927 -1.360328  
604 21.130000 -3.874350 -1.354958  
605 21.140000 -3.860827 -1.349613  
606 21.150000 -3.847358 -1.344292  
607 21.160000 -3.833942 -1.338996  
608 21.170000 -3.820578 -1.333723  
609 21.180000 -3.807267 -1.328475  
610 21.190000 -3.794008 -1.323251  
611 21.200000 -3.780802 -1.318051  
612 21.210000 -3.767647 -1.312875  
613 21.220000 -3.754544 -1.307723  
614 21.230000 -3.741493 -1.302595  
615 21.240000 -3.728492 -1.297490  
616 21.250000 -3.715543 -1.292409  
617 21.260000 -3.702644 -1.287351  
618 21.270000 -3.689796 -1.282317  
619 21.280000 -3.676998 -1.277306  
620 21.290000 -3.664250 -1.272318  
621 21.300000 -3.651551 -1.267354  
622 21.310000 -3.638902 -1.262412  
623 21.320000 -3.626303 -1.257493  
624 21.330000 -3.613752 -1.252598  
625 21.340000 -3.601251 -1.247725  
626 21.350000 -3.588798 -1.242874  
627 21.360000 -3.576393 -1.238046  
628 21.370000 -3.564037 -1.233241  
629 21.380000 -3.551728 -1.228458  
630 21.390000 -3.539468 -1.223698  
631 21.400000 -3.527254 -1.218959  
632 21.410000 -3.515088 -1.214243  
633 21.420000 -3.502969 -1.209548  
634 21.430000 -3.490897 -1.204876  
635 21.440000 -3.478872 -1.200225  
636 21.450000 -3.466893 -1.195596  
637 21.460000 -3.454960 -1.190989  
638 21.470000 -3.443073 -1.186403  
639 21.480000 -3.431232 -1.181839  
640 21.490000 -3.419436 -1.177295  
641 21.500000 -3.407686 -1.172774  
642 21.510000 -3.395981 -1.168273  
643 21.520000 -3.384320 -1.163793  
644 21.530000 -3.372705 -1.159334  
645 21.540000 -3.361133 -1.154896  
646 21.550000 -3.349607 -1.150479  
647 21.560000 -3.338124 -1.146082  
648 21.570000 -3.326685 -1.141706  
649 21.580000 -3.315290 -1.137351  
650 21.590000 -3.303938 -1.133016  
651 21.600000 -3.292629 -1.128701  
652 21.610000 -3.281364 -1.124406  
653 21.620000 -3.270141 -1.120131  
654 21.630000 -3.258961 -1.115876  
655 21.640000 -3.247824 -1.111641  
656 21.650000 -3.236728 -1.107426  
657 21.660000 -3.225675 -1.103231  
658 21.670000 -3.214664 -1.099055  
659 21.680000 -3.203694 -1.094898  
660 21.690000 -3.192765 -1.090761  
661 21.700000 -3.181878 -1.086643  
662 21.710000 -3.171033 -1.082545  
663 21.720000 -3.160228 -1.078465  
664 21.730000 -3.149463 -1.074405  
665 21.740000 -3.138739 -1.070364  
666 21.750000 -3.128056 -1.066341  
667 21.760000 -3.117412 -1.062337  
668 21.770000 -3.106809 -1.058352  
669 21.780000 -3.096245 -1.054385  
670 21.790000 -3.085721 -1.050437  
671 21.800000 -3.075237 -1.046507  
672 21.810000 -3.064791 -1.042595  
673 21.820000 -3.054385 -1.038701  
674 21.830000 -3.044017 -1.034826  
675 21.840000 -3.033688 -1.030969  
676 21.850000 -3.023398 -1.027129  
677 21.860000 -3.013145 -1.023307  
678 21.870000 -3.002931 -1.019503  
679 21.880000 -2.992755 -1.015717  
680 21.890000 -2.982617 -1.011948  
681 21.900000 -2.972516 -1.008197  
682 21.910000 -2.962453 -1.004463  
683 21.920000 -2.952427 -1.000746  
684 21.930000 -2.942438 -0.997047  
685 21.940000 -2.932486 -0.993364  
686 21.950000 -2.922571 -0.989699  
687 21.960000 -2.912692 -0.986050  
688 21.970000 -2.902850 -0.982419  
689 21.980000 -2.893043 -0.978804  
690 21.990000 -2.883273 -0.975205  
691 22.000000 -2.873539 -0.971624  
692 22.010000 -2.863841 -0.968059  
693 22.020000 -2.854178 -0.964510  
694 22.030000 -2.844551 -0.960977  
695 22.040000 -2.834958 -0.957461  
696 22.050000 -2.825401 -0.953961  
697 22.060000 -2.815879 -0.950477  
698 22.070000 -2.806392 -0.947009  
699 22.080000 -2.796939 -0.943557  
700 22.090000 -2.787521 -0.940121  
701 22.100000 -2.778137 -0.936700  
702 22.110000 -2.768787 -0.933295  
703 22.120000 -2.759471 -0.929906  
704 22.130000 -2.750188 -0.926532  
705 22.140000 -2.740940 -0.923174  
706 22.150000 -2.731725 -0.919830  
707 22.160000 -2.722543 -0.916503  
708 22.170000 -2.713395 -0.913190  
709 22.180000 -2.704279 -0.909892  
710 22.190000 -2.695197 -0.906610  
711 22.200000 -2.686147 -0.903342  
712 22.210000 -2.677130 -0.900089  
713 22.220000 -2.668145 -0.896851  
714 22.230000 -2.659193 -0.893628  
715 22.240000 -2.650273 -0.890419  
716 22.250000 -2.641384 -0.887225  
717 22.260000 -2.632528 -0.884046  
718 22.270000 -2.623703 -0.880880  
719 22.280000 -2.614910 -0.877729  
720 22.290000 -2.606149 -0.874593  
721 22.300000 -2.597419 -0.871470  
722 22.310000 -2.588719 -0.868362  
723 22.320000 -2.580051 -0.865267  
724 22.330000 -2.571414 -0.862187  
725 22.340000 -2.562807 -0.859120  
726 22.350000 -2.554232 -0.856068  
727 22.360000 -2.545686 -0.853029  
728 22.370000 -2.537171 -0.850003  
729 22.380000 -2.528686 -0.846991  
730 22.390000 -2.520231 -0.843993  
731 22.400000 -2.511806 -0.841008  
732 22.410000 -2.503411 -0.838037  
733 22.420000 -2.495045 -0.835079  
734 22.430000 -2.486709 -0.832134  
735 22.440000 -2.478403 -0.829202  
736 22.450000 -2.470125 -0.826283  
737 22.460000 -2.461877 -0.823378  
738 22.470000 -2.453658 -0.820485  
739 22.480000 -2.445467 -0.817605  
740 22.490000 -2.437305 -0.814738  
741 22.500000 -2.429172 -0.811884  
742 22.510000 -2.421068 -0.809042  
743 22.520000 -2.412991 -0.806214  
744 22.530000 -2.404943 -0.803397  
745 22.540000 -2.396923 -0.800593  
746 22.550000 -2.388931 -0.797802  
747 22.560000 -2.380967 -0.795023  
748 22.570000 -2.373031 -0.792256  
749 22.580000 -2.365122 -0.789501  
750 22.590000 -2.357241 -0.786759  
751 22.600000 -2.349387 -0.784029  
752 22.610000 -2.341560 -0.781311  
753 22.620000 -2.333761 -0.778604  
754 22.630000 -2.325988 -0.775910  
755 22.640000 -2.318242 -0.773227  
756 22.650000 -2.310524 -0.770557  
757 22.660000 -2.302831 -0.767898  
758 22.670000 -2.295166 -0.765250  
759 22.680000 -2.287526 -0.762615  
760 22.690000 -2.279913 -0.759991  
761 22.700000 -2.272326 -0.757378  
762 22.710000 -2.264766 -0.754777  
763 22.720000 -2.257231 -0.752187  
764 22.730000 -2.249722 -0.749608  
765 22.740000 -2.242239 -0.747041  
766 22.750000 -2.234781 -0.744485  
767 22.760000 -2.227349 -0.741940  
768 22.770000 -2.219942 -0.739406  
769 22.780000 -2.212561 -0.736883  
770 22.790000 -2.205204 -0.734371  
771 22.800000 -2.197873 -0.731870  
772 22.810000 -2.190567 -0.729379  
773 22.820000 -2.183286 -0.726900  
774 22.830000 -2.176029 -0.724431  
775 22.840000 -2.168797 -0.721973  
776 22.850000 -2.161590 -0.719526  
777 22.860000 -2.154406 -0.717089  
778 22.870000 -2.147248 -0.714663  
779 22.880000 -2.140113 -0.712247  
780 22.890000 -2.133003 -0.709841  
781 22.900000 -2.125916 -0.707446  
782 22.910000 -2.118854 -0.705061  
783 22.920000 -2.111815 -0.702687  
784 22.930000 -2.104800 -0.700322  
785 22.940000 -2.097809 -0.697968  
786 22.950000 -2.090841 -0.695624  
787 22.960000 -2.083896 -0.693290  
788 22.970000 -2.076975 -0.690966  
789 22.980000 -2.070077 -0.688651  
790 22.990000 -2.063202 -0.686347  
791 23.000000 -2.056350 -0.684053  
792 23.010000 -2.049521 -0.681768  
793 23.020000 -2.042714 -0.679493  
794 23.030000 -2.035931 -0.677228  
795 23.040000 -2.029170 -0.674972  
796 23.050000 -2.022431 -0.672726  
797 23.060000 -2.015715 -0.670489  
798 23.070000 -2.009021 -0.668262  
799 23.080000 -2.002350 -0.666044  
800 23.090000 -1.995701 -0.663836  
801 23.100000 -1.989073 -0.661637  
802 23.110000 -1.982468 -0.659447  
803 23.120000 -1.975884 -0.657267  
804 23.130000 -1.969322 -0.655096  
805 23.140000 -1.962782 -0.652933  
806 23.150000 -1.956264 -0.650780  
807 23.160000 -1.949767 -0.648636  
808 23.170000 -1.943291 -0.646502  
809 23.180000 -1.936837 -0.644376  
810 23.190000 -1.930403 -0.642258  
811 23.200000 -1.923991 -0.640150  
812 23.210000 -1.917600 -0.638051  
813 23.220000 -1.911230 -0.635960  
814 23.230000 -1.904881 -0.633878  
815 23.240000 -1.898553 -0.631805  
816 23.250000 -1.892245 -0.629741  
817 23.260000 -1.885958 -0.627685  
818 23.270000 -1.879691 -0.625638  
819 23.280000 -1.873445 -0.623599  
820 23.290000 -1.867219 -0.621568  
821 23.300000 -1.861014 -0.619546  
822 23.310000 -1.854828 -0.617533  
823 23.320000 -1.848663 -0.615528  
824 23.330000 -1.842518 -0.613531  
825 23.340000 -1.836392 -0.611542  
826 23.350000 -1.830287 -0.609562  
827 23.360000 -1.824201 -0.607590  
828 23.370000 -1.818135 -0.605626  
829 23.380000 -1.812089 -0.603670  
830 23.390000 -1.806062 -0.601722  
831 23.400000 -1.800054 -0.599782  
832 23.410000 -1.794066 -0.597850  
833 23.420000 -1.788097 -0.595926  
834 23.430000 -1.782147 -0.594010  
835 23.440000 -1.776217 -0.592102  
836 23.450000 -1.770305 -0.590201  
837 23.460000 -1.764413 -0.588309  
838 23.470000 -1.758539 -0.586424  
839 23.480000 -1.752684 -0.584547  
840 23.490000 -1.746848 -0.582677  
841 23.500000 -1.741031 -0.580815  
842 23.510000 -1.735232 -0.578961  
843 23.520000 -1.729451 -0.577114  
844 23.530000 -1.723690 -0.575275  
845 23.540000 -1.717946 -0.573443  
846 23.550000 -1.712221 -0.571619  
847 23.560000 -1.706514 -0.569802  
848 23.570000 -1.700825 -0.567993  
849 23.580000 -1.695154 -0.566190  
850 23.590000 -1.689501 -0.564395  
851 23.600000 -1.683866 -0.562608  
852 23.610000 -1.678249 -0.560827  
853 23.620000 -1.672649 -0.559054  
854 23.630000 -1.667067 -0.557288  
855 23.640000 -1.661503 -0.555529  
856 23.650000 -1.655957 -0.553777  
857 23.660000 -1.650428 -0.552032  
858 23.670000 -1.644916 -0.550295  
859 23.680000 -1.639422 -0.548564  
860 23.690000 -1.633945 -0.546840  
861 23.700000 -1.628485 -0.545123  
862 23.710000 -1.623042 -0.543413  
863 23.720000 -1.617617 -0.541709  
864 23.730000 -1.612208 -0.540013  
865 23.740000 -1.606817 -0.538323  
866 23.750000 -1.601442 -0.536640  
867 23.760000 -1.596084 -0.534964  
868 23.770000 -1.590742 -0.533295  
869 23.780000 -1.585418 -0.531632  
870 23.790000 -1.580110 -0.529975  
871 23.800000 -1.574818 -0.528326  
872 23.810000 -1.569543 -0.526682  
873 23.820000 -1.564285 -0.525046  
874 23.830000 -1.559042 -0.523416  
875 23.840000 -1.553816 -0.521792  
876 23.850000 -1.548606 -0.520175  
877 23.860000 -1.543413 -0.518564  
878 23.870000 -1.538235 -0.516959  
879 23.880000 -1.533074 -0.515361  
880 23.890000 -1.527928 -0.513769  
881 23.900000 -1.522798 -0.512183  
882 23.910000 -1.517684 -0.510604  
883 23.920000 -1.512586 -0.509031  
884 23.930000 -1.507504 -0.507464  
885 23.940000 -1.502437 -0.505903  
886 23.950000 -1.497385 -0.504348  
887 23.960000 -1.492350 -0.502799  
888 23.970000 -1.487329 -0.501257  
889 23.980000 -1.482325 -0.499720  
890 23.990000 -1.477335 -0.498190  
891 24.000000 -1.472361 -0.496665  
892 24.010000 -1.467402 -0.495147  
893 24.020000 -1.462458 -0.493634  
894 24.030000 -1.457529 -0.492127  
895 24.040000 -1.452615 -0.490626  
896 24.050000 -1.447716 -0.489131  
897 24.060000 -1.442833 -0.487642  
898 24.070000 -1.437964 -0.486158  
899 24.080000 -1.433109 -0.484680  
900 24.090000 -1.428270 -0.483208  
901 24.100000 -1.423445 -0.481742  
902 24.110000 -1.418635 -0.480281  
903 24.120000 -1.413840 -0.478826  
904 24.130000 -1.409059 -0.477377  
905 24.140000 -1.404292 -0.475933  
906 24.150000 -1.399540 -0.474494  
907 24.160000 -1.394802 -0.473062  
908 24.170000 -1.390079 -0.471634  
909 24.180000 -1.385369 -0.470213  
910 24.190000 -1.380674 -0.468796  
911 24.200000 -1.375994 -0.467386  
912 24.210000 -1.371327 -0.465980  
913 24.220000 -1.366674 -0.464580  
914 24.230000 -1.362035 -0.463185  
915 24.240000 -1.357410 -0.461796  
916 24.250000 -1.352799 -0.460412  
917 24.260000 -1.348202 -0.459033  
918 24.270000 -1.343618 -0.457660  
919 24.280000 -1.339049 -0.456291  
920 24.290000 -1.334493 -0.454928  
921 24.300000 -1.329950 -0.453570  
922 24.310000 -1.325421 -0.452218  
923 24.320000 -1.320906 -0.450870  
924 24.330000 -1.316404 -0.449528  
925 24.340000 -1.311915 -0.448190  
926 24.350000 -1.307440 -0.446858  
927 24.360000 -1.302978 -0.445530  
928 24.370000 -1.298529 -0.444208  
929 24.380000 -1.294094 -0.442891  
930 24.390000 -1.289671 -0.441579  
931 24.400000 -1.285262 -0.440271  
932 24.410000 -1.280866 -0.438969  
933 24.420000 -1.276483 -0.437671  
934 24.430000 -1.272113 -0.436379  
935 24.440000 -1.267755 -0.435091  
936 24.450000 -1.263411 -0.433808  
937 24.460000 -1.259079 -0.432530  
938 24.470000 -1.254760 -0.431257  
939 24.480000 -1.250454 -0.429988  
940 24.490000 -1.246160 -0.428724  
941 24.500000 -1.241879 -0.427465  
942 24.510000 -1.237611 -0.426211  
943 24.520000 -1.233355 -0.424961  
944 24.530000 -1.229112 -0.423716  
945 24.540000 -1.224881 -0.422476  
946 24.550000 -1.220662 -0.421240  
947 24.560000 -1.216456 -0.420009  
948 24.570000 -1.212262 -0.418782  
949 24.580000 -1.208080 -0.417560  
950 24.590000 -1.203911 -0.416342  
951 24.600000 -1.199754 -0.415129  
952 24.610000 -1.195608 -0.413921  
953 24.620000 -1.191475 -0.412717  
954 24.630000 -1.187354 -0.411517  
955 24.640000 -1.183245 -0.410322  
956 24.650000 -1.179147 -0.409131  
957 24.660000 -1.175062 -0.407945  
958 24.670000 -1.170989 -0.406763  
959 24.680000 -1.166927 -0.405586  
960 24.690000 -1.162877 -0.404412  
961 24.700000 -1.158839 -0.403243  
962 24.710000 -1.154812 -0.402079  
963 24.720000 -1.150797 -0.400918  
964 24.730000 -1.146794 -0.399762  
965 24.740000 -1.142802 -0.398610  
966 24.750000 -1.138821 -0.397463  
967 24.760000 -1.134852 -0.396319  
968 24.770000 -1.130895 -0.395180  
969 24.780000 -1.126949 -0.394045  
970 24.790000 -1.123014 -0.392914  
971 24.800000 -1.119091 -0.391787  
972 24.810000 -1.115178 -0.390664  
973 24.820000 -1.111277 -0.389545  
974 24.830000 -1.107387 -0.388431  
975 24.840000 -1.103509 -0.387320  
976 24.850000 -1.099641 -0.386214  
977 24.860000 -1.095784 -0.385111  
978 24.870000 -1.091939 -0.384013  
979 24.880000 -1.088104 -0.382918  
980 24.890000 -1.084280 -0.381828  
981 24.900000 -1.080468 -0.380741  
982 24.910000 -1.076666 -0.379659  
983 24.920000 -1.072874 -0.378580  
984 24.930000 -1.069094 -0.377505  
985 24.940000 -1.065324 -0.376434  
986 24.950000 -1.061565 -0.375367  
987 24.960000 -1.057817 -0.374304  
988 24.970000 -1.054079 -0.373244  
989 24.980000 -1.050352 -0.372188  
990 24.990000 -1.046635 -0.371137  
991 25.000000 -1.042929 -0.370088  
992 25.010000 -1.039234 -0.369044  
993 25.020000 -1.035548 -0.368004  
994 25.030000 -1.031873 -0.366967  
995 25.040000 -1.028209 -0.365934  
996 25.050000 -1.024555 -0.364904  
997 25.060000 -1.020911 -0.363878  
998 25.070000 -1.017277 -0.362856  
999 25.080000 -1.013654 -0.361838  
1000 25.090000 -1.010040 -0.360823  
1001 25.100000 -1.006437 -0.359812  
1002 25.110000 -1.002844 -0.358804  
1003 25.120000 -0.999261 -0.357800  
1004 25.130000 -0.995688 -0.356799  
1005 25.140000 -0.992125 -0.355802  
1006 25.150000 -0.988572 -0.354809  
1007 25.160000 -0.985029 -0.353819  
1008 25.170000 -0.981496 -0.352833  
1009 25.180000 -0.977972 -0.351850  
1010 25.190000 -0.974459 -0.350870  
1011 25.200000 -0.970955 -0.349895  
1012 25.210000 -0.967461 -0.348922  
1013 25.220000 -0.963976 -0.347953  
1014 25.230000 -0.960502 -0.346987  
1015 25.240000 -0.957037 -0.346025  
1016 25.250000 -0.953581 -0.345066  
1017 25.260000 -0.950135 -0.344111  
1018 25.270000 -0.946699 -0.343158  
1019 25.280000 -0.943272 -0.342210  
1020 25.290000 -0.939855 -0.341264  
1021 25.300000 -0.936447 -0.340322  
1022 25.310000 -0.933048 -0.339383  
1023 25.320000 -0.929659 -0.338447  
1024 25.330000 -0.926279 -0.337515  
1025 25.340000 -0.922909 -0.336586  
1026 25.350000 -0.919548 -0.335660  
1027 25.360000 -0.916196 -0.334738  
1028 25.370000 -0.912853 -0.333818  
1029 25.380000 -0.909519 -0.332902  
1030 25.390000 -0.906195 -0.331989  
1031 25.400000 -0.902880 -0.331079  
1032 25.410000 -0.899573 -0.330172  
1033 25.420000 -0.896276 -0.329269  
1034 25.430000 -0.892988 -0.328369  
1035 25.440000 -0.889709 -0.327471  
1036 25.450000 -0.886438 -0.326577  
1037 25.460000 -0.883177 -0.325686  
1038 25.470000 -0.879925 -0.324798  
1039 25.480000 -0.876681 -0.323913  
1040 25.490000 -0.873446 -0.323031  
1041 25.500000 -0.870221 -0.322152  
1042 25.510000 -0.867003 -0.321277  
1043 25.520000 -0.863795 -0.320404  
1044 25.530000 -0.860595 -0.319534  
1045 25.540000 -0.857404 -0.318667  
1046 25.550000 -0.854222 -0.317803  
1047 25.560000 -0.851048 -0.316943  
1048 25.570000 -0.847883 -0.316085  
1049 25.580000 -0.844727 -0.315230  
1050 25.590000 -0.841578 -0.314378  
1051 25.600000 -0.838439 -0.313529  
1052 25.610000 -0.835308 -0.312683  
1053 25.620000 -0.832185 -0.311839  
1054 25.630000 -0.829071 -0.310999  
1055 25.640000 -0.825965 -0.310161  
1056 25.650000 -0.822868 -0.309327  
1057 25.660000 -0.819779 -0.308495  
1058 25.670000 -0.816698 -0.307666  
1059 25.680000 -0.813625 -0.306839  
1060 25.690000 -0.810561 -0.306016  
1061 25.700000 -0.807505 -0.305195  
1062 25.710000 -0.804457 -0.304378  
1063 25.720000 -0.801418 -0.303563  
1064 25.730000 -0.798386 -0.302750  
1065 25.740000 -0.795363 -0.301941  
1066 25.750000 -0.792347 -0.301134  
1067 25.760000 -0.789340 -0.300330  
1068 25.770000 -0.786341 -0.299529  
1069 25.780000 -0.783349 -0.298730  
1070 25.790000 -0.780366 -0.297934  
1071 25.800000 -0.777391 -0.297141  
1072 25.810000 -0.774423 -0.296350  
1073 25.820000 -0.771464 -0.295562  
1074 25.830000 -0.768512 -0.294777  
1075 25.840000 -0.765568 -0.293994  
1076 25.850000 -0.762632 -0.293214  
1077 25.860000 -0.759704 -0.292437  
1078 25.870000 -0.756783 -0.291662  
1079 25.880000 -0.753870 -0.290890  
1080 25.890000 -0.750965 -0.290120  
1081 25.900000 -0.748068 -0.289353  
1082 25.910000 -0.745178 -0.288589  
1083 25.920000 -0.742296 -0.287827  
1084 25.930000 -0.739422 -0.287068  
1085 25.940000 -0.736555 -0.286311  
1086 25.950000 -0.733696 -0.285556  
1087 25.960000 -0.730844 -0.284805  
1088 25.970000 -0.727999 -0.284055  
1089 25.980000 -0.725163 -0.283309  
1090 25.990000 -0.722333 -0.282564  
1091 26.000000 -0.719511 -0.281822  
1092 26.010000 -0.716697 -0.281083  
1093 26.020000 -0.713890 -0.280346  
1094 26.030000 -0.711090 -0.279612  
1095 26.040000 -0.708297 -0.278880  
1096 26.050000 -0.705512 -0.278150  
1097 26.060000 -0.702734 -0.277423  
1098 26.070000 -0.699964 -0.276698  
1099 26.080000 -0.697200 -0.275975  
1100 26.090000 -0.694444 -0.275255  
1101 26.100000 -0.691695 -0.274538  
1102 26.110000 -0.688954 -0.273822  
1103 26.120000 -0.686219 -0.273109  
1104 26.130000 -0.683491 -0.272399  
1105 26.140000 -0.680771 -0.271691  
1106 26.150000 -0.678058 -0.270985  
1107 26.160000 -0.675351 -0.270281  
1108 26.170000 -0.672652 -0.269580  
1109 26.180000 -0.669960 -0.268881  
1110 26.190000 -0.667274 -0.268184  
1111 26.200000 -0.664596 -0.267489  
1112 26.210000 -0.661925 -0.266797  
1113 26.220000 -0.659260 -0.266107  
1114 26.230000 -0.656602 -0.265420  
1115 26.240000 -0.653952 -0.264734  
1116 26.250000 -0.651308 -0.264051  
1117 26.260000 -0.648671 -0.263370  
1118 26.270000 -0.646040 -0.262691  
1119 26.280000 -0.643417 -0.262015  
1120 26.290000 -0.640800 -0.261340  
1121 26.300000 -0.638190 -0.260668  
1122 26.310000 -0.635587 -0.259998  
1123 26.320000 -0.632990 -0.259331  
1124 26.330000 -0.630400 -0.258665  
1125 26.340000 -0.627817 -0.258001  
1126 26.350000 -0.625240 -0.257340  
1127 26.360000 -0.622670 -0.256681  
1128 26.370000 -0.620106 -0.256024  
1129 26.380000 -0.617549 -0.255369  
1130 26.390000 -0.614999 -0.254716  
1131 26.400000 -0.612455 -0.254065  
1132 26.410000 -0.609918 -0.253417  
1133 26.420000 -0.607387 -0.252770  
1134 26.430000 -0.604862 -0.252126  
1135 26.440000 -0.602344 -0.251483  
1136 26.450000 -0.599833 -0.250843  
1137 26.460000 -0.597327 -0.250205  
1138 26.470000 -0.594828 -0.249569  
1139 26.480000 -0.592336 -0.248935  
1140 26.490000 -0.589850 -0.248302  
1141 26.500000 -0.587370 -0.247672  
1142 26.510000 -0.584896 -0.247044  
1143 26.520000 -0.582429 -0.246418  
1144 26.530000 -0.579968 -0.245794  
1145 26.540000 -0.577513 -0.245172  
1146 26.550000 -0.575064 -0.244552  
1147 26.560000 -0.572622 -0.243934  
1148 26.570000 -0.570186 -0.243318  
1149 26.580000 -0.567756 -0.242703  
1150 26.590000 -0.565332 -0.242091  
1151 26.600000 -0.562914 -0.241481  
1152 26.610000 -0.560502 -0.240873  
1153 26.620000 -0.558096 -0.240266  
1154 26.630000 -0.555697 -0.239662  
1155 26.640000 -0.553303 -0.239059  
1156 26.650000 -0.550916 -0.238458  
1157 26.660000 -0.548534 -0.237860  
1158 26.670000 -0.546158 -0.237263  
1159 26.680000 -0.543789 -0.236668  
1160 26.690000 -0.541425 -0.236075  
1161 26.700000 -0.539067 -0.235484  
1162 26.710000 -0.536715 -0.234894  
1163 26.720000 -0.534369 -0.234307  
1164 26.730000 -0.532029 -0.233721  
1165 26.740000 -0.529695 -0.233137  
1166 26.750000 -0.527366 -0.232555  
1167 26.760000 -0.525044 -0.231975  
1168 26.770000 -0.522727 -0.231397  
1169 26.780000 -0.520416 -0.230820  
1170 26.790000 -0.518110 -0.230246  
1171 26.800000 -0.515811 -0.229673  
1172 26.810000 -0.513517 -0.229102  
1173 26.820000 -0.511229 -0.228532  
1174 26.830000 -0.508946 -0.227965  
1175 26.840000 -0.506670 -0.227399  
1176 26.850000 -0.504398 -0.226835  
1177 26.860000 -0.502133 -0.226273  
1178 26.870000 -0.499873 -0.225712  
1179 26.880000 -0.497619 -0.225154  
1180 26.890000 -0.495370 -0.224597  
1181 26.900000 -0.493127 -0.224042  
1182 26.910000 -0.490889 -0.223488  
1183 26.920000 -0.488657 -0.222936  
1184 26.930000 -0.486430 -0.222386  
1185 26.940000 -0.484209 -0.221838  
1186 26.950000 -0.481994 -0.221291  
1187 26.960000 -0.479783 -0.220746  
1188 26.970000 -0.477579 -0.220203  
1189 26.980000 -0.475379 -0.219661  
1190 26.990000 -0.473185 -0.219121  
1191 27.000000 -0.470997 -0.218583  
1192 27.010000 -0.468814 -0.218047  
1193 27.020000 -0.466636 -0.217512  
1194 27.030000 -0.464463 -0.216978  
1195 27.040000 -0.462296 -0.216447  
1196 27.050000 -0.460134 -0.215917  
1197 27.060000 -0.457978 -0.215388  
1198 27.070000 -0.455827 -0.214862  
1199 27.080000 -0.453681 -0.214337  
1200 27.090000 -0.451540 -0.213813  
1201 27.100000 -0.449404 -0.213291  
1202 27.110000 -0.447274 -0.212771  
1203 27.120000 -0.445149 -0.212252  
1204 27.130000 -0.443029 -0.211735  
1205 27.140000 -0.440914 -0.211220  
1206 27.150000 -0.438805 -0.210706  
1207 27.160000 -0.436700 -0.210193  
1208 27.170000 -0.434601 -0.209683  
1209 27.180000 -0.432507 -0.209173  
1210 27.190000 -0.430417 -0.208666  
1211 27.200000 -0.428333 -0.208160  
1212 27.210000 -0.426254 -0.207655  
1213 27.220000 -0.424180 -0.207152  
1214 27.230000 -0.422111 -0.206650  
1215 27.240000 -0.420047 -0.206150  
1216 27.250000 -0.417988 -0.205652  
1217 27.260000 -0.415934 -0.205155  
1218 27.270000 -0.413885 -0.204660  
1219 27.280000 -0.411841 -0.204166  
1220 27.290000 -0.409802 -0.203673  
1221 27.300000 -0.407767 -0.203182  
1222 27.310000 -0.405738 -0.202693  
1223 27.320000 -0.403714 -0.202205  
1224 27.330000 -0.401694 -0.201718  
1225 27.340000 -0.399679 -0.201233  
1226 27.350000 -0.397669 -0.200750  
1227 27.360000 -0.395664 -0.200268  
1228 27.370000 -0.393664 -0.199787  
1229 27.380000 -0.391668 -0.199308  
1230 27.390000 -0.389678 -0.198830  
1231 27.400000 -0.387692 -0.198354  
1232 27.410000 -0.385711 -0.197879  
1233 27.420000 -0.383734 -0.197405  
1234 27.430000 -0.381763 -0.196933  
1235 27.440000 -0.379796 -0.196463  
1236 27.450000 -0.377833 -0.195994  
1237 27.460000 -0.375876 -0.195526  
1238 27.470000 -0.373923 -0.195059  
1239 27.480000 -0.371975 -0.194594  
1240 27.490000 -0.370031 -0.194131  
1241 27.500000 -0.368092 -0.193669  
1242 27.510000 -0.366158 -0.193208  
1243 27.520000 -0.364228 -0.192748  
1244 27.530000 -0.362303 -0.192290  
1245 27.540000 -0.360382 -0.191834  
1246 27.550000 -0.358466 -0.191378  
1247 27.560000 -0.356554 -0.190924  
1248 27.570000 -0.354647 -0.190472  
1249 27.580000 -0.352745 -0.190020  
1250 27.590000 -0.350847 -0.189570  
1251 27.600000 -0.348954 -0.189122  
1252 27.610000 -0.347065 -0.188674  
1253 27.620000 -0.345180 -0.188228  
1254 27.630000 -0.343300 -0.187784  
1255 27.640000 -0.341424 -0.187341  
1256 27.650000 -0.339553 -0.186899  
1257 27.660000 -0.337686 -0.186458  
1258 27.670000 -0.335824 -0.186019  
1259 27.680000 -0.333966 -0.185580  
1260 27.690000 -0.332112 -0.185144  
1261 27.700000 -0.330263 -0.184708  
1262 27.710000 -0.328418 -0.184274  
1263 27.720000 -0.326578 -0.183841  
1264 27.730000 -0.324741 -0.183409  
1265 27.740000 -0.322909 -0.182979  
1266 27.750000 -0.321082 -0.182550  
1267 27.760000 -0.319258 -0.182122  
1268 27.770000 -0.317439 -0.181695  
1269 27.780000 -0.315625 -0.181270  
1270 27.790000 -0.313814 -0.180846  
1271 27.800000 -0.312008 -0.180423  
1272 27.810000 -0.310205 -0.180002  
1273 27.820000 -0.308408 -0.179581  
1274 27.830000 -0.306614 -0.179162  
1275 27.840000 -0.304824 -0.178744  
1276 27.850000 -0.303039 -0.178327  
1277 27.860000 -0.301258 -0.177912  
1278 27.870000 -0.299481 -0.177498  
1279 27.880000 -0.297708 -0.177085  
1280 27.890000 -0.295939 -0.176673  
1281 27.900000 -0.294174 -0.176262  
1282 27.910000 -0.292414 -0.175853  
1283 27.920000 -0.290657 -0.175444  
1284 27.930000 -0.288905 -0.175037  
1285 27.940000 -0.287157 -0.174632  
1286 27.950000 -0.285412 -0.174227  
1287 27.960000 -0.283672 -0.173823  
1288 27.970000 -0.281936 -0.173421  
1289 27.980000 -0.280204 -0.173020  
1290 27.990000 -0.278475 -0.172620  
1291 28.000000 -0.276751 -0.172221  
1292 28.010000 -0.275031 -0.171823  
1293 28.020000 -0.273315 -0.171427  
1294 28.030000 -0.271602 -0.171031  
1295 28.040000 -0.269894 -0.170637  
1296 28.050000 -0.268190 -0.170244  
1297 28.060000 -0.266489 -0.169852  
1298 28.070000 -0.264793 -0.169461  
1299 28.080000 -0.263100 -0.169071  
1300 28.090000 -0.261411 -0.168683  
1301 28.100000 -0.259726 -0.168295  
1302 28.110000 -0.258045 -0.167909  
1303 28.120000 -0.256368 -0.167524  
1304 28.130000 -0.254695 -0.167139  
1305 28.140000 -0.253025 -0.166756  
1306 28.150000 -0.251360 -0.166374  
1307 28.160000 -0.249698 -0.165994  
1308 28.170000 -0.248040 -0.165614  
1309 28.180000 -0.246386 -0.165235  
1310 28.190000 -0.244735 -0.164858  
1311 28.200000 -0.243088 -0.164481  
1312 28.210000 -0.241445 -0.164106  
1313 28.220000 -0.239806 -0.163731  
1314 28.230000 -0.238171 -0.163358  
1315 28.240000 -0.236539 -0.162986  
1316 28.250000 -0.234911 -0.162615  
1317 28.260000 -0.233287 -0.162245  
1318 28.270000 -0.231666 -0.161875  
1319 28.280000 -0.230049 -0.161508  
1320 28.290000 -0.228436 -0.161141  
1321 28.300000 -0.226826 -0.160775  
1322 28.310000 -0.225221 -0.160410  
1323 28.320000 -0.223618 -0.160046  
1324 28.330000 -0.222020 -0.159683  
1325 28.340000 -0.220425 -0.159321  
1326 28.350000 -0.218833 -0.158961  
1327 28.360000 -0.217245 -0.158601  
1328 28.370000 -0.215661 -0.158242  
1329 28.380000 -0.214081 -0.157885  
1330 28.390000 -0.212503 -0.157528  
1331 28.400000 -0.210930 -0.157172  
1332 28.410000 -0.209360 -0.156818  
1333 28.420000 -0.207794 -0.156464  
1334 28.430000 -0.206231 -0.156111  
1335 28.440000 -0.204671 -0.155760  
1336 28.450000 -0.203116 -0.155409  
1337 28.460000 -0.201563 -0.155059  
1338 28.470000 -0.200014 -0.154711  
1339 28.480000 -0.198469 -0.154363  
1340 28.490000 -0.196927 -0.154016  
1341 28.500000 -0.195389 -0.153670  
1342 28.510000 -0.193854 -0.153326  
1343 28.520000 -0.192322 -0.152982  
1344 28.530000 -0.190794 -0.152639  
1345 28.540000 -0.189269 -0.152297  
1346 28.550000 -0.187748 -0.151956  
1347 28.560000 -0.186230 -0.151616  
1348 28.570000 -0.184716 -0.151277  
1349 28.580000 -0.183205 -0.150939  
1350 28.590000 -0.181697 -0.150602  
1351 28.600000 -0.180193 -0.150266  
1352 28.610000 -0.178692 -0.149930  
1353 28.620000 -0.177194 -0.149596  
1354 28.630000 -0.175700 -0.149263  
1355 28.640000 -0.174209 -0.148930  
1356 28.650000 -0.172721 -0.148599  
1357 28.660000 -0.171237 -0.148268  
1358 28.670000 -0.169756 -0.147938  
1359 28.680000 -0.168278 -0.147610  
1360 28.690000 -0.166804 -0.147282  
1361 28.700000 -0.165332 -0.146955  
1362 28.710000 -0.163864 -0.146629  
1363 28.720000 -0.162400 -0.146304  
1364 28.730000 -0.160938 -0.145979  
1365 28.740000 -0.159480 -0.145656  
1366 28.750000 -0.158025 -0.145334  
1367 28.760000 -0.156574 -0.145012  
1368 28.770000 -0.155125 -0.144692  
1369 28.780000 -0.153680 -0.144372  
1370 28.790000 -0.152238 -0.144053  
1371 28.800000 -0.150799 -0.143735  
1372 28.810000 -0.149363 -0.143418  
1373 28.820000 -0.147930 -0.143101  
1374 28.830000 -0.146501 -0.142786  
1375 28.840000 -0.145075 -0.142472  
1376 28.850000 -0.143651 -0.142158  
1377 28.860000 -0.142231 -0.141845  
1378 28.870000 -0.140815 -0.141533  
1379 28.880000 -0.139401 -0.141222  
1380 28.890000 -0.137990 -0.140912  
1381 28.900000 -0.136583 -0.140603  
1382 28.910000 -0.135178 -0.140294  
1383 28.920000 -0.133777 -0.139986  
1384 28.930000 -0.132378 -0.139680  
1385 28.940000 -0.130983 -0.139374  
1386 28.950000 -0.129591 -0.139068  
1387 28.960000 -0.128202 -0.138764  
1388 28.970000 -0.126816 -0.138461  
1389 28.980000 -0.125432 -0.138158  
1390 28.990000 -0.124052 -0.137856  
1391 29.000000 -0.122675 -0.137555  
1392 29.010000 -0.121301 -0.137255  
1393 29.020000 -0.119930 -0.136956  
1394 29.030000 -0.118562 -0.136657  
1395 29.040000 -0.117197 -0.136359  
1396 29.050000 -0.115835 -0.136062  
1397 29.060000 -0.114476 -0.135766  
1398 29.070000 -0.113120 -0.135471  
1399 29.080000 -0.111766 -0.135176  
1400 29.090000 -0.110416 -0.134883  
1401 29.100000 -0.109069 -0.134590  
1402 29.110000 -0.107724 -0.134298  
1403 29.120000 -0.106383 -0.134006  
1404 29.130000 -0.105044 -0.133716  
1405 29.140000 -0.103708 -0.133426  
1406 29.150000 -0.102376 -0.133137  
1407 29.160000 -0.101046 -0.132849  
1408 29.170000 -0.099719 -0.132562  
1409 29.180000 -0.098394 -0.132275  
1410 29.190000 -0.097073 -0.131989  
1411 29.200000 -0.095755 -0.131704  
1412 29.210000 -0.094439 -0.131420  
1413 29.220000 -0.093126 -0.131136  
1414 29.230000 -0.091816 -0.130853  
1415 29.240000 -0.090509 -0.130571  
1416 29.250000 -0.089205 -0.130290  
1417 29.260000 -0.087903 -0.130009  
1418 29.270000 -0.086605 -0.129730  
1419 29.280000 -0.085309 -0.129451  
1420 29.290000 -0.084016 -0.129172  
1421 29.300000 -0.082725 -0.128895  
1422 29.310000 -0.081438 -0.128618  
1423 29.320000 -0.080153 -0.128342  
1424 29.330000 -0.078871 -0.128067  
1425 29.340000 -0.077592 -0.127792  
1426 29.350000 -0.076315 -0.127519  
1427 29.360000 -0.075041 -0.127245  
1428 29.370000 -0.073770 -0.126973  
1429 29.380000 -0.072502 -0.126701  
1430 29.390000 -0.071236 -0.126431  
1431 29.400000 -0.069973 -0.126160  
1432 29.410000 -0.068713 -0.125891  
1433 29.420000 -0.067455 -0.125622  
1434 29.430000 -0.066201 -0.125354  
1435 29.440000 -0.064948 -0.125087  
1436 29.450000 -0.063699 -0.124820  
1437 29.460000 -0.062452 -0.124554  
1438 29.470000 -0.061208 -0.124289  
1439 29.480000 -0.059966 -0.124025  
1440 29.490000 -0.058727 -0.123761  
1441 29.500000 -0.057491 -0.123498  
1442 29.510000 -0.056257 -0.123235  
1443 29.520000 -0.055026 -0.122974  
1444 29.530000 -0.053798 -0.122713  
1445 29.540000 -0.052572 -0.122452  
1446 29.550000 -0.051349 -0.122193  
1447 29.560000 -0.050128 -0.121934  
1448 29.570000 -0.048910 -0.121676  
1449 29.580000 -0.047695 -0.121418  
1450 29.590000 -0.046482 -0.121161  
1451 29.600000 -0.045271 -0.120905  
1452 29.610000 -0.044064 -0.120649  
1453 29.620000 -0.042858 -0.120395  
1454 29.630000 -0.041656 -0.120140  
1455 29.640000 -0.040456 -0.119887  
1456 29.650000 -0.039258 -0.119634  
1457 29.660000 -0.038063 -0.119382  
1458 29.670000 -0.036870 -0.119130  
1459 29.680000 -0.035680 -0.118880  
1460 29.690000 -0.034493 -0.118629  
1461 29.700000 -0.033308 -0.118380  
1462 29.710000 -0.032125 -0.118131  
1463 29.720000 -0.030945 -0.117883  
1464 29.730000 -0.029767 -0.117635  
1465 29.740000 -0.028592 -0.117388  
1466 29.750000 -0.027420 -0.117142  
1467 29.760000 -0.026250 -0.116896  
1468 29.770000 -0.025082 -0.116651  
1469 29.780000 -0.023916 -0.116407  
1470 29.790000 -0.022754 -0.116163  
1471 29.800000 -0.021593 -0.115920  
1472 29.810000 -0.020435 -0.115677  
1473 29.820000 -0.019280 -0.115436  
1474 29.830000 -0.018127 -0.115194  
1475 29.840000 -0.016976 -0.114954  
1476 29.850000 -0.015827 -0.114714  
1477 29.860000 -0.014681 -0.114475  
1478 29.870000 -0.013538 -0.114236  
1479 29.880000 -0.012397 -0.113998  
1480 29.890000 -0.011258 -0.113760  
1481 29.900000 -0.010122 -0.113524  
1482 29.910000 -0.008988 -0.113287  
1483 29.920000 -0.007856 -0.113052  
1484 29.930000 -0.006726 -0.112817  
1485 29.940000 -0.005599 -0.112582  
1486 29.950000 -0.004475 -0.112348  
1487 29.960000 -0.003353 -0.112115  
1488 29.970000 -0.002233 -0.111883  
1489 29.980000 -0.001115 -0.111651  
1490 29.990000 0.000000 -0.111419  
