1 10.100000 59533760536379.609375 5364642735604037.000000  
2 10.110000 25220160534890.281250 2066259876704797.750000  
3 10.120000 11512522149959.404297 864711072423338.500000  
4 10.130000 5595414142638.879883 387991646185383.062500  
5 10.140000 2868744588343.551758 184734803726605.250000  
6 10.150000 1540088951514.370117 92574307187964.484375  
7 10.160000 860619950506.524414 48504054993281.468750  
8 10.170000 498168556704.586121 26428002515968.746094  
9 10.180000 297502551754.984314 14907509027423.287109  
10 10.190000 182679074968.393951 8673045698046.106445  
11 10.200000 115008677048.374832 5187835143085.890625  
12 10.210000 74055566328.803436 3181798377458.609863  
13 10.220000 48669794097.844261 1996270134223.674805  
14 10.230000 32587190771.051254 1278643100935.748291  
15 10.240000 22193799948.472664 834637640201.021484  
16 10.250000 15353584856.506168 554362845965.452515  
17 10.260000 10775773458.288759 374149965947.371155  
18 10.270000 7664346880.734798 256287684616.980225  
19 10.280000 5519109047.896137 177980527904.599274  
20 10.290000 4020252536.370290 125187659152.261200  
21 10.300000 2959988078.110626 89108461720.034714  
22 10.310000 2201272851.088628 64136593113.302933  
23 10.320000 1652453175.398597 46646143303.826004  
24 10.330000 1251426591.110182 34258648707.123394  
25 10.340000 955596454.102704 25393115863.836296  
26 10.350000 735408171.378310 18985486332.228962  
27 10.360000 570133527.228058 14311187402.044058  
28 10.370000 445086094.604888 10871349955.998812  
29 10.380000 349759801.210172 8318908701.079767  
30 10.390000 276570485.455786 6410021125.427135  
31 10.400000 219995989.870037 4971763446.689441  
32 10.410000 175982617.380304 3880416183.401308  
33 10.420000 141531502.755797 3046717392.438060  
34 10.430000 114407732.276444 2405749759.726079  
35 10.440000 92934010.332481 1909940927.339671  
36 10.450000 75843090.310140 1524175756.632235  
37 10.460000 62171403.318503 1222354523.085421  
38 10.470000 51181807.922607 984949792.136201  
39 10.480000 42307086.466816 797258870.286520  
40 10.490000 35108333.085776 648144613.777518  
41 10.500000 29244107.762201 529121744.205090  
42 10.510000 24447427.408920 433689404.412885  
43 10.520000 20508499.496169 356840445.139303  
44 10.530000 17261690.151522 294698411.789808  
45 10.540000 14575633.681979 244247402.098812  
46 10.550000 12345686.228686 203129885.896235  
47 10.560000 10488138.437681 169494557.026700  
48 10.570000 8935755.211763 141881230.202637  
49 10.580000 7634321.880957 119133319.065942  
50 10.590000 6539957.436781 100330959.265077  
51 10.600000 5617015.226856 84739664.408900  
52 10.610000 4836435.657898 71770726.804000  
53 10.620000 4174448.252689 60950541.385313  
54 10.630000 3611544.894879 51896740.590058  
55 10.640000 3131664.470035 44299551.256730  
56 10.650000 2721542.964477 37907172.687304  
57 10.660000 2370193.576111 32514264.169125  
58 10.670000 2068489.374326 27952846.739664  
59 10.680000 1808827.145801 24085086.800360  
60 10.690000 1584855.743481 20797552.192131  
61 10.700000 1391255.861972 17996624.671997  
62 10.710000 1223560.951667 15604823.834795  
63 10.720000 1078011.149518 13557851.917066  
64 10.730000 951433.792009 11802210.693297  
65 10.740000 841145.395817 10293273.878257  
66 10.750000 744871.027681 8993723.367654  
67 10.760000 660677.800840 7872277.000116  
68 10.770000 586919.880091 6902650.603503  
69 10.780000 522192.888501 6062708.880178  
70 10.790000 465296.015195 5333768.936967  
71 10.800000 415200.447675 4700027.546777  
72 10.810000 371023.011452 4148088.977710  
73 10.820000 332004.107725 3666574.778452  
74 10.830000 297489.207206 3245800.525182  
75 10.840000 266913.293170 2877507.416294  
76 10.850000 239787.756044 2554638.902836  
77 10.860000 215689.330372 2271154.386429  
78 10.870000 194250.737036 2021873.497514  
79 10.880000 175152.752279 1802345.659598  
80 10.890000 158117.473057 1608740.608339  
81 10.900000 142902.587502 1437756.313927  
82 10.910000 129296.491543 1286541.387886  
83 10.920000 117114.119241 1152629.569998  
84 10.930000 106193.376271 1033884.310603  
85 10.940000 96392.084085 928451.806370  
86 10.950000 87585.357208 834721.128406  
87 10.960000 79663.348598 751290.312056  
88 10.970000 72529.308284 676937.467284  
89 10.980000 66097.909132 610596.124801  
90 10.990000 60293.800744 551334.162145  
91 11.000000 55050.358526 498335.760732  
92 11.010000 50308.599985 450885.933474  
93 11.020000 46016.244527 408357.236131  
94 11.030000 42126.896614 370198.336830  
95 11.040000 38599.335088 335924.169252  
96 11.050000 35396.894032 305107.437681  
97 11.060000 32486.922649 277371.277803  
98 11.070000 29840.313456 252382.907104  
99 11.080000 27431.089630 229848.123847  
100 11.090000 25236.043621 209506.534784  
101 11.100000 23234.420278 191127.409560  
102 11.110000 21407.638669 174506.074815  
103 11.120000 19739.047573 159460.773723  
104 11.130000 18213.710317 145829.927439  
105 11.140000 16818.215222 133469.744090  
106 11.150000 15540.508414 122252.128656  
107 11.160000 14369.746207 112062.853723  
108 11.170000 13296.164617 102799.956656  
109 11.180000 12310.963895 94372.333566  
110 11.190000 11406.206246 86698.504512  
111 11.200000 10574.725138 79705.527880  
112 11.210000 9810.044791 73328.044872  
113 11.220000 9106.308653 67507.437621  
114 11.230000 8458.215777 62191.086624  
115 11.240000 7860.964184 57331.715100  
116 11.250000 7310.200393 52886.809520  
117 11.260000 6801.974405 48818.106920  
118 11.270000 6332.699510 45091.140881  
119 11.280000 5899.116377 41674.839049  
120 11.290000 5498.260934 38541.166012  
121 11.300000 5127.435616 35664.806130  
122 11.310000 4784.183603 33022.881575  
123 11.320000 4466.265721 30594.701454  
124 11.330000 4171.639713 28361.538378  
125 11.340000 3898.441616 26306.429312  
126 11.350000 3644.969026 24413.997895  
127 11.360000 3409.666037 22670.295798  
128 11.370000 3191.109682 21062.660946  
129 11.380000 2987.997719 19579.590708  
130 11.390000 2799.137613 18210.628394  
131 11.400000 2623.436594 16946.261560  
132 11.410000 2459.892680 15777.830840  
133 11.420000 2307.586561 14697.448136  
134 11.430000 2165.674262 13697.923158  
135 11.440000 2033.380497 12772.697406  
136 11.450000 1909.992661 11915.784798  
137 11.460000 1794.855367 11121.718236  
138 11.470000 1687.365511 10385.501477  
139 11.480000 1586.967777 9702.565755  
140 11.490000 1493.150566 9068.730655  
141 11.500000 1405.442289 8480.168803  
142 11.510000 1323.407999 7933.373961  
143 11.520000 1246.646329 7425.132207  
144 11.530000 1174.786697 6952.495854  
145 11.540000 1107.486768 6512.759851  
146 11.550000 1044.430134 6103.440416  
147 11.560000 985.324198 5722.255663  
148 11.570000 929.898249 5367.108041  
149 11.580000 877.901695 5036.068396  
150 11.590000 829.102454 4727.361501  
151 11.600000 783.285484 4439.352914  
152 11.610000 740.251433 4170.537022  
153 11.620000 699.815406 3919.526173  
154 11.630000 661.805836 3685.040785  
155 11.640000 626.063450 3465.900332  
156 11.650000 592.440321 3261.015136  
157 11.660000 560.798993 3069.378883  
158 11.670000 531.011687 2890.061792  
159 11.680000 502.959565 2722.204384  
160 11.690000 476.532057 2565.011790  
161 11.700000 451.626238 2417.748550  
162 11.710000 428.146263 2279.733856  
163 11.720000 406.002839 2150.337206  
164 11.730000 385.112744 2028.974421  
165 11.740000 365.398381 1915.103997  
166 11.750000 346.787367 1808.223773  
167 11.760000 329.212161 1707.867860  
168 11.770000 312.609707 1613.603844  
169 11.780000 296.921119 1525.030202  
170 11.790000 282.091382 1441.773939  
171 11.800000 268.069074 1363.488422  
172 11.810000 254.806121 1289.851377  
173 11.820000 242.257553 1220.563057  
174 11.830000 230.381296 1155.344558  
175 11.840000 219.137963 1093.936261  
176 11.850000 208.490677 1036.096408  
177 11.860000 198.404893 981.599780  
178 11.870000 188.848239 930.236489  
179 11.880000 179.790372 881.810857  
180 11.890000 171.202839 836.140385  
181 11.900000 163.058950 793.054804  
182 11.910000 155.333658 752.395194  
183 11.920000 148.003455 714.013172  
184 11.930000 141.046265 677.770148  
185 11.940000 134.441354 643.536626  
186 11.950000 128.169239 611.191571  
187 11.960000 122.211606 580.621810  
188 11.970000 116.551239 551.721488  
189 11.980000 111.171943 524.391560  
190 11.990000 106.058482 498.539321  
191 12.000000 101.196520 474.077971  
192 12.010000 96.572558 450.926213  
193 12.020000 92.173885 429.007874  
194 12.030000 87.988528 408.251567  
195 12.040000 84.005204 388.590359  
196 12.050000 80.213280 369.961480  
197 12.060000 76.602730 352.306044  
198 12.070000 73.164099 335.568789  
199 12.080000 69.888467 319.697837  
200 12.090000 66.767417 304.644478  
201 12.100000 63.793005 290.362955  
202 12.110000 60.957729 276.810276  
203 12.120000 58.254505 263.946034  
204 12.130000 55.676640 251.732240  
205 12.140000 53.217811 240.133168  
206 12.150000 50.872040 229.115212  
207 12.160000 48.633676 218.646745  
208 12.170000 46.497373 208.698003  
209 12.180000 44.458077 199.240960  
210 12.190000 42.511003 190.249223  
211 12.200000 40.651624 181.697927  
212 12.210000 38.875655 173.563642  
213 12.220000 37.179035 165.824286  
214 12.230000 35.557922 158.459035  
215 12.240000 34.008673 151.448256  
216 12.250000 32.527837 144.773424  
217 12.260000 31.112143 138.417062  
218 12.270000 29.758489 132.362674  
219 12.280000 28.463935 126.594686  
220 12.290000 27.225690 121.098393  
221 12.300000 26.041108 115.859904  
222 12.310000 24.907676 110.866094  
223 12.320000 23.823012 106.104562  
224 12.330000 22.784850 101.563584  
225 12.340000 21.791042 97.232076  
226 12.350000 20.839545 93.099555  
227 12.360000 19.928421 89.156103  
228 12.370000 19.055824 85.392340  
229 12.380000 18.220005 81.799384  
230 12.390000 17.419295 78.368831  
231 12.400000 16.652113 75.092719  
232 12.410000 15.916951 71.963513  
233 12.420000 15.212377 68.974070  
234 12.430000 14.537027 66.117625  
235 12.440000 13.889603 63.387766  
236 12.450000 13.268870 60.778415  
237 12.460000 12.673652 58.283807  
238 12.470000 12.102829 55.898479  
239 12.480000 11.555335 53.617245  
240 12.490000 11.030154 51.435187  
241 12.500000 10.526317 49.347636  
242 12.510000 10.042901 47.350162  
243 12.520000 9.579027 45.438560  
244 12.530000 9.133857 43.608833  
245 12.540000 8.706590 41.857190  
246 12.550000 8.296465 40.180025  
247 12.560000 7.902753 38.573915  
248 12.570000 7.524761 37.035606  
249 12.580000 7.161825 35.562003  
250 12.590000 6.813315 34.150167  
251 12.600000 6.478625 32.797299  
252 12.610000 6.157181 31.500741  
253 12.620000 5.848431 30.257961  
254 12.630000 5.551850 29.066551  
255 12.640000 5.266937 27.924221  
256 12.650000 4.993210 26.828790  
257 12.660000 4.730211 25.778180  
258 12.670000 4.477503 24.770414  
259 12.680000 4.234667 23.803609  
260 12.690000 4.001301 22.875972  
261 12.700000 3.777022 21.985793  
262 12.710000 3.561465 21.131444  
263 12.720000 3.354279 20.311371  
264 12.730000 3.155129 19.524097  
265 12.740000 2.963693 18.768209  
266 12.750000 2.779664 18.042363  
267 12.760000 2.602750 17.345274  
268 12.770000 2.432667 16.675721  
269 12.780000 2.269147 16.032533  
270 12.790000 2.111932 15.414597  
271 12.800000 1.960775 14.820850  
272 12.810000 1.815438 14.250275  
273 12.820000 1.675695 13.701903  
274 12.830000 1.541329 13.174809  
275 12.840000 1.412131 12.668109  
276 12.850000 1.287902 12.180957  
277 12.860000 1.168449 11.712548  
278 12.870000 1.053591 11.262109  
279 12.880000 0.943150 10.828905  
280 12.890000 0.836958 10.412230  
281 12.900000 0.734852 10.011412  
282 12.910000 0.636679 9.625807  
283 12.920000 0.542288 9.254799  
284 12.930000 0.451536 8.897800  
285 12.940000 0.364287 8.554245  
286 12.950000 0.280408 8.223597  
287 12.960000 0.199773 7.905339  
288 12.970000 0.122262 7.598979  
289 12.980000 0.047756 7.304043  
290 12.990000 -0.023856 7.020079  
291 13.000000 -0.092681 6.746656  
292 13.010000 -0.158823 6.483357  
293 13.020000 -0.222380 6.229787  
294 13.030000 -0.283450 5.985564  
295 13.040000 -0.342122 5.750324  
296 13.050000 -0.398485 5.523719  
297 13.060000 -0.452624 5.305414  
298 13.070000 -0.504620 5.095088  
299 13.080000 -0.554551 4.892433  
300 13.090000 -0.602493 4.697156  
301 13.100000 -0.648518 4.508974  
302 13.110000 -0.692695 4.327616  
303 13.120000 -0.735092 4.152822  
304 13.130000 -0.775773 3.984343  
305 13.140000 -0.814799 3.821940  
306 13.150000 -0.852231 3.665383  
307 13.160000 -0.888126 3.514453  
308 13.170000 -0.922538 3.368939  
309 13.180000 -0.955522 3.228637  
310 13.190000 -0.987128 3.093354  
311 13.200000 -1.017405 2.962902  
312 13.210000 -1.046401 2.837101  
313 13.220000 -1.074162 2.715781  
314 13.230000 -1.100731 2.598775  
315 13.240000 -1.126151 2.485924  
316 13.250000 -1.150463 2.377076  
317 13.260000 -1.173706 2.272084  
318 13.270000 -1.195917 2.170808  
319 13.280000 -1.217134 2.073111  
320 13.290000 -1.237391 1.978864  
321 13.300000 -1.256722 1.887942  
322 13.310000 -1.275160 1.800224  
323 13.320000 -1.292737 1.715595  
324 13.330000 -1.309482 1.633943  
325 13.340000 -1.325425 1.555162  
326 13.350000 -1.340595 1.479148  
327 13.360000 -1.355017 1.405804  
328 13.370000 -1.368719 1.335033  
329 13.380000 -1.381726 1.266745  
330 13.390000 -1.394062 1.200850  
331 13.400000 -1.405751 1.137265  
332 13.410000 -1.416815 1.075908  
333 13.420000 -1.427276 1.016700  
334 13.430000 -1.437156 0.959565  
335 13.440000 -1.446474 0.904432  
336 13.450000 -1.455251 0.851229  
337 13.460000 -1.463505 0.799890  
338 13.470000 -1.471255 0.750349  
339 13.480000 -1.478518 0.702545  
340 13.490000 -1.485311 0.656416  
341 13.500000 -1.491651 0.611904  
342 13.510000 -1.497554 0.568954  
343 13.520000 -1.503035 0.527512  
344 13.530000 -1.508109 0.487525  
345 13.540000 -1.512791 0.448945  
346 13.550000 -1.517093 0.411722  
347 13.560000 -1.521029 0.375810  
348 13.570000 -1.524613 0.341165  
349 13.580000 -1.527857 0.307742  
350 13.590000 -1.530772 0.275501  
351 13.600000 -1.533371 0.244401  
352 13.610000 -1.535664 0.214404  
353 13.620000 -1.537662 0.185472  
354 13.630000 -1.539377 0.157569  
355 13.640000 -1.540817 0.130661  
356 13.650000 -1.541993 0.104714  
357 13.660000 -1.542914 0.079695  
358 13.670000 -1.543590 0.055574  
359 13.680000 -1.544029 0.032320  
360 13.690000 -1.544239 0.009904  
361 13.700000 -1.544229 -0.011702  
362 13.710000 -1.544008 -0.032524  
363 13.720000 -1.543581 -0.052590  
364 13.730000 -1.542958 -0.071924  
365 13.740000 -1.542145 -0.090550  
366 13.750000 -1.541150 -0.108492  
367 13.760000 -1.539978 -0.125773  
368 13.770000 -1.538636 -0.142414  
369 13.780000 -1.537132 -0.158438  
370 13.790000 -1.535470 -0.173863  
371 13.800000 -1.533656 -0.188711  
372 13.810000 -1.531697 -0.202999  
373 13.820000 -1.529598 -0.216747  
374 13.830000 -1.527364 -0.229973  
375 13.840000 -1.525000 -0.242692  
376 13.850000 -1.522512 -0.254923  
377 13.860000 -1.519903 -0.266681  
378 13.870000 -1.517180 -0.277982  
379 13.880000 -1.514345 -0.288840  
380 13.890000 -1.511404 -0.299270  
381 13.900000 -1.508361 -0.309286  
382 13.910000 -1.505220 -0.318902  
383 13.920000 -1.501984 -0.328131  
384 13.930000 -1.498659 -0.336985  
385 13.940000 -1.495246 -0.345476  
386 13.950000 -1.491750 -0.353617  
387 13.960000 -1.488175 -0.361419  
388 13.970000 -1.484523 -0.368893  
389 13.980000 -1.480798 -0.376049  
390 13.990000 -1.477003 -0.382899  
391 14.000000 -1.473141 -0.389451  
392 14.010000 -1.469215 -0.395716  
393 14.020000 -1.465228 -0.401703  
394 14.030000 -1.461182 -0.407421  
395 14.040000 -1.457080 -0.412879  
396 14.050000 -1.452925 -0.418085  
397 14.060000 -1.448719 -0.423048  
398 14.070000 -1.444465 -0.427775  
399 14.080000 -1.440164 -0.432274  
400 14.090000 -1.435820 -0.436553  
401 14.100000 -1.431434 -0.440618  
402 14.110000 -1.427008 -0.444477  
403 14.120000 -1.422545 -0.448137  
404 14.130000 -1.418046 -0.451604  
405 14.140000 -1.413514 -0.454883  
406 14.150000 -1.408949 -0.457982  
407 14.160000 -1.404355 -0.460907  
408 14.170000 -1.399732 -0.463662  
409 14.180000 -1.395082 -0.466254  
410 14.190000 -1.390407 -0.468688  
411 14.200000 -1.385709 -0.470969  
412 14.210000 -1.380988 -0.473102  
413 14.220000 -1.376247 -0.475092  
414 14.230000 -1.371487 -0.476944  
415 14.240000 -1.366709 -0.478663  
416 14.250000 -1.361914 -0.480251  
417 14.260000 -1.357104 -0.481715  
418 14.270000 -1.352280 -0.483058  
419 14.280000 -1.347443 -0.484285  
420 14.290000 -1.342595 -0.485398  
421 14.300000 -1.337736 -0.486402  
422 14.310000 -1.332867 -0.487301  
423 14.320000 -1.327990 -0.488098  
424 14.330000 -1.323105 -0.488796  
425 14.340000 -1.318214 -0.489399  
426 14.350000 -1.313318 -0.489910  
427 14.360000 -1.308416 -0.490332  
428 14.370000 -1.303511 -0.490668  
429 14.380000 -1.298603 -0.490922  
430 14.390000 -1.293693 -0.491095  
431 14.400000 -1.288782 -0.491191  
432 14.410000 -1.283870 -0.491212  
433 14.420000 -1.278958 -0.491161  
434 14.430000 -1.274047 -0.491041  
435 14.440000 -1.269137 -0.490853  
436 14.450000 -1.264230 -0.490601  
437 14.460000 -1.259325 -0.490286  
438 14.470000 -1.254424 -0.489910  
439 14.480000 -1.249527 -0.489477  
440 14.490000 -1.244635 -0.488987  
441 14.500000 -1.239748 -0.488443  
442 14.510000 -1.234866 -0.487847  
443 14.520000 -1.229991 -0.487201  
444 14.530000 -1.225122 -0.486506  
445 14.540000 -1.220261 -0.485765  
446 14.550000 -1.215407 -0.484978  
447 14.560000 -1.210562 -0.484148  
448 14.570000 -1.205724 -0.483277  
449 14.580000 -1.200896 -0.482365  
450 14.590000 -1.196077 -0.481415  
451 14.600000 -1.191268 -0.480427  
452 14.610000 -1.186469 -0.479404  
453 14.620000 -1.181680 -0.478347  
454 14.630000 -1.176902 -0.477256  
455 14.640000 -1.172135 -0.476134  
456 14.650000 -1.167379 -0.474981  
457 14.660000 -1.162636 -0.473799  
458 14.670000 -1.157904 -0.472589  
459 14.680000 -1.153184 -0.471352  
460 14.690000 -1.148477 -0.470089  
461 14.700000 -1.143782 -0.468801  
462 14.710000 -1.139101 -0.467490  
463 14.720000 -1.134432 -0.466156  
464 14.730000 -1.129778 -0.464800  
465 14.740000 -1.125136 -0.463424  
466 14.750000 -1.120509 -0.462027  
467 14.760000 -1.115896 -0.460612  
468 14.770000 -1.111297 -0.459179  
469 14.780000 -1.106712 -0.457728  
470 14.790000 -1.102143 -0.456261  
471 14.800000 -1.097587 -0.454778  
472 14.810000 -1.093047 -0.453280  
473 14.820000 -1.088522 -0.451769  
474 14.830000 -1.084012 -0.450243  
475 14.840000 -1.079517 -0.448705  
476 14.850000 -1.075038 -0.447155  
477 14.860000 -1.070574 -0.445594  
478 14.870000 -1.066126 -0.444021  
479 14.880000 -1.061693 -0.442439  
480 14.890000 -1.057277 -0.440846  
481 14.900000 -1.052877 -0.439245  
482 14.910000 -1.048492 -0.437635  
483 14.920000 -1.044124 -0.436018  
484 14.930000 -1.039772 -0.434393  
485 14.940000 -1.035436 -0.432760  
486 14.950000 -1.031117 -0.431122  
487 14.960000 -1.026814 -0.429478  
488 14.970000 -1.022527 -0.427828  
489 14.980000 -1.018257 -0.426173  
490 14.990000 -1.014004 -0.424513  
491 15.000000 -1.009767 -0.422849  
492 15.010000 -1.005547 -0.421181  
493 15.020000 -1.001343 -0.419510  
494 15.030000 -0.997157 -0.417836  
495 15.040000 -0.992987 -0.416159  
496 15.050000 -0.988833 -0.414480  
497 15.060000 -0.984697 -0.412799  
498 15.070000 -0.980577 -0.411116  
499 15.080000 -0.976475 -0.409432  
500 15.090000 -0.972389 -0.407746  
501 15.100000 -0.968320 -0.406060  
502 15.110000 -0.964268 -0.404374  
503 15.120000 -0.960232 -0.402687  
504 15.130000 -0.956214 -0.401001  
505 15.140000 -0.952212 -0.399314  
506 15.150000 -0.948228 -0.397629  
507 15.160000 -0.944260 -0.395944  
508 15.170000 -0.940309 -0.394260  
509 15.180000 -0.936374 -0.392578  
510 15.190000 -0.932457 -0.390897  
511 15.200000 -0.928556 -0.389218  
512 15.210000 -0.924673 -0.387541  
513 15.220000 -0.920806 -0.385865  
514 15.230000 -0.916955 -0.384193  
515 15.240000 -0.913122 -0.382522  
516 15.250000 -0.909305 -0.380855  
517 15.260000 -0.905505 -0.379190  
518 15.270000 -0.901721 -0.377528  
519 15.280000 -0.897954 -0.375870  
520 15.290000 -0.894204 -0.374215  
521 15.300000 -0.890470 -0.372563  
522 15.310000 -0.886752 -0.370915  
523 15.320000 -0.883052 -0.369270  
524 15.330000 -0.879367 -0.367630  
525 15.340000 -0.875699 -0.365993  
526 15.350000 -0.872047 -0.364361  
527 15.360000 -0.868412 -0.362733  
528 15.370000 -0.864792 -0.361109  
529 15.380000 -0.861189 -0.359490  
530 15.390000 -0.857603 -0.357875  
531 15.400000 -0.854032 -0.356265  
532 15.410000 -0.850477 -0.354660  
533 15.420000 -0.846939 -0.353059  
534 15.430000 -0.843416 -0.351464  
535 15.440000 -0.839909 -0.349873  
536 15.450000 -0.836419 -0.348288  
537 15.460000 -0.832944 -0.346708  
538 15.470000 -0.829484 -0.345133  
539 15.480000 -0.826041 -0.343563  
540 15.490000 -0.822613 -0.341999  
541 15.500000 -0.819201 -0.340440  
542 15.510000 -0.815804 -0.338887  
543 15.520000 -0.812423 -0.337339  
544 15.530000 -0.809058 -0.335797  
545 15.540000 -0.805707 -0.334260  
546 15.550000 -0.802372 -0.332730  
547 15.560000 -0.799053 -0.331205  
548 15.570000 -0.795748 -0.329686  
549 15.580000 -0.792459 -0.328172  
550 15.590000 -0.789185 -0.326665  
551 15.600000 -0.785926 -0.325164  
552 15.610000 -0.782681 -0.323668  
553 15.620000 -0.779452 -0.322179  
554 15.630000 -0.776238 -0.320695  
555 15.640000 -0.773038 -0.319218  
556 15.650000 -0.769854 -0.317747  
557 15.660000 -0.766683 -0.316282  
558 15.670000 -0.763528 -0.314823  
559 15.680000 -0.760387 -0.313370  
560 15.690000 -0.757260 -0.311923  
561 15.700000 -0.754148 -0.310483  
562 15.710000 -0.751051 -0.309048  
563 15.720000 -0.747967 -0.307620  
564 15.730000 -0.744898 -0.306199  
565 15.740000 -0.741843 -0.304783  
566 15.750000 -0.738803 -0.303374  
567 15.760000 -0.735776 -0.301971  
568 15.770000 -0.732763 -0.300574  
569 15.780000 -0.729764 -0.299184  
570 15.790000 -0.726780 -0.297800  
571 15.800000 -0.723808 -0.296422  
572 15.810000 -0.720851 -0.295051  
573 15.820000 -0.717907 -0.293685  
574 15.830000 -0.714977 -0.292327  
575 15.840000 -0.712061 -0.290974  
576 15.850000 -0.709158 -0.289628  
577 15.860000 -0.706268 -0.288288  
578 15.870000 -0.703392 -0.286954  
579 15.880000 -0.700529 -0.285627  
580 15.890000 -0.697680 -0.284306  
581 15.900000 -0.694843 -0.282991  
582 15.910000 -0.692020 -0.281682  
583 15.920000 -0.689209 -0.280380  
584 15.930000 -0.686412 -0.279084  
585 15.940000 -0.683628 -0.277794  
586 15.950000 -0.680856 -0.276511  
587 15.960000 -0.678097 -0.275233  
588 15.970000 -0.675351 -0.273962  
589 15.980000 -0.672618 -0.272698  
590 15.990000 -0.669897 -0.271439  
591 16.000000 -0.667189 -0.270186  
592 16.010000 -0.664494 -0.268940  
593 16.020000 -0.661811 -0.267700  
594 16.030000 -0.659140 -0.266466  
595 16.040000 -0.656481 -0.265238  
596 16.050000 -0.653835 -0.264016  
597 16.060000 -0.651201 -0.262801  
598 16.070000 -0.648579 -0.261591  
599 16.080000 -0.645969 -0.260387  
600 16.090000 -0.643371 -0.259190  
601 16.100000 -0.640785 -0.257998  
602 16.110000 -0.638211 -0.256813  
603 16.120000 -0.635649 -0.255633  
604 16.130000 -0.633098 -0.254460  
605 16.140000 -0.630560 -0.253292  
606 16.150000 -0.628033 -0.252131  
607 16.160000 -0.625517 -0.250975  
608 16.170000 -0.623013 -0.249825  
609 16.180000 -0.620521 -0.248681  
610 16.190000 -0.618039 -0.247543  
611 16.200000 -0.615570 -0.246410  
612 16.210000 -0.613111 -0.245284  
613 16.220000 -0.610664 -0.244163  
614 16.230000 -0.608228 -0.243048  
615 16.240000 -0.605803 -0.241939  
616 16.250000 -0.603389 -0.240835  
617 16.260000 -0.600986 -0.239737  
618 16.270000 -0.598594 -0.238645  
619 16.280000 -0.596213 -0.237559  
620 16.290000 -0.593843 -0.236478  
621 16.300000 -0.591484 -0.235402  
622 16.310000 -0.589135 -0.234332  
623 16.320000 -0.586797 -0.233268  
624 16.330000 -0.584470 -0.232210  
625 16.340000 -0.582153 -0.231156  
626 16.350000 -0.579847 -0.230109  
627 16.360000 -0.577551 -0.229066  
628 16.370000 -0.575265 -0.228030  
629 16.380000 -0.572990 -0.226998  
630 16.390000 -0.570725 -0.225972  
631 16.400000 -0.568471 -0.224951  
632 16.410000 -0.566226 -0.223936  
633 16.420000 -0.563992 -0.222926  
634 16.430000 -0.561768 -0.221921  
635 16.440000 -0.559553 -0.220922  
636 16.450000 -0.557349 -0.219927  
637 16.460000 -0.555155 -0.218938  
638 16.470000 -0.552970 -0.217954  
639 16.480000 -0.550796 -0.216975  
640 16.490000 -0.548631 -0.216002  
641 16.500000 -0.546476 -0.215033  
642 16.510000 -0.544330 -0.214070  
643 16.520000 -0.542194 -0.213112  
644 16.530000 -0.540068 -0.212158  
645 16.540000 -0.537951 -0.211210  
646 16.550000 -0.535844 -0.210267  
647 16.560000 -0.533746 -0.209328  
648 16.570000 -0.531657 -0.208395  
649 16.580000 -0.529578 -0.207466  
650 16.590000 -0.527508 -0.206542  
651 16.600000 -0.525447 -0.205624  
652 16.610000 -0.523395 -0.204710  
653 16.620000 -0.521353 -0.203800  
654 16.630000 -0.519319 -0.202896  
655 16.640000 -0.517295 -0.201996  
656 16.650000 -0.515279 -0.201102  
657 16.660000 -0.513273 -0.200211  
658 16.670000 -0.511275 -0.199326  
659 16.680000 -0.509286 -0.198445  
660 16.690000 -0.507306 -0.197569  
661 16.700000 -0.505335 -0.196697  
662 16.710000 -0.503372 -0.195830  
663 16.720000 -0.501418 -0.194968  
664 16.730000 -0.499473 -0.194110  
665 16.740000 -0.497536 -0.193256  
666 16.750000 -0.495608 -0.192407  
667 16.760000 -0.493688 -0.191563  
668 16.770000 -0.491777 -0.190723  
669 16.780000 -0.489873 -0.189887  
670 16.790000 -0.487979 -0.189056  
671 16.800000 -0.486092 -0.188229  
672 16.810000 -0.484214 -0.187407  
673 16.820000 -0.482344 -0.186588  
674 16.830000 -0.480482 -0.185775  
675 16.840000 -0.478629 -0.184965  
676 16.850000 -0.476783 -0.184160  
677 16.860000 -0.474945 -0.183358  
678 16.870000 -0.473116 -0.182562  
679 16.880000 -0.471294 -0.181769  
680 16.890000 -0.469480 -0.180980  
681 16.900000 -0.467675 -0.180196  
682 16.910000 -0.465877 -0.179415  
683 16.920000 -0.464086 -0.178639  
684 16.930000 -0.462304 -0.177867  
685 16.940000 -0.460529 -0.177099  
686 16.950000 -0.458762 -0.176334  
687 16.960000 -0.457002 -0.175574  
688 16.970000 -0.455250 -0.174818  
689 16.980000 -0.453506 -0.174066  
690 16.990000 -0.451769 -0.173318  
691 17.000000 -0.450039 -0.172573  
692 17.010000 -0.448317 -0.171833  
693 17.020000 -0.446603 -0.171096  
694 17.030000 -0.444896 -0.170363  
695 17.040000 -0.443196 -0.169634  
696 17.050000 -0.441503 -0.168909  
697 17.060000 -0.439817 -0.168188  
698 17.070000 -0.438139 -0.167470  
699 17.080000 -0.436468 -0.166756  
700 17.090000 -0.434804 -0.166046  
701 17.100000 -0.433147 -0.165339  
702 17.110000 -0.431497 -0.164636  
703 17.120000 -0.429854 -0.163937  
704 17.130000 -0.428218 -0.163242  
705 17.140000 -0.426589 -0.162550  
706 17.150000 -0.424967 -0.161861  
707 17.160000 -0.423352 -0.161176  
708 17.170000 -0.421744 -0.160495  
709 17.180000 -0.420142 -0.159817  
710 17.190000 -0.418547 -0.159143  
711 17.200000 -0.416959 -0.158472  
712 17.210000 -0.415378 -0.157805  
713 17.220000 -0.413803 -0.157141  
714 17.230000 -0.412235 -0.156481  
715 17.240000 -0.410674 -0.155824  
716 17.250000 -0.409119 -0.155170  
717 17.260000 -0.407570 -0.154520  
718 17.270000 -0.406028 -0.153873  
719 17.280000 -0.404493 -0.153229  
720 17.290000 -0.402964 -0.152589  
721 17.300000 -0.401441 -0.151952  
722 17.310000 -0.399925 -0.151318  
723 17.320000 -0.398415 -0.150688  
724 17.330000 -0.396911 -0.150060  
725 17.340000 -0.395413 -0.149436  
726 17.350000 -0.393922 -0.148816  
727 17.360000 -0.392437 -0.148198  
728 17.370000 -0.390958 -0.147583  
729 17.380000 -0.389485 -0.146972  
730 17.390000 -0.388019 -0.146364  
731 17.400000 -0.386558 -0.145759  
732 17.410000 -0.385104 -0.145157  
733 17.420000 -0.383655 -0.144558  
734 17.430000 -0.382212 -0.143962  
735 17.440000 -0.380776 -0.143369  
736 17.450000 -0.379345 -0.142779  
737 17.460000 -0.377920 -0.142192  
738 17.470000 -0.376501 -0.141608  
739 17.480000 -0.375088 -0.141027  
740 17.490000 -0.373681 -0.140449  
741 17.500000 -0.372279 -0.139874  
742 17.510000 -0.370883 -0.139302  
743 17.520000 -0.369493 -0.138732  
744 17.530000 -0.368108 -0.138166  
745 17.540000 -0.366730 -0.137602  
746 17.550000 -0.365356 -0.137042  
747 17.560000 -0.363989 -0.136484  
748 17.570000 -0.362627 -0.135929  
749 17.580000 -0.361270 -0.135377  
750 17.590000 -0.359919 -0.134827  
751 17.600000 -0.358574 -0.134280  
752 17.610000 -0.357234 -0.133736  
753 17.620000 -0.355899 -0.133195  
754 17.630000 -0.354570 -0.132657  
755 17.640000 -0.353246 -0.132121  
756 17.650000 -0.351927 -0.131588  
757 17.660000 -0.350614 -0.131057  
758 17.670000 -0.349306 -0.130529  
759 17.680000 -0.348003 -0.130004  
760 17.690000 -0.346706 -0.129481  
761 17.700000 -0.345414 -0.128961  
762 17.710000 -0.344127 -0.128444  
763 17.720000 -0.342845 -0.127929  
764 17.730000 -0.341568 -0.127417  
765 17.740000 -0.340297 -0.126907  
766 17.750000 -0.339030 -0.126400  
767 17.760000 -0.337769 -0.125896  
768 17.770000 -0.336512 -0.125393  
769 17.780000 -0.335261 -0.124894  
770 17.790000 -0.334014 -0.124397  
771 17.800000 -0.332773 -0.123902  
772 17.810000 -0.331536 -0.123410  
773 17.820000 -0.330305 -0.122920  
774 17.830000 -0.329078 -0.122432  
775 17.840000 -0.327856 -0.121947  
776 17.850000 -0.326639 -0.121465  
777 17.860000 -0.325427 -0.120985  
778 17.870000 -0.324219 -0.120507  
779 17.880000 -0.323016 -0.120031  
780 17.890000 -0.321818 -0.119558  
781 17.900000 -0.320625 -0.119087  
782 17.910000 -0.319437 -0.118619  
783 17.920000 -0.318253 -0.118152  
784 17.930000 -0.317074 -0.117688  
785 17.940000 -0.315899 -0.117227  
786 17.950000 -0.314729 -0.116767  
787 17.960000 -0.313564 -0.116310  
788 17.970000 -0.312403 -0.115855  
789 17.980000 -0.311247 -0.115402  
790 17.990000 -0.310095 -0.114952  
791 18.000000 -0.308948 -0.114503  
792 18.010000 -0.307805 -0.114057  
793 18.020000 -0.306666 -0.113613  
794 18.030000 -0.305533 -0.113171  
795 18.040000 -0.304403 -0.112731  
796 18.050000 -0.303278 -0.112294  
797 18.060000 -0.302157 -0.111858  
798 18.070000 -0.301041 -0.111425  
799 18.080000 -0.299929 -0.110994  
800 18.090000 -0.298821 -0.110564  
801 18.100000 -0.297717 -0.110137  
802 18.110000 -0.296618 -0.109712  
803 18.120000 -0.295523 -0.109289  
804 18.130000 -0.294432 -0.108868  
805 18.140000 -0.293346 -0.108449  
806 18.150000 -0.292263 -0.108032  
807 18.160000 -0.291185 -0.107617  
808 18.170000 -0.290111 -0.107204  
809 18.180000 -0.289041 -0.106793  
810 18.190000 -0.287975 -0.106384  
811 18.200000 -0.286913 -0.105977  
812 18.210000 -0.285856 -0.105572  
813 18.220000 -0.284802 -0.105169  
814 18.230000 -0.283752 -0.104768  
815 18.240000 -0.282706 -0.104368  
816 18.250000 -0.281665 -0.103971  
817 18.260000 -0.280627 -0.103575  
818 18.270000 -0.279593 -0.103182  
819 18.280000 -0.278563 -0.102790  
820 18.290000 -0.277537 -0.102400  
821 18.300000 -0.276515 -0.102012  
822 18.310000 -0.275497 -0.101626  
823 18.320000 -0.274483 -0.101241  
824 18.330000 -0.273472 -0.100859  
825 18.340000 -0.272466 -0.100478  
826 18.350000 -0.271463 -0.100099  
827 18.360000 -0.270464 -0.099722  
828 18.370000 -0.269468 -0.099346  
829 18.380000 -0.268477 -0.098973  
830 18.390000 -0.267489 -0.098601  
831 18.400000 -0.266505 -0.098230  
832 18.410000 -0.265524 -0.097862  
833 18.420000 -0.264548 -0.097495  
834 18.430000 -0.263574 -0.097130  
835 18.440000 -0.262605 -0.096767  
836 18.450000 -0.261639 -0.096406  
837 18.460000 -0.260677 -0.096046  
838 18.470000 -0.259718 -0.095687  
839 18.480000 -0.258763 -0.095331  
840 18.490000 -0.257812 -0.094976  
841 18.500000 -0.256864 -0.094623  
842 18.510000 -0.255919 -0.094271  
843 18.520000 -0.254978 -0.093921  
844 18.530000 -0.254041 -0.093573  
845 18.540000 -0.253107 -0.093226  
846 18.550000 -0.252176 -0.092881  
847 18.560000 -0.251249 -0.092538  
848 18.570000 -0.250325 -0.092196  
849 18.580000 -0.249405 -0.091855  
850 18.590000 -0.248488 -0.091517  
851 18.600000 -0.247575 -0.091179  
852 18.610000 -0.246665 -0.090844  
853 18.620000 -0.245758 -0.090510  
854 18.630000 -0.244854 -0.090177  
855 18.640000 -0.243954 -0.089846  
856 18.650000 -0.243057 -0.089517  
857 18.660000 -0.242164 -0.089189  
858 18.670000 -0.241274 -0.088862  
859 18.680000 -0.240387 -0.088537  
860 18.690000 -0.239503 -0.088214  
861 18.700000 -0.238622 -0.087892  
862 18.710000 -0.237745 -0.087571  
863 18.720000 -0.236871 -0.087252  
864 18.730000 -0.236000 -0.086934  
865 18.740000 -0.235132 -0.086618  
866 18.750000 -0.234268 -0.086304  
867 18.760000 -0.233406 -0.085990  
868 18.770000 -0.232548 -0.085678  
869 18.780000 -0.231693 -0.085368  
870 18.790000 -0.230841 -0.085059  
871 18.800000 -0.229991 -0.084751  
872 18.810000 -0.229145 -0.084445  
873 18.820000 -0.228303 -0.084140  
874 18.830000 -0.227463 -0.083837  
875 18.840000 -0.226626 -0.083534  
876 18.850000 -0.225792 -0.083234  
877 18.860000 -0.224961 -0.082934  
878 18.870000 -0.224133 -0.082636  
879 18.880000 -0.223308 -0.082339  
880 18.890000 -0.222487 -0.082044  
881 18.900000 -0.221668 -0.081750  
882 18.910000 -0.220852 -0.081457  
883 18.920000 -0.220038 -0.081166  
884 18.930000 -0.219228 -0.080876  
885 18.940000 -0.218421 -0.080587  
886 18.950000 -0.217616 -0.080299  
887 18.960000 -0.216815 -0.080013  
888 18.970000 -0.216016 -0.079728  
889 18.980000 -0.215220 -0.079444  
890 18.990000 -0.214427 -0.079162  
891 19.000000 -0.213637 -0.078881  
892 19.010000 -0.212850 -0.078601  
893 19.020000 -0.212065 -0.078322  
894 19.030000 -0.211283 -0.078045  
895 19.040000 -0.210504 -0.077769  
896 19.050000 -0.209728 -0.077494  
897 19.060000 -0.208954 -0.077220  
898 19.070000 -0.208183 -0.076947  
899 19.080000 -0.207415 -0.076676  
900 19.090000 -0.206650 -0.076406  
901 19.100000 -0.205887 -0.076137  
902 19.110000 -0.205127 -0.075869  
903 19.120000 -0.204370 -0.075603  
904 19.130000 -0.203615 -0.075337  
905 19.140000 -0.202863 -0.075073  
906 19.150000 -0.202114 -0.074810  
907 19.160000 -0.201367 -0.074548  
908 19.170000 -0.200623 -0.074287  
909 19.180000 -0.199881 -0.074027  
910 19.190000 -0.199142 -0.073769  
911 19.200000 -0.198406 -0.073512  
912 19.210000 -0.197672 -0.073255  
913 19.220000 -0.196941 -0.073000  
914 19.230000 -0.196212 -0.072746  
915 19.240000 -0.195486 -0.072493  
916 19.250000 -0.194762 -0.072241  
917 19.260000 -0.194041 -0.071991  
918 19.270000 -0.193322 -0.071741  
919 19.280000 -0.192606 -0.071493  
920 19.290000 -0.191892 -0.071245  
921 19.300000 -0.191181 -0.070999  
922 19.310000 -0.190472 -0.070753  
923 19.320000 -0.189766 -0.070509  
924 19.330000 -0.189062 -0.070266  
925 19.340000 -0.188361 -0.070024  
926 19.350000 -0.187662 -0.069783  
927 19.360000 -0.186965 -0.069543  
928 19.370000 -0.186271 -0.069304  
929 19.380000 -0.185579 -0.069066  
930 19.390000 -0.184890 -0.068829  
931 19.400000 -0.184202 -0.068593  
932 19.410000 -0.183518 -0.068358  
933 19.420000 -0.182835 -0.068124  
934 19.430000 -0.182155 -0.067891  
935 19.440000 -0.181477 -0.067659  
936 19.450000 -0.180802 -0.067428  
937 19.460000 -0.180129 -0.067198  
938 19.470000 -0.179458 -0.066969  
939 19.480000 -0.178790 -0.066741  
940 19.490000 -0.178123 -0.066514  
941 19.500000 -0.177459 -0.066288  
942 19.510000 -0.176798 -0.066063  
943 19.520000 -0.176138 -0.065839  
944 19.530000 -0.175481 -0.065615  
945 19.540000 -0.174826 -0.065393  
946 19.550000 -0.174173 -0.065172  
947 19.560000 -0.173522 -0.064952  
948 19.570000 -0.172874 -0.064732  
949 19.580000 -0.172228 -0.064514  
950 19.590000 -0.171584 -0.064296  
951 19.600000 -0.170942 -0.064079  
952 19.610000 -0.170302 -0.063864  
953 19.620000 -0.169664 -0.063649  
954 19.630000 -0.169029 -0.063435  
955 19.640000 -0.168396 -0.063222  
956 19.650000 -0.167765 -0.063010  
957 19.660000 -0.167136 -0.062798  
958 19.670000 -0.166509 -0.062588  
959 19.680000 -0.165884 -0.062379  
960 19.690000 -0.165261 -0.062170  
961 19.700000 -0.164640 -0.061962  
962 19.710000 -0.164022 -0.061755  
963 19.720000 -0.163405 -0.061549  
964 19.730000 -0.162791 -0.061344  
965 19.740000 -0.162178 -0.061140  
966 19.750000 -0.161568 -0.060937  
967 19.760000 -0.160960 -0.060734  
968 19.770000 -0.160353 -0.060532  
969 19.780000 -0.159749 -0.060331  
970 19.790000 -0.159147 -0.060131  
971 19.800000 -0.158546 -0.059932  
972 19.810000 -0.157948 -0.059734  
973 19.820000 -0.157352 -0.059536  
974 19.830000 -0.156757 -0.059339  
975 19.840000 -0.156165 -0.059144  
976 19.850000 -0.155574 -0.058948  
977 19.860000 -0.154986 -0.058754  
978 19.870000 -0.154399 -0.058561  
979 19.880000 -0.153815 -0.058368  
980 19.890000 -0.153232 -0.058176  
981 19.900000 -0.152651 -0.057985  
982 19.910000 -0.152072 -0.057794  
983 19.920000 -0.151495 -0.057605  
984 19.930000 -0.150920 -0.057416  
985 19.940000 -0.150347 -0.057228  
986 19.950000 -0.149776 -0.057041  
987 19.960000 -0.149206 -0.056854  
988 19.970000 -0.148639 -0.056669  
989 19.980000 -0.148073 -0.056484  
990 19.990000 -0.147509 -0.056299  
991 20.000000 -0.146947 -0.056116  
992 20.010000 -0.146387 -0.055933  
993 20.020000 -0.145828 -0.055751  
994 20.030000 -0.145271 -0.055570  
995 20.040000 -0.144717 -0.055390  
996 20.050000 -0.144164 -0.055210  
997 20.060000 -0.143612 -0.055031  
998 20.070000 -0.143063 -0.054852  
999 20.080000 -0.142515 -0.054675  
1000 20.090000 -0.141970 -0.054498  
1001 20.100000 -0.141425 -0.054322  
1002 20.110000 -0.140883 -0.054146  
1003 20.120000 -0.140343 -0.053972  
1004 20.130000 -0.139804 -0.053798  
1005 20.140000 -0.139267 -0.053624  
1006 20.150000 -0.138731 -0.053452  
1007 20.160000 -0.138198 -0.053280  
1008 20.170000 -0.137666 -0.053109  
1009 20.180000 -0.137135 -0.052938  
1010 20.190000 -0.136607 -0.052768  
1011 20.200000 -0.136080 -0.052599  
1012 20.210000 -0.135555 -0.052431  
1013 20.220000 -0.135031 -0.052263  
1014 20.230000 -0.134510 -0.052096  
1015 20.240000 -0.133989 -0.051929  
1016 20.250000 -0.133471 -0.051763  
1017 20.260000 -0.132954 -0.051598  
1018 20.270000 -0.132439 -0.051434  
1019 20.280000 -0.131926 -0.051270  
1020 20.290000 -0.131414 -0.051107  
1021 20.300000 -0.130903 -0.050944  
1022 20.310000 -0.130395 -0.050782  
1023 20.320000 -0.129888 -0.050621  
1024 20.330000 -0.129382 -0.050460  
1025 20.340000 -0.128879 -0.050300  
1026 20.350000 -0.128376 -0.050141  
1027 20.360000 -0.127876 -0.049982  
1028 20.370000 -0.127377 -0.049824  
1029 20.380000 -0.126879 -0.049667  
1030 20.390000 -0.126383 -0.049510  
1031 20.400000 -0.125889 -0.049354  
1032 20.410000 -0.125396 -0.049198  
1033 20.420000 -0.124905 -0.049043  
1034 20.430000 -0.124415 -0.048889  
1035 20.440000 -0.123927 -0.048735  
1036 20.450000 -0.123441 -0.048582  
1037 20.460000 -0.122956 -0.048429  
1038 20.470000 -0.122472 -0.048278  
1039 20.480000 -0.121990 -0.048126  
1040 20.490000 -0.121510 -0.047975  
1041 20.500000 -0.121031 -0.047825  
1042 20.510000 -0.120553 -0.047676  
1043 20.520000 -0.120077 -0.047527  
1044 20.530000 -0.119603 -0.047378  
1045 20.540000 -0.119129 -0.047230  
1046 20.550000 -0.118658 -0.047083  
1047 20.560000 -0.118188 -0.046936  
1048 20.570000 -0.117719 -0.046790  
1049 20.580000 -0.117252 -0.046645  
1050 20.590000 -0.116786 -0.046500  
1051 20.600000 -0.116322 -0.046355  
1052 20.610000 -0.115859 -0.046211  
1053 20.620000 -0.115398 -0.046068  
1054 20.630000 -0.114938 -0.045925  
1055 20.640000 -0.114479 -0.045783  
1056 20.650000 -0.114022 -0.045642  
1057 20.660000 -0.113566 -0.045500  
1058 20.670000 -0.113112 -0.045360  
1059 20.680000 -0.112659 -0.045220  
1060 20.690000 -0.112208 -0.045080  
1061 20.700000 -0.111758 -0.044941  
1062 20.710000 -0.111309 -0.044803  
1063 20.720000 -0.110862 -0.044665  
1064 20.730000 -0.110416 -0.044528  
1065 20.740000 -0.109971 -0.044391  
1066 20.750000 -0.109528 -0.044255  
1067 20.760000 -0.109086 -0.044119  
1068 20.770000 -0.108645 -0.043984  
1069 20.780000 -0.108206 -0.043849  
1070 20.790000 -0.107768 -0.043715  
1071 20.800000 -0.107332 -0.043581  
1072 20.810000 -0.106897 -0.043448  
1073 20.820000 -0.106463 -0.043315  
1074 20.830000 -0.106030 -0.043183  
1075 20.840000 -0.105599 -0.043051  
1076 20.850000 -0.105169 -0.042920  
1077 20.860000 -0.104741 -0.042790  
1078 20.870000 -0.104314 -0.042659  
1079 20.880000 -0.103888 -0.042530  
1080 20.890000 -0.103463 -0.042401  
1081 20.900000 -0.103040 -0.042272  
1082 20.910000 -0.102618 -0.042144  
1083 20.920000 -0.102197 -0.042016  
1084 20.930000 -0.101777 -0.041889  
1085 20.940000 -0.101359 -0.041762  
1086 20.950000 -0.100942 -0.041636  
1087 20.960000 -0.100526 -0.041510  
1088 20.970000 -0.100112 -0.041385  
1089 20.980000 -0.099699 -0.041260  
1090 20.990000 -0.099287 -0.041135  
1091 21.000000 -0.098876 -0.041011  
1092 21.010000 -0.098466 -0.040888  
1093 21.020000 -0.098058 -0.040765  
1094 21.030000 -0.097651 -0.040642  
1095 21.040000 -0.097245 -0.040520  
1096 21.050000 -0.096841 -0.040399  
1097 21.060000 -0.096437 -0.040278  
1098 21.070000 -0.096035 -0.040157  
1099 21.080000 -0.095634 -0.040037  
1100 21.090000 -0.095234 -0.039917  
1101 21.100000 -0.094836 -0.039797  
1102 21.110000 -0.094438 -0.039679  
1103 21.120000 -0.094042 -0.039560  
1104 21.130000 -0.093647 -0.039442  
1105 21.140000 -0.093253 -0.039324  
1106 21.150000 -0.092861 -0.039207  
1107 21.160000 -0.092469 -0.039091  
1108 21.170000 -0.092079 -0.038974  
1109 21.180000 -0.091690 -0.038858  
1110 21.190000 -0.091302 -0.038743  
1111 21.200000 -0.090915 -0.038628  
1112 21.210000 -0.090529 -0.038513  
1113 21.220000 -0.090145 -0.038399  
1114 21.230000 -0.089761 -0.038286  
1115 21.240000 -0.089379 -0.038172  
1116 21.250000 -0.088998 -0.038059  
1117 21.260000 -0.088618 -0.037947  
1118 21.270000 -0.088239 -0.037835  
1119 21.280000 -0.087861 -0.037723  
1120 21.290000 -0.087484 -0.037612  
1121 21.300000 -0.087109 -0.037501  
1122 21.310000 -0.086734 -0.037391  
1123 21.320000 -0.086361 -0.037281  
1124 21.330000 -0.085989 -0.037171  
1125 21.340000 -0.085618 -0.037062  
1126 21.350000 -0.085248 -0.036953  
1127 21.360000 -0.084879 -0.036845  
1128 21.370000 -0.084511 -0.036737  
1129 21.380000 -0.084144 -0.036629  
1130 21.390000 -0.083778 -0.036522  
1131 21.400000 -0.083413 -0.036415  
1132 21.410000 -0.083050 -0.036309  
1133 21.420000 -0.082687 -0.036203  
1134 21.430000 -0.082326 -0.036097  
1135 21.440000 -0.081965 -0.035992  
1136 21.450000 -0.081606 -0.035887  
1137 21.460000 -0.081248 -0.035782  
1138 21.470000 -0.080890 -0.035678  
1139 21.480000 -0.080534 -0.035574  
1140 21.490000 -0.080179 -0.035471  
1141 21.500000 -0.079825 -0.035368  
1142 21.510000 -0.079471 -0.035265  
1143 21.520000 -0.079119 -0.035163  
1144 21.530000 -0.078768 -0.035061  
1145 21.540000 -0.078418 -0.034960  
1146 21.550000 -0.078069 -0.034858  
1147 21.560000 -0.077721 -0.034758  
1148 21.570000 -0.077374 -0.034657  
1149 21.580000 -0.077028 -0.034557  
1150 21.590000 -0.076683 -0.034457  
1151 21.600000 -0.076339 -0.034358  
1152 21.610000 -0.075995 -0.034259  
1153 21.620000 -0.075653 -0.034160  
1154 21.630000 -0.075312 -0.034062  
1155 21.640000 -0.074972 -0.033964  
1156 21.650000 -0.074633 -0.033867  
1157 21.660000 -0.074295 -0.033769  
1158 21.670000 -0.073958 -0.033672  
1159 21.680000 -0.073621 -0.033576  
1160 21.690000 -0.073286 -0.033480  
1161 21.700000 -0.072952 -0.033384  
1162 21.710000 -0.072618 -0.033288  
1163 21.720000 -0.072286 -0.033193  
1164 21.730000 -0.071955 -0.033098  
1165 21.740000 -0.071624 -0.033004  
1166 21.750000 -0.071294 -0.032910  
1167 21.760000 -0.070966 -0.032816  
1168 21.770000 -0.070638 -0.032722  
1169 21.780000 -0.070311 -0.032629  
1170 21.790000 -0.069986 -0.032536  
1171 21.800000 -0.069661 -0.032444  
1172 21.810000 -0.069337 -0.032352  
1173 21.820000 -0.069014 -0.032260  
1174 21.830000 -0.068691 -0.032168  
1175 21.840000 -0.068370 -0.032077  
1176 21.850000 -0.068050 -0.031986  
1177 21.860000 -0.067731 -0.031896  
1178 21.870000 -0.067412 -0.031805  
1179 21.880000 -0.067094 -0.031715  
1180 21.890000 -0.066778 -0.031626  
1181 21.900000 -0.066462 -0.031537  
1182 21.910000 -0.066147 -0.031448  
1183 21.920000 -0.065833 -0.031359  
1184 21.930000 -0.065520 -0.031271  
1185 21.940000 -0.065208 -0.031183  
1186 21.950000 -0.064896 -0.031095  
1187 21.960000 -0.064586 -0.031007  
1188 21.970000 -0.064276 -0.030920  
1189 21.980000 -0.063967 -0.030833  
1190 21.990000 -0.063659 -0.030747  
1191 22.000000 -0.063352 -0.030661  
1192 22.010000 -0.063046 -0.030575  
1193 22.020000 -0.062741 -0.030489  
1194 22.030000 -0.062436 -0.030404  
1195 22.040000 -0.062133 -0.030319  
1196 22.050000 -0.061830 -0.030234  
1197 22.060000 -0.061528 -0.030150  
1198 22.070000 -0.061227 -0.030065  
1199 22.080000 -0.060927 -0.029982  
1200 22.090000 -0.060627 -0.029898  
1201 22.100000 -0.060329 -0.029815  
1202 22.110000 -0.060031 -0.029732  
1203 22.120000 -0.059734 -0.029649  
1204 22.130000 -0.059438 -0.029567  
1205 22.140000 -0.059143 -0.029485  
1206 22.150000 -0.058848 -0.029403  
1207 22.160000 -0.058555 -0.029321  
1208 22.170000 -0.058262 -0.029240  
1209 22.180000 -0.057970 -0.029159  
1210 22.190000 -0.057679 -0.029078  
1211 22.200000 -0.057388 -0.028998  
1212 22.210000 -0.057099 -0.028918  
1213 22.220000 -0.056810 -0.028838  
1214 22.230000 -0.056522 -0.028758  
1215 22.240000 -0.056235 -0.028679  
1216 22.250000 -0.055948 -0.028600  
1217 22.260000 -0.055663 -0.028521  
1218 22.270000 -0.055378 -0.028442  
1219 22.280000 -0.055094 -0.028364  
1220 22.290000 -0.054811 -0.028286  
1221 22.300000 -0.054528 -0.028208  
1222 22.310000 -0.054247 -0.028131  
1223 22.320000 -0.053966 -0.028054  
1224 22.330000 -0.053685 -0.027977  
1225 22.340000 -0.053406 -0.027900  
1226 22.350000 -0.053127 -0.027824  
1227 22.360000 -0.052850 -0.027748  
1228 22.370000 -0.052573 -0.027672  
1229 22.380000 -0.052296 -0.027596  
1230 22.390000 -0.052021 -0.027521  
1231 22.400000 -0.051746 -0.027446  
1232 22.410000 -0.051472 -0.027371  
1233 22.420000 -0.051198 -0.027296  
1234 22.430000 -0.050926 -0.027222  
1235 22.440000 -0.050654 -0.027148  
1236 22.450000 -0.050383 -0.027074  
1237 22.460000 -0.050112 -0.027000  
1238 22.470000 -0.049843 -0.026927  
1239 22.480000 -0.049574 -0.026854  
1240 22.490000 -0.049306 -0.026781  
1241 22.500000 -0.049038 -0.026708  
1242 22.510000 -0.048772 -0.026636  
1243 22.520000 -0.048506 -0.026564  
1244 22.530000 -0.048240 -0.026492  
1245 22.540000 -0.047976 -0.026420  
1246 22.550000 -0.047712 -0.026349  
1247 22.560000 -0.047449 -0.026278  
1248 22.570000 -0.047186 -0.026207  
1249 22.580000 -0.046925 -0.026136  
1250 22.590000 -0.046664 -0.026066  
1251 22.600000 -0.046403 -0.025996  
1252 22.610000 -0.046144 -0.025926  
1253 22.620000 -0.045885 -0.025856  
1254 22.630000 -0.045627 -0.025786  
1255 22.640000 -0.045369 -0.025717  
1256 22.650000 -0.045112 -0.025648  
1257 22.660000 -0.044856 -0.025579  
1258 22.670000 -0.044601 -0.025511  
1259 22.680000 -0.044346 -0.025442  
1260 22.690000 -0.044092 -0.025374  
1261 22.700000 -0.043838 -0.025306  
1262 22.710000 -0.043586 -0.025238  
1263 22.720000 -0.043334 -0.025171  
1264 22.730000 -0.043082 -0.025104  
1265 22.740000 -0.042832 -0.025037  
1266 22.750000 -0.042581 -0.024970  
1267 22.760000 -0.042332 -0.024903  
1268 22.770000 -0.042083 -0.024837  
1269 22.780000 -0.041835 -0.024771  
1270 22.790000 -0.041588 -0.024705  
1271 22.800000 -0.041341 -0.024639  
1272 22.810000 -0.041095 -0.024574  
1273 22.820000 -0.040850 -0.024509  
1274 22.830000 -0.040605 -0.024444  
1275 22.840000 -0.040361 -0.024379  
1276 22.850000 -0.040117 -0.024314  
1277 22.860000 -0.039875 -0.024250  
1278 22.870000 -0.039632 -0.024185  
1279 22.880000 -0.039391 -0.024122  
1280 22.890000 -0.039150 -0.024058  
1281 22.900000 -0.038910 -0.023994  
1282 22.910000 -0.038670 -0.023931  
1283 22.920000 -0.038431 -0.023868  
1284 22.930000 -0.038193 -0.023805  
1285 22.940000 -0.037955 -0.023742  
1286 22.950000 -0.037718 -0.023679  
1287 22.960000 -0.037481 -0.023617  
1288 22.970000 -0.037246 -0.023555  
1289 22.980000 -0.037010 -0.023493  
1290 22.990000 -0.036776 -0.023431  
1291 23.000000 -0.036542 -0.023370  
1292 23.010000 -0.036308 -0.023309  
1293 23.020000 -0.036076 -0.023247  
1294 23.030000 -0.035843 -0.023186  
1295 23.040000 -0.035612 -0.023126  
1296 23.050000 -0.035381 -0.023065  
1297 23.060000 -0.035151 -0.023005  
1298 23.070000 -0.034921 -0.022945  
1299 23.080000 -0.034692 -0.022885  
1300 23.090000 -0.034463 -0.022825  
1301 23.100000 -0.034235 -0.022766  
1302 23.110000 -0.034008 -0.022706  
1303 23.120000 -0.033781 -0.022647  
1304 23.130000 -0.033555 -0.022588  
1305 23.140000 -0.033329 -0.022529  
1306 23.150000 -0.033104 -0.022471  
1307 23.160000 -0.032880 -0.022412  
1308 23.170000 -0.032656 -0.022354  
1309 23.180000 -0.032433 -0.022296  
1310 23.190000 -0.032210 -0.022238  
1311 23.200000 -0.031988 -0.022181  
1312 23.210000 -0.031766 -0.022123  
1313 23.220000 -0.031546 -0.022066  
1314 23.230000 -0.031325 -0.022009  
1315 23.240000 -0.031105 -0.021952  
1316 23.250000 -0.030886 -0.021895  
1317 23.260000 -0.030667 -0.021838  
1318 23.270000 -0.030449 -0.021782  
1319 23.280000 -0.030232 -0.021726  
1320 23.290000 -0.030015 -0.021670  
1321 23.300000 -0.029798 -0.021614  
1322 23.310000 -0.029583 -0.021558  
1323 23.320000 -0.029367 -0.021503  
1324 23.330000 -0.029153 -0.021448  
1325 23.340000 -0.028938 -0.021392  
1326 23.350000 -0.028725 -0.021338  
1327 23.360000 -0.028512 -0.021283  
1328 23.370000 -0.028299 -0.021228  
1329 23.380000 -0.028087 -0.021174  
1330 23.390000 -0.027876 -0.021119  
1331 23.400000 -0.027665 -0.021065  
1332 23.410000 -0.027454 -0.021011  
1333 23.420000 -0.027244 -0.020958  
1334 23.430000 -0.027035 -0.020904  
1335 23.440000 -0.026826 -0.020851  
1336 23.450000 -0.026618 -0.020797  
1337 23.460000 -0.026410 -0.020744  
1338 23.470000 -0.026203 -0.020692  
1339 23.480000 -0.025997 -0.020639  
1340 23.490000 -0.025790 -0.020586  
1341 23.500000 -0.025585 -0.020534  
1342 23.510000 -0.025380 -0.020482  
1343 23.520000 -0.025175 -0.020430  
1344 23.530000 -0.024971 -0.020378  
1345 23.540000 -0.024768 -0.020326  
1346 23.550000 -0.024565 -0.020274  
1347 23.560000 -0.024362 -0.020223  
1348 23.570000 -0.024160 -0.020172  
1349 23.580000 -0.023959 -0.020121  
1350 23.590000 -0.023758 -0.020070  
1351 23.600000 -0.023557 -0.020019  
1352 23.610000 -0.023357 -0.019968  
1353 23.620000 -0.023158 -0.019918  
1354 23.630000 -0.022959 -0.019867  
1355 23.640000 -0.022761 -0.019817  
1356 23.650000 -0.022563 -0.019767  
1357 23.660000 -0.022365 -0.019717  
1358 23.670000 -0.022168 -0.019668  
1359 23.680000 -0.021972 -0.019618  
1360 23.690000 -0.021776 -0.019569  
1361 23.700000 -0.021580 -0.019520  
1362 23.710000 -0.021386 -0.019471  
1363 23.720000 -0.021191 -0.019422  
1364 23.730000 -0.020997 -0.019373  
1365 23.740000 -0.020804 -0.019324  
1366 23.750000 -0.020611 -0.019276  
1367 23.760000 -0.020418 -0.019228  
1368 23.770000 -0.020226 -0.019179  
1369 23.780000 -0.020035 -0.019131  
1370 23.790000 -0.019843 -0.019084  
1371 23.800000 -0.019653 -0.019036  
1372 23.810000 -0.019463 -0.018988  
1373 23.820000 -0.019273 -0.018941  
1374 23.830000 -0.019084 -0.018894  
1375 23.840000 -0.018895 -0.018847  
1376 23.850000 -0.018707 -0.018800  
1377 23.860000 -0.018519 -0.018753  
1378 23.870000 -0.018332 -0.018706  
1379 23.880000 -0.018145 -0.018660  
1380 23.890000 -0.017959 -0.018613  
1381 23.900000 -0.017773 -0.018567  
1382 23.910000 -0.017587 -0.018521  
1383 23.920000 -0.017402 -0.018475  
1384 23.930000 -0.017218 -0.018429  
1385 23.940000 -0.017034 -0.018383  
1386 23.950000 -0.016850 -0.018338  
1387 23.960000 -0.016667 -0.018292  
1388 23.970000 -0.016484 -0.018247  
1389 23.980000 -0.016302 -0.018202  
1390 23.990000 -0.016120 -0.018157  
1391 24.000000 -0.015939 -0.018112  
1392 24.010000 -0.015758 -0.018067  
1393 24.020000 -0.015578 -0.018023  
1394 24.030000 -0.015398 -0.017978  
1395 24.040000 -0.015218 -0.017934  
1396 24.050000 -0.015039 -0.017890  
1397 24.060000 -0.014860 -0.017846  
1398 24.070000 -0.014682 -0.017802  
1399 24.080000 -0.014504 -0.017758  
1400 24.090000 -0.014327 -0.017714  
1401 24.100000 -0.014150 -0.017671  
1402 24.110000 -0.013973 -0.017628  
1403 24.120000 -0.013797 -0.017584  
1404 24.130000 -0.013622 -0.017541  
1405 24.140000 -0.013447 -0.017498  
1406 24.150000 -0.013272 -0.017455  
1407 24.160000 -0.013097 -0.017413  
1408 24.170000 -0.012924 -0.017370  
1409 24.180000 -0.012750 -0.017328  
1410 24.190000 -0.012577 -0.017285  
1411 24.200000 -0.012404 -0.017243  
1412 24.210000 -0.012232 -0.017201  
1413 24.220000 -0.012060 -0.017159  
1414 24.230000 -0.011889 -0.017117  
1415 24.240000 -0.011718 -0.017075  
1416 24.250000 -0.011547 -0.017034  
1417 24.260000 -0.011377 -0.016992  
1418 24.270000 -0.011208 -0.016951  
1419 24.280000 -0.011038 -0.016910  
1420 24.290000 -0.010869 -0.016869  
1421 24.300000 -0.010701 -0.016828  
1422 24.310000 -0.010533 -0.016787  
1423 24.320000 -0.010365 -0.016746  
1424 24.330000 -0.010198 -0.016706  
1425 24.340000 -0.010031 -0.016665  
1426 24.350000 -0.009865 -0.016625  
1427 24.360000 -0.009699 -0.016585  
1428 24.370000 -0.009533 -0.016545  
1429 24.380000 -0.009368 -0.016505  
1430 24.390000 -0.009203 -0.016465  
1431 24.400000 -0.009038 -0.016425  
1432 24.410000 -0.008874 -0.016385  
1433 24.420000 -0.008711 -0.016346  
1434 24.430000 -0.008547 -0.016306  
1435 24.440000 -0.008385 -0.016267  
1436 24.450000 -0.008222 -0.016228  
1437 24.460000 -0.008060 -0.016189  
1438 24.470000 -0.007898 -0.016150  
1439 24.480000 -0.007737 -0.016111  
1440 24.490000 -0.007576 -0.016072  
1441 24.500000 -0.007416 -0.016034  
1442 24.510000 -0.007255 -0.015995  
1443 24.520000 -0.007096 -0.015957  
1444 24.530000 -0.006936 -0.015919  
1445 24.540000 -0.006777 -0.015881  
1446 24.550000 -0.006619 -0.015843  
1447 24.560000 -0.006460 -0.015805  
1448 24.570000 -0.006303 -0.015767  
1449 24.580000 -0.006145 -0.015729  
1450 24.590000 -0.005988 -0.015692  
1451 24.600000 -0.005831 -0.015654  
1452 24.610000 -0.005675 -0.015617  
1453 24.620000 -0.005519 -0.015580  
1454 24.630000 -0.005363 -0.015543  
1455 24.640000 -0.005208 -0.015506  
1456 24.650000 -0.005053 -0.015469  
1457 24.660000 -0.004899 -0.015432  
1458 24.670000 -0.004745 -0.015395  
1459 24.680000 -0.004591 -0.015359  
1460 24.690000 -0.004437 -0.015322  
1461 24.700000 -0.004284 -0.015286  
1462 24.710000 -0.004132 -0.015249  
1463 24.720000 -0.003979 -0.015213  
1464 24.730000 -0.003827 -0.015177  
1465 24.740000 -0.003676 -0.015141  
1466 24.750000 -0.003525 -0.015105  
1467 24.760000 -0.003374 -0.015070  
1468 24.770000 -0.003223 -0.015034  
1469 24.780000 -0.003073 -0.014999  
1470 24.790000 -0.002923 -0.014963  
1471 24.800000 -0.002774 -0.014928  
1472 24.810000 -0.002625 -0.014893  
1473 24.820000 -0.002476 -0.014857  
1474 24.830000 -0.002327 -0.014822  
1475 24.840000 -0.002179 -0.014788  
1476 24.850000 -0.002032 -0.014753  
1477 24.860000 -0.001884 -0.014718  
1478 24.870000 -0.001737 -0.014683  
1479 24.880000 -0.001591 -0.014649  
1480 24.890000 -0.001444 -0.014615  
1481 24.900000 -0.001298 -0.014580  
1482 24.910000 -0.001153 -0.014546  
1483 24.920000 -0.001007 -0.014512  
1484 24.930000 -0.000863 -0.014478  
1485 24.940000 -0.000718 -0.014444  
1486 24.950000 -0.000574 -0.014410  
1487 24.960000 -0.000430 -0.014376  
1488 24.970000 -0.000286 -0.014343  
1489 24.980000 -0.000143 -0.014309  
1490 24.990000 0.000000 -0.014276  
