1 10.100000 34325740166511.343750 3093122280003654.000000  
2 10.110000 14541350727123.675781 1191355660436267.000000  
3 10.120000 6637854847289.520508 498571853341073.437500  
4 10.130000 3226190034871.658203 223706912227338.500000  
5 10.140000 1654055592557.924316 106513852254716.484375  
6 10.150000 887982917125.816528 53376271196823.117188  
7 10.160000 496216139960.918457 27966380126624.328125  
8 10.170000 287234464764.470215 15237827610781.832031  
9 10.180000 171534620622.397156 8595365889603.005859  
10 10.190000 105329700621.331299 5000708739784.910156  
11 10.200000 66312242396.740616 2991209292094.573730  
12 10.210000 42699420929.714394 1834569097636.316895  
13 10.220000 28062417063.911900 1151016603878.102295  
14 10.230000 18789442699.151989 737246232714.289551  
15 10.240000 12796764580.555288 481240553351.258972  
16 10.250000 8852786226.015415 319638794834.974731  
17 10.260000 6213273118.933131 215730867363.298828  
18 10.270000 4419255347.007578 147773181727.144684  
19 10.280000 3182328582.939889 102622309611.441254  
20 10.290000 2318097154.823528 72182567207.323746  
21 10.300000 1706753001.785822 51379677044.806099  
22 10.310000 1269279218.585733 36981118294.473511  
23 10.320000 952829517.746779 26896250402.859020  
24 10.330000 721596375.336255 19753687919.873127  
25 10.340000 551019028.927470 14641852850.258995  
26 10.350000 424056580.615142 10947223368.751560  
27 10.360000 328757307.718139 8252019777.423244  
28 10.370000 256653111.710943 6268599711.517604  
29 10.380000 201686242.339150 4796848771.590261  
30 10.390000 159483695.794825 3696169472.453081  
31 10.400000 126861403.340164 2866855219.334042  
32 10.410000 101482000.807947 2237570081.361526  
33 10.420000 81616334.662226 1756846008.045326  
34 10.430000 65975743.075555 1387251853.523006  
35 10.440000 53593085.736307 1101357446.853353  
36 10.450000 43737656.485193 878915375.048917  
37 10.460000 35853850.208103 704876471.280946  
38 10.470000 29516620.636555 567981130.238889  
39 10.480000 24398900.467097 459751684.263095  
40 10.490000 20247607.926943 373766361.341058  
41 10.500000 16865860.982655 305132459.134029  
42 10.510000 14099710.343769 250101499.070031  
43 10.520000 11828183.601371 205786282.088888  
44 10.530000 9955770.957279 169951575.482948  
45 10.540000 8406722.297127 140858348.621895  
46 10.550000 7120695.893802 117147195.365167  
47 10.560000 6049421.364908 97750604.883901  
48 10.570000 5154127.831441 81826592.544351  
49 10.580000 4403552.383867 68708234.118389  
50 10.590000 3772390.843448 57865103.940731  
51 10.600000 3240087.259077 48873669.368799  
52 10.610000 2789884.037513 41394457.337271  
53 10.620000 2408073.515954 35154366.079771  
54 10.630000 2083405.905824 29932904.092676  
55 10.640000 1806619.131425 25551440.167355  
56 10.650000 1570064.074893 21864772.069647  
57 10.660000 1367404.788962 18754488.173808  
58 10.670000 1193377.842067 16123721.184416  
59 10.680000 1043598.477422 13892986.963748  
60 10.690000 914403.966544 11996872.407922  
61 10.700000 802726.616889 10381390.127771  
62 10.710000 705990.501508 9001858.689643  
63 10.720000 622027.227337 7821198.534796  
64 10.730000 549007.031844 6808557.782716  
65 10.740000 485382.258871 5938200.692640  
66 10.750000 429840.861892 5188605.925762  
67 10.760000 381268.053341 4541732.908604  
68 10.770000 338714.590400 3982423.293282  
69 10.780000 301370.482315 3497911.309714  
70 10.790000 268543.138587 3077422.139128  
71 10.800000 239639.164283 2711841.636735  
72 10.810000 214149.158234 2393444.046369  
73 10.820000 191634.989760 2115666.975209  
74 10.830000 171719.126147 1872924.982064  
75 10.840000 154075.660860 1660454.793956  
76 10.850000 138422.755514 1474186.492965  
77 10.860000 124516.259645 1310636.078477  
78 10.870000 112144.313884 1166815.664036  
79 10.880000 101122.775962 1040158.255852  
80 10.890000 91291.336616 928454.615351  
81 10.900000 82510.215165 829800.157800  
82 10.910000 74657.343052 742550.203773  
83 10.920000 67625.958997 665282.197014  
84 10.930000 61322.551998 596763.744168  
85 10.940000 55665.098839 535925.529532  
86 10.950000 50581.551410 481838.319925  
87 10.960000 46008.536291 433693.407634  
88 10.970000 41890.235013 390785.948756  
89 10.980000 38177.418388 352500.744299  
90 10.990000 34826.612408 318300.085891  
91 11.000000 31799.376709 287713.349485  
92 11.010000 29061.679486 260328.071562  
93 11.020000 26583.355174 235782.284736  
94 11.030000 24337.633272 213757.925024  
95 11.040000 22300.728410 193975.152461  
96 11.050000 20451.483209 176187.451383  
97 11.060000 18771.056711 160177.397284  
98 11.070000 17242.652226 145752.994418  
99 11.080000 15851.279281 132744.502818  
100 11.090000 14583.545153 121001.685620  
101 11.100000 13427.472071 110391.417836  
102 11.110000 12372.336741 100795.606415  
103 11.120000 11408.529287 92109.378741  
104 11.130000 10527.429131 84239.502958  
105 11.140000 9721.295627 77103.008738  
106 11.150000 8983.171619 70625.981614  
107 11.160000 8306.798269 64742.507767  
108 11.170000 7686.539774 59393.749425  
109 11.180000 7117.316754 54527.133766  
110 11.190000 6594.547237 50095.640595  
111 11.200000 6114.094332 46057.176069  
112 11.210000 5672.219780 42374.021474  
113 11.220000 5265.542684 39012.347537  
114 11.230000 4891.002797 35941.786039  
115 11.240000 4545.827845 33135.051567  
116 11.250000 4227.504404 30567.607199  
117 11.260000 3933.751924 28217.368724  
118 11.270000 3662.499538 26064.442698  
119 11.280000 3411.865339 24090.894231  
120 11.290000 3180.137844 22280.540946  
121 11.300000 2965.759402 20618.769983  
122 11.310000 2767.311330 19092.375309  
123 11.320000 2583.500580 17689.412971  
124 11.330000 2413.147778 16399.072179  
125 11.340000 2255.176475 15211.560387  
126 11.350000 2108.603488 14118.000781  
127 11.360000 1972.530210 13110.340729  
128 11.370000 1846.134783 12181.269974  
129 11.380000 1728.665050 11324.147462  
130 11.390000 1619.432192 10532.935838  
131 11.400000 1517.804993 9802.142768  
132 11.410000 1423.204657 9126.768325  
133 11.420000 1335.100125 8502.257777  
134 11.430000 1253.003835 7924.459194  
135 11.440000 1176.467895 7389.585353  
136 11.450000 1105.080602 6894.179464  
137 11.460000 1038.463300 6435.084340  
138 11.470000 976.267524 6009.414615  
139 11.480000 918.172410 5614.531713  
140 11.490000 863.882338 5248.021261  
141 11.500000 813.124799 4907.672710  
142 11.510000 765.648447 4591.460921  
143 11.520000 721.221329 4297.529530  
144 11.530000 679.629279 4024.175894  
145 11.540000 640.674442 3769.837466  
146 11.550000 604.173941 3533.079467  
147 11.560000 569.958657 3312.583697  
148 11.570000 537.872110 3107.138400  
149 11.580000 507.769445 2915.629065  
150 11.590000 479.516503 2737.030070  
151 11.600000 452.988966 2570.397096  
152 11.610000 428.071582 2414.860226  
153 11.620000 404.657454 2269.617668  
154 11.630000 382.647385 2133.930047  
155 11.640000 361.949283 2007.115198  
156 11.650000 342.477609 1888.543430  
157 11.660000 324.152880 1777.633202  
158 11.670000 306.901202 1673.847180  
159 11.680000 290.653849 1576.688642  
160 11.690000 275.346873 1485.698185  
161 11.700000 260.920746 1400.450725  
162 11.710000 247.320030 1320.552754  
163 11.720000 234.493077 1245.639822  
164 11.730000 222.391745 1175.374244  
165 11.740000 210.971147 1109.442989  
166 11.750000 200.189408 1047.555759  
167 11.760000 190.007451 989.443212  
168 11.770000 180.388797 934.855349  
169 11.780000 171.299371 883.560020  
170 11.790000 162.707342 835.341562  
171 11.800000 154.582953 789.999542  
172 11.810000 146.898385 747.347607  
173 11.820000 139.627613 707.212422  
174 11.830000 132.746287 669.432697  
175 11.840000 126.231610 633.858290  
176 11.850000 120.062237 600.349378  
177 11.860000 114.218172 568.775702  
178 11.870000 108.680678 539.015862  
179 11.880000 103.432187 510.956673  
180 11.890000 98.456228 484.492567  
181 11.900000 93.737348 459.525048  
182 11.910000 89.261046 435.962178  
183 11.920000 85.013709 413.718114  
184 11.930000 80.982555 392.712673  
185 11.940000 77.155577 372.870930  
186 11.950000 73.521491 354.122851  
187 11.960000 70.069693 336.402952  
188 11.970000 66.790210 319.649976  
189 11.980000 63.673662 303.806605  
190 11.990000 60.711225 288.819191  
191 12.000000 57.894593 274.637496  
192 12.010000 55.215946 261.214466  
193 12.020000 52.667922 248.506014  
194 12.030000 50.243582 236.470816  
195 12.040000 47.936391 225.070127  
196 12.050000 45.740186 214.267611  
197 12.060000 43.649158 204.029176  
198 12.070000 41.657829 194.322828  
199 12.080000 39.761029 185.118531  
200 12.090000 37.953879 176.388080  
201 12.100000 36.231776 168.104982  
202 12.110000 34.590371 160.244339  
203 12.120000 33.025559 152.782753  
204 12.130000 31.533460 145.698223  
205 12.140000 30.110407 138.970058  
206 12.150000 28.752936 132.578793  
207 12.160000 27.457769 126.506110  
208 12.170000 26.221809 120.734767  
209 12.180000 25.042124 115.248530  
210 12.190000 23.915939 110.032108  
211 12.200000 22.840630 105.071098  
212 12.210000 21.813711 100.351923  
213 12.220000 20.832828 95.861790  
214 12.230000 19.895752 91.588633  
215 12.240000 19.000371 87.521074  
216 12.250000 18.144681 83.648380  
217 12.260000 17.326787 79.960421  
218 12.270000 16.544889 76.447636  
219 12.280000 15.797281 73.101001  
220 12.290000 15.082344 69.911991  
221 12.300000 14.398542 66.872555  
222 12.310000 13.744419 63.975085  
223 12.320000 13.118591 61.212390  
224 12.330000 12.519745 58.577676  
225 12.340000 11.946633 56.064514  
226 12.350000 11.398070 53.666828  
227 12.360000 10.872931 51.378868  
228 12.370000 10.370145 49.195192  
229 12.380000 9.888696 47.110652  
230 12.390000 9.427618 45.120372  
231 12.400000 8.985990 43.219737  
232 12.410000 8.562939 41.404375  
233 12.420000 8.157632 39.670144  
234 12.430000 7.769279 38.013120  
235 12.440000 7.397125 36.429582  
236 12.450000 7.040454 34.916006  
237 12.460000 6.698583 33.469047  
238 12.470000 6.370861 32.085535  
239 12.480000 6.056670 30.762462  
240 12.490000 5.755420 29.496974  
241 12.500000 5.466548 28.286362  
242 12.510000 5.189519 27.128055  
243 12.520000 4.923821 26.019613  
244 12.530000 4.668968 24.958716  
245 12.540000 4.424495 23.943165  
246 12.550000 4.189960 22.970866  
247 12.560000 3.964940 22.039832  
248 12.570000 3.749032 21.148175  
249 12.580000 3.541852 20.294098  
250 12.590000 3.343031 19.475895  
251 12.600000 3.152220 18.691941  
252 12.610000 2.969083 17.940693  
253 12.620000 2.793302 17.220680  
254 12.630000 2.624570 16.530506  
255 12.640000 2.462597 15.868840  
256 12.650000 2.307102 15.234414  
257 12.660000 2.157822 14.626024  
258 12.670000 2.014499 14.042521  
259 12.680000 1.876892 13.482811  
260 12.690000 1.744767 12.945852  
261 12.700000 1.617902 12.430652  
262 12.710000 1.496085 11.936265  
263 12.720000 1.379111 11.461789  
264 12.730000 1.266785 11.006365  
265 12.740000 1.158922 10.569173  
266 12.750000 1.055344 10.149431  
267 12.760000 0.955878 9.746394  
268 12.770000 0.860363 9.359352  
269 12.780000 0.768640 8.987624  
270 12.790000 0.680561 8.630565  
271 12.800000 0.595982 8.287555  
272 12.810000 0.514765 7.958005  
273 12.820000 0.436779 7.641351  
274 12.830000 0.361897 7.337056  
275 12.840000 0.289998 7.044606  
276 12.850000 0.220967 6.763509  
277 12.860000 0.154692 6.493298  
278 12.870000 0.091066 6.233523  
279 12.880000 0.029988 5.983757  
280 12.890000 -0.028641 5.743590  
281 12.900000 -0.084914 5.512631  
282 12.910000 -0.138923 5.290505  
283 12.920000 -0.190753 5.076856  
284 12.930000 -0.240487 4.871340  
285 12.940000 -0.288206 4.673630  
286 12.950000 -0.333985 4.483413  
287 12.960000 -0.377898 4.300389  
288 12.970000 -0.420016 4.124272  
289 12.980000 -0.460405 3.954786  
290 12.990000 -0.499133 3.791669  
291 13.000000 -0.536259 3.634668  
292 13.010000 -0.571845 3.483544  
293 13.020000 -0.605949 3.338065  
294 13.030000 -0.638625 3.198010  
295 13.040000 -0.669926 3.063167  
296 13.050000 -0.699905 2.933334  
297 13.060000 -0.728609 2.808315  
298 13.070000 -0.756087 2.687925  
299 13.080000 -0.782383 2.571984  
300 13.090000 -0.807541 2.460322  
301 13.100000 -0.831603 2.352773  
302 13.110000 -0.854609 2.249182  
303 13.120000 -0.876599 2.149396  
304 13.130000 -0.897609 2.053270  
305 13.140000 -0.917676 1.960667  
306 13.150000 -0.936834 1.871451  
307 13.160000 -0.955116 1.785496  
308 13.170000 -0.972554 1.702679  
309 13.180000 -0.989180 1.622882  
310 13.190000 -1.005022 1.545991  
311 13.200000 -1.020109 1.471898  
312 13.210000 -1.034469 1.400498  
313 13.220000 -1.048127 1.331693  
314 13.230000 -1.061111 1.265384  
315 13.240000 -1.073443 1.201481  
316 13.250000 -1.085148 1.139894  
317 13.260000 -1.096248 1.080538  
318 13.270000 -1.106766 1.023331  
319 13.280000 -1.116722 0.968194  
320 13.290000 -1.126137 0.915052  
321 13.300000 -1.135029 0.863832  
322 13.310000 -1.143419 0.814464  
323 13.320000 -1.151325 0.766881  
324 13.330000 -1.158763 0.721018  
325 13.340000 -1.165751 0.676814  
326 13.350000 -1.172304 0.634207  
327 13.360000 -1.178440 0.593141  
328 13.370000 -1.184172 0.553561  
329 13.380000 -1.189516 0.515413  
330 13.390000 -1.194485 0.478646  
331 13.400000 -1.199093 0.443212  
332 13.410000 -1.203354 0.409061  
333 13.420000 -1.207279 0.376149  
334 13.430000 -1.210880 0.344433  
335 13.440000 -1.214171 0.313869  
336 13.450000 -1.217162 0.284417  
337 13.460000 -1.219863 0.256038  
338 13.470000 -1.222286 0.228693  
339 13.480000 -1.224440 0.202348  
340 13.490000 -1.226336 0.176966  
341 13.500000 -1.227983 0.152514  
342 13.510000 -1.229389 0.128960  
343 13.520000 -1.230565 0.106272  
344 13.530000 -1.231517 0.084420  
345 13.540000 -1.232256 0.063375  
346 13.550000 -1.232788 0.043109  
347 13.560000 -1.233120 0.023596  
348 13.570000 -1.233262 0.004808  
349 13.580000 -1.233219 -0.013279  
350 13.590000 -1.232999 -0.030689  
351 13.600000 -1.232607 -0.047445  
352 13.610000 -1.232052 -0.063570  
353 13.620000 -1.231338 -0.079086  
354 13.630000 -1.230472 -0.094014  
355 13.640000 -1.229460 -0.108373  
356 13.650000 -1.228306 -0.122183  
357 13.660000 -1.227018 -0.135463  
358 13.670000 -1.225599 -0.148230  
359 13.680000 -1.224055 -0.160503  
360 13.690000 -1.222390 -0.172299  
361 13.700000 -1.220610 -0.183633  
362 13.710000 -1.218719 -0.194520  
363 13.720000 -1.216721 -0.204977  
364 13.730000 -1.214621 -0.215018  
365 13.740000 -1.212422 -0.224657  
366 13.750000 -1.210129 -0.233908  
367 13.760000 -1.207745 -0.242783  
368 13.770000 -1.205275 -0.251295  
369 13.780000 -1.202721 -0.259457  
370 13.790000 -1.200087 -0.267281  
371 13.800000 -1.197376 -0.274777  
372 13.810000 -1.194592 -0.281957  
373 13.820000 -1.191738 -0.288832  
374 13.830000 -1.188817 -0.295411  
375 13.840000 -1.185831 -0.301705  
376 13.850000 -1.182783 -0.307724  
377 13.860000 -1.179677 -0.313476  
378 13.870000 -1.176515 -0.318971  
379 13.880000 -1.173299 -0.324217  
380 13.890000 -1.170031 -0.329222  
381 13.900000 -1.166715 -0.333995  
382 13.910000 -1.163352 -0.338544  
383 13.920000 -1.159945 -0.342876  
384 13.930000 -1.156495 -0.346998  
385 13.940000 -1.153005 -0.350917  
386 13.950000 -1.149478 -0.354641  
387 13.960000 -1.145913 -0.358175  
388 13.970000 -1.142315 -0.361526  
389 13.980000 -1.138683 -0.364701  
390 13.990000 -1.135021 -0.367705  
391 14.000000 -1.131330 -0.370544  
392 14.010000 -1.127611 -0.373224  
393 14.020000 -1.123866 -0.375750  
394 14.030000 -1.120096 -0.378127  
395 14.040000 -1.116304 -0.380360  
396 14.050000 -1.112490 -0.382454  
397 14.060000 -1.108655 -0.384414  
398 14.070000 -1.104802 -0.386244  
399 14.080000 -1.100931 -0.387949  
400 14.090000 -1.097043 -0.389533  
401 14.100000 -1.093140 -0.391000  
402 14.110000 -1.089224 -0.392354  
403 14.120000 -1.085294 -0.393599  
404 14.130000 -1.081352 -0.394739  
405 14.140000 -1.077399 -0.395778  
406 14.150000 -1.073437 -0.396718  
407 14.160000 -1.069465 -0.397563  
408 14.170000 -1.065486 -0.398317  
409 14.180000 -1.061499 -0.398983  
410 14.190000 -1.057506 -0.399563  
411 14.200000 -1.053508 -0.400061  
412 14.210000 -1.049505 -0.400479  
413 14.220000 -1.045499 -0.400821  
414 14.230000 -1.041489 -0.401089  
415 14.240000 -1.037477 -0.401285  
416 14.250000 -1.033464 -0.401413  
417 14.260000 -1.029449 -0.401474  
418 14.270000 -1.025435 -0.401471  
419 14.280000 -1.021420 -0.401407  
420 14.290000 -1.017407 -0.401283  
421 14.300000 -1.013395 -0.401101  
422 14.310000 -1.009385 -0.400864  
423 14.320000 -1.005378 -0.400574  
424 14.330000 -1.001373 -0.400232  
425 14.340000 -0.997373 -0.399841  
426 14.350000 -0.993377 -0.399402  
427 14.360000 -0.989385 -0.398918  
428 14.370000 -0.985399 -0.398389  
429 14.380000 -0.981417 -0.397817  
430 14.390000 -0.977442 -0.397205  
431 14.400000 -0.973474 -0.396553  
432 14.410000 -0.969511 -0.395863  
433 14.420000 -0.965556 -0.395137  
434 14.430000 -0.961609 -0.394376  
435 14.440000 -0.957669 -0.393581  
436 14.450000 -0.953737 -0.392753  
437 14.460000 -0.949814 -0.391895  
438 14.470000 -0.945899 -0.391007  
439 14.480000 -0.941994 -0.390090  
440 14.490000 -0.938098 -0.389145  
441 14.500000 -0.934211 -0.388175  
442 14.510000 -0.930334 -0.387179  
443 14.520000 -0.926468 -0.386158  
444 14.530000 -0.922611 -0.385115  
445 14.540000 -0.918765 -0.384049  
446 14.550000 -0.914930 -0.382962  
447 14.560000 -0.911106 -0.381855  
448 14.570000 -0.907293 -0.380728  
449 14.580000 -0.903492 -0.379583  
450 14.590000 -0.899702 -0.378420  
451 14.600000 -0.895923 -0.377240  
452 14.610000 -0.892157 -0.376043  
453 14.620000 -0.888403 -0.374832  
454 14.630000 -0.884660 -0.373606  
455 14.640000 -0.880931 -0.372366  
456 14.650000 -0.877213 -0.371112  
457 14.660000 -0.873508 -0.369846  
458 14.670000 -0.869816 -0.368569  
459 14.680000 -0.866137 -0.367279  
460 14.690000 -0.862471 -0.365980  
461 14.700000 -0.858817 -0.364670  
462 14.710000 -0.855177 -0.363350  
463 14.720000 -0.851550 -0.362022  
464 14.730000 -0.847937 -0.360685  
465 14.740000 -0.844337 -0.359340  
466 14.750000 -0.840750 -0.357988  
467 14.760000 -0.837177 -0.356629  
468 14.770000 -0.833618 -0.355263  
469 14.780000 -0.830072 -0.353891  
470 14.790000 -0.826540 -0.352514  
471 14.800000 -0.823022 -0.351132  
472 14.810000 -0.819517 -0.349744  
473 14.820000 -0.816027 -0.348353  
474 14.830000 -0.812550 -0.346957  
475 14.840000 -0.809088 -0.345558  
476 14.850000 -0.805639 -0.344155  
477 14.860000 -0.802204 -0.342750  
478 14.870000 -0.798784 -0.341342  
479 14.880000 -0.795378 -0.339932  
480 14.890000 -0.791985 -0.338519  
481 14.900000 -0.788607 -0.337106  
482 14.910000 -0.785243 -0.335690  
483 14.920000 -0.781893 -0.334274  
484 14.930000 -0.778558 -0.332857  
485 14.940000 -0.775236 -0.331439  
486 14.950000 -0.771929 -0.330021  
487 14.960000 -0.768636 -0.328603  
488 14.970000 -0.765357 -0.327186  
489 14.980000 -0.762092 -0.325768  
490 14.990000 -0.758842 -0.324351  
491 15.000000 -0.755605 -0.322936  
492 15.010000 -0.752383 -0.321521  
493 15.020000 -0.749175 -0.320107  
494 15.030000 -0.745981 -0.318695  
495 15.040000 -0.742801 -0.317285  
496 15.050000 -0.739635 -0.315876  
497 15.060000 -0.736483 -0.314469  
498 15.070000 -0.733346 -0.313065  
499 15.080000 -0.730222 -0.311662  
500 15.090000 -0.727112 -0.310263  
501 15.100000 -0.724017 -0.308865  
502 15.110000 -0.720935 -0.307471  
503 15.120000 -0.717867 -0.306079  
504 15.130000 -0.714813 -0.304691  
505 15.140000 -0.711773 -0.303305  
506 15.150000 -0.708747 -0.301923  
507 15.160000 -0.705735 -0.300544  
508 15.170000 -0.702736 -0.299169  
509 15.180000 -0.699752 -0.297797  
510 15.190000 -0.696780 -0.296429  
511 15.200000 -0.693823 -0.295065  
512 15.210000 -0.690879 -0.293705  
513 15.220000 -0.687949 -0.292348  
514 15.230000 -0.685032 -0.290996  
515 15.240000 -0.682129 -0.289648  
516 15.250000 -0.679239 -0.288304  
517 15.260000 -0.676363 -0.286964  
518 15.270000 -0.673500 -0.285629  
519 15.280000 -0.670650 -0.284298  
520 15.290000 -0.667814 -0.282972  
521 15.300000 -0.664991 -0.281650  
522 15.310000 -0.662181 -0.280333  
523 15.320000 -0.659384 -0.279021  
524 15.330000 -0.656600 -0.277713  
525 15.340000 -0.653830 -0.276411  
526 15.350000 -0.651072 -0.275113  
527 15.360000 -0.648328 -0.273820  
528 15.370000 -0.645596 -0.272532  
529 15.380000 -0.642877 -0.271249  
530 15.390000 -0.640171 -0.269970  
531 15.400000 -0.637477 -0.268697  
532 15.410000 -0.634797 -0.267430  
533 15.420000 -0.632129 -0.266167  
534 15.430000 -0.629474 -0.264909  
535 15.440000 -0.626831 -0.263657  
536 15.450000 -0.624200 -0.262410  
537 15.460000 -0.621582 -0.261168  
538 15.470000 -0.618977 -0.259931  
539 15.480000 -0.616384 -0.258700  
540 15.490000 -0.613803 -0.257474  
541 15.500000 -0.611234 -0.256253  
542 15.510000 -0.608678 -0.255038  
543 15.520000 -0.606134 -0.253828  
544 15.530000 -0.603601 -0.252623  
545 15.540000 -0.601081 -0.251424  
546 15.550000 -0.598573 -0.250230  
547 15.560000 -0.596076 -0.249042  
548 15.570000 -0.593592 -0.247859  
549 15.580000 -0.591119 -0.246682  
550 15.590000 -0.588658 -0.245510  
551 15.600000 -0.586209 -0.244343  
552 15.610000 -0.583771 -0.243182  
553 15.620000 -0.581345 -0.242026  
554 15.630000 -0.578931 -0.240876  
555 15.640000 -0.576528 -0.239731  
556 15.650000 -0.574136 -0.238592  
557 15.660000 -0.571756 -0.237458  
558 15.670000 -0.569387 -0.236330  
559 15.680000 -0.567029 -0.235207  
560 15.690000 -0.564683 -0.234089  
561 15.700000 -0.562348 -0.232977  
562 15.710000 -0.560023 -0.231871  
563 15.720000 -0.557710 -0.230770  
564 15.730000 -0.555408 -0.229674  
565 15.740000 -0.553117 -0.228584  
566 15.750000 -0.550836 -0.227499  
567 15.760000 -0.548567 -0.226419  
568 15.770000 -0.546308 -0.225345  
569 15.780000 -0.544060 -0.224276  
570 15.790000 -0.541822 -0.223213  
571 15.800000 -0.539595 -0.222155  
572 15.810000 -0.537379 -0.221102  
573 15.820000 -0.535173 -0.220055  
574 15.830000 -0.532978 -0.219013  
575 15.840000 -0.530793 -0.217976  
576 15.850000 -0.528619 -0.216945  
577 15.860000 -0.526454 -0.215919  
578 15.870000 -0.524300 -0.214898  
579 15.880000 -0.522156 -0.213883  
580 15.890000 -0.520022 -0.212872  
581 15.900000 -0.517899 -0.211867  
582 15.910000 -0.515785 -0.210867  
583 15.920000 -0.513681 -0.209873  
584 15.930000 -0.511588 -0.208883  
585 15.940000 -0.509504 -0.207899  
586 15.950000 -0.507430 -0.206919  
587 15.960000 -0.505365 -0.205945  
588 15.970000 -0.503311 -0.204976  
589 15.980000 -0.501266 -0.204012  
590 15.990000 -0.499230 -0.203054  
591 16.000000 -0.497205 -0.202100  
592 16.010000 -0.495188 -0.201151  
593 16.020000 -0.493182 -0.200207  
594 16.030000 -0.491184 -0.199268  
595 16.040000 -0.489196 -0.198334  
596 16.050000 -0.487218 -0.197406  
597 16.060000 -0.485248 -0.196482  
598 16.070000 -0.483288 -0.195563  
599 16.080000 -0.481337 -0.194648  
600 16.090000 -0.479395 -0.193739  
601 16.100000 -0.477462 -0.192835  
602 16.110000 -0.475538 -0.191935  
603 16.120000 -0.473623 -0.191040  
604 16.130000 -0.471717 -0.190150  
605 16.140000 -0.469820 -0.189265  
606 16.150000 -0.467932 -0.188384  
607 16.160000 -0.466053 -0.187508  
608 16.170000 -0.464182 -0.186637  
609 16.180000 -0.462320 -0.185771  
610 16.190000 -0.460466 -0.184909  
611 16.200000 -0.458622 -0.184052  
612 16.210000 -0.456785 -0.183199  
613 16.220000 -0.454958 -0.182351  
614 16.230000 -0.453138 -0.181508  
615 16.240000 -0.451327 -0.180669  
616 16.250000 -0.449525 -0.179835  
617 16.260000 -0.447731 -0.179005  
618 16.270000 -0.445945 -0.178179  
619 16.280000 -0.444167 -0.177358  
620 16.290000 -0.442398 -0.176542  
621 16.300000 -0.440636 -0.175730  
622 16.310000 -0.438883 -0.174922  
623 16.320000 -0.437138 -0.174119  
624 16.330000 -0.435401 -0.173319  
625 16.340000 -0.433671 -0.172525  
626 16.350000 -0.431950 -0.171734  
627 16.360000 -0.430237 -0.170948  
628 16.370000 -0.428531 -0.170166  
629 16.380000 -0.426833 -0.169389  
630 16.390000 -0.425143 -0.168615  
631 16.400000 -0.423461 -0.167846  
632 16.410000 -0.421786 -0.167081  
633 16.420000 -0.420119 -0.166320  
634 16.430000 -0.418460 -0.165563  
635 16.440000 -0.416808 -0.164810  
636 16.450000 -0.415164 -0.164062  
637 16.460000 -0.413527 -0.163317  
638 16.470000 -0.411898 -0.162576  
639 16.480000 -0.410275 -0.161840  
640 16.490000 -0.408661 -0.161107  
641 16.500000 -0.407053 -0.160378  
642 16.510000 -0.405453 -0.159654  
643 16.520000 -0.403860 -0.158933  
644 16.530000 -0.402274 -0.158216  
645 16.540000 -0.400696 -0.157503  
646 16.550000 -0.399124 -0.156794  
647 16.560000 -0.397560 -0.156089  
648 16.570000 -0.396003 -0.155387  
649 16.580000 -0.394452 -0.154689  
650 16.590000 -0.392909 -0.153995  
651 16.600000 -0.391372 -0.153305  
652 16.610000 -0.389843 -0.152619  
653 16.620000 -0.388320 -0.151936  
654 16.630000 -0.386804 -0.151257  
655 16.640000 -0.385295 -0.150581  
656 16.650000 -0.383792 -0.149910  
657 16.660000 -0.382297 -0.149242  
658 16.670000 -0.380807 -0.148577  
659 16.680000 -0.379325 -0.147916  
660 16.690000 -0.377849 -0.147259  
661 16.700000 -0.376380 -0.146605  
662 16.710000 -0.374917 -0.145954  
663 16.720000 -0.373461 -0.145308  
664 16.730000 -0.372011 -0.144664  
665 16.740000 -0.370567 -0.144024  
666 16.750000 -0.369130 -0.143388  
667 16.760000 -0.367700 -0.142755  
668 16.770000 -0.366275 -0.142125  
669 16.780000 -0.364857 -0.141499  
670 16.790000 -0.363445 -0.140876  
671 16.800000 -0.362040 -0.140256  
672 16.810000 -0.360640 -0.139640  
673 16.820000 -0.359247 -0.139027  
674 16.830000 -0.357860 -0.138418  
675 16.840000 -0.356478 -0.137811  
676 16.850000 -0.355103 -0.137208  
677 16.860000 -0.353734 -0.136608  
678 16.870000 -0.352371 -0.136011  
679 16.880000 -0.351014 -0.135418  
680 16.890000 -0.349663 -0.134828  
681 16.900000 -0.348317 -0.134240  
682 16.910000 -0.346978 -0.133656  
683 16.920000 -0.345644 -0.133075  
684 16.930000 -0.344316 -0.132497  
685 16.940000 -0.342994 -0.131923  
686 16.950000 -0.341678 -0.131351  
687 16.960000 -0.340367 -0.130782  
688 16.970000 -0.339062 -0.130216  
689 16.980000 -0.337763 -0.129654  
690 16.990000 -0.336469 -0.129094  
691 17.000000 -0.335181 -0.128537  
692 17.010000 -0.333898 -0.127984  
693 17.020000 -0.332621 -0.127433  
694 17.030000 -0.331350 -0.126885  
695 17.040000 -0.330084 -0.126340  
696 17.050000 -0.328823 -0.125798  
697 17.060000 -0.327568 -0.125258  
698 17.070000 -0.326318 -0.124722  
699 17.080000 -0.325073 -0.124188  
700 17.090000 -0.323834 -0.123658  
701 17.100000 -0.322600 -0.123130  
702 17.110000 -0.321371 -0.122604  
703 17.120000 -0.320148 -0.122082  
704 17.130000 -0.318930 -0.121562  
705 17.140000 -0.317717 -0.121045  
706 17.150000 -0.316509 -0.120531  
707 17.160000 -0.315306 -0.120020  
708 17.170000 -0.314108 -0.119511  
709 17.180000 -0.312916 -0.119005  
710 17.190000 -0.311728 -0.118501  
711 17.200000 -0.310546 -0.118000  
712 17.210000 -0.309368 -0.117502  
713 17.220000 -0.308196 -0.117006  
714 17.230000 -0.307028 -0.116513  
715 17.240000 -0.305866 -0.116022  
716 17.250000 -0.304708 -0.115534  
717 17.260000 -0.303555 -0.115049  
718 17.270000 -0.302407 -0.114566  
719 17.280000 -0.301264 -0.114086  
720 17.290000 -0.300125 -0.113608  
721 17.300000 -0.298991 -0.113132  
722 17.310000 -0.297862 -0.112659  
723 17.320000 -0.296738 -0.112189  
724 17.330000 -0.295619 -0.111721  
725 17.340000 -0.294504 -0.111255  
726 17.350000 -0.293394 -0.110792  
727 17.360000 -0.292288 -0.110331  
728 17.370000 -0.291187 -0.109873  
729 17.380000 -0.290090 -0.109417  
730 17.390000 -0.288999 -0.108963  
731 17.400000 -0.287911 -0.108511  
732 17.410000 -0.286828 -0.108062  
733 17.420000 -0.285750 -0.107616  
734 17.430000 -0.284676 -0.107171  
735 17.440000 -0.283606 -0.106729  
736 17.450000 -0.282541 -0.106289  
737 17.460000 -0.281481 -0.105851  
738 17.470000 -0.280424 -0.105416  
739 17.480000 -0.279372 -0.104983  
740 17.490000 -0.278325 -0.104552  
741 17.500000 -0.277281 -0.104123  
742 17.510000 -0.276242 -0.103696  
743 17.520000 -0.275207 -0.103272  
744 17.530000 -0.274177 -0.102850  
745 17.540000 -0.273150 -0.102430  
746 17.550000 -0.272128 -0.102012  
747 17.560000 -0.271110 -0.101596  
748 17.570000 -0.270096 -0.101182  
749 17.580000 -0.269087 -0.100770  
750 17.590000 -0.268081 -0.100361  
751 17.600000 -0.267079 -0.099953  
752 17.610000 -0.266082 -0.099548  
753 17.620000 -0.265088 -0.099145  
754 17.630000 -0.264099 -0.098743  
755 17.640000 -0.263113 -0.098344  
756 17.650000 -0.262132 -0.097947  
757 17.660000 -0.261154 -0.097551  
758 17.670000 -0.260181 -0.097158  
759 17.680000 -0.259211 -0.096767  
760 17.690000 -0.258246 -0.096378  
761 17.700000 -0.257284 -0.095990  
762 17.710000 -0.256326 -0.095605  
763 17.720000 -0.255372 -0.095221  
764 17.730000 -0.254421 -0.094840  
765 17.740000 -0.253475 -0.094460  
766 17.750000 -0.252532 -0.094082  
767 17.760000 -0.251593 -0.093706  
768 17.770000 -0.250658 -0.093332  
769 17.780000 -0.249727 -0.092960  
770 17.790000 -0.248799 -0.092590  
771 17.800000 -0.247875 -0.092221  
772 17.810000 -0.246954 -0.091855  
773 17.820000 -0.246038 -0.091490  
774 17.830000 -0.245125 -0.091127  
775 17.840000 -0.244215 -0.090766  
776 17.850000 -0.243309 -0.090406  
777 17.860000 -0.242407 -0.090049  
778 17.870000 -0.241508 -0.089693  
779 17.880000 -0.240613 -0.089339  
780 17.890000 -0.239722 -0.088986  
781 17.900000 -0.238833 -0.088636  
782 17.910000 -0.237949 -0.088287  
783 17.920000 -0.237068 -0.087940  
784 17.930000 -0.236190 -0.087594  
785 17.940000 -0.235316 -0.087250  
786 17.950000 -0.234445 -0.086908  
787 17.960000 -0.233578 -0.086568  
788 17.970000 -0.232714 -0.086229  
789 17.980000 -0.231853 -0.085892  
790 17.990000 -0.230996 -0.085557  
791 18.000000 -0.230142 -0.085223  
792 18.010000 -0.229291 -0.084891  
793 18.020000 -0.228444 -0.084560  
794 18.030000 -0.227600 -0.084231  
795 18.040000 -0.226759 -0.083904  
796 18.050000 -0.225922 -0.083578  
797 18.060000 -0.225088 -0.083254  
798 18.070000 -0.224257 -0.082932  
799 18.080000 -0.223429 -0.082611  
800 18.090000 -0.222605 -0.082291  
801 18.100000 -0.221783 -0.081973  
802 18.110000 -0.220965 -0.081657  
803 18.120000 -0.220150 -0.081342  
804 18.130000 -0.219338 -0.081029  
805 18.140000 -0.218530 -0.080717  
806 18.150000 -0.217724 -0.080407  
807 18.160000 -0.216922 -0.080098  
808 18.170000 -0.216122 -0.079791  
809 18.180000 -0.215326 -0.079485  
810 18.190000 -0.214532 -0.079180  
811 18.200000 -0.213742 -0.078877  
812 18.210000 -0.212955 -0.078576  
813 18.220000 -0.212171 -0.078276  
814 18.230000 -0.211389 -0.077977  
815 18.240000 -0.210611 -0.077680  
816 18.250000 -0.209836 -0.077385  
817 18.260000 -0.209063 -0.077090  
818 18.270000 -0.208294 -0.076797  
819 18.280000 -0.207527 -0.076506  
820 18.290000 -0.206764 -0.076216  
821 18.300000 -0.206003 -0.075927  
822 18.310000 -0.205245 -0.075640  
823 18.320000 -0.204490 -0.075354  
824 18.330000 -0.203738 -0.075069  
825 18.340000 -0.202989 -0.074786  
826 18.350000 -0.202242 -0.074504  
827 18.360000 -0.201499 -0.074223  
828 18.370000 -0.200758 -0.073944  
829 18.380000 -0.200020 -0.073666  
830 18.390000 -0.199285 -0.073389  
831 18.400000 -0.198552 -0.073114  
832 18.410000 -0.197822 -0.072839  
833 18.420000 -0.197095 -0.072567  
834 18.430000 -0.196371 -0.072295  
835 18.440000 -0.195649 -0.072025  
836 18.450000 -0.194931 -0.071756  
837 18.460000 -0.194214 -0.071488  
838 18.470000 -0.193501 -0.071222  
839 18.480000 -0.192790 -0.070957  
840 18.490000 -0.192082 -0.070693  
841 18.500000 -0.191376 -0.070430  
842 18.510000 -0.190673 -0.070168  
843 18.520000 -0.189973 -0.069908  
844 18.530000 -0.189275 -0.069649  
845 18.540000 -0.188580 -0.069391  
846 18.550000 -0.187887 -0.069134  
847 18.560000 -0.187197 -0.068879  
848 18.570000 -0.186509 -0.068625  
849 18.580000 -0.185824 -0.068371  
850 18.590000 -0.185142 -0.068119  
851 18.600000 -0.184462 -0.067869  
852 18.610000 -0.183785 -0.067619  
853 18.620000 -0.183110 -0.067371  
854 18.630000 -0.182437 -0.067123  
855 18.640000 -0.181767 -0.066877  
856 18.650000 -0.181100 -0.066632  
857 18.660000 -0.180435 -0.066388  
858 18.670000 -0.179772 -0.066145  
859 18.680000 -0.179112 -0.065904  
860 18.690000 -0.178454 -0.065663  
861 18.700000 -0.177798 -0.065423  
862 18.710000 -0.177145 -0.065185  
863 18.720000 -0.176495 -0.064948  
864 18.730000 -0.175846 -0.064711  
865 18.740000 -0.175200 -0.064476  
866 18.750000 -0.174557 -0.064242  
867 18.760000 -0.173916 -0.064009  
868 18.770000 -0.173277 -0.063777  
869 18.780000 -0.172640 -0.063546  
870 18.790000 -0.172006 -0.063317  
871 18.800000 -0.171374 -0.063088  
872 18.810000 -0.170744 -0.062860  
873 18.820000 -0.170117 -0.062633  
874 18.830000 -0.169491 -0.062408  
875 18.840000 -0.168868 -0.062183  
876 18.850000 -0.168248 -0.061959  
877 18.860000 -0.167629 -0.061737  
878 18.870000 -0.167013 -0.061515  
879 18.880000 -0.166399 -0.061294  
880 18.890000 -0.165787 -0.061075  
881 18.900000 -0.165177 -0.060856  
882 18.910000 -0.164570 -0.060638  
883 18.920000 -0.163965 -0.060422  
884 18.930000 -0.163361 -0.060206  
885 18.940000 -0.162761 -0.059991  
886 18.950000 -0.162162 -0.059777  
887 18.960000 -0.161565 -0.059564  
888 18.970000 -0.160970 -0.059352  
889 18.980000 -0.160378 -0.059141  
890 18.990000 -0.159788 -0.058931  
891 19.000000 -0.159199 -0.058722  
892 19.010000 -0.158613 -0.058514  
893 19.020000 -0.158029 -0.058307  
894 19.030000 -0.157447 -0.058101  
895 19.040000 -0.156867 -0.057895  
896 19.050000 -0.156289 -0.057691  
897 19.060000 -0.155713 -0.057487  
898 19.070000 -0.155139 -0.057285  
899 19.080000 -0.154567 -0.057083  
900 19.090000 -0.153998 -0.056882  
901 19.100000 -0.153430 -0.056682  
902 19.110000 -0.152864 -0.056483  
903 19.120000 -0.152300 -0.056285  
904 19.130000 -0.151738 -0.056087  
905 19.140000 -0.151178 -0.055891  
906 19.150000 -0.150620 -0.055695  
907 19.160000 -0.150065 -0.055500  
908 19.170000 -0.149510 -0.055306  
909 19.180000 -0.148958 -0.055113  
910 19.190000 -0.148408 -0.054921  
911 19.200000 -0.147860 -0.054730  
912 19.210000 -0.147314 -0.054539  
913 19.220000 -0.146769 -0.054349  
914 19.230000 -0.146227 -0.054161  
915 19.240000 -0.145686 -0.053973  
916 19.250000 -0.145147 -0.053785  
917 19.260000 -0.144610 -0.053599  
918 19.270000 -0.144075 -0.053413  
919 19.280000 -0.143542 -0.053228  
920 19.290000 -0.143011 -0.053044  
921 19.300000 -0.142481 -0.052861  
922 19.310000 -0.141953 -0.052679  
923 19.320000 -0.141428 -0.052497  
924 19.330000 -0.140903 -0.052316  
925 19.340000 -0.140381 -0.052136  
926 19.350000 -0.139861 -0.051957  
927 19.360000 -0.139342 -0.051778  
928 19.370000 -0.138825 -0.051601  
929 19.380000 -0.138310 -0.051424  
930 19.390000 -0.137797 -0.051248  
931 19.400000 -0.137285 -0.051072  
932 19.410000 -0.136775 -0.050897  
933 19.420000 -0.136267 -0.050723  
934 19.430000 -0.135761 -0.050550  
935 19.440000 -0.135256 -0.050378  
936 19.450000 -0.134753 -0.050206  
937 19.460000 -0.134252 -0.050035  
938 19.470000 -0.133752 -0.049865  
939 19.480000 -0.133255 -0.049695  
940 19.490000 -0.132759 -0.049526  
941 19.500000 -0.132264 -0.049358  
942 19.510000 -0.131771 -0.049191  
943 19.520000 -0.131280 -0.049024  
944 19.530000 -0.130791 -0.048858  
945 19.540000 -0.130303 -0.048693  
946 19.550000 -0.129817 -0.048529  
947 19.560000 -0.129333 -0.048365  
948 19.570000 -0.128850 -0.048202  
949 19.580000 -0.128369 -0.048039  
950 19.590000 -0.127889 -0.047877  
951 19.600000 -0.127411 -0.047716  
952 19.610000 -0.126935 -0.047556  
953 19.620000 -0.126460 -0.047396  
954 19.630000 -0.125987 -0.047237  
955 19.640000 -0.125515 -0.047079  
956 19.650000 -0.125045 -0.046921  
957 19.660000 -0.124577 -0.046764  
958 19.670000 -0.124110 -0.046607  
959 19.680000 -0.123645 -0.046452  
960 19.690000 -0.123181 -0.046296  
961 19.700000 -0.122719 -0.046142  
962 19.710000 -0.122258 -0.045988  
963 19.720000 -0.121799 -0.045835  
964 19.730000 -0.121341 -0.045682  
965 19.740000 -0.120885 -0.045531  
966 19.750000 -0.120431 -0.045379  
967 19.760000 -0.119978 -0.045229  
968 19.770000 -0.119526 -0.045079  
969 19.780000 -0.119076 -0.044929  
970 19.790000 -0.118628 -0.044781  
971 19.800000 -0.118180 -0.044632  
972 19.810000 -0.117735 -0.044485  
973 19.820000 -0.117291 -0.044338  
974 19.830000 -0.116848 -0.044192  
975 19.840000 -0.116407 -0.044046  
976 19.850000 -0.115967 -0.043901  
977 19.860000 -0.115529 -0.043756  
978 19.870000 -0.115092 -0.043612  
979 19.880000 -0.114657 -0.043469  
980 19.890000 -0.114223 -0.043326  
981 19.900000 -0.113790 -0.043184  
982 19.910000 -0.113359 -0.043043  
983 19.920000 -0.112929 -0.042902  
984 19.930000 -0.112501 -0.042761  
985 19.940000 -0.112074 -0.042621  
986 19.950000 -0.111649 -0.042482  
987 19.960000 -0.111224 -0.042344  
988 19.970000 -0.110802 -0.042205  
989 19.980000 -0.110380 -0.042068  
990 19.990000 -0.109960 -0.041931  
991 20.000000 -0.109542 -0.041794  
992 20.010000 -0.109124 -0.041659  
993 20.020000 -0.108708 -0.041523  
994 20.030000 -0.108294 -0.041389  
995 20.040000 -0.107881 -0.041254  
996 20.050000 -0.107469 -0.041121  
997 20.060000 -0.107058 -0.040987  
998 20.070000 -0.106649 -0.040855  
999 20.080000 -0.106241 -0.040723  
1000 20.090000 -0.105835 -0.040591  
1001 20.100000 -0.105429 -0.040460  
1002 20.110000 -0.105025 -0.040330  
1003 20.120000 -0.104623 -0.040200  
1004 20.130000 -0.104221 -0.040071  
1005 20.140000 -0.103821 -0.039942  
1006 20.150000 -0.103423 -0.039813  
1007 20.160000 -0.103025 -0.039685  
1008 20.170000 -0.102629 -0.039558  
1009 20.180000 -0.102234 -0.039431  
1010 20.190000 -0.101840 -0.039305  
1011 20.200000 -0.101448 -0.039179  
1012 20.210000 -0.101057 -0.039054  
1013 20.220000 -0.100667 -0.038929  
1014 20.230000 -0.100278 -0.038805  
1015 20.240000 -0.099891 -0.038681  
1016 20.250000 -0.099504 -0.038558  
1017 20.260000 -0.099120 -0.038435  
1018 20.270000 -0.098736 -0.038312  
1019 20.280000 -0.098353 -0.038191  
1020 20.290000 -0.097972 -0.038069  
1021 20.300000 -0.097592 -0.037948  
1022 20.310000 -0.097213 -0.037828  
1023 20.320000 -0.096835 -0.037708  
1024 20.330000 -0.096459 -0.037589  
1025 20.340000 -0.096084 -0.037470  
1026 20.350000 -0.095709 -0.037351  
1027 20.360000 -0.095337 -0.037233  
1028 20.370000 -0.094965 -0.037115  
1029 20.380000 -0.094594 -0.036998  
1030 20.390000 -0.094225 -0.036882  
1031 20.400000 -0.093857 -0.036766  
1032 20.410000 -0.093489 -0.036650  
1033 20.420000 -0.093124 -0.036535  
1034 20.430000 -0.092759 -0.036420  
1035 20.440000 -0.092395 -0.036305  
1036 20.450000 -0.092033 -0.036192  
1037 20.460000 -0.091671 -0.036078  
1038 20.470000 -0.091311 -0.035965  
1039 20.480000 -0.090952 -0.035852  
1040 20.490000 -0.090594 -0.035740  
1041 20.500000 -0.090237 -0.035629  
1042 20.510000 -0.089882 -0.035517  
1043 20.520000 -0.089527 -0.035407  
1044 20.530000 -0.089173 -0.035296  
1045 20.540000 -0.088821 -0.035186  
1046 20.550000 -0.088470 -0.035077  
1047 20.560000 -0.088119 -0.034968  
1048 20.570000 -0.087770 -0.034859  
1049 20.580000 -0.087422 -0.034751  
1050 20.590000 -0.087075 -0.034643  
1051 20.600000 -0.086729 -0.034535  
1052 20.610000 -0.086385 -0.034428  
1053 20.620000 -0.086041 -0.034322  
1054 20.630000 -0.085698 -0.034216  
1055 20.640000 -0.085357 -0.034110  
1056 20.650000 -0.085016 -0.034004  
1057 20.660000 -0.084676 -0.033899  
1058 20.670000 -0.084338 -0.033795  
1059 20.680000 -0.084001 -0.033691  
1060 20.690000 -0.083664 -0.033587  
1061 20.700000 -0.083329 -0.033484  
1062 20.710000 -0.082994 -0.033381  
1063 20.720000 -0.082661 -0.033278  
1064 20.730000 -0.082329 -0.033176  
1065 20.740000 -0.081998 -0.033074  
1066 20.750000 -0.081667 -0.032973  
1067 20.760000 -0.081338 -0.032872  
1068 20.770000 -0.081010 -0.032771  
1069 20.780000 -0.080683 -0.032671  
1070 20.790000 -0.080357 -0.032571  
1071 20.800000 -0.080031 -0.032472  
1072 20.810000 -0.079707 -0.032373  
1073 20.820000 -0.079384 -0.032274  
1074 20.830000 -0.079062 -0.032176  
1075 20.840000 -0.078740 -0.032078  
1076 20.850000 -0.078420 -0.031980  
1077 20.860000 -0.078101 -0.031883  
1078 20.870000 -0.077782 -0.031786  
1079 20.880000 -0.077465 -0.031690  
1080 20.890000 -0.077149 -0.031593  
1081 20.900000 -0.076833 -0.031498  
1082 20.910000 -0.076519 -0.031402  
1083 20.920000 -0.076205 -0.031307  
1084 20.930000 -0.075893 -0.031213  
1085 20.940000 -0.075581 -0.031118  
1086 20.950000 -0.075270 -0.031024  
1087 20.960000 -0.074960 -0.030931  
1088 20.970000 -0.074652 -0.030838  
1089 20.980000 -0.074344 -0.030745  
1090 20.990000 -0.074037 -0.030652  
1091 21.000000 -0.073731 -0.030560  
1092 21.010000 -0.073425 -0.030468  
1093 21.020000 -0.073121 -0.030377  
1094 21.030000 -0.072818 -0.030285  
1095 21.040000 -0.072516 -0.030195  
1096 21.050000 -0.072214 -0.030104  
1097 21.060000 -0.071913 -0.030014  
1098 21.070000 -0.071614 -0.029924  
1099 21.080000 -0.071315 -0.029835  
1100 21.090000 -0.071017 -0.029746  
1101 21.100000 -0.070720 -0.029657  
1102 21.110000 -0.070424 -0.029568  
1103 21.120000 -0.070129 -0.029480  
1104 21.130000 -0.069834 -0.029392  
1105 21.140000 -0.069541 -0.029305  
1106 21.150000 -0.069248 -0.029218  
1107 21.160000 -0.068956 -0.029131  
1108 21.170000 -0.068666 -0.029044  
1109 21.180000 -0.068376 -0.028958  
1110 21.190000 -0.068086 -0.028872  
1111 21.200000 -0.067798 -0.028787  
1112 21.210000 -0.067511 -0.028702  
1113 21.220000 -0.067224 -0.028617  
1114 21.230000 -0.066938 -0.028532  
1115 21.240000 -0.066653 -0.028448  
1116 21.250000 -0.066369 -0.028364  
1117 21.260000 -0.066086 -0.028280  
1118 21.270000 -0.065804 -0.028197  
1119 21.280000 -0.065522 -0.028114  
1120 21.290000 -0.065241 -0.028031  
1121 21.300000 -0.064962 -0.027948  
1122 21.310000 -0.064683 -0.027866  
1123 21.320000 -0.064404 -0.027784  
1124 21.330000 -0.064127 -0.027703  
1125 21.340000 -0.063850 -0.027622  
1126 21.350000 -0.063574 -0.027541  
1127 21.360000 -0.063299 -0.027460  
1128 21.370000 -0.063025 -0.027380  
1129 21.380000 -0.062752 -0.027300  
1130 21.390000 -0.062479 -0.027220  
1131 21.400000 -0.062207 -0.027140  
1132 21.410000 -0.061936 -0.027061  
1133 21.420000 -0.061666 -0.026982  
1134 21.430000 -0.061397 -0.026904  
1135 21.440000 -0.061128 -0.026825  
1136 21.450000 -0.060860 -0.026747  
1137 21.460000 -0.060593 -0.026669  
1138 21.470000 -0.060327 -0.026592  
1139 21.480000 -0.060061 -0.026515  
1140 21.490000 -0.059797 -0.026438  
1141 21.500000 -0.059533 -0.026361  
1142 21.510000 -0.059269 -0.026285  
1143 21.520000 -0.059007 -0.026209  
1144 21.530000 -0.058745 -0.026133  
1145 21.540000 -0.058484 -0.026057  
1146 21.550000 -0.058224 -0.025982  
1147 21.560000 -0.057965 -0.025907  
1148 21.570000 -0.057706 -0.025832  
1149 21.580000 -0.057448 -0.025758  
1150 21.590000 -0.057191 -0.025683  
1151 21.600000 -0.056934 -0.025610  
1152 21.610000 -0.056679 -0.025536  
1153 21.620000 -0.056424 -0.025462  
1154 21.630000 -0.056169 -0.025389  
1155 21.640000 -0.055916 -0.025316  
1156 21.650000 -0.055663 -0.025244  
1157 21.660000 -0.055411 -0.025171  
1158 21.670000 -0.055160 -0.025099  
1159 21.680000 -0.054909 -0.025027  
1160 21.690000 -0.054659 -0.024956  
1161 21.700000 -0.054410 -0.024885  
1162 21.710000 -0.054161 -0.024813  
1163 21.720000 -0.053914 -0.024743  
1164 21.730000 -0.053666 -0.024672  
1165 21.740000 -0.053420 -0.024602  
1166 21.750000 -0.053174 -0.024532  
1167 21.760000 -0.052929 -0.024462  
1168 21.770000 -0.052685 -0.024392  
1169 21.780000 -0.052442 -0.024323  
1170 21.790000 -0.052199 -0.024254  
1171 21.800000 -0.051957 -0.024185  
1172 21.810000 -0.051715 -0.024116  
1173 21.820000 -0.051474 -0.024048  
1174 21.830000 -0.051234 -0.023980  
1175 21.840000 -0.050995 -0.023912  
1176 21.850000 -0.050756 -0.023844  
1177 21.860000 -0.050518 -0.023777  
1178 21.870000 -0.050280 -0.023710  
1179 21.880000 -0.050044 -0.023643  
1180 21.890000 -0.049807 -0.023576  
1181 21.900000 -0.049572 -0.023510  
1182 21.910000 -0.049337 -0.023443  
1183 21.920000 -0.049103 -0.023377  
1184 21.930000 -0.048870 -0.023312  
1185 21.940000 -0.048637 -0.023246  
1186 21.950000 -0.048405 -0.023181  
1187 21.960000 -0.048173 -0.023116  
1188 21.970000 -0.047942 -0.023051  
1189 21.980000 -0.047712 -0.022986  
1190 21.990000 -0.047483 -0.022922  
1191 22.000000 -0.047254 -0.022858  
1192 22.010000 -0.047026 -0.022794  
1193 22.020000 -0.046798 -0.022730  
1194 22.030000 -0.046571 -0.022667  
1195 22.040000 -0.046345 -0.022603  
1196 22.050000 -0.046119 -0.022540  
1197 22.060000 -0.045894 -0.022477  
1198 22.070000 -0.045669 -0.022415  
1199 22.080000 -0.045446 -0.022352  
1200 22.090000 -0.045222 -0.022290  
1201 22.100000 -0.045000 -0.022228  
1202 22.110000 -0.044778 -0.022166  
1203 22.120000 -0.044556 -0.022105  
1204 22.130000 -0.044336 -0.022043  
1205 22.140000 -0.044116 -0.021982  
1206 22.150000 -0.043896 -0.021921  
1207 22.160000 -0.043677 -0.021861  
1208 22.170000 -0.043459 -0.021800  
1209 22.180000 -0.043241 -0.021740  
1210 22.190000 -0.043024 -0.021680  
1211 22.200000 -0.042807 -0.021620  
1212 22.210000 -0.042592 -0.021560  
1213 22.220000 -0.042376 -0.021501  
1214 22.230000 -0.042162 -0.021442  
1215 22.240000 -0.041947 -0.021383  
1216 22.250000 -0.041734 -0.021324  
1217 22.260000 -0.041521 -0.021265  
1218 22.270000 -0.041309 -0.021207  
1219 22.280000 -0.041097 -0.021148  
1220 22.290000 -0.040886 -0.021090  
1221 22.300000 -0.040675 -0.021032  
1222 22.310000 -0.040465 -0.020975  
1223 22.320000 -0.040256 -0.020917  
1224 22.330000 -0.040047 -0.020860  
1225 22.340000 -0.039838 -0.020803  
1226 22.350000 -0.039631 -0.020746  
1227 22.360000 -0.039423 -0.020689  
1228 22.370000 -0.039217 -0.020633  
1229 22.380000 -0.039011 -0.020577  
1230 22.390000 -0.038805 -0.020520  
1231 22.400000 -0.038600 -0.020464  
1232 22.410000 -0.038396 -0.020409  
1233 22.420000 -0.038192 -0.020353  
1234 22.430000 -0.037989 -0.020298  
1235 22.440000 -0.037786 -0.020243  
1236 22.450000 -0.037584 -0.020188  
1237 22.460000 -0.037382 -0.020133  
1238 22.470000 -0.037181 -0.020078  
1239 22.480000 -0.036981 -0.020024  
1240 22.490000 -0.036781 -0.019970  
1241 22.500000 -0.036581 -0.019916  
1242 22.510000 -0.036383 -0.019862  
1243 22.520000 -0.036184 -0.019808  
1244 22.530000 -0.035986 -0.019754  
1245 22.540000 -0.035789 -0.019701  
1246 22.550000 -0.035592 -0.019648  
1247 22.560000 -0.035396 -0.019595  
1248 22.570000 -0.035201 -0.019542  
1249 22.580000 -0.035005 -0.019490  
1250 22.590000 -0.034811 -0.019437  
1251 22.600000 -0.034617 -0.019385  
1252 22.610000 -0.034423 -0.019333  
1253 22.620000 -0.034230 -0.019281  
1254 22.630000 -0.034037 -0.019229  
1255 22.640000 -0.033845 -0.019177  
1256 22.650000 -0.033654 -0.019126  
1257 22.660000 -0.033463 -0.019075  
1258 22.670000 -0.033272 -0.019024  
1259 22.680000 -0.033082 -0.018973  
1260 22.690000 -0.032893 -0.018922  
1261 22.700000 -0.032704 -0.018871  
1262 22.710000 -0.032515 -0.018821  
1263 22.720000 -0.032328 -0.018771  
1264 22.730000 -0.032140 -0.018721  
1265 22.740000 -0.031953 -0.018671  
1266 22.750000 -0.031767 -0.018621  
1267 22.760000 -0.031581 -0.018572  
1268 22.770000 -0.031395 -0.018522  
1269 22.780000 -0.031210 -0.018473  
1270 22.790000 -0.031026 -0.018424  
1271 22.800000 -0.030842 -0.018375  
1272 22.810000 -0.030658 -0.018326  
1273 22.820000 -0.030475 -0.018278  
1274 22.830000 -0.030293 -0.018229  
1275 22.840000 -0.030111 -0.018181  
1276 22.850000 -0.029929 -0.018133  
1277 22.860000 -0.029748 -0.018085  
1278 22.870000 -0.029567 -0.018037  
1279 22.880000 -0.029387 -0.017989  
1280 22.890000 -0.029208 -0.017942  
1281 22.900000 -0.029028 -0.017895  
1282 22.910000 -0.028850 -0.017847  
1283 22.920000 -0.028671 -0.017800  
1284 22.930000 -0.028494 -0.017753  
1285 22.940000 -0.028316 -0.017707  
1286 22.950000 -0.028140 -0.017660  
1287 22.960000 -0.027963 -0.017614  
1288 22.970000 -0.027787 -0.017568  
1289 22.980000 -0.027612 -0.017521  
1290 22.990000 -0.027437 -0.017475  
1291 23.000000 -0.027262 -0.017430  
1292 23.010000 -0.027088 -0.017384  
1293 23.020000 -0.026915 -0.017338  
1294 23.030000 -0.026742 -0.017293  
1295 23.040000 -0.026569 -0.017248  
1296 23.050000 -0.026397 -0.017203  
1297 23.060000 -0.026225 -0.017158  
1298 23.070000 -0.026053 -0.017113  
1299 23.080000 -0.025882 -0.017068  
1300 23.090000 -0.025712 -0.017024  
1301 23.100000 -0.025542 -0.016980  
1302 23.110000 -0.025372 -0.016935  
1303 23.120000 -0.025203 -0.016891  
1304 23.130000 -0.025035 -0.016847  
1305 23.140000 -0.024866 -0.016804  
1306 23.150000 -0.024699 -0.016760  
1307 23.160000 -0.024531 -0.016716  
1308 23.170000 -0.024364 -0.016673  
1309 23.180000 -0.024198 -0.016630  
1310 23.190000 -0.024032 -0.016587  
1311 23.200000 -0.023866 -0.016544  
1312 23.210000 -0.023701 -0.016501  
1313 23.220000 -0.023536 -0.016458  
1314 23.230000 -0.023372 -0.016416  
1315 23.240000 -0.023208 -0.016373  
1316 23.250000 -0.023044 -0.016331  
1317 23.260000 -0.022881 -0.016289  
1318 23.270000 -0.022718 -0.016247  
1319 23.280000 -0.022556 -0.016205  
1320 23.290000 -0.022394 -0.016164  
1321 23.300000 -0.022233 -0.016122  
1322 23.310000 -0.022072 -0.016080  
1323 23.320000 -0.021911 -0.016039  
1324 23.330000 -0.021751 -0.015998  
1325 23.340000 -0.021591 -0.015957  
1326 23.350000 -0.021432 -0.015916  
1327 23.360000 -0.021273 -0.015875  
1328 23.370000 -0.021114 -0.015835  
1329 23.380000 -0.020956 -0.015794  
1330 23.390000 -0.020798 -0.015754  
1331 23.400000 -0.020641 -0.015713  
1332 23.410000 -0.020484 -0.015673  
1333 23.420000 -0.020328 -0.015633  
1334 23.430000 -0.020172 -0.015593  
1335 23.440000 -0.020016 -0.015553  
1336 23.450000 -0.019860 -0.015514  
1337 23.460000 -0.019706 -0.015474  
1338 23.470000 -0.019551 -0.015435  
1339 23.480000 -0.019397 -0.015396  
1340 23.490000 -0.019243 -0.015356  
1341 23.500000 -0.019090 -0.015317  
1342 23.510000 -0.018937 -0.015278  
1343 23.520000 -0.018784 -0.015240  
1344 23.530000 -0.018632 -0.015201  
1345 23.540000 -0.018480 -0.015162  
1346 23.550000 -0.018329 -0.015124  
1347 23.560000 -0.018178 -0.015086  
1348 23.570000 -0.018027 -0.015048  
1349 23.580000 -0.017877 -0.015009  
1350 23.590000 -0.017727 -0.014972  
1351 23.600000 -0.017577 -0.014934  
1352 23.610000 -0.017428 -0.014896  
1353 23.620000 -0.017279 -0.014858  
1354 23.630000 -0.017131 -0.014821  
1355 23.640000 -0.016983 -0.014784  
1356 23.650000 -0.016835 -0.014746  
1357 23.660000 -0.016688 -0.014709  
1358 23.670000 -0.016541 -0.014672  
1359 23.680000 -0.016395 -0.014635  
1360 23.690000 -0.016248 -0.014599  
1361 23.700000 -0.016103 -0.014562  
1362 23.710000 -0.015957 -0.014525  
1363 23.720000 -0.015812 -0.014489  
1364 23.730000 -0.015667 -0.014453  
1365 23.740000 -0.015523 -0.014416  
1366 23.750000 -0.015379 -0.014380  
1367 23.760000 -0.015235 -0.014344  
1368 23.770000 -0.015092 -0.014308  
1369 23.780000 -0.014949 -0.014273  
1370 23.790000 -0.014807 -0.014237  
1371 23.800000 -0.014664 -0.014201  
1372 23.810000 -0.014523 -0.014166  
1373 23.820000 -0.014381 -0.014131  
1374 23.830000 -0.014240 -0.014096  
1375 23.840000 -0.014099 -0.014060  
1376 23.850000 -0.013959 -0.014025  
1377 23.860000 -0.013819 -0.013991  
1378 23.870000 -0.013679 -0.013956  
1379 23.880000 -0.013540 -0.013921  
1380 23.890000 -0.013401 -0.013886  
1381 23.900000 -0.013262 -0.013852  
1382 23.910000 -0.013124 -0.013818  
1383 23.920000 -0.012986 -0.013783  
1384 23.930000 -0.012848 -0.013749  
1385 23.940000 -0.012711 -0.013715  
1386 23.950000 -0.012574 -0.013681  
1387 23.960000 -0.012437 -0.013647  
1388 23.970000 -0.012301 -0.013614  
1389 23.980000 -0.012165 -0.013580  
1390 23.990000 -0.012029 -0.013547  
1391 24.000000 -0.011894 -0.013513  
1392 24.010000 -0.011759 -0.013480  
1393 24.020000 -0.011624 -0.013447  
1394 24.030000 -0.011490 -0.013414  
1395 24.040000 -0.011356 -0.013380  
1396 24.050000 -0.011222 -0.013348  
1397 24.060000 -0.011089 -0.013315  
1398 24.070000 -0.010956 -0.013282  
1399 24.080000 -0.010823 -0.013249  
1400 24.090000 -0.010691 -0.013217  
1401 24.100000 -0.010559 -0.013184  
1402 24.110000 -0.010427 -0.013152  
1403 24.120000 -0.010296 -0.013120  
1404 24.130000 -0.010165 -0.013088  
1405 24.140000 -0.010034 -0.013056  
1406 24.150000 -0.009904 -0.013024  
1407 24.160000 -0.009774 -0.012992  
1408 24.170000 -0.009644 -0.012960  
1409 24.180000 -0.009514 -0.012929  
1410 24.190000 -0.009385 -0.012897  
1411 24.200000 -0.009256 -0.012866  
1412 24.210000 -0.009128 -0.012834  
1413 24.220000 -0.009000 -0.012803  
1414 24.230000 -0.008872 -0.012772  
1415 24.240000 -0.008744 -0.012741  
1416 24.250000 -0.008617 -0.012710  
1417 24.260000 -0.008490 -0.012679  
1418 24.270000 -0.008364 -0.012648  
1419 24.280000 -0.008237 -0.012617  
1420 24.290000 -0.008111 -0.012587  
1421 24.300000 -0.007985 -0.012556  
1422 24.310000 -0.007860 -0.012526  
1423 24.320000 -0.007735 -0.012496  
1424 24.330000 -0.007610 -0.012465  
1425 24.340000 -0.007486 -0.012435  
1426 24.350000 -0.007361 -0.012405  
1427 24.360000 -0.007238 -0.012375  
1428 24.370000 -0.007114 -0.012345  
1429 24.380000 -0.006991 -0.012315  
1430 24.390000 -0.006868 -0.012286  
1431 24.400000 -0.006745 -0.012256  
1432 24.410000 -0.006623 -0.012227  
1433 24.420000 -0.006500 -0.012197  
1434 24.430000 -0.006379 -0.012168  
1435 24.440000 -0.006257 -0.012138  
1436 24.450000 -0.006136 -0.012109  
1437 24.460000 -0.006015 -0.012080  
1438 24.470000 -0.005894 -0.012051  
1439 24.480000 -0.005774 -0.012022  
1440 24.490000 -0.005654 -0.011993  
1441 24.500000 -0.005534 -0.011965  
1442 24.510000 -0.005414 -0.011936  
1443 24.520000 -0.005295 -0.011907  
1444 24.530000 -0.005176 -0.011879  
1445 24.540000 -0.005058 -0.011850  
1446 24.550000 -0.004939 -0.011822  
1447 24.560000 -0.004821 -0.011794  
1448 24.570000 -0.004703 -0.011766  
1449 24.580000 -0.004586 -0.011738  
1450 24.590000 -0.004469 -0.011710  
1451 24.600000 -0.004352 -0.011682  
1452 24.610000 -0.004235 -0.011654  
1453 24.620000 -0.004119 -0.011626  
1454 24.630000 -0.004003 -0.011599  
1455 24.640000 -0.003887 -0.011571  
1456 24.650000 -0.003771 -0.011543  
1457 24.660000 -0.003656 -0.011516  
1458 24.670000 -0.003541 -0.011489  
1459 24.680000 -0.003426 -0.011461  
1460 24.690000 -0.003312 -0.011434  
1461 24.700000 -0.003197 -0.011407  
1462 24.710000 -0.003083 -0.011380  
1463 24.720000 -0.002970 -0.011353  
1464 24.730000 -0.002856 -0.011326  
1465 24.740000 -0.002743 -0.011299  
1466 24.750000 -0.002630 -0.011273  
1467 24.760000 -0.002518 -0.011246  
1468 24.770000 -0.002405 -0.011220  
1469 24.780000 -0.002293 -0.011193  
1470 24.790000 -0.002182 -0.011167  
1471 24.800000 -0.002070 -0.011140  
1472 24.810000 -0.001959 -0.011114  
1473 24.820000 -0.001848 -0.011088  
1474 24.830000 -0.001737 -0.011062  
1475 24.840000 -0.001627 -0.011036  
1476 24.850000 -0.001516 -0.011010  
1477 24.860000 -0.001406 -0.010984  
1478 24.870000 -0.001297 -0.010958  
1479 24.880000 -0.001187 -0.010932  
1480 24.890000 -0.001078 -0.010907  
1481 24.900000 -0.000969 -0.010881  
1482 24.910000 -0.000860 -0.010856  
1483 24.920000 -0.000752 -0.010830  
1484 24.930000 -0.000644 -0.010805  
1485 24.940000 -0.000536 -0.010780  
1486 24.950000 -0.000428 -0.010754  
1487 24.960000 -0.000321 -0.010729  
1488 24.970000 -0.000214 -0.010704  
1489 24.980000 -0.000107 -0.010679  
1490 24.990000 0.000000 -0.010654  
