1 10.100000 70153261321656.867188 6321594955348352.000000  
2 10.110000 29718787873183.355469 2434837226644648.500000  
3 10.120000 13566010863870.099609 1018954911428766.250000  
4 10.130000 6593440189417.558594 457198807447413.062500  
5 10.140000 3380411453653.202148 217685749519704.000000  
6 10.150000 1814767537356.146484 109086268922581.687500  
7 10.160000 1014106971135.923096 57155202749999.085938  
8 10.170000 587009940406.480713 31141527718831.960938  
9 10.180000 350555045521.921082 17566216867571.564453  
10 10.190000 215253534126.948212 10219792889147.306641  
11 10.200000 135515074033.623856 6112989194735.160156  
12 10.210000 87258902753.375778 3749184420147.631836  
13 10.220000 57346391591.212860 2352230150850.852539  
14 10.230000 38396137610.568840 1506627366129.551270  
15 10.240000 26149643478.573006 983445109779.242065  
16 10.250000 18089927374.155018 653193031936.768188  
17 10.260000 12696026484.533943 440847125029.916382  
18 10.270000 9029968735.232733 301970492055.304199  
19 10.280000 6502362290.725080 209702351855.238098  
20 10.290000 4736373694.855530 147497931736.301239  
21 10.300000 3487163786.479608 104987236328.269547  
22 10.310000 2593255559.042920 75564205021.990997  
23 10.320000 1946654747.559282 54956385320.444305  
24 10.330000 1474187531.013652 40361224237.816216  
25 10.340000 1125663792.578048 29915844198.357845  
26 10.350000 866260752.742726 22366479333.601189  
27 10.360000 671555595.993290 16859382131.165068  
28 10.370000 524244380.621148 12806751475.268892  
29 10.380000 411948719.174346 9799655394.597685  
30 10.390000 325732969.523779 7550787570.952506  
31 10.400000 259091025.033104 5856403395.528698  
32 10.410000 207246959.884289 4570733959.009376  
33 10.420000 166667666.969906 3588610120.910099  
34 10.430000 134720128.074054 2833546671.735829  
35 10.440000 109428303.676193 2249494817.195716  
36 10.450000 89299262.805393 1795083139.300699  
37 10.460000 73197854.605501 1439562276.601646  
38 10.470000 60255691.704142 1159926327.414655  
39 10.480000 49804578.033056 938853828.066329  
40 10.490000 41327482.469914 763224143.877320  
41 10.500000 34422197.235974 623040954.589854  
42 10.510000 28774229.933446 510645870.837311  
43 10.520000 24136461.425089 420140280.855541  
44 10.530000 20313792.700049 346957656.626767  
45 10.540000 17151492.872079 287545281.854594  
46 10.550000 14526308.936019 239126053.163849  
47 10.560000 12339647.898796 199519228.837276  
48 10.570000 10512322.384551 167004823.217447  
49 10.580000 8980481.916908 140220496.460627  
50 10.590000 7692447.879169 118082767.375996  
51 10.600000 6606240.552278 99726526.247720  
52 10.610000 5687638.649332 84458384.562341  
53 10.620000 4908650.406867 71720537.314650  
54 10.630000 4246304.144466 61062649.315812  
55 10.640000 3681687.852352 52119893.516327  
56 10.650000 3199183.687688 44595726.560316  
57 10.660000 2785855.622027 38248327.467933  
58 10.670000 2430957.887164 32879880.400601  
59 10.680000 2125539.052845 28328074.295023  
60 10.690000 1862122.083741 24459337.071531  
61 10.700000 1634444.971252 21163432.074040  
62 10.710000 1437249.821425 18349128.168813  
63 10.720000 1266110.831452 15940719.010401  
64 10.730000 1117293.575296 13875216.196010  
65 10.740000 987639.573950 12100078.968099  
66 10.750000 874471.346238 10571372.480810  
67 10.760000 775514.097156 9252269.442251  
68 10.770000 688830.960142 8111827.709520  
69 10.780000 612769.311623 7123990.304313  
70 10.790000 545916.154836 6266765.214888  
71 10.800000 487060.951659 5521550.927458  
72 10.810000 435164.586596 4872580.402201  
73 10.820000 389333.392041 4306461.572279  
74 10.830000 348797.361056 3811796.704291  
75 10.840000 312891.832914 3378866.352289  
76 10.850000 281042.065256 2999366.348585  
77 10.860000 252750.211054 2666188.446476  
78 10.870000 227584.303347 2373236.974539  
79 10.880000 205168.919869 2115275.267160  
80 10.890000 185177.256156 1887796.770400  
81 10.900000 167324.381980 1686916.640572  
82 10.910000 151361.493924 1509280.398066  
83 10.920000 137071.008168 1351986.804988  
84 10.930000 124262.363292 1212522.629370  
85 10.940000 112768.424214 1088707.362424  
86 10.950000 102442.395983 978646.286047  
87 10.960000 93155.170804 880690.559163  
88 10.970000 84793.043787 793403.214767  
89 10.980000 77255.743112 715530.143511  
90 10.990000 70454.728681 645975.291694  
91 11.000000 64311.720466 583779.427250  
92 11.010000 58757.423653 528101.931671  
93 11.020000 53730.422668 478205.162414  
94 11.030000 49176.220346 433441.002499  
95 11.040000 45046.402044 393239.274123  
96 11.050000 41297.907446 357097.743406  
97 11.060000 37892.395347 324573.485377  
98 11.070000 34795.688814 295275.413631  
99 11.080000 31977.289926 268857.808649  
100 11.090000 29409.954841 245014.703688  
101 11.100000 27069.321217 223475.008158  
102 11.110000 24933.581153 203998.266068  
103 11.120000 22983.193732 186370.962140  
104 11.130000 21200.632087 170403.300827  
105 11.140000 19570.160579 155926.394237  
106 11.150000 18077.638288 142789.804068  
107 11.160000 16710.345508 130859.390456  
108 11.170000 15456.830393 120015.427184  
109 11.180000 14306.773270 110150.948404  
110 11.190000 13250.866447 101170.296779  
111 11.200000 12280.707649 92987.847104  
112 11.210000 11388.705431 85526.882967  
113 11.220000 10567.995144 78718.607038  
114 11.230000 9812.364196 72501.268185  
115 11.240000 9116.185529 66819.390810  
116 11.250000 8474.358333 61623.093756  
117 11.260000 7882.255178 56867.487763  
118 11.270000 7335.674819 52512.141889  
119 11.280000 6830.800021 48520.610545  
120 11.290000 6364.159847 44860.013860  
121 11.300000 5932.595902 41500.665007  
122 11.310000 5533.232089 38415.738933  
123 11.320000 5163.447497 35580.977621  
124 11.330000 4820.852062 32974.427625  
125 11.340000 4503.264722 30576.206129  
126 11.350000 4208.693767 28368.292264  
127 11.360000 3935.319170 26334.340772  
128 11.370000 3681.476682 24459.515512  
129 11.380000 3445.643495 22730.340549  
130 11.390000 3226.425322 21134.566870  
131 11.400000 3022.544736 19661.052990  
132 11.410000 2832.830634 18299.657912  
133 11.420000 2656.208727 17041.145093  
134 11.430000 2491.692934 15877.096211  
135 11.440000 2338.377590 14799.833678  
136 11.450000 2195.430396 13802.350959  
137 11.460000 2062.086027 12878.249864  
138 11.470000 1937.640336 12021.684072  
139 11.480000 1821.445096 11227.308238  
140 11.490000 1712.903218 10490.232082  
141 11.500000 1611.464419 9805.978970  
142 11.510000 1516.621268 9170.448490  
143 11.520000 1427.905602 8579.882644  
144 11.530000 1344.885252 8030.835265  
145 11.540000 1267.161070 7520.144341  
146 11.550000 1194.364213 7044.906957  
147 11.560000 1126.153665 6602.456587  
148 11.570000 1062.213982 6190.342501  
149 11.580000 1002.253226 5806.311085  
150 11.590000 946.001081 5448.288880  
151 11.600000 893.207130 5114.367175  
152 11.610000 843.639278 4802.788006  
153 11.620000 797.082309 4511.931410  
154 11.630000 753.336566 4240.303845  
155 11.640000 712.216739 3986.527625  
156 11.650000 673.550758 3749.331309  
157 11.660000 637.178770 3527.540928  
158 11.670000 602.952210 3320.071998  
159 11.680000 570.732941 3125.922209  
160 11.690000 540.392466 2944.164772  
161 11.700000 511.811203 2773.942322  
162 11.710000 484.877821 2614.461357  
163 11.720000 459.488626 2464.987142  
164 11.730000 435.546997 2324.839055  
165 11.740000 412.962866 2193.386319  
166 11.750000 391.652240 2070.044092  
167 11.760000 371.536761 1954.269894  
168 11.770000 352.543297 1845.560313  
169 11.780000 334.603568 1743.447998  
170 11.790000 317.653797 1647.498895  
171 11.800000 301.634393 1557.309702  
172 11.810000 286.489656 1472.505542  
173 11.820000 272.167497 1392.737814  
174 11.830000 258.619195 1317.682223  
175 11.840000 245.799154 1247.036965  
176 11.850000 233.664693 1180.521055  
177 11.860000 222.175843 1117.872793  
178 11.870000 211.295160 1058.848343  
179 11.880000 200.987556 1003.220430  
180 11.890000 191.220137 950.777132  
181 11.900000 181.962058 901.320772  
182 11.910000 173.184382 854.666892  
183 11.920000 164.859954 810.643307  
184 11.930000 156.963285 769.089228  
185 11.940000 149.470439 729.854456  
186 11.950000 142.358934 692.798634  
187 11.960000 135.607642 657.790559  
188 11.970000 129.196706 624.707536  
189 11.980000 123.107458 593.434795  
190 11.990000 117.322335 563.864937  
191 12.000000 111.824818 535.897430  
192 12.010000 106.599360 509.438135  
193 12.020000 101.631323 484.398875  
194 12.030000 96.906925 460.697028  
195 12.040000 92.413183 438.255152  
196 12.050000 88.137864 417.000636  
197 12.060000 84.069440 396.865381  
198 12.070000 80.197039 377.785495  
199 12.080000 76.510412 359.701018  
200 12.090000 72.999889 342.555661  
201 12.100000 69.656345 326.296564  
202 12.110000 66.471169 310.874076  
203 12.120000 63.436231 296.241542  
204 12.130000 60.543852 282.355113  
205 12.140000 57.786779 269.173561  
206 12.150000 55.158160 256.658114  
207 12.160000 52.651518 244.772301  
208 12.170000 50.260730 233.481800  
209 12.180000 47.980006 222.754307  
210 12.190000 45.803869 212.559408  
211 12.200000 43.727138 202.868458  
212 12.210000 41.744910 193.654475  
213 12.220000 39.852544 184.892032  
214 12.230000 38.045644 176.557163  
215 12.240000 36.320051 168.627276  
216 12.250000 34.671820 161.081062  
217 12.260000 33.097218 153.898422  
218 12.270000 31.592703 147.060392  
219 12.280000 30.154921 140.549074  
220 12.290000 28.780689 134.347572  
221 12.300000 27.466990 128.439932  
222 12.310000 26.210961 122.811084  
223 12.320000 25.009886 117.446794  
224 12.330000 23.861188 112.333607  
225 12.340000 22.762420 107.458810  
226 12.350000 21.711258 102.810381  
227 12.360000 20.705496 98.376951  
228 12.370000 19.743038 94.147769  
229 12.380000 18.821893 90.112661  
230 12.390000 17.940170 86.261999  
231 12.400000 17.096069 82.586673  
232 12.410000 16.287881 79.078054  
233 12.420000 15.513979 75.727972  
234 12.430000 14.772819 72.528689  
235 12.440000 14.062927 69.472875  
236 12.450000 13.382906 66.553581  
237 12.460000 12.731423 63.764222  
238 12.470000 12.107209 61.098557  
239 12.480000 11.509059 58.550666  
240 12.490000 10.935822 56.114934  
241 12.500000 10.386404 53.786036  
242 12.510000 9.859762 51.558918  
243 12.520000 9.354903 49.428784  
244 12.530000 8.870879 47.391082  
245 12.540000 8.406787 45.441489  
246 12.550000 7.961769 43.575901  
247 12.560000 7.535002 41.790420  
248 12.570000 7.125706 40.081341  
249 12.580000 6.733133 38.445145  
250 12.590000 6.356571 36.878487  
251 12.600000 5.995342 35.378188  
252 12.610000 5.648796 33.941225  
253 12.620000 5.316316 32.564723  
254 12.630000 4.997309 31.245948  
255 12.640000 4.691213 29.982299  
256 12.650000 4.397488 28.771301  
257 12.660000 4.115619 27.610598  
258 12.670000 3.845116 26.497949  
259 12.680000 3.585507 25.431219  
260 12.690000 3.336345 24.408377  
261 12.700000 3.097200 23.427485  
262 12.710000 2.867662 22.486702  
263 12.720000 2.647338 21.584269  
264 12.730000 2.435854 20.718514  
265 12.740000 2.232851 19.887841  
266 12.750000 2.037985 19.090729  
267 12.760000 1.850929 18.325729  
268 12.770000 1.671368 17.591459  
269 12.780000 1.499002 16.886600  
270 12.790000 1.333543 16.209893  
271 12.800000 1.174714 15.560141  
272 12.810000 1.022254 14.936197  
273 12.820000 0.875908 14.336970  
274 12.830000 0.735435 13.761416  
275 12.840000 0.600604 13.208539  
276 12.850000 0.471192 12.677390  
277 12.860000 0.346987 12.167060  
278 12.870000 0.227784 11.676682  
279 12.880000 0.113390 11.205428  
280 12.890000 0.003615 10.752506  
281 12.900000 -0.101719 10.317161  
282 12.910000 -0.202785 9.898668  
283 12.920000 -0.299746 9.496339  
284 12.930000 -0.392763 9.109511  
285 12.940000 -0.481986 8.737554  
286 12.950000 -0.567562 8.379864  
287 12.960000 -0.649629 8.035862  
288 12.970000 -0.728323 7.704997  
289 12.980000 -0.803771 7.386739  
290 12.990000 -0.876098 7.080583  
291 13.000000 -0.945421 6.786045  
292 13.010000 -1.011856 6.502661  
293 13.020000 -1.075510 6.229988  
294 13.030000 -1.136490 5.967601  
295 13.040000 -1.194895 5.715093  
296 13.050000 -1.250823 5.472075  
297 13.060000 -1.304367 5.238174  
298 13.070000 -1.355616 5.013033  
299 13.080000 -1.404656 4.796308  
300 13.090000 -1.451569 4.587673  
301 13.100000 -1.496435 4.386812  
302 13.110000 -1.539330 4.193424  
303 13.120000 -1.580328 4.007221  
304 13.130000 -1.619498 3.827925  
305 13.140000 -1.656908 3.655272  
306 13.150000 -1.692625 3.489005  
307 13.160000 -1.726709 3.328882  
308 13.170000 -1.759222 3.174667  
309 13.180000 -1.790221 3.026136  
310 13.190000 -1.819763 2.883074  
311 13.200000 -1.847900 2.745273  
312 13.210000 -1.874685 2.612535  
313 13.220000 -1.900167 2.484669  
314 13.230000 -1.924394 2.361492  
315 13.240000 -1.947412 2.242830  
316 13.250000 -1.969265 2.128512  
317 13.260000 -1.989996 2.018377  
318 13.270000 -2.009646 1.912269  
319 13.280000 -2.028255 1.810040  
320 13.290000 -2.045859 1.711545  
321 13.300000 -2.062497 1.616647  
322 13.310000 -2.078204 1.525213  
323 13.320000 -2.093013 1.437115  
324 13.330000 -2.106957 1.352233  
325 13.340000 -2.120068 1.270447  
326 13.350000 -2.132376 1.191645  
327 13.360000 -2.143910 1.115719  
328 13.370000 -2.154699 1.042563  
329 13.380000 -2.164770 0.972077  
330 13.390000 -2.174150 0.904165  
331 13.400000 -2.182862 0.838734  
332 13.410000 -2.190932 0.775694  
333 13.420000 -2.198384 0.714960  
334 13.430000 -2.205239 0.656448  
335 13.440000 -2.211520 0.600079  
336 13.450000 -2.217247 0.545776  
337 13.460000 -2.222442 0.493466  
338 13.470000 -2.227123 0.443078  
339 13.480000 -2.231310 0.394544  
340 13.490000 -2.235020 0.347797  
341 13.500000 -2.238271 0.302774  
342 13.510000 -2.241081 0.259415  
343 13.520000 -2.243465 0.217660  
344 13.530000 -2.245439 0.177454  
345 13.540000 -2.247019 0.138741  
346 13.550000 -2.248219 0.101470  
347 13.560000 -2.249053 0.065590  
348 13.570000 -2.249535 0.031052  
349 13.580000 -2.249678 -0.002191  
350 13.590000 -2.249495 -0.034184  
351 13.600000 -2.248999 -0.064970  
352 13.610000 -2.248200 -0.094592  
353 13.620000 -2.247111 -0.123089  
354 13.630000 -2.245742 -0.150502  
355 13.640000 -2.244104 -0.176867  
356 13.650000 -2.242208 -0.202220  
357 13.660000 -2.240063 -0.226597  
358 13.670000 -2.237679 -0.250031  
359 13.680000 -2.235065 -0.272555  
360 13.690000 -2.232231 -0.294200  
361 13.700000 -2.229184 -0.314997  
362 13.710000 -2.225934 -0.334974  
363 13.720000 -2.222487 -0.354159  
364 13.730000 -2.218853 -0.372580  
365 13.740000 -2.215038 -0.390263  
366 13.750000 -2.211050 -0.407233  
367 13.760000 -2.206896 -0.423515  
368 13.770000 -2.202582 -0.439131  
369 13.780000 -2.198115 -0.454105  
370 13.790000 -2.193502 -0.468459  
371 13.800000 -2.188748 -0.482213  
372 13.810000 -2.183860 -0.495389  
373 13.820000 -2.178842 -0.508005  
374 13.830000 -2.173701 -0.520081  
375 13.840000 -2.168442 -0.531635  
376 13.850000 -2.163070 -0.542686  
377 13.860000 -2.157590 -0.553249  
378 13.870000 -2.152007 -0.563342  
379 13.880000 -2.146325 -0.572980  
380 13.890000 -2.140549 -0.582179  
381 13.900000 -2.134683 -0.590955  
382 13.910000 -2.128731 -0.599320  
383 13.920000 -2.122698 -0.607290  
384 13.930000 -2.116587 -0.614877  
385 13.940000 -2.110401 -0.622094  
386 13.950000 -2.104146 -0.628955  
387 13.960000 -2.097823 -0.635471  
388 13.970000 -2.091438 -0.641654  
389 13.980000 -2.084991 -0.647515  
390 13.990000 -2.078488 -0.653066  
391 14.000000 -2.071931 -0.658316  
392 14.010000 -2.065323 -0.663276  
393 14.020000 -2.058667 -0.667956  
394 14.030000 -2.051965 -0.672365  
395 14.040000 -2.045220 -0.676513  
396 14.050000 -2.038435 -0.680408  
397 14.060000 -2.031613 -0.684059  
398 14.070000 -2.024755 -0.687475  
399 14.080000 -2.017864 -0.690663  
400 14.090000 -2.010942 -0.693632  
401 14.100000 -2.003992 -0.696389  
402 14.110000 -1.997015 -0.698940  
403 14.120000 -1.990014 -0.701294  
404 14.130000 -1.982990 -0.703457  
405 14.140000 -1.975945 -0.705435  
406 14.150000 -1.968882 -0.707236  
407 14.160000 -1.961801 -0.708865  
408 14.170000 -1.954705 -0.710327  
409 14.180000 -1.947595 -0.711630  
410 14.190000 -1.940473 -0.712778  
411 14.200000 -1.933340 -0.713777  
412 14.210000 -1.926198 -0.714632  
413 14.220000 -1.919048 -0.715348  
414 14.230000 -1.911892 -0.715930  
415 14.240000 -1.904730 -0.716383  
416 14.250000 -1.897564 -0.716712  
417 14.260000 -1.890396 -0.716920  
418 14.270000 -1.883226 -0.717012  
419 14.280000 -1.876056 -0.716992  
420 14.290000 -1.868887 -0.716865  
421 14.300000 -1.861719 -0.716634  
422 14.310000 -1.854554 -0.716302  
423 14.320000 -1.847393 -0.715875  
424 14.330000 -1.840237 -0.715354  
425 14.340000 -1.833087 -0.714744  
426 14.350000 -1.825943 -0.714047  
427 14.360000 -1.818806 -0.713267  
428 14.370000 -1.811678 -0.712408  
429 14.380000 -1.804558 -0.711471  
430 14.390000 -1.797448 -0.710461  
431 14.400000 -1.790349 -0.709379  
432 14.410000 -1.783261 -0.708228  
433 14.420000 -1.776185 -0.707012  
434 14.430000 -1.769121 -0.705732  
435 14.440000 -1.762070 -0.704391  
436 14.450000 -1.755033 -0.702992  
437 14.460000 -1.748011 -0.701536  
438 14.470000 -1.741003 -0.700026  
439 14.480000 -1.734010 -0.698465  
440 14.490000 -1.727034 -0.696854  
441 14.500000 -1.720073 -0.695195  
442 14.510000 -1.713130 -0.693490  
443 14.520000 -1.706204 -0.691741  
444 14.530000 -1.699295 -0.689950  
445 14.540000 -1.692405 -0.688119  
446 14.550000 -1.685533 -0.686250  
447 14.560000 -1.678680 -0.684343  
448 14.570000 -1.671846 -0.682401  
449 14.580000 -1.665032 -0.680426  
450 14.590000 -1.658238 -0.678418  
451 14.600000 -1.651464 -0.676379  
452 14.610000 -1.644710 -0.674312  
453 14.620000 -1.637978 -0.672216  
454 14.630000 -1.631266 -0.670093  
455 14.640000 -1.624576 -0.667945  
456 14.650000 -1.617907 -0.665773  
457 14.660000 -1.611261 -0.663578  
458 14.670000 -1.604636 -0.661362  
459 14.680000 -1.598033 -0.659124  
460 14.690000 -1.591453 -0.656868  
461 14.700000 -1.584896 -0.654592  
462 14.710000 -1.578362 -0.652299  
463 14.720000 -1.571850 -0.649990  
464 14.730000 -1.565362 -0.647665  
465 14.740000 -1.558897 -0.645326  
466 14.750000 -1.552455 -0.642972  
467 14.760000 -1.546038 -0.640606  
468 14.770000 -1.539643 -0.638228  
469 14.780000 -1.533273 -0.635839  
470 14.790000 -1.526927 -0.633439  
471 14.800000 -1.520604 -0.631029  
472 14.810000 -1.514306 -0.628611  
473 14.820000 -1.508032 -0.626184  
474 14.830000 -1.501782 -0.623750  
475 14.840000 -1.495557 -0.621309  
476 14.850000 -1.489356 -0.618862  
477 14.860000 -1.483180 -0.616409  
478 14.870000 -1.477028 -0.613950  
479 14.880000 -1.470901 -0.611488  
480 14.890000 -1.464798 -0.609021  
481 14.900000 -1.458720 -0.606552  
482 14.910000 -1.452667 -0.604079  
483 14.920000 -1.446639 -0.601604  
484 14.930000 -1.440635 -0.599127  
485 14.940000 -1.434656 -0.596649  
486 14.950000 -1.428702 -0.594169  
487 14.960000 -1.422773 -0.591690  
488 14.970000 -1.416869 -0.589210  
489 14.980000 -1.410989 -0.586730  
490 14.990000 -1.405134 -0.584251  
491 15.000000 -1.399304 -0.581774  
492 15.010000 -1.393498 -0.579297  
493 15.020000 -1.387718 -0.576823  
494 15.030000 -1.381962 -0.574351  
495 15.040000 -1.376231 -0.571881  
496 15.050000 -1.370524 -0.569414  
497 15.060000 -1.364843 -0.566950  
498 15.070000 -1.359185 -0.564489  
499 15.080000 -1.353553 -0.562033  
500 15.090000 -1.347945 -0.559580  
501 15.100000 -1.342361 -0.557131  
502 15.110000 -1.336802 -0.554687  
503 15.120000 -1.331267 -0.552247  
504 15.130000 -1.325757 -0.549813  
505 15.140000 -1.320271 -0.547384  
506 15.150000 -1.314809 -0.544960  
507 15.160000 -1.309372 -0.542541  
508 15.170000 -1.303959 -0.540129  
509 15.180000 -1.298569 -0.537722  
510 15.190000 -1.293204 -0.535322  
511 15.200000 -1.287863 -0.532928  
512 15.210000 -1.282545 -0.530540  
513 15.220000 -1.277252 -0.528159  
514 15.230000 -1.271982 -0.525785  
515 15.240000 -1.266736 -0.523418  
516 15.250000 -1.261514 -0.521058  
517 15.260000 -1.256315 -0.518706  
518 15.270000 -1.251140 -0.516361  
519 15.280000 -1.245988 -0.514023  
520 15.290000 -1.240859 -0.511693  
521 15.300000 -1.235754 -0.509371  
522 15.310000 -1.230672 -0.507056  
523 15.320000 -1.225613 -0.504750  
524 15.330000 -1.220577 -0.502451  
525 15.340000 -1.215564 -0.500161  
526 15.350000 -1.210574 -0.497879  
527 15.360000 -1.205606 -0.495606  
528 15.370000 -1.200661 -0.493341  
529 15.380000 -1.195739 -0.491084  
530 15.390000 -1.190840 -0.488836  
531 15.400000 -1.185963 -0.486597  
532 15.410000 -1.181108 -0.484366  
533 15.420000 -1.176275 -0.482144  
534 15.430000 -1.171465 -0.479931  
535 15.440000 -1.166677 -0.477727  
536 15.450000 -1.161910 -0.475531  
537 15.460000 -1.157166 -0.473345  
538 15.470000 -1.152443 -0.471168  
539 15.480000 -1.147742 -0.469000  
540 15.490000 -1.143063 -0.466841  
541 15.500000 -1.138406 -0.464691  
542 15.510000 -1.133769 -0.462550  
543 15.520000 -1.129155 -0.460418  
544 15.530000 -1.124561 -0.458296  
545 15.540000 -1.119989 -0.456183  
546 15.550000 -1.115437 -0.454079  
547 15.560000 -1.110907 -0.451984  
548 15.570000 -1.106398 -0.449899  
549 15.580000 -1.101909 -0.447823  
550 15.590000 -1.097441 -0.445757  
551 15.600000 -1.092994 -0.443700  
552 15.610000 -1.088567 -0.441652  
553 15.620000 -1.084161 -0.439613  
554 15.630000 -1.079775 -0.437584  
555 15.640000 -1.075409 -0.435565  
556 15.650000 -1.071064 -0.433554  
557 15.660000 -1.066738 -0.431553  
558 15.670000 -1.062432 -0.429562  
559 15.680000 -1.058147 -0.427580  
560 15.690000 -1.053881 -0.425607  
561 15.700000 -1.049635 -0.423643  
562 15.710000 -1.045408 -0.421689  
563 15.720000 -1.041201 -0.419745  
564 15.730000 -1.037013 -0.417809  
565 15.740000 -1.032845 -0.415883  
566 15.750000 -1.028695 -0.413966  
567 15.760000 -1.024565 -0.412059  
568 15.770000 -1.020454 -0.410161  
569 15.780000 -1.016362 -0.408272  
570 15.790000 -1.012289 -0.406393  
571 15.800000 -1.008234 -0.404522  
572 15.810000 -1.004198 -0.402661  
573 15.820000 -1.000181 -0.400809  
574 15.830000 -0.996182 -0.398966  
575 15.840000 -0.992201 -0.397133  
576 15.850000 -0.988239 -0.395308  
577 15.860000 -0.984295 -0.393493  
578 15.870000 -0.980369 -0.391687  
579 15.880000 -0.976461 -0.389890  
580 15.890000 -0.972572 -0.388101  
581 15.900000 -0.968699 -0.386322  
582 15.910000 -0.964845 -0.384552  
583 15.920000 -0.961008 -0.382791  
584 15.930000 -0.957189 -0.381039  
585 15.940000 -0.953388 -0.379295  
586 15.950000 -0.949603 -0.377561  
587 15.960000 -0.945836 -0.375835  
588 15.970000 -0.942087 -0.374118  
589 15.980000 -0.938354 -0.372410  
590 15.990000 -0.934638 -0.370711  
591 16.000000 -0.930940 -0.369020  
592 16.010000 -0.927258 -0.367338  
593 16.020000 -0.923593 -0.365665  
594 16.030000 -0.919945 -0.364000  
595 16.040000 -0.916313 -0.362344  
596 16.050000 -0.912698 -0.360697  
597 16.060000 -0.909099 -0.359058  
598 16.070000 -0.905516 -0.357427  
599 16.080000 -0.901950 -0.355805  
600 16.090000 -0.898400 -0.354192  
601 16.100000 -0.894866 -0.352587  
602 16.110000 -0.891349 -0.350990  
603 16.120000 -0.887847 -0.349401  
604 16.130000 -0.884360 -0.347821  
605 16.140000 -0.880890 -0.346249  
606 16.150000 -0.877435 -0.344685  
607 16.160000 -0.873996 -0.343129  
608 16.170000 -0.870573 -0.341581  
609 16.180000 -0.867165 -0.340042  
610 16.190000 -0.863772 -0.338511  
611 16.200000 -0.860395 -0.336987  
612 16.210000 -0.857032 -0.335472  
613 16.220000 -0.853685 -0.333964  
614 16.230000 -0.850353 -0.332465  
615 16.240000 -0.847036 -0.330973  
616 16.250000 -0.843733 -0.329489  
617 16.260000 -0.840446 -0.328013  
618 16.270000 -0.837173 -0.326545  
619 16.280000 -0.833915 -0.325084  
620 16.290000 -0.830671 -0.323631  
621 16.300000 -0.827442 -0.322186  
622 16.310000 -0.824228 -0.320748  
623 16.320000 -0.821027 -0.319318  
624 16.330000 -0.817841 -0.317895  
625 16.340000 -0.814669 -0.316480  
626 16.350000 -0.811512 -0.315072  
627 16.360000 -0.808368 -0.313672  
628 16.370000 -0.805238 -0.312279  
629 16.380000 -0.802122 -0.310894  
630 16.390000 -0.799020 -0.309516  
631 16.400000 -0.795932 -0.308145  
632 16.410000 -0.792857 -0.306781  
633 16.420000 -0.789796 -0.305424  
634 16.430000 -0.786749 -0.304075  
635 16.440000 -0.783715 -0.302733  
636 16.450000 -0.780694 -0.301397  
637 16.460000 -0.777687 -0.300069  
638 16.470000 -0.774693 -0.298748  
639 16.480000 -0.771712 -0.297434  
640 16.490000 -0.768744 -0.296127  
641 16.500000 -0.765789 -0.294826  
642 16.510000 -0.762848 -0.293533  
643 16.520000 -0.759919 -0.292246  
644 16.530000 -0.757003 -0.290966  
645 16.540000 -0.754099 -0.289693  
646 16.550000 -0.751209 -0.288426  
647 16.560000 -0.748331 -0.287167  
648 16.570000 -0.745465 -0.285913  
649 16.580000 -0.742612 -0.284667  
650 16.590000 -0.739772 -0.283427  
651 16.600000 -0.736944 -0.282193  
652 16.610000 -0.734128 -0.280966  
653 16.620000 -0.731325 -0.279746  
654 16.630000 -0.728533 -0.278532  
655 16.640000 -0.725754 -0.277324  
656 16.650000 -0.722987 -0.276122  
657 16.660000 -0.720231 -0.274927  
658 16.670000 -0.717488 -0.273739  
659 16.680000 -0.714757 -0.272556  
660 16.690000 -0.712037 -0.271380  
661 16.700000 -0.709329 -0.270209  
662 16.710000 -0.706633 -0.269045  
663 16.720000 -0.703948 -0.267887  
664 16.730000 -0.701275 -0.266735  
665 16.740000 -0.698613 -0.265589  
666 16.750000 -0.695963 -0.264450  
667 16.760000 -0.693324 -0.263316  
668 16.770000 -0.690697 -0.262188  
669 16.780000 -0.688081 -0.261066  
670 16.790000 -0.685476 -0.259949  
671 16.800000 -0.682882 -0.258839  
672 16.810000 -0.680299 -0.257734  
673 16.820000 -0.677727 -0.256635  
674 16.830000 -0.675166 -0.255542  
675 16.840000 -0.672616 -0.254455  
676 16.850000 -0.670077 -0.253373  
677 16.860000 -0.667549 -0.252297  
678 16.870000 -0.665031 -0.251226  
679 16.880000 -0.662524 -0.250161  
680 16.890000 -0.660028 -0.249102  
681 16.900000 -0.657542 -0.248048  
682 16.910000 -0.655067 -0.247000  
683 16.920000 -0.652602 -0.245957  
684 16.930000 -0.650148 -0.244919  
685 16.940000 -0.647704 -0.243887  
686 16.950000 -0.645270 -0.242860  
687 16.960000 -0.642846 -0.241838  
688 16.970000 -0.640433 -0.240822  
689 16.980000 -0.638030 -0.239811  
690 16.990000 -0.635637 -0.238805  
691 17.000000 -0.633254 -0.237805  
692 17.010000 -0.630881 -0.236809  
693 17.020000 -0.628518 -0.235819  
694 17.030000 -0.626164 -0.234834  
695 17.040000 -0.623821 -0.233853  
696 17.050000 -0.621487 -0.232878  
697 17.060000 -0.619163 -0.231908  
698 17.070000 -0.616849 -0.230943  
699 17.080000 -0.614544 -0.229983  
700 17.090000 -0.612249 -0.229028  
701 17.100000 -0.609964 -0.228077  
702 17.110000 -0.607688 -0.227132  
703 17.120000 -0.605421 -0.226191  
704 17.130000 -0.603164 -0.225256  
705 17.140000 -0.600916 -0.224325  
706 17.150000 -0.598677 -0.223398  
707 17.160000 -0.596448 -0.222477  
708 17.170000 -0.594228 -0.221560  
709 17.180000 -0.592017 -0.220648  
710 17.190000 -0.589815 -0.219740  
711 17.200000 -0.587622 -0.218838  
712 17.210000 -0.585438 -0.217939  
713 17.220000 -0.583263 -0.217046  
714 17.230000 -0.581097 -0.216156  
715 17.240000 -0.578940 -0.215272  
716 17.250000 -0.576792 -0.214392  
717 17.260000 -0.574652 -0.213516  
718 17.270000 -0.572521 -0.212645  
719 17.280000 -0.570399 -0.211778  
720 17.290000 -0.568286 -0.210915  
721 17.300000 -0.566181 -0.210057  
722 17.310000 -0.564085 -0.209203  
723 17.320000 -0.561997 -0.208354  
724 17.330000 -0.559918 -0.207509  
725 17.340000 -0.557847 -0.206668  
726 17.350000 -0.555784 -0.205831  
727 17.360000 -0.553730 -0.204999  
728 17.370000 -0.551684 -0.204170  
729 17.380000 -0.549647 -0.203346  
730 17.390000 -0.547617 -0.202526  
731 17.400000 -0.545596 -0.201710  
732 17.410000 -0.543583 -0.200898  
733 17.420000 -0.541578 -0.200091  
734 17.430000 -0.539581 -0.199287  
735 17.440000 -0.537592 -0.198487  
736 17.450000 -0.535612 -0.197691  
737 17.460000 -0.533639 -0.196900  
738 17.470000 -0.531673 -0.196112  
739 17.480000 -0.529716 -0.195328  
740 17.490000 -0.527767 -0.194548  
741 17.500000 -0.525825 -0.193772  
742 17.510000 -0.523891 -0.193000  
743 17.520000 -0.521965 -0.192231  
744 17.530000 -0.520047 -0.191467  
745 17.540000 -0.518136 -0.190706  
746 17.550000 -0.516233 -0.189949  
747 17.560000 -0.514337 -0.189196  
748 17.570000 -0.512449 -0.188446  
749 17.580000 -0.510568 -0.187700  
750 17.590000 -0.508695 -0.186958  
751 17.600000 -0.506829 -0.186220  
752 17.610000 -0.504970 -0.185485  
753 17.620000 -0.503119 -0.184753  
754 17.630000 -0.501275 -0.184026  
755 17.640000 -0.499439 -0.183302  
756 17.650000 -0.497609 -0.182581  
757 17.660000 -0.495787 -0.181864  
758 17.670000 -0.493972 -0.181151  
759 17.680000 -0.492164 -0.180441  
760 17.690000 -0.490363 -0.179734  
761 17.700000 -0.488569 -0.179031  
762 17.710000 -0.486782 -0.178331  
763 17.720000 -0.485003 -0.177635  
764 17.730000 -0.483230 -0.176942  
765 17.740000 -0.481464 -0.176253  
766 17.750000 -0.479705 -0.175567  
767 17.760000 -0.477952 -0.174884  
768 17.770000 -0.476207 -0.174204  
769 17.780000 -0.474468 -0.173528  
770 17.790000 -0.472736 -0.172855  
771 17.800000 -0.471011 -0.172186  
772 17.810000 -0.469293 -0.171519  
773 17.820000 -0.467581 -0.170856  
774 17.830000 -0.465876 -0.170196  
775 17.840000 -0.464177 -0.169539  
776 17.850000 -0.462485 -0.168886  
777 17.860000 -0.460799 -0.168235  
778 17.870000 -0.459120 -0.167588  
779 17.880000 -0.457447 -0.166944  
780 17.890000 -0.455781 -0.166303  
781 17.900000 -0.454121 -0.165665  
782 17.910000 -0.452468 -0.165030  
783 17.920000 -0.450821 -0.164398  
784 17.930000 -0.449180 -0.163769  
785 17.940000 -0.447545 -0.163143  
786 17.950000 -0.445917 -0.162520  
787 17.960000 -0.444295 -0.161900  
788 17.970000 -0.442679 -0.161283  
789 17.980000 -0.441069 -0.160669  
790 17.990000 -0.439466 -0.160058  
791 18.000000 -0.437868 -0.159450  
792 18.010000 -0.436277 -0.158845  
793 18.020000 -0.434691 -0.158242  
794 18.030000 -0.433112 -0.157643  
795 18.040000 -0.431538 -0.157046  
796 18.050000 -0.429971 -0.156452  
797 18.060000 -0.428409 -0.155861  
798 18.070000 -0.426854 -0.155273  
799 18.080000 -0.425304 -0.154687  
800 18.090000 -0.423760 -0.154104  
801 18.100000 -0.422222 -0.153524  
802 18.110000 -0.420689 -0.152947  
803 18.120000 -0.419163 -0.152372  
804 18.130000 -0.417642 -0.151801  
805 18.140000 -0.416127 -0.151231  
806 18.150000 -0.414617 -0.150665  
807 18.160000 -0.413113 -0.150101  
808 18.170000 -0.411615 -0.149540  
809 18.180000 -0.410123 -0.148981  
810 18.190000 -0.408636 -0.148425  
811 18.200000 -0.407154 -0.147872  
812 18.210000 -0.405678 -0.147321  
813 18.220000 -0.404208 -0.146773  
814 18.230000 -0.402743 -0.146227  
815 18.240000 -0.401283 -0.145684  
816 18.250000 -0.399829 -0.145144  
817 18.260000 -0.398380 -0.144605  
818 18.270000 -0.396937 -0.144070  
819 18.280000 -0.395499 -0.143537  
820 18.290000 -0.394066 -0.143006  
821 18.300000 -0.392639 -0.142478  
822 18.310000 -0.391217 -0.141952  
823 18.320000 -0.389800 -0.141429  
824 18.330000 -0.388388 -0.140908  
825 18.340000 -0.386982 -0.140390  
826 18.350000 -0.385580 -0.139874  
827 18.360000 -0.384184 -0.139360  
828 18.370000 -0.382793 -0.138849  
829 18.380000 -0.381407 -0.138340  
830 18.390000 -0.380026 -0.137833  
831 18.400000 -0.378650 -0.137329  
832 18.410000 -0.377280 -0.136827  
833 18.420000 -0.375914 -0.136327  
834 18.430000 -0.374553 -0.135829  
835 18.440000 -0.373197 -0.135334  
836 18.450000 -0.371846 -0.134841  
837 18.460000 -0.370500 -0.134351  
838 18.470000 -0.369159 -0.133862  
839 18.480000 -0.367823 -0.133376  
840 18.490000 -0.366492 -0.132892  
841 18.500000 -0.365165 -0.132410  
842 18.510000 -0.363844 -0.131931  
843 18.520000 -0.362527 -0.131453  
844 18.530000 -0.361215 -0.130978  
845 18.540000 -0.359907 -0.130505  
846 18.550000 -0.358604 -0.130034  
847 18.560000 -0.357306 -0.129565  
848 18.570000 -0.356013 -0.129098  
849 18.580000 -0.354724 -0.128634  
850 18.590000 -0.353440 -0.128171  
851 18.600000 -0.352161 -0.127711  
852 18.610000 -0.350886 -0.127253  
853 18.620000 -0.349616 -0.126796  
854 18.630000 -0.348350 -0.126342  
855 18.640000 -0.347089 -0.125890  
856 18.650000 -0.345832 -0.125440  
857 18.660000 -0.344580 -0.124991  
858 18.670000 -0.343333 -0.124545  
859 18.680000 -0.342089 -0.124101  
860 18.690000 -0.340851 -0.123659  
861 18.700000 -0.339616 -0.123219  
862 18.710000 -0.338386 -0.122781  
863 18.720000 -0.337161 -0.122344  
864 18.730000 -0.335939 -0.121910  
865 18.740000 -0.334722 -0.121478  
866 18.750000 -0.333510 -0.121047  
867 18.760000 -0.332301 -0.120618  
868 18.770000 -0.331097 -0.120192  
869 18.780000 -0.329898 -0.119767  
870 18.790000 -0.328702 -0.119344  
871 18.800000 -0.327511 -0.118923  
872 18.810000 -0.326324 -0.118504  
873 18.820000 -0.325141 -0.118087  
874 18.830000 -0.323962 -0.117671  
875 18.840000 -0.322787 -0.117257  
876 18.850000 -0.321617 -0.116846  
877 18.860000 -0.320450 -0.116436  
878 18.870000 -0.319288 -0.116027  
879 18.880000 -0.318130 -0.115621  
880 18.890000 -0.316976 -0.115216  
881 18.900000 -0.315825 -0.114814  
882 18.910000 -0.314679 -0.114412  
883 18.920000 -0.313537 -0.114013  
884 18.930000 -0.312399 -0.113615  
885 18.940000 -0.311265 -0.113220  
886 18.950000 -0.310135 -0.112826  
887 18.960000 -0.309008 -0.112433  
888 18.970000 -0.307886 -0.112042  
889 18.980000 -0.306767 -0.111653  
890 18.990000 -0.305653 -0.111266  
891 19.000000 -0.304542 -0.110880  
892 19.010000 -0.303435 -0.110497  
893 19.020000 -0.302332 -0.110114  
894 19.030000 -0.301233 -0.109734  
895 19.040000 -0.300138 -0.109355  
896 19.050000 -0.299046 -0.108977  
897 19.060000 -0.297958 -0.108602  
898 19.070000 -0.296874 -0.108227  
899 19.080000 -0.295793 -0.107855  
900 19.090000 -0.294717 -0.107484  
901 19.100000 -0.293644 -0.107115  
902 19.110000 -0.292574 -0.106747  
903 19.120000 -0.291509 -0.106381  
904 19.130000 -0.290447 -0.106017  
905 19.140000 -0.289388 -0.105654  
906 19.150000 -0.288334 -0.105292  
907 19.160000 -0.287283 -0.104932  
908 19.170000 -0.286235 -0.104574  
909 19.180000 -0.285191 -0.104217  
910 19.190000 -0.284151 -0.103862  
911 19.200000 -0.283114 -0.103508  
912 19.210000 -0.282081 -0.103156  
913 19.220000 -0.281051 -0.102805  
914 19.230000 -0.280024 -0.102456  
915 19.240000 -0.279002 -0.102108  
916 19.250000 -0.277982 -0.101762  
917 19.260000 -0.276966 -0.101417  
918 19.270000 -0.275954 -0.101074  
919 19.280000 -0.274945 -0.100732  
920 19.290000 -0.273939 -0.100391  
921 19.300000 -0.272937 -0.100052  
922 19.310000 -0.271938 -0.099715  
923 19.320000 -0.270943 -0.099379  
924 19.330000 -0.269951 -0.099044  
925 19.340000 -0.268962 -0.098711  
926 19.350000 -0.267976 -0.098379  
927 19.360000 -0.266994 -0.098048  
928 19.370000 -0.266015 -0.097719  
929 19.380000 -0.265040 -0.097391  
930 19.390000 -0.264068 -0.097065  
931 19.400000 -0.263099 -0.096740  
932 19.410000 -0.262133 -0.096416  
933 19.420000 -0.261170 -0.096094  
934 19.430000 -0.260211 -0.095773  
935 19.440000 -0.259255 -0.095453  
936 19.450000 -0.258302 -0.095135  
937 19.460000 -0.257352 -0.094818  
938 19.470000 -0.256406 -0.094503  
939 19.480000 -0.255462 -0.094188  
940 19.490000 -0.254522 -0.093875  
941 19.500000 -0.253585 -0.093564  
942 19.510000 -0.252650 -0.093253  
943 19.520000 -0.251719 -0.092944  
944 19.530000 -0.250792 -0.092636  
945 19.540000 -0.249867 -0.092330  
946 19.550000 -0.248945 -0.092025  
947 19.560000 -0.248026 -0.091721  
948 19.570000 -0.247111 -0.091418  
949 19.580000 -0.246198 -0.091116  
950 19.590000 -0.245288 -0.090816  
951 19.600000 -0.244382 -0.090517  
952 19.610000 -0.243478 -0.090219  
953 19.620000 -0.242577 -0.089923  
954 19.630000 -0.241679 -0.089627  
955 19.640000 -0.240785 -0.089333  
956 19.650000 -0.239893 -0.089040  
957 19.660000 -0.239004 -0.088748  
958 19.670000 -0.238118 -0.088458  
959 19.680000 -0.237235 -0.088169  
960 19.690000 -0.236354 -0.087880  
961 19.700000 -0.235477 -0.087593  
962 19.710000 -0.234603 -0.087308  
963 19.720000 -0.233731 -0.087023  
964 19.730000 -0.232862 -0.086740  
965 19.740000 -0.231996 -0.086457  
966 19.750000 -0.231133 -0.086176  
967 19.760000 -0.230273 -0.085896  
968 19.770000 -0.229415 -0.085617  
969 19.780000 -0.228560 -0.085339  
970 19.790000 -0.227708 -0.085063  
971 19.800000 -0.226859 -0.084787  
972 19.810000 -0.226012 -0.084513  
973 19.820000 -0.225169 -0.084239  
974 19.830000 -0.224328 -0.083967  
975 19.840000 -0.223489 -0.083696  
976 19.850000 -0.222654 -0.083426  
977 19.860000 -0.221821 -0.083157  
978 19.870000 -0.220991 -0.082889  
979 19.880000 -0.220163 -0.082623  
980 19.890000 -0.219338 -0.082357  
981 19.900000 -0.218516 -0.082092  
982 19.910000 -0.217696 -0.081829  
983 19.920000 -0.216879 -0.081566  
984 19.930000 -0.216065 -0.081305  
985 19.940000 -0.215253 -0.081045  
986 19.950000 -0.214444 -0.080785  
987 19.960000 -0.213638 -0.080527  
988 19.970000 -0.212834 -0.080270  
989 19.980000 -0.212032 -0.080013  
990 19.990000 -0.211233 -0.079758  
991 20.000000 -0.210437 -0.079504  
992 20.010000 -0.209643 -0.079251  
993 20.020000 -0.208852 -0.078999  
994 20.030000 -0.208063 -0.078747  
995 20.040000 -0.207277 -0.078497  
996 20.050000 -0.206493 -0.078248  
997 20.060000 -0.205712 -0.078000  
998 20.070000 -0.204933 -0.077753  
999 20.080000 -0.204157 -0.077506  
1000 20.090000 -0.203383 -0.077261  
1001 20.100000 -0.202612 -0.077017  
1002 20.110000 -0.201843 -0.076773  
1003 20.120000 -0.201076 -0.076531  
1004 20.130000 -0.200312 -0.076290  
1005 20.140000 -0.199550 -0.076049  
1006 20.150000 -0.198791 -0.075810  
1007 20.160000 -0.198034 -0.075571  
1008 20.170000 -0.197280 -0.075333  
1009 20.180000 -0.196528 -0.075097  
1010 20.190000 -0.195778 -0.074861  
1011 20.200000 -0.195030 -0.074626  
1012 20.210000 -0.194285 -0.074392  
1013 20.220000 -0.193543 -0.074159  
1014 20.230000 -0.192802 -0.073927  
1015 20.240000 -0.192064 -0.073696  
1016 20.250000 -0.191328 -0.073465  
1017 20.260000 -0.190595 -0.073236  
1018 20.270000 -0.189863 -0.073008  
1019 20.280000 -0.189135 -0.072780  
1020 20.290000 -0.188408 -0.072553  
1021 20.300000 -0.187683 -0.072327  
1022 20.310000 -0.186961 -0.072102  
1023 20.320000 -0.186241 -0.071878  
1024 20.330000 -0.185524 -0.071655  
1025 20.340000 -0.184808 -0.071433  
1026 20.350000 -0.184095 -0.071211  
1027 20.360000 -0.183384 -0.070991  
1028 20.370000 -0.182675 -0.070771  
1029 20.380000 -0.181969 -0.070552  
1030 20.390000 -0.181264 -0.070334  
1031 20.400000 -0.180562 -0.070116  
1032 20.410000 -0.179862 -0.069900  
1033 20.420000 -0.179164 -0.069684  
1034 20.430000 -0.178468 -0.069470  
1035 20.440000 -0.177775 -0.069256  
1036 20.450000 -0.177083 -0.069043  
1037 20.460000 -0.176394 -0.068830  
1038 20.470000 -0.175706 -0.068619  
1039 20.480000 -0.175021 -0.068408  
1040 20.490000 -0.174338 -0.068198  
1041 20.500000 -0.173657 -0.067989  
1042 20.510000 -0.172979 -0.067781  
1043 20.520000 -0.172302 -0.067573  
1044 20.530000 -0.171627 -0.067367  
1045 20.540000 -0.170954 -0.067161  
1046 20.550000 -0.170284 -0.066956  
1047 20.560000 -0.169615 -0.066751  
1048 20.570000 -0.168949 -0.066548  
1049 20.580000 -0.168284 -0.066345  
1050 20.590000 -0.167622 -0.066143  
1051 20.600000 -0.166961 -0.065942  
1052 20.610000 -0.166303 -0.065741  
1053 20.620000 -0.165647 -0.065542  
1054 20.630000 -0.164992 -0.065343  
1055 20.640000 -0.164340 -0.065145  
1056 20.650000 -0.163689 -0.064947  
1057 20.660000 -0.163041 -0.064750  
1058 20.670000 -0.162394 -0.064555  
1059 20.680000 -0.161750 -0.064359  
1060 20.690000 -0.161107 -0.064165  
1061 20.700000 -0.160466 -0.063971  
1062 20.710000 -0.159828 -0.063778  
1063 20.720000 -0.159191 -0.063586  
1064 20.730000 -0.158556 -0.063394  
1065 20.740000 -0.157923 -0.063203  
1066 20.750000 -0.157292 -0.063013  
1067 20.760000 -0.156663 -0.062824  
1068 20.770000 -0.156035 -0.062635  
1069 20.780000 -0.155410 -0.062447  
1070 20.790000 -0.154786 -0.062260  
1071 20.800000 -0.154165 -0.062073  
1072 20.810000 -0.153545 -0.061887  
1073 20.820000 -0.152927 -0.061702  
1074 20.830000 -0.152311 -0.061517  
1075 20.840000 -0.151697 -0.061334  
1076 20.850000 -0.151084 -0.061150  
1077 20.860000 -0.150474 -0.060968  
1078 20.870000 -0.149865 -0.060786  
1079 20.880000 -0.149258 -0.060605  
1080 20.890000 -0.148653 -0.060425  
1081 20.900000 -0.148050 -0.060245  
1082 20.910000 -0.147448 -0.060066  
1083 20.920000 -0.146848 -0.059887  
1084 20.930000 -0.146250 -0.059709  
1085 20.940000 -0.145654 -0.059532  
1086 20.950000 -0.145060 -0.059356  
1087 20.960000 -0.144467 -0.059180  
1088 20.970000 -0.143876 -0.059005  
1089 20.980000 -0.143287 -0.058830  
1090 20.990000 -0.142699 -0.058656  
1091 21.000000 -0.142114 -0.058483  
1092 21.010000 -0.141530 -0.058310  
1093 21.020000 -0.140947 -0.058139  
1094 21.030000 -0.140367 -0.057967  
1095 21.040000 -0.139788 -0.057796  
1096 21.050000 -0.139211 -0.057626  
1097 21.060000 -0.138636 -0.057457  
1098 21.070000 -0.138062 -0.057288  
1099 21.080000 -0.137490 -0.057120  
1100 21.090000 -0.136919 -0.056952  
1101 21.100000 -0.136351 -0.056785  
1102 21.110000 -0.135784 -0.056619  
1103 21.120000 -0.135218 -0.056453  
1104 21.130000 -0.134655 -0.056288  
1105 21.140000 -0.134093 -0.056123  
1106 21.150000 -0.133532 -0.055959  
1107 21.160000 -0.132973 -0.055796  
1108 21.170000 -0.132416 -0.055633  
1109 21.180000 -0.131861 -0.055471  
1110 21.190000 -0.131307 -0.055309  
1111 21.200000 -0.130755 -0.055148  
1112 21.210000 -0.130204 -0.054988  
1113 21.220000 -0.129655 -0.054828  
1114 21.230000 -0.129107 -0.054669  
1115 21.240000 -0.128561 -0.054510  
1116 21.250000 -0.128017 -0.054352  
1117 21.260000 -0.127474 -0.054194  
1118 21.270000 -0.126933 -0.054037  
1119 21.280000 -0.126394 -0.053881  
1120 21.290000 -0.125856 -0.053725  
1121 21.300000 -0.125319 -0.053570  
1122 21.310000 -0.124784 -0.053415  
1123 21.320000 -0.124251 -0.053261  
1124 21.330000 -0.123719 -0.053107  
1125 21.340000 -0.123189 -0.052954  
1126 21.350000 -0.122660 -0.052801  
1127 21.360000 -0.122133 -0.052649  
1128 21.370000 -0.121607 -0.052498  
1129 21.380000 -0.121083 -0.052347  
1130 21.390000 -0.120560 -0.052197  
1131 21.400000 -0.120039 -0.052047  
1132 21.410000 -0.119519 -0.051897  
1133 21.420000 -0.119001 -0.051749  
1134 21.430000 -0.118484 -0.051600  
1135 21.440000 -0.117969 -0.051453  
1136 21.450000 -0.117455 -0.051306  
1137 21.460000 -0.116943 -0.051159  
1138 21.470000 -0.116432 -0.051013  
1139 21.480000 -0.115923 -0.050867  
1140 21.490000 -0.115415 -0.050722  
1141 21.500000 -0.114908 -0.050577  
1142 21.510000 -0.114403 -0.050433  
1143 21.520000 -0.113899 -0.050290  
1144 21.530000 -0.113397 -0.050147  
1145 21.540000 -0.112896 -0.050004  
1146 21.550000 -0.112397 -0.049862  
1147 21.560000 -0.111899 -0.049721  
1148 21.570000 -0.111403 -0.049579  
1149 21.580000 -0.110908 -0.049439  
1150 21.590000 -0.110414 -0.049299  
1151 21.600000 -0.109922 -0.049159  
1152 21.610000 -0.109431 -0.049020  
1153 21.620000 -0.108941 -0.048882  
1154 21.630000 -0.108453 -0.048744  
1155 21.640000 -0.107966 -0.048606  
1156 21.650000 -0.107481 -0.048469  
1157 21.660000 -0.106997 -0.048332  
1158 21.670000 -0.106514 -0.048196  
1159 21.680000 -0.106033 -0.048060  
1160 21.690000 -0.105553 -0.047925  
1161 21.700000 -0.105075 -0.047790  
1162 21.710000 -0.104597 -0.047656  
1163 21.720000 -0.104121 -0.047522  
1164 21.730000 -0.103647 -0.047389  
1165 21.740000 -0.103174 -0.047256  
1166 21.750000 -0.102702 -0.047124  
1167 21.760000 -0.102231 -0.046992  
1168 21.770000 -0.101762 -0.046860  
1169 21.780000 -0.101294 -0.046729  
1170 21.790000 -0.100827 -0.046599  
1171 21.800000 -0.100362 -0.046468  
1172 21.810000 -0.099898 -0.046339  
1173 21.820000 -0.099435 -0.046209  
1174 21.830000 -0.098974 -0.046081  
1175 21.840000 -0.098514 -0.045952  
1176 21.850000 -0.098055 -0.045824  
1177 21.860000 -0.097597 -0.045697  
1178 21.870000 -0.097141 -0.045570  
1179 21.880000 -0.096686 -0.045443  
1180 21.890000 -0.096232 -0.045317  
1181 21.900000 -0.095779 -0.045192  
1182 21.910000 -0.095328 -0.045066  
1183 21.920000 -0.094878 -0.044941  
1184 21.930000 -0.094429 -0.044817  
1185 21.940000 -0.093982 -0.044693  
1186 21.950000 -0.093535 -0.044569  
1187 21.960000 -0.093090 -0.044446  
1188 21.970000 -0.092646 -0.044324  
1189 21.980000 -0.092204 -0.044201  
1190 21.990000 -0.091762 -0.044079  
1191 22.000000 -0.091322 -0.043958  
1192 22.010000 -0.090883 -0.043837  
1193 22.020000 -0.090446 -0.043716  
1194 22.030000 -0.090009 -0.043596  
1195 22.040000 -0.089574 -0.043476  
1196 22.050000 -0.089139 -0.043357  
1197 22.060000 -0.088706 -0.043238  
1198 22.070000 -0.088275 -0.043119  
1199 22.080000 -0.087844 -0.043001  
1200 22.090000 -0.087415 -0.042883  
1201 22.100000 -0.086986 -0.042766  
1202 22.110000 -0.086559 -0.042649  
1203 22.120000 -0.086133 -0.042532  
1204 22.130000 -0.085709 -0.042416  
1205 22.140000 -0.085285 -0.042300  
1206 22.150000 -0.084863 -0.042185  
1207 22.160000 -0.084441 -0.042070  
1208 22.170000 -0.084021 -0.041955  
1209 22.180000 -0.083602 -0.041841  
1210 22.190000 -0.083184 -0.041727  
1211 22.200000 -0.082768 -0.041614  
1212 22.210000 -0.082352 -0.041501  
1213 22.220000 -0.081938 -0.041388  
1214 22.230000 -0.081524 -0.041276  
1215 22.240000 -0.081112 -0.041164  
1216 22.250000 -0.080701 -0.041052  
1217 22.260000 -0.080291 -0.040941  
1218 22.270000 -0.079882 -0.040830  
1219 22.280000 -0.079475 -0.040720  
1220 22.290000 -0.079068 -0.040610  
1221 22.300000 -0.078662 -0.040500  
1222 22.310000 -0.078258 -0.040391  
1223 22.320000 -0.077855 -0.040282  
1224 22.330000 -0.077452 -0.040173  
1225 22.340000 -0.077051 -0.040065  
1226 22.350000 -0.076651 -0.039957  
1227 22.360000 -0.076252 -0.039849  
1228 22.370000 -0.075854 -0.039742  
1229 22.380000 -0.075457 -0.039635  
1230 22.390000 -0.075061 -0.039529  
1231 22.400000 -0.074667 -0.039423  
1232 22.410000 -0.074273 -0.039317  
1233 22.420000 -0.073880 -0.039212  
1234 22.430000 -0.073489 -0.039107  
1235 22.440000 -0.073098 -0.039002  
1236 22.450000 -0.072709 -0.038898  
1237 22.460000 -0.072320 -0.038794  
1238 22.470000 -0.071933 -0.038690  
1239 22.480000 -0.071546 -0.038587  
1240 22.490000 -0.071161 -0.038484  
1241 22.500000 -0.070777 -0.038381  
1242 22.510000 -0.070393 -0.038279  
1243 22.520000 -0.070011 -0.038177  
1244 22.530000 -0.069630 -0.038075  
1245 22.540000 -0.069250 -0.037974  
1246 22.550000 -0.068870 -0.037873  
1247 22.560000 -0.068492 -0.037772  
1248 22.570000 -0.068115 -0.037672  
1249 22.580000 -0.067739 -0.037572  
1250 22.590000 -0.067363 -0.037472  
1251 22.600000 -0.066989 -0.037373  
1252 22.610000 -0.066616 -0.037274  
1253 22.620000 -0.066244 -0.037175  
1254 22.630000 -0.065872 -0.037077  
1255 22.640000 -0.065502 -0.036979  
1256 22.650000 -0.065133 -0.036881  
1257 22.660000 -0.064765 -0.036784  
1258 22.670000 -0.064397 -0.036687  
1259 22.680000 -0.064031 -0.036590  
1260 22.690000 -0.063665 -0.036494  
1261 22.700000 -0.063301 -0.036398  
1262 22.710000 -0.062937 -0.036302  
1263 22.720000 -0.062575 -0.036206  
1264 22.730000 -0.062213 -0.036111  
1265 22.740000 -0.061853 -0.036016  
1266 22.750000 -0.061493 -0.035922  
1267 22.760000 -0.061134 -0.035828  
1268 22.770000 -0.060776 -0.035734  
1269 22.780000 -0.060420 -0.035640  
1270 22.790000 -0.060064 -0.035547  
1271 22.800000 -0.059709 -0.035454  
1272 22.810000 -0.059355 -0.035361  
1273 22.820000 -0.059001 -0.035268  
1274 22.830000 -0.058649 -0.035176  
1275 22.840000 -0.058298 -0.035085  
1276 22.850000 -0.057947 -0.034993  
1277 22.860000 -0.057598 -0.034902  
1278 22.870000 -0.057249 -0.034811  
1279 22.880000 -0.056902 -0.034720  
1280 22.890000 -0.056555 -0.034630  
1281 22.900000 -0.056209 -0.034540  
1282 22.910000 -0.055864 -0.034450  
1283 22.920000 -0.055520 -0.034360  
1284 22.930000 -0.055177 -0.034271  
1285 22.940000 -0.054835 -0.034182  
1286 22.950000 -0.054493 -0.034094  
1287 22.960000 -0.054153 -0.034005  
1288 22.970000 -0.053813 -0.033917  
1289 22.980000 -0.053475 -0.033830  
1290 22.990000 -0.053137 -0.033742  
1291 23.000000 -0.052800 -0.033655  
1292 23.010000 -0.052464 -0.033568  
1293 23.020000 -0.052128 -0.033481  
1294 23.030000 -0.051794 -0.033395  
1295 23.040000 -0.051460 -0.033309  
1296 23.050000 -0.051128 -0.033223  
1297 23.060000 -0.050796 -0.033137  
1298 23.070000 -0.050465 -0.033052  
1299 23.080000 -0.050135 -0.032967  
1300 23.090000 -0.049806 -0.032882  
1301 23.100000 -0.049477 -0.032798  
1302 23.110000 -0.049150 -0.032714  
1303 23.120000 -0.048823 -0.032630  
1304 23.130000 -0.048497 -0.032546  
1305 23.140000 -0.048172 -0.032463  
1306 23.150000 -0.047848 -0.032379  
1307 23.160000 -0.047525 -0.032297  
1308 23.170000 -0.047202 -0.032214  
1309 23.180000 -0.046880 -0.032132  
1310 23.190000 -0.046559 -0.032049  
1311 23.200000 -0.046239 -0.031968  
1312 23.210000 -0.045920 -0.031886  
1313 23.220000 -0.045602 -0.031805  
1314 23.230000 -0.045284 -0.031724  
1315 23.240000 -0.044967 -0.031643  
1316 23.250000 -0.044651 -0.031562  
1317 23.260000 -0.044336 -0.031482  
1318 23.270000 -0.044021 -0.031402  
1319 23.280000 -0.043708 -0.031322  
1320 23.290000 -0.043395 -0.031243  
1321 23.300000 -0.043083 -0.031163  
1322 23.310000 -0.042772 -0.031084  
1323 23.320000 -0.042461 -0.031005  
1324 23.330000 -0.042152 -0.030927  
1325 23.340000 -0.041843 -0.030849  
1326 23.350000 -0.041535 -0.030770  
1327 23.360000 -0.041227 -0.030693  
1328 23.370000 -0.040921 -0.030615  
1329 23.380000 -0.040615 -0.030538  
1330 23.390000 -0.040310 -0.030461  
1331 23.400000 -0.040006 -0.030384  
1332 23.410000 -0.039702 -0.030307  
1333 23.420000 -0.039400 -0.030231  
1334 23.430000 -0.039098 -0.030155  
1335 23.440000 -0.038797 -0.030079  
1336 23.450000 -0.038496 -0.030003  
1337 23.460000 -0.038196 -0.029928  
1338 23.470000 -0.037898 -0.029852  
1339 23.480000 -0.037599 -0.029777  
1340 23.490000 -0.037302 -0.029703  
1341 23.500000 -0.037005 -0.029628  
1342 23.510000 -0.036709 -0.029554  
1343 23.520000 -0.036414 -0.029480  
1344 23.530000 -0.036120 -0.029406  
1345 23.540000 -0.035826 -0.029333  
1346 23.550000 -0.035533 -0.029259  
1347 23.560000 -0.035241 -0.029186  
1348 23.570000 -0.034949 -0.029113  
1349 23.580000 -0.034659 -0.029040  
1350 23.590000 -0.034369 -0.028968  
1351 23.600000 -0.034079 -0.028896  
1352 23.610000 -0.033791 -0.028824  
1353 23.620000 -0.033503 -0.028752  
1354 23.630000 -0.033216 -0.028680  
1355 23.640000 -0.032929 -0.028609  
1356 23.650000 -0.032644 -0.028538  
1357 23.660000 -0.032359 -0.028467  
1358 23.670000 -0.032074 -0.028396  
1359 23.680000 -0.031791 -0.028326  
1360 23.690000 -0.031508 -0.028256  
1361 23.700000 -0.031225 -0.028186  
1362 23.710000 -0.030944 -0.028116  
1363 23.720000 -0.030663 -0.028046  
1364 23.730000 -0.030383 -0.027977  
1365 23.740000 -0.030104 -0.027908  
1366 23.750000 -0.029825 -0.027839  
1367 23.760000 -0.029547 -0.027770  
1368 23.770000 -0.029269 -0.027701  
1369 23.780000 -0.028993 -0.027633  
1370 23.790000 -0.028717 -0.027565  
1371 23.800000 -0.028442 -0.027497  
1372 23.810000 -0.028167 -0.027429  
1373 23.820000 -0.027893 -0.027362  
1374 23.830000 -0.027620 -0.027294  
1375 23.840000 -0.027347 -0.027227  
1376 23.850000 -0.027075 -0.027160  
1377 23.860000 -0.026804 -0.027093  
1378 23.870000 -0.026533 -0.027027  
1379 23.880000 -0.026263 -0.026961  
1380 23.890000 -0.025994 -0.026895  
1381 23.900000 -0.025725 -0.026829  
1382 23.910000 -0.025457 -0.026763  
1383 23.920000 -0.025190 -0.026697  
1384 23.930000 -0.024924 -0.026632  
1385 23.940000 -0.024658 -0.026567  
1386 23.950000 -0.024392 -0.026502  
1387 23.960000 -0.024127 -0.026437  
1388 23.970000 -0.023863 -0.026373  
1389 23.980000 -0.023600 -0.026309  
1390 23.990000 -0.023337 -0.026244  
1391 24.000000 -0.023075 -0.026180  
1392 24.010000 -0.022814 -0.026117  
1393 24.020000 -0.022553 -0.026053  
1394 24.030000 -0.022293 -0.025990  
1395 24.040000 -0.022033 -0.025927  
1396 24.050000 -0.021774 -0.025864  
1397 24.060000 -0.021516 -0.025801  
1398 24.070000 -0.021258 -0.025738  
1399 24.080000 -0.021001 -0.025676  
1400 24.090000 -0.020745 -0.025614  
1401 24.100000 -0.020489 -0.025551  
1402 24.110000 -0.020233 -0.025490  
1403 24.120000 -0.019979 -0.025428  
1404 24.130000 -0.019725 -0.025366  
1405 24.140000 -0.019472 -0.025305  
1406 24.150000 -0.019219 -0.025244  
1407 24.160000 -0.018967 -0.025183  
1408 24.170000 -0.018715 -0.025122  
1409 24.180000 -0.018464 -0.025062  
1410 24.190000 -0.018214 -0.025001  
1411 24.200000 -0.017964 -0.024941  
1412 24.210000 -0.017715 -0.024881  
1413 24.220000 -0.017467 -0.024821  
1414 24.230000 -0.017219 -0.024761  
1415 24.240000 -0.016971 -0.024702  
1416 24.250000 -0.016725 -0.024643  
1417 24.260000 -0.016479 -0.024583  
1418 24.270000 -0.016233 -0.024524  
1419 24.280000 -0.015988 -0.024466  
1420 24.290000 -0.015744 -0.024407  
1421 24.300000 -0.015500 -0.024348  
1422 24.310000 -0.015257 -0.024290  
1423 24.320000 -0.015014 -0.024232  
1424 24.330000 -0.014772 -0.024174  
1425 24.340000 -0.014531 -0.024116  
1426 24.350000 -0.014290 -0.024059  
1427 24.360000 -0.014049 -0.024001  
1428 24.370000 -0.013810 -0.023944  
1429 24.380000 -0.013571 -0.023887  
1430 24.390000 -0.013332 -0.023830  
1431 24.400000 -0.013094 -0.023773  
1432 24.410000 -0.012856 -0.023717  
1433 24.420000 -0.012620 -0.023660  
1434 24.430000 -0.012383 -0.023604  
1435 24.440000 -0.012148 -0.023548  
1436 24.450000 -0.011912 -0.023492  
1437 24.460000 -0.011678 -0.023436  
1438 24.470000 -0.011444 -0.023380  
1439 24.480000 -0.011210 -0.023325  
1440 24.490000 -0.010977 -0.023270  
1441 24.500000 -0.010745 -0.023215  
1442 24.510000 -0.010513 -0.023160  
1443 24.520000 -0.010281 -0.023105  
1444 24.530000 -0.010051 -0.023050  
1445 24.540000 -0.009820 -0.022996  
1446 24.550000 -0.009591 -0.022941  
1447 24.560000 -0.009362 -0.022887  
1448 24.570000 -0.009133 -0.022833  
1449 24.580000 -0.008905 -0.022779  
1450 24.590000 -0.008677 -0.022726  
1451 24.600000 -0.008450 -0.022672  
1452 24.610000 -0.008224 -0.022619  
1453 24.620000 -0.007998 -0.022565  
1454 24.630000 -0.007773 -0.022512  
1455 24.640000 -0.007548 -0.022459  
1456 24.650000 -0.007324 -0.022407  
1457 24.660000 -0.007100 -0.022354  
1458 24.670000 -0.006876 -0.022302  
1459 24.680000 -0.006654 -0.022249  
1460 24.690000 -0.006431 -0.022197  
1461 24.700000 -0.006210 -0.022145  
1462 24.710000 -0.005989 -0.022093  
1463 24.720000 -0.005768 -0.022041  
1464 24.730000 -0.005548 -0.021990  
1465 24.740000 -0.005328 -0.021938  
1466 24.750000 -0.005109 -0.021887  
1467 24.760000 -0.004890 -0.021836  
1468 24.770000 -0.004672 -0.021785  
1469 24.780000 -0.004455 -0.021734  
1470 24.790000 -0.004238 -0.021684  
1471 24.800000 -0.004021 -0.021633  
1472 24.810000 -0.003805 -0.021583  
1473 24.820000 -0.003589 -0.021532  
1474 24.830000 -0.003374 -0.021482  
1475 24.840000 -0.003160 -0.021432  
1476 24.850000 -0.002946 -0.021382  
1477 24.860000 -0.002732 -0.021333  
1478 24.870000 -0.002519 -0.021283  
1479 24.880000 -0.002306 -0.021234  
1480 24.890000 -0.002094 -0.021185  
1481 24.900000 -0.001883 -0.021136  
1482 24.910000 -0.001672 -0.021087  
1483 24.920000 -0.001461 -0.021038  
1484 24.930000 -0.001251 -0.020989  
1485 24.940000 -0.001041 -0.020940  
1486 24.950000 -0.000832 -0.020892  
1487 24.960000 -0.000623 -0.020844  
1488 24.970000 -0.000415 -0.020796  
1489 24.980000 -0.000207 -0.020748  
1490 24.990000 -0.000000 -0.020700  
