1 10.100000 30248923931906.011719 2725764968952919.000000  
2 10.110000 12814258439395.320312 1049861206265255.125000  
3 10.120000 5849448660679.689453 439356625704037.625000  
4 10.130000 2842989793781.355957 197136756540687.218750  
5 10.140000 1457583107663.843262 93862663314923.640625  
6 10.150000 782501858803.906250 47036323792017.500000  
7 10.160000 437269157056.505249 24644472209327.949219  
8 10.170000 253111179240.900452 13427779370614.316406  
9 10.180000 151155163404.230804 7574310767208.274414  
10 10.190000 92814975275.874557 4406640701014.073242  
11 10.200000 58432770413.534058 2635845289849.978516  
12 10.210000 37625288844.760368 1616604971869.756348  
13 10.220000 24727347767.745571 1014256546068.484863  
14 10.230000 16556191972.566139 649643121404.760254  
15 10.240000 11275616387.645460 424053051808.522644  
16 10.250000 7800332003.162186 281651961053.523865  
17 10.260000 5474519067.934099 190090544393.107788  
18 10.270000 3893735419.591064 130208211687.771393  
19 10.280000 2803842067.894059 90422943297.227829  
20 10.290000 2042352484.361027 63600839420.118736  
21 10.300000 1503694470.358178 45270481283.895622  
22 10.310000 1118240621.329890 32583409954.128391  
23 10.320000 839424704.830404 23697389192.215347  
24 10.330000 635694706.199076 17403985861.608776  
25 10.340000 485408964.777686 12899944161.812466  
26 10.350000 373552081.152635 9644650689.627188  
27 10.360000 289593037.906918 7269975896.853445  
28 10.370000 226070425.809259 5522463802.106653  
29 10.380000 177646704.475997 4225785232.770259  
30 10.390000 140468827.623011 3256055024.940486  
31 10.400000 111731354.715585 2525419222.210304  
32 10.410000 89374893.993358 1971022621.286048  
33 10.420000 71875954.825587 1547516417.173805  
34 10.430000 58099164.338015 1221920185.834840  
35 10.440000 47192439.287379 970065612.812663  
36 10.450000 38512013.788943 774113231.220543  
37 10.460000 31568397.948782 620803789.548675  
38 10.470000 25987131.576260 500217013.637496  
39 10.480000 21480078.244739 404883763.860921  
40 10.490000 17824285.055544 329146306.819911  
41 10.500000 14846312.041186 268694124.025721  
42 10.510000 12410543.103341 220224823.801517  
43 10.520000 10410414.381308 181194841.315908  
44 10.530000 8761793.876263 149635016.315106  
45 10.540000 7397957.011709 124013353.351358  
46 10.550000 6265753.073246 103132309.517605  
47 10.560000 5322665.265668 86051500.367938  
48 10.570000 4534544.949227 72029225.899493  
49 10.580000 3873857.148372 60478008.602361  
50 10.590000 3318315.734128 50930619.704838  
51 10.600000 2849817.037307 43013996.453095  
52 10.610000 2453603.080333 36429125.942675  
53 10.620000 2117602.277680 30935462.046187  
54 10.630000 1831907.895713 26338802.356179  
55 10.640000 1588363.897427 22481817.935006  
56 10.650000 1380234.835307 19236625.810114  
57 10.660000 1201941.785976 16498941.054919  
58 10.670000 1048850.375704 14183455.277059  
59 10.680000 917100.044597 12220171.054064  
60 10.690000 803466.074971 10551484.346426  
61 10.700000 705247.741233 9129854.329846  
62 10.710000 620177.355464 7915936.210526  
63 10.720000 546346.082961 6877080.219694  
64 10.730000 482143.259346 5986121.204520  
65 10.740000 426206.611291 5220399.592116  
66 10.750000 377381.309246 4560967.161791  
67 10.760000 334686.194936 3991940.890879  
68 10.770000 297285.853899 3499975.799866  
69 10.780000 264467.462889 3073833.712567  
70 10.790000 235621.548376 2704029.546425  
71 10.800000 210225.957019 2382540.446715  
72 10.810000 187832.470631 2102565.998698  
73 10.820000 168055.603869 1858330.064468  
74 10.830000 150563.207806 1644916.628284  
75 10.840000 135068.571192 1458133.497604  
76 10.850000 121323.766596 1294398.876146  
77 10.860000 109114.033668 1150646.761856  
78 10.870000 98253.028293 1024247.874990  
79 10.880000 88578.796243 912943.427357  
80 10.890000 79950.354266 814789.533007  
81 10.900000 72244.781526 728110.456635  
82 10.910000 65354.740664 651459.217278  
83 10.920000 59186.361225 583584.326287  
84 10.930000 53657.429316 523401.651593  
85 10.940000 48695.836525 469970.574459  
86 10.950000 44238.248743 422473.747484  
87 10.960000 40228.961838 380199.879679  
88 10.970000 36618.916360 342529.070722  
89 10.980000 33364.847865 308920.295828  
90 10.990000 30428.553027 278900.708246  
91 11.000000 27776.254837 252056.480594  
92 11.010000 25378.052677 228024.951276  
93 11.020000 23207.445233 206487.879529  
94 11.030000 21240.916026 187165.643822  
95 11.040000 19457.572819 169812.244207  
96 11.050000 17838.833490 154210.990941  
97 11.060000 16368.152006 140170.779800  
98 11.070000 15030.779061 127522.869732  
99 11.080000 13813.552740 116118.091248  
100 11.090000 12704.715197 105824.424721  
101 11.100000 11693.751916 96524.896760  
102 11.110000 10771.250612 88115.750531  
103 11.120000 9928.777214 80504.852298  
104 11.130000 9158.766740 73610.301944  
105 11.140000 8454.427163 67359.219876  
106 11.150000 7809.654626 61686.686638  
107 11.160000 7218.958582 56534.814895  
108 11.170000 6677.395628 51851.936334  
109 11.180000 6180.510961 47591.888421  
110 11.190000 5724.286515 43713.388041  
111 11.200000 5305.094982 40179.480844  
112 11.210000 4919.659000 36957.056601  
113 11.220000 4565.014888 34016.422212  
114 11.230000 4238.480399 31330.925103  
115 11.240000 3937.626011 28876.620731  
116 11.250000 3660.249349 26631.978718  
117 11.260000 3404.352363 24577.622880  
118 11.270000 3168.120969 22696.101003  
119 11.280000 2949.906842 20971.680775  
120 11.290000 2748.211145 19390.168717  
121 11.300000 2561.669962 17938.749379  
122 11.310000 2389.041240 16605.842404  
123 11.320000 2229.193091 15380.975338  
124 11.330000 2081.093292 14254.670385  
125 11.340000 1943.799846 13218.343449  
126 11.350000 1816.452511 12264.214084  
127 11.360000 1698.265169 11385.225087  
128 11.370000 1588.518959 10574.970649  
129 11.380000 1486.556095 9827.632086  
130 11.390000 1391.774281 9137.920329  
131 11.400000 1303.621683 8501.024390  
132 11.410000 1221.592381 7912.565173  
133 11.420000 1145.222259 7368.554022  
134 11.430000 1074.085294 6865.355506  
135 11.440000 1007.790191 6399.653978  
136 11.450000 945.977340 5968.423497  
137 11.460000 888.316055 5568.900764  
138 11.470000 834.502073 5198.560745  
139 11.480000 784.255282 4855.094704  
140 11.490000 737.317660 4536.390386  
141 11.500000 693.451399 4240.514138  
142 11.510000 652.437204 3965.694757  
143 11.520000 614.072740 3710.308892  
144 11.530000 578.171223 3472.867845  
145 11.540000 544.560133 3252.005623  
146 11.550000 513.080040 3046.468119  
147 11.560000 483.583539 2855.103311  
148 11.570000 455.934270 2676.852371  
149 11.580000 430.006033 2510.741598  
150 11.590000 405.681965 2355.875099  
151 11.600000 382.853806 2211.428135  
152 11.610000 361.421209 2076.641075  
153 11.620000 341.291124 1950.813896  
154 11.630000 322.377222 1833.301177  
155 11.640000 304.599376 1723.507546  
156 11.650000 287.883177 1620.883519  
157 11.660000 272.159502 1524.921725  
158 11.670000 257.364102 1435.153442  
159 11.680000 243.437236 1351.145452  
160 11.690000 230.323330 1272.497163  
161 11.700000 217.970665 1198.837975  
162 11.710000 206.331087 1129.824880  
163 11.720000 195.359742 1065.140261  
164 11.730000 185.014836 1004.489883  
165 11.740000 175.257408 947.601046  
166 11.750000 166.051122 894.220902  
167 11.760000 157.362078 844.114904  
168 11.770000 149.158637 797.065393  
169 11.780000 141.411257 752.870288  
170 11.790000 134.092344 711.341901  
171 11.800000 127.176113 672.305835  
172 11.810000 120.638461 635.599976  
173 11.820000 114.456850 601.073567  
174 11.830000 108.610194 568.586357  
175 11.840000 103.078761 538.007817  
176 11.850000 97.844081 509.216417  
177 11.860000 92.888854 482.098963  
178 11.870000 88.196874 456.549983  
179 11.880000 83.752954 432.471164  
180 11.890000 79.542857 409.770833  
181 11.900000 75.553229 388.363473  
182 11.910000 71.771544 368.169282  
183 11.920000 68.186048 349.113767  
184 11.930000 64.785705 331.127360  
185 11.940000 61.560154 314.145073  
186 11.950000 58.499660 298.106175  
187 11.960000 55.595076 282.953890  
188 11.970000 52.837804 268.635126  
189 11.980000 50.219761 255.100216  
190 11.990000 47.733342 242.302679  
191 12.000000 45.371394 230.199007  
192 12.010000 43.127185 218.748456  
193 12.020000 40.994376 207.912861  
194 12.030000 38.966998 197.656458  
195 12.040000 37.039428 187.945727  
196 12.050000 35.206369 178.749235  
197 12.060000 33.462828 170.037503  
198 12.070000 31.804096 161.782870  
199 12.080000 30.225733 153.959377  
200 12.090000 28.723552 146.542655  
201 12.100000 27.293601 139.509816  
202 12.110000 25.932148 132.839362  
203 12.120000 24.635673 126.511092  
204 12.130000 23.400849 120.506016  
205 12.140000 22.224535 114.806282  
206 12.150000 21.103762 109.395100  
207 12.160000 20.035724 104.256675  
208 12.170000 19.017769 99.376141  
209 12.180000 18.047388 94.739508  
210 12.190000 17.122210 90.333603  
211 12.200000 16.239988 86.146018  
212 12.210000 15.398600 82.165065  
213 12.220000 14.596035 78.379730  
214 12.230000 13.830388 74.779632  
215 12.240000 13.099858 71.354983  
216 12.250000 12.402735 68.096552  
217 12.260000 11.737402 64.995630  
218 12.270000 11.102325 62.044002  
219 12.280000 10.496050 59.233913  
220 12.290000 9.917199 56.558042  
221 12.300000 9.364465 54.009476  
222 12.310000 8.836607 51.581685  
223 12.320000 8.332449 49.268501  
224 12.330000 7.850874 47.064094  
225 12.340000 7.390823 44.962953  
226 12.350000 6.951288 42.959870  
227 12.360000 6.531315 41.049917  
228 12.370000 6.129995 39.228434  
229 12.380000 5.746466 37.491012  
230 12.390000 5.379909 35.833479  
231 12.400000 5.029544 34.251885  
232 12.410000 4.694630 32.742490  
233 12.420000 4.374465 31.301754  
234 12.430000 4.068378 29.926322  
235 12.440000 3.775731 28.613015  
236 12.450000 3.495920 27.358823  
237 12.460000 3.228367 26.160891  
238 12.470000 2.972524 25.016513  
239 12.480000 2.727867 23.923123  
240 12.490000 2.493900 22.878287  
241 12.500000 2.270147 21.879696  
242 12.510000 2.056159 20.925158  
243 12.520000 1.851504 20.012596  
244 12.530000 1.655774 19.140035  
245 12.540000 1.468577 18.305602  
246 12.550000 1.289541 17.507516  
247 12.560000 1.118311 16.744088  
248 12.570000 0.954549 16.013712  
249 12.580000 0.797931 15.314862  
250 12.590000 0.648151 14.646087  
251 12.600000 0.504914 14.006010  
252 12.610000 0.367940 13.393319  
253 12.620000 0.236960 12.806769  
254 12.630000 0.111721 12.245174  
255 12.640000 -0.008022 11.707405  
256 12.650000 -0.122503 11.192391  
257 12.660000 -0.231943 10.699110  
258 12.670000 -0.336554 10.226590  
259 12.680000 -0.436541 9.773905  
260 12.690000 -0.532096 9.340176  
261 12.700000 -0.623404 8.924561  
262 12.710000 -0.710644 8.526263  
263 12.720000 -0.793985 8.144520  
264 12.730000 -0.873588 7.778605  
265 12.740000 -0.949607 7.427829  
266 12.750000 -1.022192 7.091531  
267 12.760000 -1.091484 6.769083  
268 12.770000 -1.157618 6.459886  
269 12.780000 -1.220724 6.163368  
270 12.790000 -1.280926 5.878985  
271 12.800000 -1.338343 5.606217  
272 12.810000 -1.393088 5.344566  
273 12.820000 -1.445269 5.093561  
274 12.830000 -1.494993 4.852748  
275 12.840000 -1.542357 4.621697  
276 12.850000 -1.587458 4.399996  
277 12.860000 -1.630387 4.187251  
278 12.870000 -1.671231 3.983086  
279 12.880000 -1.710076 3.787144  
280 12.890000 -1.747001 3.599080  
281 12.900000 -1.782083 3.418568  
282 12.910000 -1.815396 3.245294  
283 12.920000 -1.847012 3.078959  
284 12.930000 -1.876997 2.919277  
285 12.940000 -1.905418 2.765976  
286 12.950000 -1.932337 2.618792  
287 12.960000 -1.957814 2.477476  
288 12.970000 -1.981906 2.341790  
289 12.980000 -2.004668 2.211503  
290 12.990000 -2.026153 2.086398  
291 13.000000 -2.046412 1.966264  
292 13.010000 -2.065494 1.850902  
293 13.020000 -2.083445 1.740118  
294 13.030000 -2.100311 1.633730  
295 13.040000 -2.116134 1.531562  
296 13.050000 -2.130956 1.433445  
297 13.060000 -2.144816 1.339218  
298 13.070000 -2.157753 1.248726  
299 13.080000 -2.169802 1.161821  
300 13.090000 -2.181001 1.078362  
301 13.100000 -2.191381 0.998213  
302 13.110000 -2.200975 0.921243  
303 13.120000 -2.209816 0.847328  
304 13.130000 -2.217932 0.776348  
305 13.140000 -2.225352 0.708188  
306 13.150000 -2.232105 0.642738  
307 13.160000 -2.238216 0.579894  
308 13.170000 -2.243711 0.519553  
309 13.180000 -2.248615 0.461619  
310 13.190000 -2.252951 0.405999  
311 13.200000 -2.256742 0.352603  
312 13.210000 -2.260010 0.301347  
313 13.220000 -2.262776 0.252147  
314 13.230000 -2.265060 0.204924  
315 13.240000 -2.266881 0.159604  
316 13.250000 -2.268258 0.116114  
317 13.260000 -2.269209 0.074383  
318 13.270000 -2.269751 0.034345  
319 13.280000 -2.269901 -0.004065  
320 13.290000 -2.269675 -0.040908  
321 13.300000 -2.269088 -0.076244  
322 13.310000 -2.268155 -0.110130  
323 13.320000 -2.266890 -0.142620  
324 13.330000 -2.265307 -0.173767  
325 13.340000 -2.263419 -0.203621  
326 13.350000 -2.261239 -0.232232  
327 13.360000 -2.258778 -0.259646  
328 13.370000 -2.256050 -0.285907  
329 13.380000 -2.253064 -0.311059  
330 13.390000 -2.249832 -0.335143  
331 13.400000 -2.246364 -0.358200  
332 13.410000 -2.242671 -0.380266  
333 13.420000 -2.238762 -0.401380  
334 13.430000 -2.234647 -0.421577  
335 13.440000 -2.230334 -0.440891  
336 13.450000 -2.225832 -0.459354  
337 13.460000 -2.221149 -0.476998  
338 13.470000 -2.216294 -0.493854  
339 13.480000 -2.211275 -0.509950  
340 13.490000 -2.206098 -0.525315  
341 13.500000 -2.200771 -0.539976  
342 13.510000 -2.195301 -0.553959  
343 13.520000 -2.189694 -0.567289  
344 13.530000 -2.183957 -0.579989  
345 13.540000 -2.178096 -0.592084  
346 13.550000 -2.172117 -0.603595  
347 13.560000 -2.166026 -0.614544  
348 13.570000 -2.159828 -0.624952  
349 13.580000 -2.153529 -0.634839  
350 13.590000 -2.147133 -0.644223  
351 13.600000 -2.140646 -0.653124  
352 13.610000 -2.134072 -0.661559  
353 13.620000 -2.127416 -0.669545  
354 13.630000 -2.120683 -0.677099  
355 13.640000 -2.113876 -0.684237  
356 13.650000 -2.106999 -0.690973  
357 13.660000 -2.100057 -0.697324  
358 13.670000 -2.093054 -0.703303  
359 13.680000 -2.085993 -0.708924  
360 13.690000 -2.078877 -0.714200  
361 13.700000 -2.071710 -0.719143  
362 13.710000 -2.064495 -0.723767  
363 13.720000 -2.057235 -0.728083  
364 13.730000 -2.049934 -0.732102  
365 13.740000 -2.042594 -0.735836  
366 13.750000 -2.035218 -0.739294  
367 13.760000 -2.027809 -0.742488  
368 13.770000 -2.020370 -0.745427  
369 13.780000 -2.012902 -0.748120  
370 13.790000 -2.005408 -0.750577  
371 13.800000 -1.997891 -0.752807  
372 13.810000 -1.990353 -0.754818  
373 13.820000 -1.982795 -0.756618  
374 13.830000 -1.975221 -0.758216  
375 13.840000 -1.967631 -0.759619  
376 13.850000 -1.960029 -0.760834  
377 13.860000 -1.952415 -0.761868  
378 13.870000 -1.944792 -0.762729  
379 13.880000 -1.937161 -0.763422  
380 13.890000 -1.929524 -0.763955  
381 13.900000 -1.921883 -0.764334  
382 13.910000 -1.914238 -0.764564  
383 13.920000 -1.906592 -0.764651  
384 13.930000 -1.898946 -0.764601  
385 13.940000 -1.891300 -0.764419  
386 13.950000 -1.883658 -0.764110  
387 13.960000 -1.876019 -0.763679  
388 13.970000 -1.868385 -0.763132  
389 13.980000 -1.860756 -0.762472  
390 13.990000 -1.853135 -0.761704  
391 14.000000 -1.845523 -0.760833  
392 14.010000 -1.837919 -0.759862  
393 14.020000 -1.830326 -0.758796  
394 14.030000 -1.822743 -0.757639  
395 14.040000 -1.815173 -0.756393  
396 14.050000 -1.807616 -0.755064  
397 14.060000 -1.800072 -0.753654  
398 14.070000 -1.792543 -0.752167  
399 14.080000 -1.785029 -0.750605  
400 14.090000 -1.777531 -0.748973  
401 14.100000 -1.770050 -0.747273  
402 14.110000 -1.762586 -0.745508  
403 14.120000 -1.755140 -0.743681  
404 14.130000 -1.747713 -0.741795  
405 14.140000 -1.740304 -0.739852  
406 14.150000 -1.732916 -0.737855  
407 14.160000 -1.725547 -0.735806  
408 14.170000 -1.718200 -0.733707  
409 14.180000 -1.710873 -0.731562  
410 14.190000 -1.703569 -0.729371  
411 14.200000 -1.696286 -0.727138  
412 14.210000 -1.689026 -0.724864  
413 14.220000 -1.681789 -0.722552  
414 14.230000 -1.674575 -0.720202  
415 14.240000 -1.667385 -0.717818  
416 14.250000 -1.660219 -0.715401  
417 14.260000 -1.653077 -0.712951  
418 14.270000 -1.645960 -0.710473  
419 14.280000 -1.638868 -0.707966  
420 14.290000 -1.631801 -0.705432  
421 14.300000 -1.624759 -0.702873  
422 14.310000 -1.617743 -0.700291  
423 14.320000 -1.610753 -0.697686  
424 14.330000 -1.603790 -0.695060  
425 14.340000 -1.596852 -0.692414  
426 14.350000 -1.589941 -0.689750  
427 14.360000 -1.583057 -0.687069  
428 14.370000 -1.576200 -0.684371  
429 14.380000 -1.569370 -0.681659  
430 14.390000 -1.562567 -0.678933  
431 14.400000 -1.555791 -0.676193  
432 14.410000 -1.549043 -0.673442  
433 14.420000 -1.542323 -0.670681  
434 14.430000 -1.535630 -0.667909  
435 14.440000 -1.528964 -0.665128  
436 14.450000 -1.522327 -0.662339  
437 14.460000 -1.515718 -0.659543  
438 14.470000 -1.509136 -0.656740  
439 14.480000 -1.502583 -0.653931  
440 14.490000 -1.496058 -0.651117  
441 14.500000 -1.489561 -0.648299  
442 14.510000 -1.483092 -0.645478  
443 14.520000 -1.476651 -0.642653  
444 14.530000 -1.470239 -0.639827  
445 14.540000 -1.463854 -0.636998  
446 14.550000 -1.457499 -0.634169  
447 14.560000 -1.451171 -0.631339  
448 14.570000 -1.444872 -0.628509  
449 14.580000 -1.438601 -0.625680  
450 14.590000 -1.432358 -0.622852  
451 14.600000 -1.426144 -0.620025  
452 14.610000 -1.419958 -0.617201  
453 14.620000 -1.413800 -0.614379  
454 14.630000 -1.407670 -0.611560  
455 14.640000 -1.401569 -0.608744  
456 14.650000 -1.395495 -0.605933  
457 14.660000 -1.389450 -0.603125  
458 14.670000 -1.383433 -0.600322  
459 14.680000 -1.377444 -0.597524  
460 14.690000 -1.371482 -0.594732  
461 14.700000 -1.365549 -0.591944  
462 14.710000 -1.359643 -0.589163  
463 14.720000 -1.353766 -0.586388  
464 14.730000 -1.347916 -0.583620  
465 14.740000 -1.342093 -0.580858  
466 14.750000 -1.336298 -0.578104  
467 14.760000 -1.330531 -0.575356  
468 14.770000 -1.324791 -0.572617  
469 14.780000 -1.319079 -0.569885  
470 14.790000 -1.313393 -0.567161  
471 14.800000 -1.307735 -0.564445  
472 14.810000 -1.302105 -0.561738  
473 14.820000 -1.296501 -0.559040  
474 14.830000 -1.290924 -0.556350  
475 14.840000 -1.285374 -0.553669  
476 14.850000 -1.279850 -0.550998  
477 14.860000 -1.274354 -0.548336  
478 14.870000 -1.268884 -0.545683  
479 14.880000 -1.263440 -0.543040  
480 14.890000 -1.258023 -0.540407  
481 14.900000 -1.252632 -0.537783  
482 14.910000 -1.247267 -0.535170  
483 14.920000 -1.241928 -0.532567  
484 14.930000 -1.236616 -0.529974  
485 14.940000 -1.231329 -0.527391  
486 14.950000 -1.226068 -0.524819  
487 14.960000 -1.220832 -0.522257  
488 14.970000 -1.215623 -0.519706  
489 14.980000 -1.210438 -0.517166  
490 14.990000 -1.205279 -0.514637  
491 15.000000 -1.200146 -0.512118  
492 15.010000 -1.195037 -0.509611  
493 15.020000 -1.189953 -0.507114  
494 15.030000 -1.184895 -0.504629  
495 15.040000 -1.179861 -0.502154  
496 15.050000 -1.174851 -0.499691  
497 15.060000 -1.169867 -0.497239  
498 15.070000 -1.164907 -0.494798  
499 15.080000 -1.159971 -0.492369  
500 15.090000 -1.155059 -0.489951  
501 15.100000 -1.150172 -0.487544  
502 15.110000 -1.145308 -0.485149  
503 15.120000 -1.140469 -0.482765  
504 15.130000 -1.135653 -0.480392  
505 15.140000 -1.130861 -0.478031  
506 15.150000 -1.126092 -0.475681  
507 15.160000 -1.121347 -0.473343  
508 15.170000 -1.116625 -0.471017  
509 15.180000 -1.111927 -0.468701  
510 15.190000 -1.107251 -0.466398  
511 15.200000 -1.102599 -0.464106  
512 15.210000 -1.097969 -0.461825  
513 15.220000 -1.093362 -0.459556  
514 15.230000 -1.088778 -0.457298  
515 15.240000 -1.084216 -0.455052  
516 15.250000 -1.079677 -0.452817  
517 15.260000 -1.075160 -0.450594  
518 15.270000 -1.070665 -0.448382  
519 15.280000 -1.066192 -0.446181  
520 15.290000 -1.061741 -0.443992  
521 15.300000 -1.057312 -0.441815  
522 15.310000 -1.052905 -0.439649  
523 15.320000 -1.048519 -0.437494  
524 15.330000 -1.044155 -0.435350  
525 15.340000 -1.039812 -0.433218  
526 15.350000 -1.035491 -0.431097  
527 15.360000 -1.031190 -0.428988  
528 15.370000 -1.026911 -0.426889  
529 15.380000 -1.022652 -0.424802  
530 15.390000 -1.018415 -0.422726  
531 15.400000 -1.014198 -0.420661  
532 15.410000 -1.010002 -0.418607  
533 15.420000 -1.005826 -0.416564  
534 15.430000 -1.001670 -0.414532  
535 15.440000 -0.997535 -0.412512  
536 15.450000 -0.993420 -0.410502  
537 15.460000 -0.989325 -0.408503  
538 15.470000 -0.985250 -0.406515  
539 15.480000 -0.981195 -0.404538  
540 15.490000 -0.977159 -0.402572  
541 15.500000 -0.973143 -0.400616  
542 15.510000 -0.969147 -0.398671  
543 15.520000 -0.965170 -0.396737  
544 15.530000 -0.961212 -0.394814  
545 15.540000 -0.957273 -0.392901  
546 15.550000 -0.953354 -0.390998  
547 15.560000 -0.949453 -0.389107  
548 15.570000 -0.945572 -0.387225  
549 15.580000 -0.941709 -0.385354  
550 15.590000 -0.937865 -0.383494  
551 15.600000 -0.934039 -0.381643  
552 15.610000 -0.930232 -0.379803  
553 15.620000 -0.926443 -0.377974  
554 15.630000 -0.922672 -0.376154  
555 15.640000 -0.918920 -0.374345  
556 15.650000 -0.915185 -0.372546  
557 15.660000 -0.911469 -0.370756  
558 15.670000 -0.907770 -0.368977  
559 15.680000 -0.904089 -0.367208  
560 15.690000 -0.900426 -0.365448  
561 15.700000 -0.896780 -0.363699  
562 15.710000 -0.893152 -0.361959  
563 15.720000 -0.889541 -0.360229  
564 15.730000 -0.885947 -0.358509  
565 15.740000 -0.882371 -0.356798  
566 15.750000 -0.878811 -0.355097  
567 15.760000 -0.875269 -0.353406  
568 15.770000 -0.871743 -0.351724  
569 15.780000 -0.868234 -0.350051  
570 15.790000 -0.864742 -0.348388  
571 15.800000 -0.861267 -0.346734  
572 15.810000 -0.857807 -0.345090  
573 15.820000 -0.854365 -0.343455  
574 15.830000 -0.850938 -0.341829  
575 15.840000 -0.847528 -0.340212  
576 15.850000 -0.844134 -0.338604  
577 15.860000 -0.840756 -0.337005  
578 15.870000 -0.837394 -0.335416  
579 15.880000 -0.834048 -0.333835  
580 15.890000 -0.830717 -0.332263  
581 15.900000 -0.827402 -0.330700  
582 15.910000 -0.824103 -0.329146  
583 15.920000 -0.820819 -0.327601  
584 15.930000 -0.817551 -0.326064  
585 15.940000 -0.814298 -0.324536  
586 15.950000 -0.811060 -0.323017  
587 15.960000 -0.807838 -0.321506  
588 15.970000 -0.804630 -0.320004  
589 15.980000 -0.801438 -0.318510  
590 15.990000 -0.798260 -0.317025  
591 16.000000 -0.795097 -0.315548  
592 16.010000 -0.791949 -0.314079  
593 16.020000 -0.788815 -0.312619  
594 16.030000 -0.785697 -0.311166  
595 16.040000 -0.782592 -0.309722  
596 16.050000 -0.779502 -0.308287  
597 16.060000 -0.776426 -0.306859  
598 16.070000 -0.773365 -0.305439  
599 16.080000 -0.770318 -0.304027  
600 16.090000 -0.767284 -0.302623  
601 16.100000 -0.764265 -0.301227  
602 16.110000 -0.761260 -0.299839  
603 16.120000 -0.758268 -0.298459  
604 16.130000 -0.755291 -0.297086  
605 16.140000 -0.752327 -0.295721  
606 16.150000 -0.749376 -0.294364  
607 16.160000 -0.746439 -0.293014  
608 16.170000 -0.743516 -0.291672  
609 16.180000 -0.740606 -0.290337  
610 16.190000 -0.737709 -0.289010  
611 16.200000 -0.734826 -0.287691  
612 16.210000 -0.731955 -0.286378  
613 16.220000 -0.729098 -0.285073  
614 16.230000 -0.726254 -0.283776  
615 16.240000 -0.723422 -0.282485  
616 16.250000 -0.720604 -0.281202  
617 16.260000 -0.717798 -0.279926  
618 16.270000 -0.715005 -0.278657  
619 16.280000 -0.712225 -0.277395  
620 16.290000 -0.709457 -0.276140  
621 16.300000 -0.706702 -0.274892  
622 16.310000 -0.703960 -0.273651  
623 16.320000 -0.701229 -0.272417  
624 16.330000 -0.698511 -0.271190  
625 16.340000 -0.695805 -0.269970  
626 16.350000 -0.693112 -0.268756  
627 16.360000 -0.690430 -0.267549  
628 16.370000 -0.687761 -0.266349  
629 16.380000 -0.685103 -0.265156  
630 16.390000 -0.682458 -0.263969  
631 16.400000 -0.679824 -0.262788  
632 16.410000 -0.677202 -0.261615  
633 16.420000 -0.674592 -0.260447  
634 16.430000 -0.671993 -0.259286  
635 16.440000 -0.669406 -0.258132  
636 16.450000 -0.666830 -0.256984  
637 16.460000 -0.664266 -0.255842  
638 16.470000 -0.661713 -0.254706  
639 16.480000 -0.659172 -0.253577  
640 16.490000 -0.656642 -0.252454  
641 16.500000 -0.654123 -0.251337  
642 16.510000 -0.651615 -0.250226  
643 16.520000 -0.649118 -0.249122  
644 16.530000 -0.646633 -0.248023  
645 16.540000 -0.644158 -0.246930  
646 16.550000 -0.641694 -0.245844  
647 16.560000 -0.639241 -0.244763  
648 16.570000 -0.636799 -0.243688  
649 16.580000 -0.634367 -0.242619  
650 16.590000 -0.631946 -0.241556  
651 16.600000 -0.629536 -0.240499  
652 16.610000 -0.627136 -0.239447  
653 16.620000 -0.624747 -0.238401  
654 16.630000 -0.622368 -0.237361  
655 16.640000 -0.620000 -0.236327  
656 16.650000 -0.617642 -0.235298  
657 16.660000 -0.615294 -0.234274  
658 16.670000 -0.612956 -0.233257  
659 16.680000 -0.610629 -0.232244  
660 16.690000 -0.608311 -0.231237  
661 16.700000 -0.606004 -0.230236  
662 16.710000 -0.603707 -0.229240  
663 16.720000 -0.601419 -0.228250  
664 16.730000 -0.599142 -0.227264  
665 16.740000 -0.596874 -0.226284  
666 16.750000 -0.594616 -0.225310  
667 16.760000 -0.592368 -0.224340  
668 16.770000 -0.590129 -0.223376  
669 16.780000 -0.587900 -0.222417  
670 16.790000 -0.585681 -0.221463  
671 16.800000 -0.583471 -0.220514  
672 16.810000 -0.581270 -0.219571  
673 16.820000 -0.579079 -0.218632  
674 16.830000 -0.576898 -0.217698  
675 16.840000 -0.574725 -0.216770  
676 16.850000 -0.572562 -0.215846  
677 16.860000 -0.570408 -0.214927  
678 16.870000 -0.568264 -0.214013  
679 16.880000 -0.566128 -0.213104  
680 16.890000 -0.564002 -0.212200  
681 16.900000 -0.561884 -0.211301  
682 16.910000 -0.559776 -0.210406  
683 16.920000 -0.557676 -0.209516  
684 16.930000 -0.555585 -0.208631  
685 16.940000 -0.553503 -0.207750  
686 16.950000 -0.551430 -0.206874  
687 16.960000 -0.549366 -0.206003  
688 16.970000 -0.547310 -0.205137  
689 16.980000 -0.545263 -0.204274  
690 16.990000 -0.543225 -0.203417  
691 17.000000 -0.541195 -0.202564  
692 17.010000 -0.539173 -0.201715  
693 17.020000 -0.537160 -0.200871  
694 17.030000 -0.535156 -0.200032  
695 17.040000 -0.533160 -0.199196  
696 17.050000 -0.531172 -0.198365  
697 17.060000 -0.529192 -0.197539  
698 17.070000 -0.527221 -0.196717  
699 17.080000 -0.525258 -0.195899  
700 17.090000 -0.523303 -0.195085  
701 17.100000 -0.521356 -0.194276  
702 17.110000 -0.519418 -0.193470  
703 17.120000 -0.517487 -0.192669  
704 17.130000 -0.515564 -0.191872  
705 17.140000 -0.513650 -0.191080  
706 17.150000 -0.511743 -0.190291  
707 17.160000 -0.509844 -0.189507  
708 17.170000 -0.507953 -0.188726  
709 17.180000 -0.506069 -0.187950  
710 17.190000 -0.504194 -0.187177  
711 17.200000 -0.502326 -0.186409  
712 17.210000 -0.500465 -0.185644  
713 17.220000 -0.498613 -0.184884  
714 17.230000 -0.496768 -0.184127  
715 17.240000 -0.494930 -0.183374  
716 17.250000 -0.493100 -0.182625  
717 17.260000 -0.491278 -0.181880  
718 17.270000 -0.489463 -0.181139  
719 17.280000 -0.487655 -0.180402  
720 17.290000 -0.485854 -0.179668  
721 17.300000 -0.484061 -0.178938  
722 17.310000 -0.482276 -0.178212  
723 17.320000 -0.480497 -0.177489  
724 17.330000 -0.478726 -0.176771  
725 17.340000 -0.476962 -0.176055  
726 17.350000 -0.475205 -0.175344  
727 17.360000 -0.473455 -0.174636  
728 17.370000 -0.471712 -0.173932  
729 17.380000 -0.469976 -0.173231  
730 17.390000 -0.468247 -0.172534  
731 17.400000 -0.466526 -0.171840  
732 17.410000 -0.464811 -0.171150  
733 17.420000 -0.463103 -0.170463  
734 17.430000 -0.461401 -0.169780  
735 17.440000 -0.459707 -0.169100  
736 17.450000 -0.458019 -0.168424  
737 17.460000 -0.456338 -0.167751  
738 17.470000 -0.454664 -0.167081  
739 17.480000 -0.452997 -0.166415  
740 17.490000 -0.451336 -0.165752  
741 17.500000 -0.449682 -0.165093  
742 17.510000 -0.448034 -0.164436  
743 17.520000 -0.446393 -0.163783  
744 17.530000 -0.444758 -0.163134  
745 17.540000 -0.443130 -0.162487  
746 17.550000 -0.441509 -0.161844  
747 17.560000 -0.439893 -0.161204  
748 17.570000 -0.438285 -0.160567  
749 17.580000 -0.436682 -0.159933  
750 17.590000 -0.435086 -0.159303  
751 17.600000 -0.433496 -0.158675  
752 17.610000 -0.431912 -0.158051  
753 17.620000 -0.430335 -0.157430  
754 17.630000 -0.428764 -0.156812  
755 17.640000 -0.427199 -0.156197  
756 17.650000 -0.425640 -0.155585  
757 17.660000 -0.424087 -0.154975  
758 17.670000 -0.422540 -0.154369  
759 17.680000 -0.421000 -0.153766  
760 17.690000 -0.419465 -0.153166  
761 17.700000 -0.417936 -0.152569  
762 17.710000 -0.416414 -0.151975  
763 17.720000 -0.414897 -0.151384  
764 17.730000 -0.413386 -0.150795  
765 17.740000 -0.411881 -0.150210  
766 17.750000 -0.410382 -0.149627  
767 17.760000 -0.408888 -0.149047  
768 17.770000 -0.407401 -0.148470  
769 17.780000 -0.405919 -0.147896  
770 17.790000 -0.404443 -0.147324  
771 17.800000 -0.402972 -0.146756  
772 17.810000 -0.401508 -0.146190  
773 17.820000 -0.400049 -0.145627  
774 17.830000 -0.398595 -0.145066  
775 17.840000 -0.397147 -0.144509  
776 17.850000 -0.395705 -0.143954  
777 17.860000 -0.394268 -0.143401  
778 17.870000 -0.392837 -0.142852  
779 17.880000 -0.391411 -0.142305  
780 17.890000 -0.389991 -0.141760  
781 17.900000 -0.388576 -0.141219  
782 17.910000 -0.387166 -0.140679  
783 17.920000 -0.385762 -0.140143  
784 17.930000 -0.384364 -0.139609  
785 17.940000 -0.382970 -0.139078  
786 17.950000 -0.381582 -0.138549  
787 17.960000 -0.380199 -0.138022  
788 17.970000 -0.378822 -0.137499  
789 17.980000 -0.377449 -0.136977  
790 17.990000 -0.376082 -0.136458  
791 18.000000 -0.374720 -0.135942  
792 18.010000 -0.373363 -0.135428  
793 18.020000 -0.372011 -0.134917  
794 18.030000 -0.370665 -0.134408  
795 18.040000 -0.369323 -0.133901  
796 18.050000 -0.367987 -0.133397  
797 18.060000 -0.366655 -0.132895  
798 18.070000 -0.365329 -0.132396  
799 18.080000 -0.364007 -0.131899  
800 18.090000 -0.362691 -0.131404  
801 18.100000 -0.361379 -0.130911  
802 18.110000 -0.360073 -0.130421  
803 18.120000 -0.358771 -0.129934  
804 18.130000 -0.357474 -0.129448  
805 18.140000 -0.356182 -0.128965  
806 18.150000 -0.354895 -0.128484  
807 18.160000 -0.353612 -0.128005  
808 18.170000 -0.352335 -0.127529  
809 18.180000 -0.351062 -0.127055  
810 18.190000 -0.349794 -0.126583  
811 18.200000 -0.348530 -0.126113  
812 18.210000 -0.347271 -0.125645  
813 18.220000 -0.346017 -0.125180  
814 18.230000 -0.344768 -0.124717  
815 18.240000 -0.343523 -0.124256  
816 18.250000 -0.342283 -0.123797  
817 18.260000 -0.341047 -0.123340  
818 18.270000 -0.339816 -0.122885  
819 18.280000 -0.338589 -0.122433  
820 18.290000 -0.337367 -0.121982  
821 18.300000 -0.336149 -0.121534  
822 18.310000 -0.334936 -0.121087  
823 18.320000 -0.333728 -0.120643  
824 18.330000 -0.332524 -0.120201  
825 18.340000 -0.331324 -0.119761  
826 18.350000 -0.330128 -0.119323  
827 18.360000 -0.328937 -0.118887  
828 18.370000 -0.327751 -0.118452  
829 18.380000 -0.326568 -0.118020  
830 18.390000 -0.325390 -0.117590  
831 18.400000 -0.324216 -0.117162  
832 18.410000 -0.323047 -0.116736  
833 18.420000 -0.321882 -0.116311  
834 18.430000 -0.320721 -0.115889  
835 18.440000 -0.319564 -0.115469  
836 18.450000 -0.318411 -0.115050  
837 18.460000 -0.317263 -0.114634  
838 18.470000 -0.316119 -0.114219  
839 18.480000 -0.314978 -0.113806  
840 18.490000 -0.313842 -0.113395  
841 18.500000 -0.312711 -0.112986  
842 18.510000 -0.311583 -0.112579  
843 18.520000 -0.310459 -0.112174  
844 18.530000 -0.309339 -0.111770  
845 18.540000 -0.308224 -0.111368  
846 18.550000 -0.307112 -0.110969  
847 18.560000 -0.306004 -0.110570  
848 18.570000 -0.304900 -0.110174  
849 18.580000 -0.303801 -0.109780  
850 18.590000 -0.302705 -0.109387  
851 18.600000 -0.301613 -0.108996  
852 18.610000 -0.300525 -0.108607  
853 18.620000 -0.299441 -0.108219  
854 18.630000 -0.298361 -0.107834  
855 18.640000 -0.297284 -0.107450  
856 18.650000 -0.296212 -0.107067  
857 18.660000 -0.295143 -0.106687  
858 18.670000 -0.294078 -0.106308  
859 18.680000 -0.293017 -0.105931  
860 18.690000 -0.291959 -0.105555  
861 18.700000 -0.290906 -0.105181  
862 18.710000 -0.289856 -0.104809  
863 18.720000 -0.288809 -0.104439  
864 18.730000 -0.287767 -0.104070  
865 18.740000 -0.286728 -0.103703  
866 18.750000 -0.285693 -0.103337  
867 18.760000 -0.284661 -0.102973  
868 18.770000 -0.283633 -0.102611  
869 18.780000 -0.282609 -0.102250  
870 18.790000 -0.281588 -0.101891  
871 18.800000 -0.280571 -0.101533  
872 18.810000 -0.279558 -0.101177  
873 18.820000 -0.278548 -0.100823  
874 18.830000 -0.277541 -0.100470  
875 18.840000 -0.276538 -0.100118  
876 18.850000 -0.275539 -0.099769  
877 18.860000 -0.274543 -0.099420  
878 18.870000 -0.273550 -0.099074  
879 18.880000 -0.272561 -0.098728  
880 18.890000 -0.271576 -0.098385  
881 18.900000 -0.270594 -0.098042  
882 18.910000 -0.269615 -0.097702  
883 18.920000 -0.268640 -0.097363  
884 18.930000 -0.267668 -0.097025  
885 18.940000 -0.266699 -0.096689  
886 18.950000 -0.265734 -0.096354  
887 18.960000 -0.264772 -0.096020  
888 18.970000 -0.263813 -0.095688  
889 18.980000 -0.262858 -0.095358  
890 18.990000 -0.261906 -0.095029  
891 19.000000 -0.260958 -0.094701  
892 19.010000 -0.260012 -0.094375  
893 19.020000 -0.259070 -0.094050  
894 19.030000 -0.258131 -0.093727  
895 19.040000 -0.257196 -0.093405  
896 19.050000 -0.256263 -0.093084  
897 19.060000 -0.255334 -0.092765  
898 19.070000 -0.254408 -0.092447  
899 19.080000 -0.253485 -0.092131  
900 19.090000 -0.252565 -0.091816  
901 19.100000 -0.251649 -0.091502  
902 19.110000 -0.250735 -0.091189  
903 19.120000 -0.249825 -0.090878  
904 19.130000 -0.248918 -0.090569  
905 19.140000 -0.248013 -0.090260  
906 19.150000 -0.247112 -0.089953  
907 19.160000 -0.246214 -0.089647  
908 19.170000 -0.245319 -0.089343  
909 19.180000 -0.244428 -0.089040  
910 19.190000 -0.243539 -0.088738  
911 19.200000 -0.242653 -0.088437  
912 19.210000 -0.241770 -0.088138  
913 19.220000 -0.240890 -0.087840  
914 19.230000 -0.240013 -0.087543  
915 19.240000 -0.239139 -0.087247  
916 19.250000 -0.238268 -0.086953  
917 19.260000 -0.237400 -0.086660  
918 19.270000 -0.236535 -0.086368  
919 19.280000 -0.235673 -0.086077  
920 19.290000 -0.234813 -0.085788  
921 19.300000 -0.233957 -0.085500  
922 19.310000 -0.233103 -0.085213  
923 19.320000 -0.232253 -0.084927  
924 19.330000 -0.231405 -0.084643  
925 19.340000 -0.230560 -0.084359  
926 19.350000 -0.229718 -0.084077  
927 19.360000 -0.228878 -0.083796  
928 19.370000 -0.228042 -0.083516  
929 19.380000 -0.227208 -0.083238  
930 19.390000 -0.226377 -0.082960  
931 19.400000 -0.225549 -0.082684  
932 19.410000 -0.224723 -0.082409  
933 19.420000 -0.223901 -0.082135  
934 19.430000 -0.223081 -0.081862  
935 19.440000 -0.222263 -0.081590  
936 19.450000 -0.221449 -0.081320  
937 19.460000 -0.220637 -0.081050  
938 19.470000 -0.219828 -0.080782  
939 19.480000 -0.219021 -0.080515  
940 19.490000 -0.218218 -0.080249  
941 19.500000 -0.217416 -0.079983  
942 19.510000 -0.216618 -0.079720  
943 19.520000 -0.215822 -0.079457  
944 19.530000 -0.215029 -0.079195  
945 19.540000 -0.214238 -0.078934  
946 19.550000 -0.213450 -0.078675  
947 19.560000 -0.212665 -0.078416  
948 19.570000 -0.211882 -0.078159  
949 19.580000 -0.211101 -0.077902  
950 19.590000 -0.210324 -0.077647  
951 19.600000 -0.209548 -0.077393  
952 19.610000 -0.208776 -0.077139  
953 19.620000 -0.208006 -0.076887  
954 19.630000 -0.207238 -0.076636  
955 19.640000 -0.206473 -0.076386  
956 19.650000 -0.205710 -0.076137  
957 19.660000 -0.204950 -0.075888  
958 19.670000 -0.204193 -0.075641  
959 19.680000 -0.203437 -0.075395  
960 19.690000 -0.202685 -0.075150  
961 19.700000 -0.201934 -0.074906  
962 19.710000 -0.201187 -0.074663  
963 19.720000 -0.200441 -0.074421  
964 19.730000 -0.199698 -0.074180  
965 19.740000 -0.198957 -0.073939  
966 19.750000 -0.198219 -0.073700  
967 19.760000 -0.197483 -0.073462  
968 19.770000 -0.196750 -0.073225  
969 19.780000 -0.196019 -0.072988  
970 19.790000 -0.195290 -0.072753  
971 19.800000 -0.194564 -0.072519  
972 19.810000 -0.193840 -0.072285  
973 19.820000 -0.193118 -0.072053  
974 19.830000 -0.192399 -0.071821  
975 19.840000 -0.191682 -0.071590  
976 19.850000 -0.190967 -0.071361  
977 19.860000 -0.190255 -0.071132  
978 19.870000 -0.189544 -0.070904  
979 19.880000 -0.188836 -0.070677  
980 19.890000 -0.188131 -0.070451  
981 19.900000 -0.187427 -0.070226  
982 19.910000 -0.186726 -0.070002  
983 19.920000 -0.186027 -0.069778  
984 19.930000 -0.185331 -0.069556  
985 19.940000 -0.184636 -0.069334  
986 19.950000 -0.183944 -0.069113  
987 19.960000 -0.183254 -0.068894  
988 19.970000 -0.182566 -0.068675  
989 19.980000 -0.181881 -0.068456  
990 19.990000 -0.181197 -0.068239  
991 20.000000 -0.180516 -0.068023  
992 20.010000 -0.179837 -0.067807  
993 20.020000 -0.179160 -0.067593  
994 20.030000 -0.178485 -0.067379  
995 20.040000 -0.177812 -0.067166  
996 20.050000 -0.177141 -0.066954  
997 20.060000 -0.176473 -0.066743  
998 20.070000 -0.175807 -0.066532  
999 20.080000 -0.175142 -0.066323  
1000 20.090000 -0.174480 -0.066114  
1001 20.100000 -0.173820 -0.065906  
1002 20.110000 -0.173162 -0.065699  
1003 20.120000 -0.172506 -0.065492  
1004 20.130000 -0.171852 -0.065287  
1005 20.140000 -0.171200 -0.065082  
1006 20.150000 -0.170551 -0.064878  
1007 20.160000 -0.169903 -0.064675  
1008 20.170000 -0.169257 -0.064473  
1009 20.180000 -0.168613 -0.064271  
1010 20.190000 -0.167972 -0.064070  
1011 20.200000 -0.167332 -0.063870  
1012 20.210000 -0.166694 -0.063671  
1013 20.220000 -0.166058 -0.063473  
1014 20.230000 -0.165425 -0.063275  
1015 20.240000 -0.164793 -0.063078  
1016 20.250000 -0.164163 -0.062882  
1017 20.260000 -0.163535 -0.062687  
1018 20.270000 -0.162909 -0.062492  
1019 20.280000 -0.162285 -0.062298  
1020 20.290000 -0.161663 -0.062105  
1021 20.300000 -0.161043 -0.061913  
1022 20.310000 -0.160425 -0.061721  
1023 20.320000 -0.159809 -0.061530  
1024 20.330000 -0.159195 -0.061340  
1025 20.340000 -0.158582 -0.061151  
1026 20.350000 -0.157972 -0.060962  
1027 20.360000 -0.157363 -0.060774  
1028 20.370000 -0.156756 -0.060587  
1029 20.380000 -0.156151 -0.060401  
1030 20.390000 -0.155548 -0.060215  
1031 20.400000 -0.154947 -0.060030  
1032 20.410000 -0.154347 -0.059845  
1033 20.420000 -0.153750 -0.059662  
1034 20.430000 -0.153154 -0.059479  
1035 20.440000 -0.152560 -0.059297  
1036 20.450000 -0.151968 -0.059115  
1037 20.460000 -0.151378 -0.058934  
1038 20.470000 -0.150790 -0.058754  
1039 20.480000 -0.150203 -0.058575  
1040 20.490000 -0.149618 -0.058396  
1041 20.500000 -0.149035 -0.058218  
1042 20.510000 -0.148454 -0.058040  
1043 20.520000 -0.147874 -0.057863  
1044 20.530000 -0.147296 -0.057687  
1045 20.540000 -0.146720 -0.057512  
1046 20.550000 -0.146146 -0.057337  
1047 20.560000 -0.145574 -0.057163  
1048 20.570000 -0.145003 -0.056990  
1049 20.580000 -0.144434 -0.056817  
1050 20.590000 -0.143867 -0.056645  
1051 20.600000 -0.143301 -0.056473  
1052 20.610000 -0.142737 -0.056302  
1053 20.620000 -0.142175 -0.056132  
1054 20.630000 -0.141615 -0.055963  
1055 20.640000 -0.141056 -0.055794  
1056 20.650000 -0.140499 -0.055626  
1057 20.660000 -0.139943 -0.055458  
1058 20.670000 -0.139389 -0.055291  
1059 20.680000 -0.138837 -0.055125  
1060 20.690000 -0.138287 -0.054959  
1061 20.700000 -0.137738 -0.054794  
1062 20.710000 -0.137191 -0.054629  
1063 20.720000 -0.136646 -0.054465  
1064 20.730000 -0.136102 -0.054302  
1065 20.740000 -0.135560 -0.054139  
1066 20.750000 -0.135019 -0.053977  
1067 20.760000 -0.134480 -0.053816  
1068 20.770000 -0.133943 -0.053655  
1069 20.780000 -0.133407 -0.053495  
1070 20.790000 -0.132873 -0.053335  
1071 20.800000 -0.132340 -0.053176  
1072 20.810000 -0.131809 -0.053017  
1073 20.820000 -0.131280 -0.052860  
1074 20.830000 -0.130752 -0.052702  
1075 20.840000 -0.130226 -0.052545  
1076 20.850000 -0.129701 -0.052389  
1077 20.860000 -0.129178 -0.052234  
1078 20.870000 -0.128657 -0.052079  
1079 20.880000 -0.128136 -0.051924  
1080 20.890000 -0.127618 -0.051770  
1081 20.900000 -0.127101 -0.051617  
1082 20.910000 -0.126586 -0.051464  
1083 20.920000 -0.126072 -0.051312  
1084 20.930000 -0.125559 -0.051161  
1085 20.940000 -0.125049 -0.051010  
1086 20.950000 -0.124539 -0.050859  
1087 20.960000 -0.124031 -0.050709  
1088 20.970000 -0.123525 -0.050560  
1089 20.980000 -0.123020 -0.050411  
1090 20.990000 -0.122517 -0.050263  
1091 21.000000 -0.122015 -0.050115  
1092 21.010000 -0.121515 -0.049968  
1093 21.020000 -0.121016 -0.049821  
1094 21.030000 -0.120518 -0.049675  
1095 21.040000 -0.120022 -0.049529  
1096 21.050000 -0.119527 -0.049384  
1097 21.060000 -0.119034 -0.049240  
1098 21.070000 -0.118543 -0.049096  
1099 21.080000 -0.118052 -0.048952  
1100 21.090000 -0.117564 -0.048809  
1101 21.100000 -0.117076 -0.048667  
1102 21.110000 -0.116590 -0.048525  
1103 21.120000 -0.116106 -0.048384  
1104 21.130000 -0.115623 -0.048243  
1105 21.140000 -0.115141 -0.048102  
1106 21.150000 -0.114661 -0.047962  
1107 21.160000 -0.114182 -0.047823  
1108 21.170000 -0.113704 -0.047684  
1109 21.180000 -0.113228 -0.047546  
1110 21.190000 -0.112753 -0.047408  
1111 21.200000 -0.112280 -0.047271  
1112 21.210000 -0.111808 -0.047134  
1113 21.220000 -0.111337 -0.046997  
1114 21.230000 -0.110868 -0.046861  
1115 21.240000 -0.110400 -0.046726  
1116 21.250000 -0.109933 -0.046591  
1117 21.260000 -0.109468 -0.046457  
1118 21.270000 -0.109004 -0.046323  
1119 21.280000 -0.108542 -0.046189  
1120 21.290000 -0.108080 -0.046056  
1121 21.300000 -0.107621 -0.045924  
1122 21.310000 -0.107162 -0.045792  
1123 21.320000 -0.106705 -0.045660  
1124 21.330000 -0.106249 -0.045529  
1125 21.340000 -0.105794 -0.045398  
1126 21.350000 -0.105341 -0.045268  
1127 21.360000 -0.104889 -0.045138  
1128 21.370000 -0.104438 -0.045009  
1129 21.380000 -0.103989 -0.044880  
1130 21.390000 -0.103540 -0.044752  
1131 21.400000 -0.103094 -0.044624  
1132 21.410000 -0.102648 -0.044497  
1133 21.420000 -0.102204 -0.044370  
1134 21.430000 -0.101761 -0.044243  
1135 21.440000 -0.101319 -0.044117  
1136 21.450000 -0.100878 -0.043992  
1137 21.460000 -0.100439 -0.043866  
1138 21.470000 -0.100001 -0.043742  
1139 21.480000 -0.099564 -0.043617  
1140 21.490000 -0.099128 -0.043494  
1141 21.500000 -0.098694 -0.043370  
1142 21.510000 -0.098261 -0.043247  
1143 21.520000 -0.097829 -0.043125  
1144 21.530000 -0.097399 -0.043002  
1145 21.540000 -0.096969 -0.042881  
1146 21.550000 -0.096541 -0.042760  
1147 21.560000 -0.096114 -0.042639  
1148 21.570000 -0.095688 -0.042518  
1149 21.580000 -0.095264 -0.042398  
1150 21.590000 -0.094840 -0.042279  
1151 21.600000 -0.094418 -0.042160  
1152 21.610000 -0.093997 -0.042041  
1153 21.620000 -0.093577 -0.041923  
1154 21.630000 -0.093159 -0.041805  
1155 21.640000 -0.092741 -0.041687  
1156 21.650000 -0.092325 -0.041570  
1157 21.660000 -0.091910 -0.041453  
1158 21.670000 -0.091496 -0.041337  
1159 21.680000 -0.091083 -0.041221  
1160 21.690000 -0.090671 -0.041106  
1161 21.700000 -0.090261 -0.040991  
1162 21.710000 -0.089852 -0.040876  
1163 21.720000 -0.089443 -0.040762  
1164 21.730000 -0.089036 -0.040648  
1165 21.740000 -0.088630 -0.040535  
1166 21.750000 -0.088226 -0.040421  
1167 21.760000 -0.087822 -0.040309  
1168 21.770000 -0.087419 -0.040196  
1169 21.780000 -0.087018 -0.040085  
1170 21.790000 -0.086618 -0.039973  
1171 21.800000 -0.086219 -0.039862  
1172 21.810000 -0.085820 -0.039751  
1173 21.820000 -0.085424 -0.039641  
1174 21.830000 -0.085028 -0.039531  
1175 21.840000 -0.084633 -0.039421  
1176 21.850000 -0.084239 -0.039312  
1177 21.860000 -0.083847 -0.039203  
1178 21.870000 -0.083455 -0.039095  
1179 21.880000 -0.083065 -0.038986  
1180 21.890000 -0.082675 -0.038879  
1181 21.900000 -0.082287 -0.038771  
1182 21.910000 -0.081900 -0.038664  
1183 21.920000 -0.081514 -0.038558  
1184 21.930000 -0.081129 -0.038451  
1185 21.940000 -0.080745 -0.038346  
1186 21.950000 -0.080362 -0.038240  
1187 21.960000 -0.079980 -0.038135  
1188 21.970000 -0.079599 -0.038030  
1189 21.980000 -0.079219 -0.037926  
1190 21.990000 -0.078841 -0.037821  
1191 22.000000 -0.078463 -0.037718  
1192 22.010000 -0.078086 -0.037614  
1193 22.020000 -0.077711 -0.037511  
1194 22.030000 -0.077336 -0.037408  
1195 22.040000 -0.076963 -0.037306  
1196 22.050000 -0.076590 -0.037204  
1197 22.060000 -0.076219 -0.037102  
1198 22.070000 -0.075848 -0.037001  
1199 22.080000 -0.075478 -0.036900  
1200 22.090000 -0.075110 -0.036800  
1201 22.100000 -0.074742 -0.036699  
1202 22.110000 -0.074376 -0.036599  
1203 22.120000 -0.074011 -0.036500  
1204 22.130000 -0.073646 -0.036400  
1205 22.140000 -0.073282 -0.036301  
1206 22.150000 -0.072920 -0.036203  
1207 22.160000 -0.072558 -0.036105  
1208 22.170000 -0.072198 -0.036007  
1209 22.180000 -0.071838 -0.035909  
1210 22.190000 -0.071480 -0.035812  
1211 22.200000 -0.071122 -0.035715  
1212 22.210000 -0.070765 -0.035618  
1213 22.220000 -0.070410 -0.035522  
1214 22.230000 -0.070055 -0.035426  
1215 22.240000 -0.069701 -0.035330  
1216 22.250000 -0.069348 -0.035235  
1217 22.260000 -0.068996 -0.035140  
1218 22.270000 -0.068646 -0.035045  
1219 22.280000 -0.068296 -0.034951  
1220 22.290000 -0.067947 -0.034856  
1221 22.300000 -0.067598 -0.034763  
1222 22.310000 -0.067251 -0.034669  
1223 22.320000 -0.066905 -0.034576  
1224 22.330000 -0.066560 -0.034483  
1225 22.340000 -0.066215 -0.034391  
1226 22.350000 -0.065872 -0.034299  
1227 22.360000 -0.065529 -0.034207  
1228 22.370000 -0.065188 -0.034115  
1229 22.380000 -0.064847 -0.034024  
1230 22.390000 -0.064507 -0.033933  
1231 22.400000 -0.064168 -0.033842  
1232 22.410000 -0.063831 -0.033752  
1233 22.420000 -0.063493 -0.033661  
1234 22.430000 -0.063157 -0.033572  
1235 22.440000 -0.062822 -0.033482  
1236 22.450000 -0.062488 -0.033393  
1237 22.460000 -0.062154 -0.033304  
1238 22.470000 -0.061822 -0.033215  
1239 22.480000 -0.061490 -0.033127  
1240 22.490000 -0.061159 -0.033039  
1241 22.500000 -0.060829 -0.032951  
1242 22.510000 -0.060500 -0.032864  
1243 22.520000 -0.060172 -0.032777  
1244 22.530000 -0.059844 -0.032690  
1245 22.540000 -0.059518 -0.032603  
1246 22.550000 -0.059192 -0.032517  
1247 22.560000 -0.058868 -0.032431  
1248 22.570000 -0.058544 -0.032345  
1249 22.580000 -0.058221 -0.032260  
1250 22.590000 -0.057899 -0.032174  
1251 22.600000 -0.057577 -0.032089  
1252 22.610000 -0.057257 -0.032005  
1253 22.620000 -0.056937 -0.031920  
1254 22.630000 -0.056618 -0.031836  
1255 22.640000 -0.056300 -0.031752  
1256 22.650000 -0.055983 -0.031669  
1257 22.660000 -0.055667 -0.031586  
1258 22.670000 -0.055352 -0.031503  
1259 22.680000 -0.055037 -0.031420  
1260 22.690000 -0.054723 -0.031337  
1261 22.700000 -0.054410 -0.031255  
1262 22.710000 -0.054098 -0.031173  
1263 22.720000 -0.053787 -0.031092  
1264 22.730000 -0.053476 -0.031010  
1265 22.740000 -0.053167 -0.030929  
1266 22.750000 -0.052858 -0.030848  
1267 22.760000 -0.052550 -0.030768  
1268 22.770000 -0.052242 -0.030687  
1269 22.780000 -0.051936 -0.030607  
1270 22.790000 -0.051630 -0.030527  
1271 22.800000 -0.051325 -0.030448  
1272 22.810000 -0.051021 -0.030369  
1273 22.820000 -0.050718 -0.030289  
1274 22.830000 -0.050415 -0.030211  
1275 22.840000 -0.050114 -0.030132  
1276 22.850000 -0.049813 -0.030054  
1277 22.860000 -0.049513 -0.029976  
1278 22.870000 -0.049213 -0.029898  
1279 22.880000 -0.048915 -0.029820  
1280 22.890000 -0.048617 -0.029743  
1281 22.900000 -0.048320 -0.029666  
1282 22.910000 -0.048024 -0.029589  
1283 22.920000 -0.047728 -0.029513  
1284 22.930000 -0.047433 -0.029436  
1285 22.940000 -0.047139 -0.029360  
1286 22.950000 -0.046846 -0.029284  
1287 22.960000 -0.046554 -0.029209  
1288 22.970000 -0.046262 -0.029134  
1289 22.980000 -0.045971 -0.029058  
1290 22.990000 -0.045681 -0.028984  
1291 23.000000 -0.045391 -0.028909  
1292 23.010000 -0.045103 -0.028835  
1293 23.020000 -0.044815 -0.028760  
1294 23.030000 -0.044527 -0.028686  
1295 23.040000 -0.044241 -0.028613  
1296 23.050000 -0.043955 -0.028539  
1297 23.060000 -0.043670 -0.028466  
1298 23.070000 -0.043386 -0.028393  
1299 23.080000 -0.043102 -0.028320  
1300 23.090000 -0.042819 -0.028248  
1301 23.100000 -0.042537 -0.028176  
1302 23.110000 -0.042256 -0.028104  
1303 23.120000 -0.041975 -0.028032  
1304 23.130000 -0.041695 -0.027960  
1305 23.140000 -0.041416 -0.027889  
1306 23.150000 -0.041137 -0.027818  
1307 23.160000 -0.040860 -0.027747  
1308 23.170000 -0.040583 -0.027676  
1309 23.180000 -0.040306 -0.027605  
1310 23.190000 -0.040030 -0.027535  
1311 23.200000 -0.039755 -0.027465  
1312 23.210000 -0.039481 -0.027395  
1313 23.220000 -0.039208 -0.027326  
1314 23.230000 -0.038935 -0.027256  
1315 23.240000 -0.038662 -0.027187  
1316 23.250000 -0.038391 -0.027118  
1317 23.260000 -0.038120 -0.027049  
1318 23.270000 -0.037850 -0.026981  
1319 23.280000 -0.037580 -0.026913  
1320 23.290000 -0.037312 -0.026844  
1321 23.300000 -0.037044 -0.026777  
1322 23.310000 -0.036776 -0.026709  
1323 23.320000 -0.036509 -0.026641  
1324 23.330000 -0.036243 -0.026574  
1325 23.340000 -0.035978 -0.026507  
1326 23.350000 -0.035713 -0.026440  
1327 23.360000 -0.035449 -0.026374  
1328 23.370000 -0.035186 -0.026307  
1329 23.380000 -0.034923 -0.026241  
1330 23.390000 -0.034661 -0.026175  
1331 23.400000 -0.034399 -0.026109  
1332 23.410000 -0.034139 -0.026044  
1333 23.420000 -0.033879 -0.025978  
1334 23.430000 -0.033619 -0.025913  
1335 23.440000 -0.033360 -0.025848  
1336 23.450000 -0.033102 -0.025783  
1337 23.460000 -0.032845 -0.025719  
1338 23.470000 -0.032588 -0.025654  
1339 23.480000 -0.032332 -0.025590  
1340 23.490000 -0.032076 -0.025526  
1341 23.500000 -0.031821 -0.025462  
1342 23.510000 -0.031567 -0.025399  
1343 23.520000 -0.031313 -0.025335  
1344 23.530000 -0.031060 -0.025272  
1345 23.540000 -0.030808 -0.025209  
1346 23.550000 -0.030556 -0.025146  
1347 23.560000 -0.030305 -0.025084  
1348 23.570000 -0.030054 -0.025021  
1349 23.580000 -0.029804 -0.024959  
1350 23.590000 -0.029555 -0.024897  
1351 23.600000 -0.029306 -0.024835  
1352 23.610000 -0.029058 -0.024774  
1353 23.620000 -0.028811 -0.024712  
1354 23.630000 -0.028564 -0.024651  
1355 23.640000 -0.028318 -0.024590  
1356 23.650000 -0.028072 -0.024529  
1357 23.660000 -0.027827 -0.024468  
1358 23.670000 -0.027583 -0.024408  
1359 23.680000 -0.027339 -0.024347  
1360 23.690000 -0.027096 -0.024287  
1361 23.700000 -0.026853 -0.024227  
1362 23.710000 -0.026611 -0.024167  
1363 23.720000 -0.026370 -0.024108  
1364 23.730000 -0.026129 -0.024048  
1365 23.740000 -0.025889 -0.023989  
1366 23.750000 -0.025649 -0.023930  
1367 23.760000 -0.025410 -0.023871  
1368 23.770000 -0.025172 -0.023812  
1369 23.780000 -0.024934 -0.023754  
1370 23.790000 -0.024697 -0.023695  
1371 23.800000 -0.024460 -0.023637  
1372 23.810000 -0.024224 -0.023579  
1373 23.820000 -0.023989 -0.023521  
1374 23.830000 -0.023754 -0.023464  
1375 23.840000 -0.023519 -0.023406  
1376 23.850000 -0.023286 -0.023349  
1377 23.860000 -0.023052 -0.023292  
1378 23.870000 -0.022820 -0.023235  
1379 23.880000 -0.022588 -0.023178  
1380 23.890000 -0.022356 -0.023121  
1381 23.900000 -0.022125 -0.023065  
1382 23.910000 -0.021895 -0.023008  
1383 23.920000 -0.021665 -0.022952  
1384 23.930000 -0.021436 -0.022896  
1385 23.940000 -0.021207 -0.022841  
1386 23.950000 -0.020979 -0.022785  
1387 23.960000 -0.020751 -0.022730  
1388 23.970000 -0.020524 -0.022674  
1389 23.980000 -0.020298 -0.022619  
1390 23.990000 -0.020072 -0.022564  
1391 24.000000 -0.019847 -0.022509  
1392 24.010000 -0.019622 -0.022455  
1393 24.020000 -0.019398 -0.022400  
1394 24.030000 -0.019174 -0.022346  
1395 24.040000 -0.018951 -0.022292  
1396 24.050000 -0.018728 -0.022238  
1397 24.060000 -0.018506 -0.022184  
1398 24.070000 -0.018284 -0.022131  
1399 24.080000 -0.018063 -0.022077  
1400 24.090000 -0.017843 -0.022024  
1401 24.100000 -0.017623 -0.021971  
1402 24.110000 -0.017403 -0.021917  
1403 24.120000 -0.017185 -0.021865  
1404 24.130000 -0.016966 -0.021812  
1405 24.140000 -0.016748 -0.021759  
1406 24.150000 -0.016531 -0.021707  
1407 24.160000 -0.016314 -0.021655  
1408 24.170000 -0.016098 -0.021603  
1409 24.180000 -0.015882 -0.021551  
1410 24.190000 -0.015667 -0.021499  
1411 24.200000 -0.015452 -0.021447  
1412 24.210000 -0.015238 -0.021396  
1413 24.220000 -0.015024 -0.021345  
1414 24.230000 -0.014811 -0.021293  
1415 24.240000 -0.014598 -0.021242  
1416 24.250000 -0.014386 -0.021192  
1417 24.260000 -0.014174 -0.021141  
1418 24.270000 -0.013963 -0.021090  
1419 24.280000 -0.013753 -0.021040  
1420 24.290000 -0.013543 -0.020990  
1421 24.300000 -0.013333 -0.020940  
1422 24.310000 -0.013124 -0.020890  
1423 24.320000 -0.012915 -0.020840  
1424 24.330000 -0.012707 -0.020790  
1425 24.340000 -0.012499 -0.020741  
1426 24.350000 -0.012292 -0.020691  
1427 24.360000 -0.012085 -0.020642  
1428 24.370000 -0.011879 -0.020593  
1429 24.380000 -0.011674 -0.020544  
1430 24.390000 -0.011468 -0.020495  
1431 24.400000 -0.011264 -0.020446  
1432 24.410000 -0.011059 -0.020398  
1433 24.420000 -0.010856 -0.020350  
1434 24.430000 -0.010652 -0.020301  
1435 24.440000 -0.010450 -0.020253  
1436 24.450000 -0.010247 -0.020205  
1437 24.460000 -0.010046 -0.020157  
1438 24.470000 -0.009844 -0.020110  
1439 24.480000 -0.009643 -0.020062  
1440 24.490000 -0.009443 -0.020015  
1441 24.500000 -0.009243 -0.019968  
1442 24.510000 -0.009044 -0.019920  
1443 24.520000 -0.008845 -0.019873  
1444 24.530000 -0.008646 -0.019827  
1445 24.540000 -0.008448 -0.019780  
1446 24.550000 -0.008251 -0.019733  
1447 24.560000 -0.008053 -0.019687  
1448 24.570000 -0.007857 -0.019641  
1449 24.580000 -0.007661 -0.019594  
1450 24.590000 -0.007465 -0.019548  
1451 24.600000 -0.007270 -0.019502  
1452 24.610000 -0.007075 -0.019457  
1453 24.620000 -0.006881 -0.019411  
1454 24.630000 -0.006687 -0.019365  
1455 24.640000 -0.006493 -0.019320  
1456 24.650000 -0.006300 -0.019275  
1457 24.660000 -0.006108 -0.019230  
1458 24.670000 -0.005916 -0.019185  
1459 24.680000 -0.005724 -0.019140  
1460 24.690000 -0.005533 -0.019095  
1461 24.700000 -0.005342 -0.019051  
1462 24.710000 -0.005152 -0.019006  
1463 24.720000 -0.004962 -0.018962  
1464 24.730000 -0.004773 -0.018917  
1465 24.740000 -0.004584 -0.018873  
1466 24.750000 -0.004395 -0.018829  
1467 24.760000 -0.004207 -0.018786  
1468 24.770000 -0.004019 -0.018742  
1469 24.780000 -0.003832 -0.018698  
1470 24.790000 -0.003646 -0.018655  
1471 24.800000 -0.003459 -0.018611  
1472 24.810000 -0.003273 -0.018568  
1473 24.820000 -0.003088 -0.018525  
1474 24.830000 -0.002903 -0.018482  
1475 24.840000 -0.002718 -0.018439  
1476 24.850000 -0.002534 -0.018397  
1477 24.860000 -0.002350 -0.018354  
1478 24.870000 -0.002167 -0.018312  
1479 24.880000 -0.001984 -0.018269  
1480 24.890000 -0.001802 -0.018227  
1481 24.900000 -0.001619 -0.018185  
1482 24.910000 -0.001438 -0.018143  
1483 24.920000 -0.001257 -0.018101  
1484 24.930000 -0.001076 -0.018059  
1485 24.940000 -0.000895 -0.018018  
1486 24.950000 -0.000715 -0.017976  
1487 24.960000 -0.000536 -0.017935  
1488 24.970000 -0.000357 -0.017893  
1489 24.980000 -0.000178 -0.017852  
1490 24.990000 0.000000 -0.017811  
