1 10.100000 142049141125008.437500 12800264809245922.000000  
2 10.110000 60175582895196.507812 4930162098193309.000000  
3 10.120000 27468790426257.921875 2063217465042902.000000  
4 10.130000 13350492125614.410156 925749908562548.250000  
5 10.140000 6844665617371.398438 440774942920825.437500  
6 10.150000 3674521165933.490723 220879309559651.000000  
7 10.160000 2053336763841.993408 115728011201079.734375  
8 10.170000 1188551735428.014160 63055084127404.046875  
9 10.180000 709781386359.480591 35567684726265.601562  
10 10.190000 435826792113.023743 20692657857178.375000  
11 10.200000 274375901748.153015 12377253480138.912109  
12 10.210000 176669783372.008911 7591079939623.987305  
13 10.220000 116105345374.326416 4762580056368.722656  
14 10.230000 77736796535.814789 3050448070099.612305  
15 10.240000 52941619019.993813 1991144560720.384033  
16 10.250000 36623508997.858177 1322478583616.951904  
17 10.260000 25702889116.952217 892542886130.233765  
18 10.270000 18280608420.361736 611362900911.979248  
19 10.280000 13163309567.524969 424551980132.072571  
20 10.290000 9588013863.045456 298611120900.686462  
21 10.300000 7058997079.130388 212543825212.212402  
22 10.310000 5249320775.482655 152974659120.274658  
23 10.320000 3940333812.719696 111253158993.349533  
24 10.330000 2983885987.409302 81705021187.489456  
25 10.340000 2278361814.750261 60558525839.755569  
26 10.350000 1753259531.171150 45275228290.913551  
27 10.360000 1359133631.237812 34126599768.124866  
28 10.370000 1060951677.711501 25922568297.728512  
29 10.380000 833653543.853605 19835212124.166794  
30 10.390000 659149232.696023 15282858718.955669  
31 10.400000 524267491.428310 11853017171.152224  
32 10.410000 419339882.455389 9250574869.219427  
33 10.420000 337214068.711088 7262617177.226245  
34 10.430000 272559928.875218 5734302124.149201  
35 10.440000 221377365.926207 4552162272.073794  
36 10.450000 180644300.305253 3632444919.949233  
37 10.460000 148062940.598059 2912901745.674176  
38 10.470000 121875521.224711 2346960884.916242  
39 10.480000 100729529.404945 1899558338.754877  
40 10.490000 83578454.340989 1544134364.533272  
41 10.500000 69608216.922005 1260454064.907523  
42 10.510000 58182292.893771 1033015367.251989  
43 10.520000 48800533.288788 849878575.669042  
44 10.530000 41068084.798716 701800532.742728  
45 10.540000 34671802.801871 581590306.918123  
46 10.550000 29362255.282518 483626987.250324  
47 10.560000 24939921.999309 403496815.497669  
48 10.570000 21244558.656260 337718676.424419  
49 10.580000 18146961.251704 283535372.354072  
50 10.590000 15542559.723494 238754137.270715  
51 10.600000 13346412.530645 201624196.857956  
52 10.610000 11489279.121923 170742339.188358  
53 10.620000 9914525.469325 144979766.195414  
54 10.630000 8575676.251536 123425188.035311  
55 10.640000 7434471.096845 105340370.716754  
56 10.650000 6459315.334871 90125272.967766  
57 10.660000 5624040.730926 77290597.994811  
58 10.670000 4906910.715165 66436102.133404  
59 10.680000 4289819.165687 57233390.731868  
60 10.690000 3757642.966529 49412224.981363  
61 10.700000 3297717.160685 42749585.986164  
62 10.710000 2899408.169400 37060911.945937  
63 10.720000 2553765.712933 32193054.041452  
64 10.730000 2253238.092251 28018596.235657  
65 10.740000 1991438.638490 24431260.999304  
66 10.750000 1762953.607235 21342182.392964  
67 10.760000 1563183.739969 18676874.081820  
68 10.770000 1388213.252071 16372755.818612  
69 10.780000 1234701.225097 14377130.047493  
70 10.790000 1099791.349812 12645522.340017  
71 10.800000 981036.739108 11140316.735742  
72 10.810000 876337.147975 9829630.766953  
73 10.820000 783886.433566 8686385.802244  
74 10.830000 702128.487244 7687536.965939  
75 10.840000 629720.192356 6813433.758986  
76 10.850000 565500.221697 6047287.994040  
77 10.860000 508462.699790 5374730.053058  
78 10.870000 457734.926670 4783438.006411  
79 10.880000 412558.499767 4262826.975961  
80 10.890000 372273.284790 3803788.420409  
81 10.900000 336303.780079 3398470.879558  
82 10.910000 304147.495754 3040095.222043  
83 10.920000 275365.032187 2722798.667606  
84 10.930000 249571.594443 2441502.854861  
85 10.940000 226429.722425 2191802.042615  
86 10.950000 205643.052084 1969868.201910  
87 10.960000 186950.952690 1772370.305188  
88 10.970000 170123.909725 1596405.570691  
89 10.980000 154959.543486 1439440.792520  
90 10.990000 141279.170583 1299262.194309  
91 11.000000 128924.829820 1173932.498923  
92 11.010000 117756.705952 1061754.117640  
93 11.020000 107650.894846 961237.537559  
94 11.030000 98497.462073 871074.131911  
95 11.040000 90198.754045 790112.739647  
96 11.050000 82667.926845 717339.462296  
97 11.060000 75827.662986 651860.211196  
98 11.070000 69609.050615 592885.609497  
99 11.080000 63950.603346 539717.913237  
100 11.090000 58797.401995 491739.666161  
101 11.100000 54100.342127 448403.845420  
102 11.110000 49815.473564 409225.291077  
103 11.120000 45903.419930 373773.242661  
104 11.130000 42328.867933 341664.831613  
105 11.140000 39060.117495 312559.400202  
106 11.150000 36068.685021 286153.535965  
107 11.160000 33328.953154 262176.726377  
108 11.170000 30817.861232 240387.551862  
109 11.180000 28514.631417 220570.346607  
110 11.190000 26400.526129 202532.266402  
111 11.200000 24458.632999 186100.711048  
112 11.210000 22673.674012 171121.055968  
113 11.220000 21031.835947 157454.653822  
114 11.230000 19520.619605 144977.072105  
115 11.240000 18128.705600 133576.537273  
116 11.250000 16845.834785 123152.559790  
117 11.260000 15662.701617 113614.717834  
118 11.270000 14570.858972 104881.580307  
119 11.280000 13562.633110 96879.752256  
120 11.290000 12631.047628 89543.027994  
121 11.300000 11769.755406 82811.639059  
122 11.310000 10972.977636 76631.585779  
123 11.320000 10235.449172 70954.042592  
124 11.330000 9552.369483 65734.828536  
125 11.340000 8919.358615 60933.935321  
126 11.350000 8332.417604 56515.106377  
127 11.360000 7787.892879 52445.461041  
128 11.370000 7282.444210 48695.158765  
129 11.380000 6813.015837 45237.098822  
130 11.390000 6376.810439 42046.651556  
131 11.400000 5971.265651 39101.417657  
132 11.410000 5594.032859 36381.012359  
133 11.420000 5242.958038 33866.871856  
134 11.430000 4916.064427 31542.079481  
135 11.440000 4611.536856 29391.209539  
136 11.450000 4327.707548 27400.186881  
137 11.460000 4063.043254 25556.160542  
138 11.470000 3816.133596 23847.389951  
139 11.480000 3585.680480 22263.142396  
140 11.490000 3370.488488 20793.600553  
141 11.500000 3169.456152 19429.779037  
142 11.510000 2981.568012 18163.449052  
143 11.520000 2805.887403 16987.070293  
144 11.530000 2641.549877 15893.729372  
145 11.540000 2487.757221 14877.084097  
146 11.550000 2343.772000 13931.313028  
147 11.560000 2208.912583 13051.069760  
148 11.570000 2082.548599 12231.441487  
149 11.580000 1964.096799 11467.911406  
150 11.590000 1853.017264 10756.324587  
151 11.600000 1748.809944 10092.856979  
152 11.610000 1651.011495 9473.987233  
153 11.620000 1559.192382 8896.471087  
154 11.630000 1472.954222 8357.318048  
155 11.640000 1391.927361 7853.770167  
156 11.650000 1315.768639 7383.282706  
157 11.660000 1244.159356 6943.506506  
158 11.670000 1176.803389 6532.271919  
159 11.680000 1113.425478 6147.574134  
160 11.690000 1053.769643 5787.559785  
161 11.700000 997.597732 5450.514717  
162 11.710000 944.688085 5134.852801  
163 11.720000 894.834306 4839.105710  
164 11.730000 847.844132 4561.913558  
165 11.740000 803.538395 4302.016336  
166 11.750000 761.750058 4058.246065  
167 11.760000 722.323336 3829.519608  
168 11.770000 685.112878 3614.832075  
169 11.780000 649.983015 3413.250779  
170 11.790000 616.807068 3223.909684  
171 11.800000 585.466708 3046.004311  
172 11.810000 555.851361 2878.787061  
173 11.820000 527.857662 2721.562904  
174 11.830000 501.388952 2573.685434  
175 11.840000 476.354807 2434.553224  
176 11.850000 452.670607 2303.606479  
177 11.860000 430.257134 2180.323953  
178 11.870000 409.040203 2064.220109  
179 11.880000 388.950315 1954.842502  
180 11.890000 369.922341 1851.769365  
181 11.900000 351.895226 1754.607383  
182 11.910000 334.811715 1662.989641  
183 11.920000 318.618097 1576.573727  
184 11.930000 303.263969 1495.039982  
185 11.940000 288.702020 1418.089878  
186 11.950000 274.887824 1345.444532  
187 11.960000 261.779651 1276.843312  
188 11.970000 249.338292 1212.042568  
189 11.980000 237.526893 1150.814442  
190 11.990000 226.310806 1092.945776  
191 12.000000 215.657445 1038.237096  
192 12.010000 205.536155 986.501671  
193 12.020000 195.918085 937.564643  
194 12.030000 186.776081 891.262219  
195 12.040000 178.084571 847.440921  
196 12.050000 169.819473 805.956893  
197 12.060000 161.958093 766.675251  
198 12.070000 154.479049 729.469488  
199 12.080000 147.362180 694.220917  
200 12.090000 140.588479 660.818151  
201 12.100000 134.140014 629.156625  
202 12.110000 127.999870 599.138146  
203 12.120000 122.152082 570.670483  
204 12.130000 116.581580 543.666973  
205 12.140000 111.274134 518.046163  
206 12.150000 106.216304 493.731480  
207 12.160000 101.395391 470.650909  
208 12.170000 96.799398 448.736711  
209 12.180000 92.416982 427.925145  
210 12.190000 88.237420 408.156221  
211 12.200000 84.250571 389.373459  
212 12.210000 80.446841 371.523670  
213 12.220000 76.817155 354.556754  
214 12.230000 73.352921 338.425505  
215 12.240000 70.046008 323.085432  
216 12.250000 66.888715 308.494593  
217 12.260000 63.873751 294.613439  
218 12.270000 60.994205 281.404665  
219 12.280000 58.243534 268.833079  
220 12.290000 55.615531 256.865467  
221 12.300000 53.104316 245.470482  
222 12.310000 50.704311 234.618524  
223 12.320000 48.410228 224.281640  
224 12.330000 46.217050 214.433425  
225 12.340000 44.120014 205.048932  
226 12.350000 42.114604 196.104581  
227 12.360000 40.196530 187.578085  
228 12.370000 38.361720 179.448368  
229 12.380000 36.606307 171.695500  
230 12.390000 34.926617 164.300626  
231 12.400000 33.319160 157.245908  
232 12.410000 31.780621 150.514463  
233 12.420000 30.307847 144.090307  
234 12.430000 28.897841 137.958310  
235 12.440000 27.547755 132.104141  
236 12.450000 26.254878 126.514226  
237 12.460000 25.016632 121.175702  
238 12.470000 23.830566 116.076383  
239 12.480000 22.694346 111.204715  
240 12.490000 21.605750 106.549747  
241 12.500000 20.562663 102.101091  
242 12.510000 19.563073 97.848899  
243 12.520000 18.605062 93.783824  
244 12.530000 17.686802 89.896999  
245 12.540000 16.806556 86.180011  
246 12.550000 15.962663 82.624870  
247 12.560000 15.153544 79.223992  
248 12.570000 14.377693 75.970175  
249 12.580000 13.633673 72.856579  
250 12.590000 12.920116 69.876705  
251 12.600000 12.235714 67.024379  
252 12.610000 11.579222 64.293731  
253 12.620000 10.949452 61.679184  
254 12.630000 10.345269 59.175434  
255 12.640000 9.765591 56.777438  
256 12.650000 9.209384 54.480399  
257 12.660000 8.675662 52.279756  
258 12.670000 8.163482 50.171167  
259 12.680000 7.671945 48.150501  
260 12.690000 7.200192 46.213826  
261 12.700000 6.747402 44.357399  
262 12.710000 6.312789 42.577656  
263 12.720000 5.895604 40.871203  
264 12.730000 5.495131 39.234808  
265 12.740000 5.110685 37.665391  
266 12.750000 4.741610 36.160018  
267 12.760000 4.387280 34.715893  
268 12.770000 4.047097 33.330352  
269 12.780000 3.720486 32.000853  
270 12.790000 3.406901 30.724974  
271 12.800000 3.105816 29.500405  
272 12.810000 2.816729 28.324943  
273 12.820000 2.539160 27.196487  
274 12.830000 2.272649 26.113031  
275 12.840000 2.016756 25.072662  
276 12.850000 1.771059 24.073554  
277 12.860000 1.535153 23.113964  
278 12.870000 1.308653 22.192228  
279 12.880000 1.091188 21.306756  
280 12.890000 0.882402 20.456032  
281 12.900000 0.681956 19.638606  
282 12.910000 0.489524 18.853093  
283 12.920000 0.304792 18.098171  
284 12.930000 0.127463 17.372576  
285 12.940000 -0.042753 16.675098  
286 12.950000 -0.206129 16.004584  
287 12.960000 -0.362931 15.359930  
288 12.970000 -0.513411 14.740080  
289 12.980000 -0.657812 14.144024  
290 12.990000 -0.796367 13.570797  
291 13.000000 -0.929301 13.019476  
292 13.010000 -1.056827 12.489177  
293 13.020000 -1.179151 11.979054  
294 13.030000 -1.296472 11.488299  
295 13.040000 -1.408979 11.016137  
296 13.050000 -1.516855 10.561827  
297 13.060000 -1.620273 10.124660  
298 13.070000 -1.719403 9.703956  
299 13.080000 -1.814405 9.299063  
300 13.090000 -1.905435 8.909360  
301 13.100000 -1.992641 8.534250  
302 13.110000 -2.076166 8.173159  
303 13.120000 -2.156149 7.825541  
304 13.130000 -2.232720 7.490870  
305 13.140000 -2.306008 7.168643  
306 13.150000 -2.376133 6.858378  
307 13.160000 -2.443213 6.559612  
308 13.170000 -2.507362 6.271902  
309 13.180000 -2.568687 5.994823  
310 13.190000 -2.627293 5.727967  
311 13.200000 -2.683279 5.470943  
312 13.210000 -2.736743 5.223377  
313 13.220000 -2.787777 4.984907  
314 13.230000 -2.836470 4.755190  
315 13.240000 -2.882909 4.533893  
316 13.250000 -2.927175 4.320699  
317 13.260000 -2.969349 4.115302  
318 13.270000 -3.009506 3.917410  
319 13.280000 -3.047721 3.726742  
320 13.290000 -3.084064 3.543026  
321 13.300000 -3.118604 3.366005  
322 13.310000 -3.151406 3.195429  
323 13.320000 -3.182533 3.031058  
324 13.330000 -3.212047 2.872664  
325 13.340000 -3.240006 2.720024  
326 13.350000 -3.266466 2.572928  
327 13.360000 -3.291482 2.431171  
328 13.370000 -3.315106 2.294557  
329 13.380000 -3.337390 2.162899  
330 13.390000 -3.358380 2.036015  
331 13.400000 -3.378125 1.913731  
332 13.410000 -3.396670 1.795880  
333 13.420000 -3.414057 1.682301  
334 13.430000 -3.430329 1.572840  
335 13.440000 -3.445527 1.467348  
336 13.450000 -3.459689 1.365681  
337 13.460000 -3.472853 1.267703  
338 13.470000 -3.485055 1.173280  
339 13.480000 -3.496330 1.082285  
340 13.490000 -3.506712 0.994596  
341 13.500000 -3.516233 0.910095  
342 13.510000 -3.524924 0.828669  
343 13.520000 -3.532816 0.750207  
344 13.530000 -3.539938 0.674605  
345 13.540000 -3.546317 0.601761  
346 13.550000 -3.551982 0.531579  
347 13.560000 -3.556957 0.463964  
348 13.570000 -3.561269 0.398825  
349 13.580000 -3.564942 0.336076  
350 13.590000 -3.567998 0.275633  
351 13.600000 -3.570462 0.217416  
352 13.610000 -3.572354 0.161345  
353 13.620000 -3.573696 0.107347  
354 13.630000 -3.574507 0.055348  
355 13.640000 -3.574809 0.005280  
356 13.650000 -3.574619 -0.042924  
357 13.660000 -3.573957 -0.089330  
358 13.670000 -3.572838 -0.134000  
359 13.680000 -3.571282 -0.176993  
360 13.690000 -3.569304 -0.218367  
361 13.700000 -3.566920 -0.258179  
362 13.710000 -3.564145 -0.296483  
363 13.720000 -3.560995 -0.333329  
364 13.730000 -3.557484 -0.368769  
365 13.740000 -3.553624 -0.402850  
366 13.750000 -3.549431 -0.435619  
367 13.760000 -3.544916 -0.467121  
368 13.770000 -3.540093 -0.497399  
369 13.780000 -3.534972 -0.526495  
370 13.790000 -3.529567 -0.554450  
371 13.800000 -3.523887 -0.581301  
372 13.810000 -3.517944 -0.607088  
373 13.820000 -3.511749 -0.631845  
374 13.830000 -3.505310 -0.655609  
375 13.840000 -3.498640 -0.678412  
376 13.850000 -3.491745 -0.700287  
377 13.860000 -3.484637 -0.721266  
378 13.870000 -3.477323 -0.741380  
379 13.880000 -3.469812 -0.760656  
380 13.890000 -3.462112 -0.779124  
381 13.900000 -3.454232 -0.796812  
382 13.910000 -3.446179 -0.813744  
383 13.920000 -3.437960 -0.829948  
384 13.930000 -3.429582 -0.845447  
385 13.940000 -3.421053 -0.860265  
386 13.950000 -3.412379 -0.874426  
387 13.960000 -3.403567 -0.887950  
388 13.970000 -3.394622 -0.900861  
389 13.980000 -3.385551 -0.913178  
390 13.990000 -3.376360 -0.924921  
391 14.000000 -3.367055 -0.936111  
392 14.010000 -3.357640 -0.946765  
393 14.020000 -3.348121 -0.956901  
394 14.030000 -3.338504 -0.966537  
395 14.040000 -3.328792 -0.975690  
396 14.050000 -3.318991 -0.984376  
397 14.060000 -3.309106 -0.992611  
398 14.070000 -3.299141 -1.000410  
399 14.080000 -3.289099 -1.007787  
400 14.090000 -3.278986 -1.014758  
401 14.100000 -3.268805 -1.021335  
402 14.110000 -3.258561 -1.027533  
403 14.120000 -3.248256 -1.033363  
404 14.130000 -3.237895 -1.038838  
405 14.140000 -3.227480 -1.043971  
406 14.150000 -3.217016 -1.048772  
407 14.160000 -3.206506 -1.053254  
408 14.170000 -3.195952 -1.057427  
409 14.180000 -3.185358 -1.061301  
410 14.190000 -3.174727 -1.064887  
411 14.200000 -3.164062 -1.068194  
412 14.210000 -3.153364 -1.071232  
413 14.220000 -3.142638 -1.074011  
414 14.230000 -3.131885 -1.076539  
415 14.240000 -3.121108 -1.078824  
416 14.250000 -3.110309 -1.080876  
417 14.260000 -3.099491 -1.082701  
418 14.270000 -3.088656 -1.084309  
419 14.280000 -3.077806 -1.085706  
420 14.290000 -3.066942 -1.086900  
421 14.300000 -3.056068 -1.087898  
422 14.310000 -3.045185 -1.088706  
423 14.320000 -3.034295 -1.089332  
424 14.330000 -3.023399 -1.089781  
425 14.340000 -3.012500 -1.090060  
426 14.350000 -3.001598 -1.090175  
427 14.360000 -2.990697 -1.090132  
428 14.370000 -2.979796 -1.089936  
429 14.380000 -2.968899 -1.089593  
430 14.390000 -2.958005 -1.089108  
431 14.400000 -2.947117 -1.088486  
432 14.410000 -2.936236 -1.087732  
433 14.420000 -2.925363 -1.086851  
434 14.430000 -2.914499 -1.085848  
435 14.440000 -2.903646 -1.084726  
436 14.450000 -2.892805 -1.083491  
437 14.460000 -2.881977 -1.082146  
438 14.470000 -2.871162 -1.080695  
439 14.480000 -2.860363 -1.079143  
440 14.490000 -2.849580 -1.077493  
441 14.500000 -2.838813 -1.075750  
442 14.510000 -2.828065 -1.073915  
443 14.520000 -2.817335 -1.071994  
444 14.530000 -2.806625 -1.069989  
445 14.540000 -2.795936 -1.067903  
446 14.550000 -2.785268 -1.065740  
447 14.560000 -2.774621 -1.063503  
448 14.570000 -2.763998 -1.061194  
449 14.580000 -2.753398 -1.058817  
450 14.590000 -2.742822 -1.056374  
451 14.600000 -2.732270 -1.053868  
452 14.610000 -2.721745 -1.051302  
453 14.620000 -2.711245 -1.048677  
454 14.630000 -2.700771 -1.045997  
455 14.640000 -2.690325 -1.043264  
456 14.650000 -2.679906 -1.040480  
457 14.660000 -2.669515 -1.037646  
458 14.670000 -2.659153 -1.034767  
459 14.680000 -2.648820 -1.031842  
460 14.690000 -2.638517 -1.028875  
461 14.700000 -2.628243 -1.025868  
462 14.710000 -2.617999 -1.022822  
463 14.720000 -2.607787 -1.019738  
464 14.730000 -2.597605 -1.016620  
465 14.740000 -2.587454 -1.013467  
466 14.750000 -2.577336 -1.010283  
467 14.760000 -2.567249 -1.007069  
468 14.770000 -2.557194 -1.003826  
469 14.780000 -2.547172 -1.000556  
470 14.790000 -2.537183 -0.997260  
471 14.800000 -2.527227 -0.993939  
472 14.810000 -2.517304 -0.990595  
473 14.820000 -2.507415 -0.987230  
474 14.830000 -2.497560 -0.983844  
475 14.840000 -2.487739 -0.980438  
476 14.850000 -2.477951 -0.977015  
477 14.860000 -2.468198 -0.973575  
478 14.870000 -2.458480 -0.970119  
479 14.880000 -2.448796 -0.966648  
480 14.890000 -2.439147 -0.963163  
481 14.900000 -2.429533 -0.959666  
482 14.910000 -2.419954 -0.956156  
483 14.920000 -2.410410 -0.952636  
484 14.930000 -2.400901 -0.949106  
485 14.940000 -2.391428 -0.945568  
486 14.950000 -2.381990 -0.942020  
487 14.960000 -2.372587 -0.938466  
488 14.970000 -2.363220 -0.934905  
489 14.980000 -2.353889 -0.931338  
490 14.990000 -2.344594 -0.927766  
491 15.000000 -2.335334 -0.924190  
492 15.010000 -2.326110 -0.920610  
493 15.020000 -2.316922 -0.917028  
494 15.030000 -2.307769 -0.913443  
495 15.040000 -2.298653 -0.909856  
496 15.050000 -2.289572 -0.906268  
497 15.060000 -2.280527 -0.902680  
498 15.070000 -2.271519 -0.899091  
499 15.080000 -2.262546 -0.895504  
500 15.090000 -2.253608 -0.891917  
501 15.100000 -2.244707 -0.888332  
502 15.110000 -2.235842 -0.884750  
503 15.120000 -2.227012 -0.881170  
504 15.130000 -2.218218 -0.877593  
505 15.140000 -2.209460 -0.874019  
506 15.150000 -2.200738 -0.870450  
507 15.160000 -2.192051 -0.866884  
508 15.170000 -2.183400 -0.863324  
509 15.180000 -2.174785 -0.859768  
510 15.190000 -2.166205 -0.856219  
511 15.200000 -2.157660 -0.852675  
512 15.210000 -2.149151 -0.849137  
513 15.220000 -2.140678 -0.845605  
514 15.230000 -2.132239 -0.842081  
515 15.240000 -2.123836 -0.838564  
516 15.250000 -2.115468 -0.835054  
517 15.260000 -2.107135 -0.831551  
518 15.270000 -2.098837 -0.828057  
519 15.280000 -2.090574 -0.824571  
520 15.290000 -2.082345 -0.821094  
521 15.300000 -2.074152 -0.817625  
522 15.310000 -2.065993 -0.814165  
523 15.320000 -2.057869 -0.810715  
524 15.330000 -2.049779 -0.807273  
525 15.340000 -2.041723 -0.803842  
526 15.350000 -2.033702 -0.800420  
527 15.360000 -2.025715 -0.797008  
528 15.370000 -2.017762 -0.793606  
529 15.380000 -2.009842 -0.790215  
530 15.390000 -2.001957 -0.786834  
531 15.400000 -1.994106 -0.783464  
532 15.410000 -1.986288 -0.780105  
533 15.420000 -1.978504 -0.776756  
534 15.430000 -1.970753 -0.773419  
535 15.440000 -1.963035 -0.770093  
536 15.450000 -1.955351 -0.766778  
537 15.460000 -1.947700 -0.763475  
538 15.470000 -1.940081 -0.760183  
539 15.480000 -1.932496 -0.756903  
540 15.490000 -1.924943 -0.753635  
541 15.500000 -1.917423 -0.750378  
542 15.510000 -1.909936 -0.747134  
543 15.520000 -1.902480 -0.743901  
544 15.530000 -1.895058 -0.740681  
545 15.540000 -1.887667 -0.737473  
546 15.550000 -1.880308 -0.734277  
547 15.560000 -1.872981 -0.731094  
548 15.570000 -1.865686 -0.727923  
549 15.580000 -1.858423 -0.724764  
550 15.590000 -1.851191 -0.721618  
551 15.600000 -1.843990 -0.718484  
552 15.610000 -1.836821 -0.715364  
553 15.620000 -1.829683 -0.712255  
554 15.630000 -1.822576 -0.709160  
555 15.640000 -1.815500 -0.706077  
556 15.650000 -1.808454 -0.703007  
557 15.660000 -1.801440 -0.699950  
558 15.670000 -1.794455 -0.696906  
559 15.680000 -1.787501 -0.693874  
560 15.690000 -1.780578 -0.690855  
561 15.700000 -1.773684 -0.687850  
562 15.710000 -1.766821 -0.684857  
563 15.720000 -1.759987 -0.681877  
564 15.730000 -1.753183 -0.678910  
565 15.740000 -1.746409 -0.675956  
566 15.750000 -1.739664 -0.673015  
567 15.760000 -1.732948 -0.670087  
568 15.770000 -1.726262 -0.667171  
569 15.780000 -1.719605 -0.664269  
570 15.790000 -1.712977 -0.661380  
571 15.800000 -1.706377 -0.658503  
572 15.810000 -1.699807 -0.655640  
573 15.820000 -1.693265 -0.652790  
574 15.830000 -1.686751 -0.649952  
575 15.840000 -1.680265 -0.647127  
576 15.850000 -1.673808 -0.644316  
577 15.860000 -1.667379 -0.641517  
578 15.870000 -1.660978 -0.638731  
579 15.880000 -1.654604 -0.635957  
580 15.890000 -1.648259 -0.633197  
581 15.900000 -1.641940 -0.630449  
582 15.910000 -1.635650 -0.627715  
583 15.920000 -1.629386 -0.624993  
584 15.930000 -1.623150 -0.622283  
585 15.940000 -1.616940 -0.619587  
586 15.950000 -1.610758 -0.616903  
587 15.960000 -1.604602 -0.614231  
588 15.970000 -1.598473 -0.611573  
589 15.980000 -1.592371 -0.608927  
590 15.990000 -1.586295 -0.606293  
591 16.000000 -1.580245 -0.603672  
592 16.010000 -1.574221 -0.601063  
593 16.020000 -1.568224 -0.598467  
594 16.030000 -1.562252 -0.595884  
595 16.040000 -1.556306 -0.593312  
596 16.050000 -1.550386 -0.590753  
597 16.060000 -1.544491 -0.588207  
598 16.070000 -1.538621 -0.585672  
599 16.080000 -1.532777 -0.583150  
600 16.090000 -1.526958 -0.580640  
601 16.100000 -1.521164 -0.578142  
602 16.110000 -1.515395 -0.575656  
603 16.120000 -1.509651 -0.573183  
604 16.130000 -1.503932 -0.570721  
605 16.140000 -1.498237 -0.568271  
606 16.150000 -1.492566 -0.565834  
607 16.160000 -1.486920 -0.563408  
608 16.170000 -1.481298 -0.560994  
609 16.180000 -1.475700 -0.558592  
610 16.190000 -1.470126 -0.556201  
611 16.200000 -1.464576 -0.553822  
612 16.210000 -1.459050 -0.551455  
613 16.220000 -1.453547 -0.549100  
614 16.230000 -1.448068 -0.546756  
615 16.240000 -1.442612 -0.544423  
616 16.250000 -1.437179 -0.542103  
617 16.260000 -1.431770 -0.539793  
618 16.270000 -1.426383 -0.537495  
619 16.280000 -1.421020 -0.535208  
620 16.290000 -1.415679 -0.532933  
621 16.300000 -1.410361 -0.530668  
622 16.310000 -1.405066 -0.528415  
623 16.320000 -1.399793 -0.526174  
624 16.330000 -1.394542 -0.523943  
625 16.340000 -1.389314 -0.521723  
626 16.350000 -1.384108 -0.519514  
627 16.360000 -1.378924 -0.517316  
628 16.370000 -1.373761 -0.515129  
629 16.380000 -1.368621 -0.512953  
630 16.390000 -1.363502 -0.510788  
631 16.400000 -1.358405 -0.508633  
632 16.410000 -1.353330 -0.506489  
633 16.420000 -1.348275 -0.504356  
634 16.430000 -1.343242 -0.502234  
635 16.440000 -1.338231 -0.500122  
636 16.450000 -1.333240 -0.498020  
637 16.460000 -1.328270 -0.495929  
638 16.470000 -1.323321 -0.493848  
639 16.480000 -1.318393 -0.491778  
640 16.490000 -1.313486 -0.489718  
641 16.500000 -1.308599 -0.487668  
642 16.510000 -1.303732 -0.485628  
643 16.520000 -1.298886 -0.483599  
644 16.530000 -1.294060 -0.481579  
645 16.540000 -1.289255 -0.479570  
646 16.550000 -1.284469 -0.477570  
647 16.560000 -1.279703 -0.475581  
648 16.570000 -1.274957 -0.473601  
649 16.580000 -1.270231 -0.471632  
650 16.590000 -1.265525 -0.469672  
651 16.600000 -1.260838 -0.467722  
652 16.610000 -1.256170 -0.465781  
653 16.620000 -1.251522 -0.463851  
654 16.630000 -1.246893 -0.461929  
655 16.640000 -1.242283 -0.460018  
656 16.650000 -1.237693 -0.458116  
657 16.660000 -1.233121 -0.456223  
658 16.670000 -1.228568 -0.454340  
659 16.680000 -1.224034 -0.452466  
660 16.690000 -1.219519 -0.450601  
661 16.700000 -1.215022 -0.448746  
662 16.710000 -1.210544 -0.446900  
663 16.720000 -1.206084 -0.445063  
664 16.730000 -1.201643 -0.443235  
665 16.740000 -1.197219 -0.441416  
666 16.750000 -1.192814 -0.439606  
667 16.760000 -1.188427 -0.437806  
668 16.770000 -1.184058 -0.436014  
669 16.780000 -1.179707 -0.434231  
670 16.790000 -1.175373 -0.432457  
671 16.800000 -1.171058 -0.430691  
672 16.810000 -1.166760 -0.428935  
673 16.820000 -1.162479 -0.427187  
674 16.830000 -1.158216 -0.425448  
675 16.840000 -1.153970 -0.423717  
676 16.850000 -1.149741 -0.421995  
677 16.860000 -1.145530 -0.420281  
678 16.870000 -1.141336 -0.418576  
679 16.880000 -1.137159 -0.416879  
680 16.890000 -1.132998 -0.415191  
681 16.900000 -1.128855 -0.413511  
682 16.910000 -1.124728 -0.411839  
683 16.920000 -1.120618 -0.410176  
684 16.930000 -1.116524 -0.408520  
685 16.940000 -1.112447 -0.406873  
686 16.950000 -1.108387 -0.405234  
687 16.960000 -1.104343 -0.403603  
688 16.970000 -1.100315 -0.401980  
689 16.980000 -1.096303 -0.400365  
690 16.990000 -1.092308 -0.398758  
691 17.000000 -1.088328 -0.397159  
692 17.010000 -1.084364 -0.395568  
693 17.020000 -1.080417 -0.393984  
694 17.030000 -1.076485 -0.392408  
695 17.040000 -1.072568 -0.390840  
696 17.050000 -1.068668 -0.389280  
697 17.060000 -1.064783 -0.387727  
698 17.070000 -1.060913 -0.386182  
699 17.080000 -1.057059 -0.384644  
700 17.090000 -1.053220 -0.383114  
701 17.100000 -1.049397 -0.381592  
702 17.110000 -1.045588 -0.380076  
703 17.120000 -1.041795 -0.378569  
704 17.130000 -1.038017 -0.377068  
705 17.140000 -1.034254 -0.375575  
706 17.150000 -1.030506 -0.374089  
707 17.160000 -1.026772 -0.372611  
708 17.170000 -1.023053 -0.371139  
709 17.180000 -1.019349 -0.369675  
710 17.190000 -1.015660 -0.368217  
711 17.200000 -1.011985 -0.366767  
712 17.210000 -1.008324 -0.365324  
713 17.220000 -1.004678 -0.363888  
714 17.230000 -1.001047 -0.362459  
715 17.240000 -0.997429 -0.361037  
716 17.250000 -0.993826 -0.359621  
717 17.260000 -0.990237 -0.358213  
718 17.270000 -0.986662 -0.356811  
719 17.280000 -0.983100 -0.355416  
720 17.290000 -0.979553 -0.354028  
721 17.300000 -0.976020 -0.352646  
722 17.310000 -0.972500 -0.351271  
723 17.320000 -0.968994 -0.349903  
724 17.330000 -0.965502 -0.348541  
725 17.340000 -0.962024 -0.347186  
726 17.350000 -0.958558 -0.345837  
727 17.360000 -0.955107 -0.344495  
728 17.370000 -0.951669 -0.343159  
729 17.380000 -0.948244 -0.341830  
730 17.390000 -0.944832 -0.340507  
731 17.400000 -0.941433 -0.339190  
732 17.410000 -0.938048 -0.337880  
733 17.420000 -0.934676 -0.336576  
734 17.430000 -0.931317 -0.335278  
735 17.440000 -0.927970 -0.333986  
736 17.450000 -0.924637 -0.332700  
737 17.460000 -0.921316 -0.331421  
738 17.470000 -0.918008 -0.330147  
739 17.480000 -0.914713 -0.328880  
740 17.490000 -0.911431 -0.327619  
741 17.500000 -0.908161 -0.326364  
742 17.510000 -0.904904 -0.325114  
743 17.520000 -0.901659 -0.323871  
744 17.530000 -0.898426 -0.322633  
745 17.540000 -0.895206 -0.321402  
746 17.550000 -0.891998 -0.320176  
747 17.560000 -0.888802 -0.318956  
748 17.570000 -0.885619 -0.317741  
749 17.580000 -0.882448 -0.316533  
750 17.590000 -0.879288 -0.315330  
751 17.600000 -0.876141 -0.314133  
752 17.610000 -0.873006 -0.312941  
753 17.620000 -0.869882 -0.311755  
754 17.630000 -0.866770 -0.310575  
755 17.640000 -0.863671 -0.309400  
756 17.650000 -0.860582 -0.308231  
757 17.660000 -0.857506 -0.307067  
758 17.670000 -0.854441 -0.305908  
759 17.680000 -0.851388 -0.304755  
760 17.690000 -0.848346 -0.303608  
761 17.700000 -0.845316 -0.302466  
762 17.710000 -0.842297 -0.301329  
763 17.720000 -0.839289 -0.300197  
764 17.730000 -0.836293 -0.299071  
765 17.740000 -0.833308 -0.297950  
766 17.750000 -0.830334 -0.296834  
767 17.760000 -0.827371 -0.295723  
768 17.770000 -0.824419 -0.294618  
769 17.780000 -0.821478 -0.293517  
770 17.790000 -0.818549 -0.292422  
771 17.800000 -0.815630 -0.291332  
772 17.810000 -0.812722 -0.290247  
773 17.820000 -0.809825 -0.289167  
774 17.830000 -0.806939 -0.288092  
775 17.840000 -0.804063 -0.287021  
776 17.850000 -0.801198 -0.285956  
777 17.860000 -0.798344 -0.284896  
778 17.870000 -0.795500 -0.283841  
779 17.880000 -0.792667 -0.282790  
780 17.890000 -0.789845 -0.281744  
781 17.900000 -0.787032 -0.280703  
782 17.910000 -0.784230 -0.279667  
783 17.920000 -0.781439 -0.278636  
784 17.930000 -0.778658 -0.277609  
785 17.940000 -0.775887 -0.276587  
786 17.950000 -0.773126 -0.275570  
787 17.960000 -0.770375 -0.274558  
788 17.970000 -0.767635 -0.273550  
789 17.980000 -0.764904 -0.272546  
790 17.990000 -0.762184 -0.271547  
791 18.000000 -0.759473 -0.270553  
792 18.010000 -0.756773 -0.269563  
793 18.020000 -0.754082 -0.268578  
794 18.030000 -0.751401 -0.267597  
795 18.040000 -0.748730 -0.266621  
796 18.050000 -0.746069 -0.265649  
797 18.060000 -0.743417 -0.264682  
798 18.070000 -0.740775 -0.263719  
799 18.080000 -0.738143 -0.262760  
800 18.090000 -0.735520 -0.261806  
801 18.100000 -0.732907 -0.260856  
802 18.110000 -0.730303 -0.259910  
803 18.120000 -0.727708 -0.258969  
804 18.130000 -0.725123 -0.258031  
805 18.140000 -0.722548 -0.257098  
806 18.150000 -0.719981 -0.256170  
807 18.160000 -0.717424 -0.255245  
808 18.170000 -0.714876 -0.254324  
809 18.180000 -0.712338 -0.253408  
810 18.190000 -0.709808 -0.252496  
811 18.200000 -0.707288 -0.251588  
812 18.210000 -0.704777 -0.250684  
813 18.220000 -0.702274 -0.249784  
814 18.230000 -0.699781 -0.248888  
815 18.240000 -0.697296 -0.247996  
816 18.250000 -0.694821 -0.247108  
817 18.260000 -0.692354 -0.246224  
818 18.270000 -0.689896 -0.245343  
819 18.280000 -0.687447 -0.244467  
820 18.290000 -0.685007 -0.243595  
821 18.300000 -0.682575 -0.242726  
822 18.310000 -0.680153 -0.241862  
823 18.320000 -0.677738 -0.241001  
824 18.330000 -0.675333 -0.240144  
825 18.340000 -0.672935 -0.239291  
826 18.350000 -0.670547 -0.238442  
827 18.360000 -0.668167 -0.237596  
828 18.370000 -0.665795 -0.236754  
829 18.380000 -0.663431 -0.235916  
830 18.390000 -0.661076 -0.235082  
831 18.400000 -0.658730 -0.234251  
832 18.410000 -0.656391 -0.233424  
833 18.420000 -0.654061 -0.232600  
834 18.430000 -0.651739 -0.231780  
835 18.440000 -0.649426 -0.230964  
836 18.450000 -0.647120 -0.230151  
837 18.460000 -0.644823 -0.229342  
838 18.470000 -0.642533 -0.228537  
839 18.480000 -0.640252 -0.227735  
840 18.490000 -0.637979 -0.226936  
841 18.500000 -0.635713 -0.226141  
842 18.510000 -0.633456 -0.225349  
843 18.520000 -0.631206 -0.224561  
844 18.530000 -0.628964 -0.223777  
845 18.540000 -0.626731 -0.222995  
846 18.550000 -0.624505 -0.222217  
847 18.560000 -0.622286 -0.221443  
848 18.570000 -0.620076 -0.220672  
849 18.580000 -0.617873 -0.219904  
850 18.590000 -0.615678 -0.219140  
851 18.600000 -0.613490 -0.218378  
852 18.610000 -0.611310 -0.217621  
853 18.620000 -0.609138 -0.216866  
854 18.630000 -0.606973 -0.216115  
855 18.640000 -0.604815 -0.215367  
856 18.650000 -0.602665 -0.214622  
857 18.660000 -0.600523 -0.213880  
858 18.670000 -0.598388 -0.213142  
859 18.680000 -0.596260 -0.212406  
860 18.690000 -0.594140 -0.211674  
861 18.700000 -0.592026 -0.210945  
862 18.710000 -0.589921 -0.210219  
863 18.720000 -0.587822 -0.209497  
864 18.730000 -0.585731 -0.208777  
865 18.740000 -0.583647 -0.208060  
866 18.750000 -0.581570 -0.207347  
867 18.760000 -0.579500 -0.206636  
868 18.770000 -0.577437 -0.205929  
869 18.780000 -0.575381 -0.205225  
870 18.790000 -0.573332 -0.204523  
871 18.800000 -0.571291 -0.203825  
872 18.810000 -0.569256 -0.203129  
873 18.820000 -0.567228 -0.202437  
874 18.830000 -0.565207 -0.201747  
875 18.840000 -0.563193 -0.201061  
876 18.850000 -0.561186 -0.200377  
877 18.860000 -0.559185 -0.199696  
878 18.870000 -0.557192 -0.199018  
879 18.880000 -0.555205 -0.198343  
880 18.890000 -0.553225 -0.197671  
881 18.900000 -0.551252 -0.197002  
882 18.910000 -0.549285 -0.196335  
883 18.920000 -0.547325 -0.195671  
884 18.930000 -0.545371 -0.195011  
885 18.940000 -0.543425 -0.194352  
886 18.950000 -0.541484 -0.193697  
887 18.960000 -0.539551 -0.193044  
888 18.970000 -0.537624 -0.192394  
889 18.980000 -0.535703 -0.191747  
890 18.990000 -0.533789 -0.191103  
891 19.000000 -0.531881 -0.190461  
892 19.010000 -0.529979 -0.189822  
893 19.020000 -0.528084 -0.189186  
894 19.030000 -0.526196 -0.188552  
895 19.040000 -0.524313 -0.187921  
896 19.050000 -0.522437 -0.187292  
897 19.060000 -0.520567 -0.186666  
898 19.070000 -0.518704 -0.186043  
899 19.080000 -0.516847 -0.185422  
900 19.090000 -0.514995 -0.184804  
901 19.100000 -0.513150 -0.184189  
902 19.110000 -0.511312 -0.183576  
903 19.120000 -0.509479 -0.182965  
904 19.130000 -0.507652 -0.182358  
905 19.140000 -0.505832 -0.181752  
906 19.150000 -0.504017 -0.181149  
907 19.160000 -0.502209 -0.180549  
908 19.170000 -0.500406 -0.179951  
909 19.180000 -0.498610 -0.179356  
910 19.190000 -0.496819 -0.178763  
911 19.200000 -0.495034 -0.178172  
912 19.210000 -0.493256 -0.177584  
913 19.220000 -0.491483 -0.176998  
914 19.230000 -0.489716 -0.176415  
915 19.240000 -0.487954 -0.175834  
916 19.250000 -0.486199 -0.175255  
917 19.260000 -0.484449 -0.174679  
918 19.270000 -0.482705 -0.174106  
919 19.280000 -0.480967 -0.173534  
920 19.290000 -0.479235 -0.172965  
921 19.300000 -0.477508 -0.172398  
922 19.310000 -0.475787 -0.171834  
923 19.320000 -0.474071 -0.171272  
924 19.330000 -0.472361 -0.170712  
925 19.340000 -0.470657 -0.170154  
926 19.350000 -0.468958 -0.169599  
927 19.360000 -0.467265 -0.169046  
928 19.370000 -0.465577 -0.168495  
929 19.380000 -0.463895 -0.167946  
930 19.390000 -0.462218 -0.167400  
931 19.400000 -0.460547 -0.166856  
932 19.410000 -0.458881 -0.166314  
933 19.420000 -0.457221 -0.165774  
934 19.430000 -0.455566 -0.165236  
935 19.440000 -0.453916 -0.164701  
936 19.450000 -0.452272 -0.164168  
937 19.460000 -0.450633 -0.163636  
938 19.470000 -0.448999 -0.163107  
939 19.480000 -0.447371 -0.162581  
940 19.490000 -0.445747 -0.162056  
941 19.500000 -0.444129 -0.161533  
942 19.510000 -0.442517 -0.161013  
943 19.520000 -0.440909 -0.160494  
944 19.530000 -0.439307 -0.159978  
945 19.540000 -0.437710 -0.159464  
946 19.550000 -0.436118 -0.158951  
947 19.560000 -0.434531 -0.158441  
948 19.570000 -0.432949 -0.157933  
949 19.580000 -0.431372 -0.157427  
950 19.590000 -0.429800 -0.156923  
951 19.600000 -0.428233 -0.156421  
952 19.610000 -0.426672 -0.155921  
953 19.620000 -0.425115 -0.155422  
954 19.630000 -0.423563 -0.154926  
955 19.640000 -0.422017 -0.154432  
956 19.650000 -0.420475 -0.153940  
957 19.660000 -0.418938 -0.153450  
958 19.670000 -0.417406 -0.152961  
959 19.680000 -0.415878 -0.152475  
960 19.690000 -0.414356 -0.151991  
961 19.700000 -0.412839 -0.151508  
962 19.710000 -0.411326 -0.151027  
963 19.720000 -0.409818 -0.150549  
964 19.730000 -0.408315 -0.150072  
965 19.740000 -0.406817 -0.149597  
966 19.750000 -0.405323 -0.149124  
967 19.760000 -0.403834 -0.148652  
968 19.770000 -0.402350 -0.148183  
969 19.780000 -0.400871 -0.147716  
970 19.790000 -0.399396 -0.147250  
971 19.800000 -0.397926 -0.146786  
972 19.810000 -0.396460 -0.146324  
973 19.820000 -0.394999 -0.145864  
974 19.830000 -0.393543 -0.145405  
975 19.840000 -0.392091 -0.144948  
976 19.850000 -0.390644 -0.144494  
977 19.860000 -0.389201 -0.144040  
978 19.870000 -0.387763 -0.143589  
979 19.880000 -0.386329 -0.143140  
980 19.890000 -0.384900 -0.142692  
981 19.900000 -0.383475 -0.142246  
982 19.910000 -0.382055 -0.141801  
983 19.920000 -0.380639 -0.141359  
984 19.930000 -0.379228 -0.140918  
985 19.940000 -0.377821 -0.140478  
986 19.950000 -0.376418 -0.140041  
987 19.960000 -0.375020 -0.139605  
988 19.970000 -0.373626 -0.139171  
989 19.980000 -0.372237 -0.138739  
990 19.990000 -0.370852 -0.138308  
991 20.000000 -0.369471 -0.137879  
992 20.010000 -0.368094 -0.137451  
993 20.020000 -0.366722 -0.137025  
994 20.030000 -0.365353 -0.136601  
995 20.040000 -0.363990 -0.136179  
996 20.050000 -0.362630 -0.135758  
997 20.060000 -0.361274 -0.135338  
998 20.070000 -0.359923 -0.134921  
999 20.080000 -0.358576 -0.134505  
1000 20.090000 -0.357233 -0.134090  
1001 20.100000 -0.355894 -0.133677  
1002 20.110000 -0.354559 -0.133266  
1003 20.120000 -0.353229 -0.132856  
1004 20.130000 -0.351902 -0.132448  
1005 20.140000 -0.350580 -0.132041  
1006 20.150000 -0.349262 -0.131636  
1007 20.160000 -0.347947 -0.131233  
1008 20.170000 -0.346637 -0.130831  
1009 20.180000 -0.345331 -0.130430  
1010 20.190000 -0.344028 -0.130031  
1011 20.200000 -0.342730 -0.129634  
1012 20.210000 -0.341436 -0.129238  
1013 20.220000 -0.340145 -0.128843  
1014 20.230000 -0.338859 -0.128450  
1015 20.240000 -0.337576 -0.128059  
1016 20.250000 -0.336298 -0.127669  
1017 20.260000 -0.335023 -0.127280  
1018 20.270000 -0.333752 -0.126893  
1019 20.280000 -0.332485 -0.126508  
1020 20.290000 -0.331222 -0.126124  
1021 20.300000 -0.329962 -0.125741  
1022 20.310000 -0.328707 -0.125360  
1023 20.320000 -0.327455 -0.124980  
1024 20.330000 -0.326207 -0.124602  
1025 20.340000 -0.324963 -0.124225  
1026 20.350000 -0.323723 -0.123849  
1027 20.360000 -0.322486 -0.123475  
1028 20.370000 -0.321253 -0.123102  
1029 20.380000 -0.320024 -0.122731  
1030 20.390000 -0.318799 -0.122361  
1031 20.400000 -0.317577 -0.121993  
1032 20.410000 -0.316359 -0.121625  
1033 20.420000 -0.315144 -0.121260  
1034 20.430000 -0.313934 -0.120895  
1035 20.440000 -0.312726 -0.120532  
1036 20.450000 -0.311523 -0.120170  
1037 20.460000 -0.310323 -0.119810  
1038 20.470000 -0.309127 -0.119451  
1039 20.480000 -0.307934 -0.119093  
1040 20.490000 -0.306745 -0.118737  
1041 20.500000 -0.305559 -0.118382  
1042 20.510000 -0.304377 -0.118028  
1043 20.520000 -0.303199 -0.117676  
1044 20.530000 -0.302024 -0.117325  
1045 20.540000 -0.300852 -0.116975  
1046 20.550000 -0.299684 -0.116626  
1047 20.560000 -0.298520 -0.116279  
1048 20.570000 -0.297359 -0.115933  
1049 20.580000 -0.296201 -0.115589  
1050 20.590000 -0.295047 -0.115245  
1051 20.600000 -0.293896 -0.114903  
1052 20.610000 -0.292749 -0.114562  
1053 20.620000 -0.291605 -0.114223  
1054 20.630000 -0.290464 -0.113884  
1055 20.640000 -0.289327 -0.113547  
1056 20.650000 -0.288193 -0.113211  
1057 20.660000 -0.287063 -0.112877  
1058 20.670000 -0.285936 -0.112543  
1059 20.680000 -0.284812 -0.112211  
1060 20.690000 -0.283692 -0.111880  
1061 20.700000 -0.282574 -0.111550  
1062 20.710000 -0.281461 -0.111222  
1063 20.720000 -0.280350 -0.110894  
1064 20.730000 -0.279243 -0.110568  
1065 20.740000 -0.278139 -0.110243  
1066 20.750000 -0.277038 -0.109919  
1067 20.760000 -0.275940 -0.109597  
1068 20.770000 -0.274846 -0.109275  
1069 20.780000 -0.273755 -0.108955  
1070 20.790000 -0.272667 -0.108636  
1071 20.800000 -0.271582 -0.108318  
1072 20.810000 -0.270500 -0.108001  
1073 20.820000 -0.269422 -0.107685  
1074 20.830000 -0.268347 -0.107371  
1075 20.840000 -0.267275 -0.107058  
1076 20.850000 -0.266206 -0.106745  
1077 20.860000 -0.265140 -0.106434  
1078 20.870000 -0.264077 -0.106124  
1079 20.880000 -0.263017 -0.105815  
1080 20.890000 -0.261961 -0.105508  
1081 20.900000 -0.260907 -0.105201  
1082 20.910000 -0.259857 -0.104895  
1083 20.920000 -0.258809 -0.104591  
1084 20.930000 -0.257765 -0.104288  
1085 20.940000 -0.256723 -0.103985  
1086 20.950000 -0.255685 -0.103684  
1087 20.960000 -0.254650 -0.103384  
1088 20.970000 -0.253617 -0.103085  
1089 20.980000 -0.252588 -0.102787  
1090 20.990000 -0.251562 -0.102490  
1091 21.000000 -0.250538 -0.102194  
1092 21.010000 -0.249518 -0.101900  
1093 21.020000 -0.248500 -0.101606  
1094 21.030000 -0.247486 -0.101313  
1095 21.040000 -0.246474 -0.101022  
1096 21.050000 -0.245465 -0.100731  
1097 21.060000 -0.244459 -0.100442  
1098 21.070000 -0.243456 -0.100153  
1099 21.080000 -0.242456 -0.099866  
1100 21.090000 -0.241459 -0.099579  
1101 21.100000 -0.240465 -0.099294  
1102 21.110000 -0.239473 -0.099009  
1103 21.120000 -0.238484 -0.098726  
1104 21.130000 -0.237499 -0.098444  
1105 21.140000 -0.236516 -0.098162  
1106 21.150000 -0.235535 -0.097882  
1107 21.160000 -0.234558 -0.097602  
1108 21.170000 -0.233583 -0.097324  
1109 21.180000 -0.232611 -0.097046  
1110 21.190000 -0.231642 -0.096770  
1111 21.200000 -0.230676 -0.096494  
1112 21.210000 -0.229712 -0.096220  
1113 21.220000 -0.228752 -0.095946  
1114 21.230000 -0.227794 -0.095674  
1115 21.240000 -0.226838 -0.095402  
1116 21.250000 -0.225886 -0.095131  
1117 21.260000 -0.224936 -0.094862  
1118 21.270000 -0.223988 -0.094593  
1119 21.280000 -0.223044 -0.094325  
1120 21.290000 -0.222102 -0.094058  
1121 21.300000 -0.221163 -0.093792  
1122 21.310000 -0.220226 -0.093527  
1123 21.320000 -0.219292 -0.093263  
1124 21.330000 -0.218361 -0.093000  
1125 21.340000 -0.217432 -0.092738  
1126 21.350000 -0.216506 -0.092476  
1127 21.360000 -0.215582 -0.092216  
1128 21.370000 -0.214662 -0.091956  
1129 21.380000 -0.213743 -0.091698  
1130 21.390000 -0.212828 -0.091440  
1131 21.400000 -0.211915 -0.091183  
1132 21.410000 -0.211004 -0.090927  
1133 21.420000 -0.210096 -0.090672  
1134 21.430000 -0.209191 -0.090418  
1135 21.440000 -0.208288 -0.090165  
1136 21.450000 -0.207387 -0.089912  
1137 21.460000 -0.206489 -0.089661  
1138 21.470000 -0.205594 -0.089410  
1139 21.480000 -0.204701 -0.089160  
1140 21.490000 -0.203811 -0.088911  
1141 21.500000 -0.202923 -0.088663  
1142 21.510000 -0.202038 -0.088416  
1143 21.520000 -0.201155 -0.088170  
1144 21.530000 -0.200274 -0.087924  
1145 21.540000 -0.199396 -0.087679  
1146 21.550000 -0.198521 -0.087436  
1147 21.560000 -0.197647 -0.087193  
1148 21.570000 -0.196777 -0.086950  
1149 21.580000 -0.195908 -0.086709  
1150 21.590000 -0.195043 -0.086469  
1151 21.600000 -0.194179 -0.086229  
1152 21.610000 -0.193318 -0.085990  
1153 21.620000 -0.192459 -0.085752  
1154 21.630000 -0.191603 -0.085515  
1155 21.640000 -0.190749 -0.085278  
1156 21.650000 -0.189897 -0.085043  
1157 21.660000 -0.189048 -0.084808  
1158 21.670000 -0.188201 -0.084574  
1159 21.680000 -0.187357 -0.084341  
1160 21.690000 -0.186514 -0.084108  
1161 21.700000 -0.185674 -0.083877  
1162 21.710000 -0.184837 -0.083646  
1163 21.720000 -0.184001 -0.083416  
1164 21.730000 -0.183168 -0.083187  
1165 21.740000 -0.182338 -0.082958  
1166 21.750000 -0.181509 -0.082731  
1167 21.760000 -0.180683 -0.082504  
1168 21.770000 -0.179859 -0.082278  
1169 21.780000 -0.179038 -0.082052  
1170 21.790000 -0.178218 -0.081828  
1171 21.800000 -0.177401 -0.081604  
1172 21.810000 -0.176586 -0.081381  
1173 21.820000 -0.175773 -0.081158  
1174 21.830000 -0.174963 -0.080937  
1175 21.840000 -0.174155 -0.080716  
1176 21.850000 -0.173349 -0.080496  
1177 21.860000 -0.172545 -0.080276  
1178 21.870000 -0.171743 -0.080058  
1179 21.880000 -0.170944 -0.079840  
1180 21.890000 -0.170146 -0.079623  
1181 21.900000 -0.169351 -0.079406  
1182 21.910000 -0.168558 -0.079190  
1183 21.920000 -0.167767 -0.078975  
1184 21.930000 -0.166979 -0.078761  
1185 21.940000 -0.166192 -0.078548  
1186 21.950000 -0.165408 -0.078335  
1187 21.960000 -0.164625 -0.078123  
1188 21.970000 -0.163845 -0.077911  
1189 21.980000 -0.163067 -0.077701  
1190 21.990000 -0.162291 -0.077491  
1191 22.000000 -0.161517 -0.077281  
1192 22.010000 -0.160746 -0.077073  
1193 22.020000 -0.159976 -0.076865  
1194 22.030000 -0.159208 -0.076658  
1195 22.040000 -0.158443 -0.076451  
1196 22.050000 -0.157679 -0.076245  
1197 22.060000 -0.156918 -0.076040  
1198 22.070000 -0.156158 -0.075836  
1199 22.080000 -0.155401 -0.075632  
1200 22.090000 -0.154646 -0.075429  
1201 22.100000 -0.153893 -0.075226  
1202 22.110000 -0.153141 -0.075025  
1203 22.120000 -0.152392 -0.074823  
1204 22.130000 -0.151645 -0.074623  
1205 22.140000 -0.150900 -0.074423  
1206 22.150000 -0.150156 -0.074224  
1207 22.160000 -0.149415 -0.074026  
1208 22.170000 -0.148676 -0.073828  
1209 22.180000 -0.147939 -0.073631  
1210 22.190000 -0.147203 -0.073434  
1211 22.200000 -0.146470 -0.073238  
1212 22.210000 -0.145738 -0.073043  
1213 22.220000 -0.145009 -0.072849  
1214 22.230000 -0.144281 -0.072655  
1215 22.240000 -0.143556 -0.072461  
1216 22.250000 -0.142832 -0.072269  
1217 22.260000 -0.142111 -0.072077  
1218 22.270000 -0.141391 -0.071885  
1219 22.280000 -0.140673 -0.071695  
1220 22.290000 -0.139957 -0.071505  
1221 22.300000 -0.139243 -0.071315  
1222 22.310000 -0.138531 -0.071126  
1223 22.320000 -0.137820 -0.070938  
1224 22.330000 -0.137112 -0.070750  
1225 22.340000 -0.136405 -0.070563  
1226 22.350000 -0.135701 -0.070377  
1227 22.360000 -0.134998 -0.070191  
1228 22.370000 -0.134297 -0.070006  
1229 22.380000 -0.133598 -0.069821  
1230 22.390000 -0.132900 -0.069637  
1231 22.400000 -0.132205 -0.069454  
1232 22.410000 -0.131511 -0.069271  
1233 22.420000 -0.130819 -0.069089  
1234 22.430000 -0.130129 -0.068907  
1235 22.440000 -0.129441 -0.068726  
1236 22.450000 -0.128755 -0.068545  
1237 22.460000 -0.128070 -0.068365  
1238 22.470000 -0.127388 -0.068186  
1239 22.480000 -0.126707 -0.068007  
1240 22.490000 -0.126027 -0.067829  
1241 22.500000 -0.125350 -0.067652  
1242 22.510000 -0.124674 -0.067475  
1243 22.520000 -0.124001 -0.067298  
1244 22.530000 -0.123328 -0.067123  
1245 22.540000 -0.122658 -0.066947  
1246 22.550000 -0.121989 -0.066773  
1247 22.560000 -0.121323 -0.066598  
1248 22.570000 -0.120658 -0.066425  
1249 22.580000 -0.119994 -0.066252  
1250 22.590000 -0.119332 -0.066079  
1251 22.600000 -0.118673 -0.065907  
1252 22.610000 -0.118014 -0.065736  
1253 22.620000 -0.117358 -0.065565  
1254 22.630000 -0.116703 -0.065395  
1255 22.640000 -0.116050 -0.065225  
1256 22.650000 -0.115399 -0.065056  
1257 22.660000 -0.114749 -0.064887  
1258 22.670000 -0.114101 -0.064719  
1259 22.680000 -0.113454 -0.064552  
1260 22.690000 -0.112810 -0.064385  
1261 22.700000 -0.112167 -0.064218  
1262 22.710000 -0.111525 -0.064052  
1263 22.720000 -0.110886 -0.063887  
1264 22.730000 -0.110248 -0.063722  
1265 22.740000 -0.109611 -0.063557  
1266 22.750000 -0.108976 -0.063393  
1267 22.760000 -0.108343 -0.063230  
1268 22.770000 -0.107712 -0.063067  
1269 22.780000 -0.107082 -0.062905  
1270 22.790000 -0.106454 -0.062743  
1271 22.800000 -0.105827 -0.062582  
1272 22.810000 -0.105202 -0.062421  
1273 22.820000 -0.104579 -0.062261  
1274 22.830000 -0.103957 -0.062101  
1275 22.840000 -0.103337 -0.061942  
1276 22.850000 -0.102718 -0.061783  
1277 22.860000 -0.102101 -0.061625  
1278 22.870000 -0.101486 -0.061467  
1279 22.880000 -0.100872 -0.061310  
1280 22.890000 -0.100259 -0.061153  
1281 22.900000 -0.099649 -0.060997  
1282 22.910000 -0.099039 -0.060841  
1283 22.920000 -0.098432 -0.060686  
1284 22.930000 -0.097826 -0.060531  
1285 22.940000 -0.097221 -0.060377  
1286 22.950000 -0.096618 -0.060223  
1287 22.960000 -0.096017 -0.060069  
1288 22.970000 -0.095417 -0.059917  
1289 22.980000 -0.094818 -0.059764  
1290 22.990000 -0.094222 -0.059612  
1291 23.000000 -0.093626 -0.059461  
1292 23.010000 -0.093032 -0.059310  
1293 23.020000 -0.092440 -0.059159  
1294 23.030000 -0.091849 -0.059009  
1295 23.040000 -0.091260 -0.058860  
1296 23.050000 -0.090672 -0.058711  
1297 23.060000 -0.090086 -0.058562  
1298 23.070000 -0.089501 -0.058414  
1299 23.080000 -0.088917 -0.058266  
1300 23.090000 -0.088335 -0.058119  
1301 23.100000 -0.087755 -0.057972  
1302 23.110000 -0.087176 -0.057826  
1303 23.120000 -0.086598 -0.057680  
1304 23.130000 -0.086022 -0.057535  
1305 23.140000 -0.085448 -0.057390  
1306 23.150000 -0.084875 -0.057245  
1307 23.160000 -0.084303 -0.057101  
1308 23.170000 -0.083733 -0.056958  
1309 23.180000 -0.083164 -0.056814  
1310 23.190000 -0.082596 -0.056672  
1311 23.200000 -0.082030 -0.056529  
1312 23.210000 -0.081466 -0.056388  
1313 23.220000 -0.080902 -0.056246  
1314 23.230000 -0.080341 -0.056105  
1315 23.240000 -0.079780 -0.055965  
1316 23.250000 -0.079221 -0.055825  
1317 23.260000 -0.078664 -0.055685  
1318 23.270000 -0.078108 -0.055546  
1319 23.280000 -0.077553 -0.055407  
1320 23.290000 -0.077000 -0.055268  
1321 23.300000 -0.076448 -0.055131  
1322 23.310000 -0.075897 -0.054993  
1323 23.320000 -0.075348 -0.054856  
1324 23.330000 -0.074800 -0.054719  
1325 23.340000 -0.074253 -0.054583  
1326 23.350000 -0.073708 -0.054447  
1327 23.360000 -0.073164 -0.054312  
1328 23.370000 -0.072622 -0.054177  
1329 23.380000 -0.072081 -0.054042  
1330 23.390000 -0.071541 -0.053908  
1331 23.400000 -0.071003 -0.053774  
1332 23.410000 -0.070466 -0.053641  
1333 23.420000 -0.069930 -0.053508  
1334 23.430000 -0.069395 -0.053375  
1335 23.440000 -0.068862 -0.053243  
1336 23.450000 -0.068331 -0.053111  
1337 23.460000 -0.067800 -0.052980  
1338 23.470000 -0.067271 -0.052849  
1339 23.480000 -0.066743 -0.052718  
1340 23.490000 -0.066217 -0.052588  
1341 23.500000 -0.065691 -0.052458  
1342 23.510000 -0.065167 -0.052329  
1343 23.520000 -0.064645 -0.052200  
1344 23.530000 -0.064123 -0.052071  
1345 23.540000 -0.063603 -0.051943  
1346 23.550000 -0.063085 -0.051815  
1347 23.560000 -0.062567 -0.051688  
1348 23.570000 -0.062051 -0.051561  
1349 23.580000 -0.061536 -0.051434  
1350 23.590000 -0.061022 -0.051308  
1351 23.600000 -0.060510 -0.051182  
1352 23.610000 -0.059999 -0.051057  
1353 23.620000 -0.059489 -0.050932  
1354 23.630000 -0.058980 -0.050807  
1355 23.640000 -0.058472 -0.050682  
1356 23.650000 -0.057966 -0.050558  
1357 23.660000 -0.057461 -0.050435  
1358 23.670000 -0.056958 -0.050312  
1359 23.680000 -0.056455 -0.050189  
1360 23.690000 -0.055954 -0.050066  
1361 23.700000 -0.055454 -0.049944  
1362 23.710000 -0.054955 -0.049822  
1363 23.720000 -0.054457 -0.049701  
1364 23.730000 -0.053961 -0.049580  
1365 23.740000 -0.053466 -0.049459  
1366 23.750000 -0.052972 -0.049339  
1367 23.760000 -0.052479 -0.049219  
1368 23.770000 -0.051987 -0.049099  
1369 23.780000 -0.051497 -0.048980  
1370 23.790000 -0.051008 -0.048861  
1371 23.800000 -0.050520 -0.048742  
1372 23.810000 -0.050033 -0.048624  
1373 23.820000 -0.049547 -0.048506  
1374 23.830000 -0.049063 -0.048389  
1375 23.840000 -0.048579 -0.048272  
1376 23.850000 -0.048097 -0.048155  
1377 23.860000 -0.047616 -0.048038  
1378 23.870000 -0.047137 -0.047922  
1379 23.880000 -0.046658 -0.047807  
1380 23.890000 -0.046180 -0.047691  
1381 23.900000 -0.045704 -0.047576  
1382 23.910000 -0.045229 -0.047461  
1383 23.920000 -0.044755 -0.047347  
1384 23.930000 -0.044282 -0.047233  
1385 23.940000 -0.043810 -0.047119  
1386 23.950000 -0.043340 -0.047006  
1387 23.960000 -0.042870 -0.046893  
1388 23.970000 -0.042402 -0.046780  
1389 23.980000 -0.041934 -0.046668  
1390 23.990000 -0.041468 -0.046556  
1391 24.000000 -0.041003 -0.046444  
1392 24.010000 -0.040539 -0.046333  
1393 24.020000 -0.040077 -0.046222  
1394 24.030000 -0.039615 -0.046111  
1395 24.040000 -0.039154 -0.046001  
1396 24.050000 -0.038695 -0.045890  
1397 24.060000 -0.038237 -0.045781  
1398 24.070000 -0.037779 -0.045671  
1399 24.080000 -0.037323 -0.045562  
1400 24.090000 -0.036868 -0.045453  
1401 24.100000 -0.036414 -0.045345  
1402 24.110000 -0.035961 -0.045237  
1403 24.120000 -0.035509 -0.045129  
1404 24.130000 -0.035059 -0.045021  
1405 24.140000 -0.034609 -0.044914  
1406 24.150000 -0.034160 -0.044807  
1407 24.160000 -0.033713 -0.044701  
1408 24.170000 -0.033266 -0.044595  
1409 24.180000 -0.032821 -0.044489  
1410 24.190000 -0.032377 -0.044383  
1411 24.200000 -0.031933 -0.044278  
1412 24.210000 -0.031491 -0.044173  
1413 24.220000 -0.031050 -0.044068  
1414 24.230000 -0.030610 -0.043963  
1415 24.240000 -0.030171 -0.043859  
1416 24.250000 -0.029732 -0.043756  
1417 24.260000 -0.029295 -0.043652  
1418 24.270000 -0.028859 -0.043549  
1419 24.280000 -0.028424 -0.043446  
1420 24.290000 -0.027991 -0.043343  
1421 24.300000 -0.027558 -0.043241  
1422 24.310000 -0.027126 -0.043139  
1423 24.320000 -0.026695 -0.043037  
1424 24.330000 -0.026265 -0.042936  
1425 24.340000 -0.025836 -0.042835  
1426 24.350000 -0.025408 -0.042734  
1427 24.360000 -0.024981 -0.042633  
1428 24.370000 -0.024556 -0.042533  
1429 24.380000 -0.024131 -0.042433  
1430 24.390000 -0.023707 -0.042333  
1431 24.400000 -0.023284 -0.042234  
1432 24.410000 -0.022862 -0.042135  
1433 24.420000 -0.022441 -0.042036  
1434 24.430000 -0.022022 -0.041938  
1435 24.440000 -0.021603 -0.041839  
1436 24.450000 -0.021185 -0.041741  
1437 24.460000 -0.020768 -0.041644  
1438 24.470000 -0.020352 -0.041546  
1439 24.480000 -0.019937 -0.041449  
1440 24.490000 -0.019523 -0.041352  
1441 24.500000 -0.019110 -0.041256  
1442 24.510000 -0.018698 -0.041159  
1443 24.520000 -0.018287 -0.041063  
1444 24.530000 -0.017876 -0.040968  
1445 24.540000 -0.017467 -0.040872  
1446 24.550000 -0.017059 -0.040777  
1447 24.560000 -0.016652 -0.040682  
1448 24.570000 -0.016245 -0.040587  
1449 24.580000 -0.015840 -0.040493  
1450 24.590000 -0.015436 -0.040399  
1451 24.600000 -0.015032 -0.040305  
1452 24.610000 -0.014629 -0.040211  
1453 24.620000 -0.014228 -0.040118  
1454 24.630000 -0.013827 -0.040025  
1455 24.640000 -0.013427 -0.039932  
1456 24.650000 -0.013028 -0.039840  
1457 24.660000 -0.012630 -0.039748  
1458 24.670000 -0.012233 -0.039656  
1459 24.680000 -0.011837 -0.039564  
1460 24.690000 -0.011442 -0.039472  
1461 24.700000 -0.011048 -0.039381  
1462 24.710000 -0.010655 -0.039290  
1463 24.720000 -0.010262 -0.039200  
1464 24.730000 -0.009871 -0.039109  
1465 24.740000 -0.009480 -0.039019  
1466 24.750000 -0.009090 -0.038929  
1467 24.760000 -0.008701 -0.038839  
1468 24.770000 -0.008313 -0.038750  
1469 24.780000 -0.007926 -0.038661  
1470 24.790000 -0.007540 -0.038572  
1471 24.800000 -0.007155 -0.038483  
1472 24.810000 -0.006771 -0.038395  
1473 24.820000 -0.006387 -0.038307  
1474 24.830000 -0.006004 -0.038219  
1475 24.840000 -0.005623 -0.038131  
1476 24.850000 -0.005242 -0.038044  
1477 24.860000 -0.004862 -0.037956  
1478 24.870000 -0.004483 -0.037869  
1479 24.880000 -0.004104 -0.037783  
1480 24.890000 -0.003727 -0.037696  
1481 24.900000 -0.003350 -0.037610  
1482 24.910000 -0.002975 -0.037524  
1483 24.920000 -0.002600 -0.037438  
1484 24.930000 -0.002226 -0.037353  
1485 24.940000 -0.001853 -0.037268  
1486 24.950000 -0.001481 -0.037183  
1487 24.960000 -0.001109 -0.037098  
1488 24.970000 -0.000739 -0.037013  
1489 24.980000 -0.000369 -0.036929  
1490 24.990000 -0.000000 -0.036845  
